 0.12287856071230E+01
 0.12287856154771E+01
 0.12287856532512E+01
 0.12287857575042E+01
 0.12287859811654E+01
 0.12287863952375E+01
 0.12287871001449E+01
 0.12287882577229E+01
 0.12287901441678E+01
 0.12287932080140E+01
 0.12287981102368E+01
 0.12288057403488E+01
 0.12288172093828E+01
 0.12288337967611E+01
 0.12288569441771E+01
 0.12288881487062E+01
 0.12289289861407E+01
 0.12289810216780E+01
 0.12290457829241E+01
 0.12291247488731E+01
 0.12292192596714E+01
 0.12293307177230E+01
 0.12294602618109E+01
 0.12296089867573E+01
 0.12297778597731E+01
 0.12299677637194E+01
 0.12301794199883E+01
 0.12304136174199E+01
 0.12306708718524E+01
 0.12309515997474E+01
 0.12312561172458E+01
 0.12315849014626E+01
 0.12319379903650E+01
 0.12323154368401E+01
 0.12327175839682E+01
 0.12331441077654E+01
 0.12335950014467E+01
 0.12340698815446E+01
 0.12345687625162E+01
 0.12350913961611E+01
 0.12356365717763E+01
 0.12362045888398E+01
 0.12367948189922E+01
 0.12374064742575E+01
 0.12380385408945E+01
 0.12386908024979E+01
 0.12393628015574E+01
 0.12400533316002E+01
 0.12407612920199E+01
 0.12414859595903E+01
 0.12422268688939E+01
 0.12429825287661E+01
 0.12437524097937E+01
 0.12445352845934E+01
 0.12453298707729E+01
 0.12461355479670E+01
 0.12469514869121E+01
 0.12477757564876E+01
 0.12486083491333E+01
 0.12494486122414E+01
 0.12502923495225E+01
 0.12511432361627E+01
 0.12519977621444E+01
 0.12528535976211E+01
 0.12537131980451E+01
 0.12545709831882E+01
 0.12554299410301E+01
 0.12562906991548E+01
 0.12571467113648E+01
 0.12580017952277E+01
 0.12588500163191E+01
 0.12596948418708E+01
 0.12605377848549E+01
 0.12613691436676E+01
 0.12621975386367E+01
 0.12630155749318E+01
 0.12638261019818E+01
 0.12646251330995E+01
 0.12654197386880E+01
 0.12661987718273E+01
 0.12669683975487E+01
 0.12677267022183E+01
 0.12684735737912E+01
 0.12692069645586E+01
 0.12699219370837E+01
 0.12706277622142E+01
 0.12713197063054E+01
 0.12719927381770E+01
 0.12726510101788E+01
 0.12732910689688E+01
 0.12739214708352E+01
 0.12745357111199E+01
 0.12751269152513E+01
 0.12756986168367E+01
 0.12762612582815E+01
 0.12768076606865E+01
 0.12773258890388E+01
 0.12778341248256E+01
 0.12783203605538E+01
 0.12787899959175E+01
 0.12792359115008E+01
 0.12796690892000E+01
 0.12800845858456E+01
 0.12804759227895E+01
 0.12808442269139E+01
 0.12811990513351E+01
 0.12815405921433E+01
 0.12818499070177E+01
 0.12821444148186E+01
 0.12824268732257E+01
 0.12826937280295E+01
 0.12829338037028E+01
 0.12831583790870E+01
 0.12833607891499E+01
 0.12835389790555E+01
 0.12837090125548E+01
 0.12838599563215E+01
 0.12839927592264E+01
 0.12841020631009E+01
 0.12841964509841E+01
 0.12842770709773E+01
 0.12843462519739E+01
 0.12843797515413E+01
 0.12843970309289E+01
 0.12844071040674E+01
 0.12844062406228E+01
 0.12843898261603E+01
 0.12843374118982E+01
 0.12842715737739E+01
 0.12841982030008E+01
 0.12841023330928E+01
 0.12839732454576E+01
 0.12838405472133E+01
 0.12836750425182E+01
 0.12834724588184E+01
 0.12832630966088E+01
 0.12829979085465E+01
 0.12827007460356E+01
 0.12823618807227E+01
 0.12819857936962E+01
 0.12815612995917E+01
 0.12810590927970E+01
 0.12804848089999E+01
 0.12798322947997E+01
 0.12790696932447E+01
 0.12782140589520E+01
 0.12772106189012E+01
 0.12760773478467E+01
 0.12747733567786E+01
 0.12732845716291E+01
 0.12716671293192E+01
 0.12698343937699E+01
 0.12677981186170E+01
 0.12656391129154E+01
 0.12633126749403E+01
 0.12608955536766E+01
 0.12583885118911E+01
 0.12558472055387E+01
 0.12532692297771E+01
 0.12507270981282E+01
 0.12482290207815E+01
 0.12457713719373E+01
 0.12433916770256E+01
 0.12410997989453E+01
 0.12389135242934E+01
 0.12368066464320E+01
 0.12348009039416E+01
 0.12328923651269E+01
 0.12310737195906E+01
 0.12293464096253E+01
 0.12277248844288E+01
 0.12261621276486E+01
 0.12246837574161E+01
 0.12233072351014E+01
 0.12219776023353E+01
 0.12207129137522E+01
 0.12195389481140E+01
 0.12183997136378E+01
 0.12173306607281E+01
 0.12162894872002E+01
 0.12153400464384E+01
 0.12144094921518E+01
 0.12135360552206E+01
 0.12126709093027E+01
 0.12118726092019E+01
 0.12110915856313E+01
 0.12103663705946E+01
 0.12096570800912E+01
 0.12089802938831E+01
 0.12083249264230E+01
 0.12077029859315E+01
 0.12070907450978E+01
 0.12065031309764E+01
 0.12059391998524E+01
 0.12053997584037E+01
 0.12048867168195E+01
 0.12043807661340E+01
 0.12038828624679E+01
 0.12034021299308E+01
 0.12029463477301E+01
 0.12024955524144E+01
 0.12020655290235E+01
 0.12016299816075E+01
 0.12012228107233E+01
 0.12008065296089E+01
 0.12004208784841E+01
 0.12000305354288E+01
 0.11996479830330E+01
 0.11992772822798E+01
 0.11989170657088E+01
 0.11985549920163E+01
 0.11982027130777E+01
 0.11978480622729E+01
 0.11975120740162E+01
 0.11971778974459E+01
 0.11968486341090E+01
 0.11965218717958E+01
 0.11961974111851E+01
 0.11958837688979E+01
 0.11955671335009E+01
 0.11952586975097E+01
 0.11949456711621E+01
 0.11946337499440E+01
 0.11943338393859E+01
 0.11940283838075E+01
 0.11937352271449E+01
 0.11934399407472E+01
 0.11931488790037E+01
 0.11928520431064E+01
 0.11925637359277E+01
 0.11922813726369E+01
 0.11919901859363E+01
 0.11917038196034E+01
 0.11914202536775E+01
 0.11911304106841E+01
 0.11908537653477E+01
 0.11905736621953E+01
 0.11902952839959E+01
 0.11900100141096E+01
 0.11897328192009E+01
 0.11894601035020E+01
 0.11891765108302E+01
 0.11889039364359E+01
 0.11886280284076E+01
 0.11883487252697E+01
 0.11880796361338E+01
 0.11878012521770E+01
 0.11875238737092E+01
 0.11872523011461E+01
 0.11869737229539E+01
 0.11867077922682E+01
 0.11864282059601E+01
 0.11861591518047E+01
 0.11858839944552E+01
 0.11856106520042E+01
 0.11853390589824E+01
 0.11850634767183E+01
 0.11847896661928E+01
 0.11845231628064E+01
 0.11842443651779E+01
 0.11839777656049E+01
 0.11836974006832E+01
 0.11834261591106E+01
 0.11831547275071E+01
 0.11828843756910E+01
 0.11826083308204E+01
 0.11823341644503E+01
 0.11820583802837E+01
 0.11817876667668E+01
 0.11815163902860E+01
 0.11812436535505E+01
 0.11809707593352E+01
 0.11806934081692E+01
 0.11804182359085E+01
 0.11801477662841E+01
 0.11798736722344E+01
 0.11795988234349E+01
 0.11793319790938E+01
 0.11790526857641E+01
 0.11787786283764E+01
 0.11785036786665E+01
 0.11782312590751E+01
 0.11779570622486E+01
 0.11776836505468E+01
 0.11774135263733E+01
 0.11771369492416E+01
 0.11768633949022E+01
 0.11765897185825E+01
 0.11763201502977E+01
 0.11760473518077E+01
 0.11757664093265E+01
 0.11755019419438E+01
 0.11752251402331E+01
 0.11749554170169E+01
 0.11746801962690E+01
 0.11744059048863E+01
 0.11741325702922E+01
 0.11738570664981E+01
 0.11735865974170E+01
 0.11733116157981E+01
