 0.11312241377893E+03
 0.11312241377892E+03
 0.11312241377876E+03
 0.11312241378960E+03
 0.11312241419240E+03
 0.11312241800312E+03
 0.11312243433314E+03
 0.11312247901929E+03
 0.11312256863182E+03
 0.11312271436517E+03
 0.11312291745866E+03
 0.11312316756726E+03
 0.11312344638927E+03
 0.11312372109152E+03
 0.11312396188785E+03
 0.11312411524199E+03
 0.11312414352421E+03
 0.11312399830447E+03
 0.11312362739353E+03
 0.11312298184630E+03
 0.11311683028908E+03
 0.11311414036441E+03
 0.11311094666418E+03
 0.11310720718046E+03
 0.11310287057365E+03
 0.11309789643226E+03
 0.11309221421887E+03
 0.11308584594052E+03
 0.11307871404433E+03
 0.11307073694706E+03
 0.11306182152136E+03
 0.11305201742811E+03
 0.11304116667606E+03
 0.11302915909467E+03
 0.11301609719823E+03
 0.11300173783665E+03
 0.11298605661317E+03
 0.11296886106537E+03
 0.11295020721905E+03
 0.11293004318597E+03
 0.11290780781737E+03
 0.11288381568293E+03
 0.11285790155601E+03
 0.11282983431960E+03
 0.11279928215267E+03
 0.11276637160991E+03
 0.11273116981991E+03
 0.11269328736316E+03
 0.11265243934269E+03
 0.11260854227005E+03
 0.11256178432938E+03
 0.11251165328616E+03
 0.11245827268575E+03
 0.11240135586635E+03
 0.11234058261613E+03
 0.11227608323288E+03
 0.11220775254002E+03
 0.11213500537049E+03
 0.11205821723830E+03
 0.11197746649190E+03
 0.11189080540470E+03
 0.11180073428599E+03
 0.11170569253248E+03
 0.11160475339457E+03
 0.11149966011035E+03
 0.11138757903207E+03
 0.11127064297395E+03
 0.11114946022228E+03
 0.11102061482193E+03
 0.11088661623444E+03
 0.11074417607726E+03
 0.11059564143133E+03
 0.11044194585250E+03
 0.11027779052854E+03
 0.11010807039600E+03
 0.10992882380717E+03
 0.10974148650097E+03
 0.10954396164452E+03
 0.10934015079462E+03
 0.10912341101749E+03
 0.10889731578143E+03
 0.10866048344739E+03
 0.10841269611113E+03
 0.10815230278208E+03
 0.10787593229965E+03
 0.10758878759305E+03
 0.10728738444114E+03
 0.10696811795585E+03
 0.10663278100862E+03
 0.10627870594291E+03
 0.10591012158792E+03
 0.10552193990578E+03
 0.10510884855676E+03
 0.10467167284066E+03
 0.10421565880546E+03
 0.10373527345232E+03
 0.10321997212602E+03
 0.10268053361502E+03
 0.10210662011776E+03
 0.10149881470645E+03
 0.10084981213948E+03
 0.10016457954338E+03
 0.99435006324134E+02
 0.98653193391241E+02
 0.97813408406997E+02
 0.96918462526135E+02
 0.95962752309674E+02
 0.94919404462611E+02
 0.93796821479705E+02
 0.92584878055419E+02
 0.91266693933295E+02
 0.89813159551419E+02
 0.88212919774182E+02
 0.86429348846756E+02
 0.84421195738931E+02
 0.82165936888521E+02
 0.79601617627649E+02
 0.76677063679581E+02
 0.73369508170934E+02
 0.69756949921599E+02
 0.66023828273692E+02
 0.62382452128457E+02
 0.58975254920238E+02
 0.55918447370672E+02
 0.53218634720514E+02
 0.50823524844704E+02
 0.48680580921282E+02
 0.46721184132154E+02
 0.44943902962301E+02
 0.43322792810714E+02
 0.41824239352867E+02
 0.40421593506714E+02
 0.39127643495321E+02
 0.37907832915782E+02
 0.36752829025491E+02
 0.35675161283202E+02
 0.34643028404511E+02
 0.33665411717244E+02
 0.32735578572640E+02
 0.31853013578902E+02
 0.31013370660227E+02
 0.30205609013043E+02
 0.29431935906895E+02
 0.28692245060650E+02
 0.27979670666791E+02
 0.27300052921978E+02
 0.26641859053333E+02
 0.26010731407486E+02
 0.25400964639351E+02
 0.24810780878847E+02
 0.24250098253509E+02
 0.23703903391575E+02
 0.23171370211189E+02
 0.22663571163555E+02
 0.22168481499155E+02
 0.21693356003713E+02
 0.21232079022654E+02
 0.20787610815828E+02
 0.20354364194351E+02
 0.19937225239817E+02
 0.19533734648031E+02
 0.19141009674407E+02
 0.18760114698347E+02
 0.18390959694863E+02
 0.18034755465947E+02
 0.17687272209782E+02
 0.17350381832817E+02
 0.17023195742105E+02
 0.16705343026887E+02
 0.16396716259335E+02
 0.16098527312869E+02
 0.15806064207409E+02
 0.15522122029133E+02
 0.15248779621723E+02
 0.14980599219836E+02
 0.14718896219491E+02
 0.14467670428813E+02
 0.14220292539635E+02
 0.13980822917574E+02
 0.13745373913456E+02
 0.13520542210672E+02
 0.13298394252446E+02
 0.13083589999462E+02
 0.12871121950753E+02
 0.12667084903383E+02
 0.12466068719405E+02
 0.12272505998656E+02
 0.12082172463892E+02
 0.11897088882504E+02
 0.11715661032332E+02
 0.11539630123450E+02
 0.11366518551575E+02
 0.11197365420252E+02
 0.11032883165863E+02
 0.10872420231537E+02
 0.10716636324072E+02
 0.10563609066336E+02
 0.10413307327438E+02
 0.10266559730213E+02
 0.10124131337986E+02
 0.99841109869848E+01
 0.98479582701182E+01
 0.97133516021329E+01
 0.95830756939282E+01
 0.94541664228267E+01
 0.93298488844433E+01
 0.92068948446823E+01
 0.90865632935199E+01
 0.89690042499823E+01
 0.88542959181552E+01
 0.87413773711162E+01
 0.86308980348526E+01
 0.85218435214009E+01
 0.84163065851838E+01
 0.83125972752701E+01
 0.82107333977229E+01
 0.81109225638010E+01
 0.80128507359627E+01
 0.79175999699275E+01
 0.78230094034316E+01
 0.77311065520463E+01
 0.76401261148114E+01
 0.75508497159425E+01
 0.74639259917467E+01
 0.73780751060671E+01
 0.72945704248893E+01
 0.72121414876791E+01
 0.71313588359785E+01
 0.70517043394143E+01
 0.69738492579047E+01
 0.68976476632916E+01
 0.68222562596411E+01
 0.67481033540762E+01
 0.66758790919582E+01
 0.66039992881443E+01
 0.65344297931623E+01
 0.64654417154651E+01
 0.63980382674676E+01
 0.63309896559825E+01
 0.62657890656650E+01
 0.62017343892147E+01
 0.61382653932956E+01
 0.60763632310814E+01
 0.60152330566144E+01
 0.59549921758244E+01
 0.58960727284236E+01
 0.58376668378200E+01
 0.57803546713060E+01
 0.57240944246948E+01
 0.56685162151069E+01
 0.56142641332704E+01
 0.55603094284833E+01
 0.55076266353059E+01
 0.54555191057675E+01
 0.54042953747792E+01
 0.53539804494717E+01
 0.53041029597780E+01
 0.52551583608699E+01
 0.52073323896823E+01
 0.51596205007964E+01
 0.51130533354649E+01
 0.50667611191426E+01
 0.50213348371923E+01
 0.49768555944895E+01
 0.49328004631904E+01
 0.48893972242473E+01
 0.48464450601121E+01
 0.48041119623321E+01
 0.47628429682151E+01
 0.47218117880132E+01
 0.46814201056239E+01
 0.46417022191096E+01
 0.46022736981444E+01
 0.45634185313403E+01
 0.45253632422260E+01
 0.44877093679284E+01
 0.44503950824138E+01
 0.44140588397954E+01
 0.43777318927127E+01
 0.43420073577799E+01
 0.43068505217436E+01
 0.42721033956651E+01
 0.42377219485961E+01
 0.42039817066657E+01
 0.41706388515388E+01
 0.41376498884952E+01
 0.41052758266949E+01
 0.40731733256389E+01
 0.40415816423712E+01
 0.40103748834059E+01
 0.39792794522941E+01
 0.39491772368994E+01
 0.39189157125388E+01
 0.38892808890796E+01
 0.38600207026524E+01
 0.38309060983261E+01
 0.38023118429644E+01
 0.37740652265026E+01
 0.37460882851789E+01
 0.37184997845818E+01
