 0.11312241377893E+03
 0.11312241377892E+03
 0.11312241377876E+03
 0.11312241378960E+03
 0.11312241419240E+03
 0.11312241800312E+03
 0.11312243433314E+03
 0.11312247901922E+03
 0.11312256863182E+03
 0.11312271436516E+03
 0.11312291745866E+03
 0.11312316756633E+03
 0.11312344638903E+03
 0.11312372110702E+03
 0.11312396188769E+03
 0.11312411526160E+03
 0.11312414362619E+03
 0.11312399833153E+03
 0.11312362707593E+03
 0.11312298103304E+03
 0.11311682808329E+03
 0.11311413502571E+03
 0.11311093415753E+03
 0.11310718057792E+03
 0.11310281649014E+03
 0.11309779287453E+03
 0.11309202460436E+03
 0.11308551387661E+03
 0.11307815545948E+03
 0.11306982978436E+03
 0.11306039695002E+03
 0.11304984400760E+03
 0.11303794072568E+03
 0.11302448963114E+03
 0.11300949314951E+03
 0.11299258886725E+03
 0.11297363376827E+03
 0.11295228563220E+03
 0.11292845862674E+03
 0.11290195183268E+03
 0.11287202838655E+03
 0.11283885315483E+03
 0.11280209820204E+03
 0.11276131489490E+03
 0.11271610416189E+03
 0.11266641552285E+03
 0.11261216193686E+03
 0.11255283708274E+03
 0.11248802073526E+03
 0.11241757350394E+03
 0.11234147430570E+03
 0.11225921327249E+03
 0.11217080795391E+03
 0.11207589390431E+03
 0.11197406733847E+03
 0.11186541144674E+03
 0.11174977933722E+03
 0.11162646965870E+03
 0.11149580899386E+03
 0.11135791916958E+03
 0.11121051370219E+03
 0.11105632267430E+03
 0.11089349151784E+03
 0.11072090899520E+03
 0.11054042708968E+03
 0.11034880234475E+03
 0.11014821102514E+03
 0.10993925965666E+03
 0.10971786820796E+03
 0.10948667603873E+03
 0.10924180209019E+03
 0.10898565094110E+03
 0.10871905679707E+03
 0.10843576372940E+03
 0.10814080583595E+03
 0.10782972765884E+03
 0.10750344634543E+03
 0.10715899854727E+03
 0.10680110386578E+03
 0.10642098501597E+03
 0.10602272644104E+03
 0.10560386437235E+03
 0.10516327792568E+03
 0.10469840879754E+03
 0.10420422064223E+03
 0.10368609181037E+03
 0.10313909215324E+03
 0.10255670966257E+03
 0.10193983580663E+03
 0.10128315455267E+03
 0.10059127864102E+03
 0.99853555061562E+02
 0.99060234118051E+02
 0.98207869141953E+02
 0.97300312913670E+02
 0.96323698068262E+02
 0.95251120527988E+02
 0.94091468305896E+02
 0.92810464402170E+02
 0.91390104235095E+02
 0.89774988384895E+02
 0.87922224496192E+02
 0.85699602413766E+02
 0.82776785317502E+02
