 0.64710694463868E-04
 0.64709147731278E-04
 0.64706566878458E-04
 0.64702952542888E-04
 0.64698298816402E-04
 0.64692602331337E-04
 0.64685859869829E-04
 0.64678061169360E-04
 0.64669200693803E-04
 0.64659267623950E-04
 0.64648260120000E-04
 0.64636161892462E-04
 0.64622967895612E-04
 0.64608668938804E-04
 0.64593255749430E-04
 0.64576716180509E-04
 0.64559041709748E-04
 0.64540218415097E-04
 0.64520236604049E-04
 0.64499085429581E-04
 0.64476738940627E-04
 0.64453194538575E-04
 0.64428428681920E-04
 0.64402418938511E-04
 0.64375145291237E-04
 0.64346582873685E-04
 0.64316699039129E-04
 0.64285474044795E-04
 0.64252876737745E-04
 0.64218867019599E-04
 0.64183410191157E-04
 0.64146481575749E-04
 0.64108034478847E-04
 0.64068031298585E-04
 0.64026463148323E-04
 0.63983276834047E-04
 0.63938453322282E-04
 0.63891952400836E-04
 0.63843772981278E-04
 0.63793905816016E-04
 0.63742277435134E-04
 0.63688937666386E-04
 0.63633875741485E-04
 0.63577086300488E-04
 0.63518537443800E-04
 0.63458277650507E-04
 0.63396350493239E-04
 0.63332746447613E-04
 0.63267469108222E-04
 0.63200566999447E-04
 0.63132091697701E-04
 0.63062058072436E-04
 0.62990522075566E-04
 0.62917528388782E-04
 0.62843084805168E-04
 0.62767282171777E-04
 0.62690174573047E-04
 0.62611762708438E-04
 0.62532157123689E-04
 0.62451447825590E-04
 0.62369473862609E-04
 0.62286606212342E-04
 0.62202726967664E-04
 0.62117811878381E-04
 0.62032116698415E-04
 0.61945437776462E-04
 0.61858047839227E-04
 0.61770087239879E-04
 0.61681269853657E-04
 0.61591918533733E-04
 0.61501790869433E-04
 0.61411172303484E-04
 0.61320212016718E-04
 0.61228463536418E-04
 0.61136456962783E-04
 0.61043868194489E-04
 0.60950901919679E-04
 0.60857407350185E-04
 0.60763780212670E-04
 0.60669492844722E-04
 0.60574865183400E-04
 0.60479815563486E-04
 0.60384355441354E-04
 0.60288380739066E-04
 0.60191645076692E-04
 0.60094525966490E-04
 0.59996733246690E-04
 0.59898021627425E-04
 0.59798442263921E-04
 0.59697739579309E-04
 0.59596066731341E-04
 0.59493071944694E-04
 0.59388145874800E-04
 0.59281185457527E-04
 0.59172277232174E-04
 0.59060665377492E-04
 0.58945373756413E-04
 0.58826409980460E-04
 0.58702389749484E-04
 0.58572446124931E-04
 0.58434370553722E-04
 0.58286481611876E-04
 0.58124457327555E-04
 0.57939573179632E-04
