 0.34787160937283E+03
 0.34787161156786E+03
 0.34787162174707E+03
 0.34787165058348E+03
 0.34787171495032E+03
 0.34787184514725E+03
 0.34787209541115E+03
 0.34787254476321E+03
 0.34787327710101E+03
 0.34787435997089E+03
 0.34787583013927E+03
 0.34787768747709E+03
 0.34787992073141E+03
 0.34788245856079E+03
 0.34788527387426E+03
 0.34788822128201E+03
 0.34789127686662E+03
 0.34789436001437E+03
 0.34789738915696E+03
 0.34790031336744E+03
 0.34788706678975E+03
 0.34788546789536E+03
 0.34788333885704E+03
 0.34788063668461E+03
 0.34787726288658E+03
 0.34787315142521E+03
 0.34786802611635E+03
 0.34786207289390E+03
 0.34785491152121E+03
 0.34784605419720E+03
 0.34783492028819E+03
 0.34782159419317E+03
 0.34780501122523E+03
 0.34778427931986E+03
 0.34775960386674E+03
 0.34772924287535E+03
 0.34769264871789E+03
 0.34764823364670E+03
 0.34759579362602E+03
 0.34753454798995E+03
 0.34746088439794E+03
 0.34737602513732E+03
 0.34727857826050E+03
 0.34716674017028E+03
 0.34703843716519E+03
 0.34689399459379E+03
 0.34673338590067E+03
 0.34655439782383E+03
 0.34635530263742E+03
 0.34613588016281E+03
 0.34589647020048E+03
 0.34563502873668E+03
 0.34535205163543E+03
 0.34504640127523E+03
 0.34471644381975E+03
 0.34436331893116E+03
 0.34398682339675E+03
 0.34358415729355E+03
 0.34315763917545E+03
 0.34270855651353E+03
 0.34222640774332E+03
 0.34172549525381E+03
 0.34119748738494E+03
 0.34063790870582E+03
 0.34005655088077E+03
 0.33943907135994E+03
 0.33879670840561E+03
 0.33813331040862E+03
 0.33743086337231E+03
 0.33670273174573E+03
 0.33593235791122E+03
 0.33513196925367E+03
 0.33430652178449E+03
 0.33342873474343E+03
 0.33252323503877E+03
 0.33157064522052E+03
 0.33057730394421E+03
 0.32953164014886E+03
 0.32845504770501E+03
 0.32731172594133E+03
 0.32612014203112E+03
 0.32487164559357E+03
 0.32356343215868E+03
 0.32218651795071E+03
 0.32072234793085E+03
 0.31919411517183E+03
 0.31758306177692E+03
 0.31586650947962E+03
 0.31404918418379E+03
 0.31211217773322E+03
 0.31007293579368E+03
 0.30789523823484E+03
 0.30554271181324E+03
 0.30300497857564E+03
 0.30029554386361E+03
 0.29736341097179E+03
 0.29411677280518E+03
 0.29058102127524E+03
 0.28663558222040E+03
 0.28221131287312E+03
 0.27710905097010E+03
 0.27116141365283E+03
 0.26388532667029E+03
 0.25409036887513E+03
