 0.13708380095672E+03
 0.13708380095668E+03
 0.13708380095628E+03
 0.13708380104278E+03
 0.13708380419564E+03
 0.13708383395743E+03
 0.13708396560560E+03
 0.13708433276315E+03
 0.13708509673931E+03
 0.13708640656947E+03
 0.13708837510242E+03
 0.13709107221483E+03
 0.13709452877966E+03
 0.13709874545515E+03
 0.13710369749371E+03
 0.13710934226619E+03
 0.13711562574460E+03
 0.13712248270873E+03
 0.13712984374883E+03
 0.13713763520664E+03
 0.13710579488167E+03
 0.13710386879735E+03
 0.13710163935541E+03
 0.13709910212535E+03
 0.13709626403256E+03
 0.13709314090007E+03
 0.13708976461953E+03
 0.13708617865284E+03
 0.13708245247694E+03
 0.13707867942412E+03
 0.13707498221315E+03
 0.13707150679019E+03
 0.13706844907851E+03
 0.13706604054640E+03
 0.13706454611806E+03
 0.13706429792974E+03
 0.13706566533291E+03
 0.13706908067379E+03
 0.13707501859153E+03
 0.13708400995268E+03
 0.13709668263823E+03
 0.13711366275605E+03
 0.13713565931945E+03
 0.13716366300345E+03
 0.13719813933750E+03
 0.13724012479659E+03
 0.13729053898466E+03
 0.13735039885393E+03
 0.13742078652151E+03
 0.13750281473630E+03
 0.13759758827362E+03
 0.13770644633507E+03
 0.13783054196236E+03
 0.13797139345912E+03
 0.13813038897466E+03
 0.13830903672150E+03
 0.13850883095286E+03
 0.13873166861330E+03
 0.13897913935713E+03
 0.13925292735059E+03
 0.13955596609787E+03
 0.13988908788855E+03
 0.14025523146570E+03
 0.14065734212612E+03
 0.14109674388480E+03
 0.14157830673034E+03
 0.14210330798092E+03
 0.14267423463277E+03
 0.14329763289450E+03
 0.14397480750504E+03
 0.14471343022242E+03
 0.14551558035252E+03
 0.14638502356992E+03
 0.14733334014606E+03
 0.14836173851018E+03
 0.14948086911535E+03
 0.15069824563217E+03
 0.15202643282336E+03
 0.15346707143869E+03
 0.15504542358449E+03
 0.15676678468030E+03
 0.15865026307649E+03
 0.16071542253409E+03
 0.16298762670168E+03
 0.16550341924632E+03
 0.16827832664493E+03
 0.17135796500819E+03
 0.17480696578106E+03
 0.17867605798384E+03
 0.18305106016032E+03
 0.18799535657584E+03
 0.19366849846337E+03
 0.20026441851046E+03
 0.20801653022499E+03
 0.21718566921217E+03
 0.22826928055596E+03
 0.24216467656167E+03
 0.25984737880455E+03
 0.28359100102317E+03
 0.31739842097106E+03
 0.37130326483504E+03
 0.47503421309295E+03
 0.83763407614251E+03
                  NaN
