 0.11076108624053E+04
 0.11076108624053E+04
 0.11076108624053E+04
 0.11076108624053E+04
 0.11076108624053E+04
 0.11076108624053E+04
 0.11076108624053E+04
 0.11076108624053E+04
 0.11076108624053E+04
 0.11076069849429E+04
 0.11077207589677E+04
 0.11075620357473E+04
 0.11074536527897E+04
 0.11075278816512E+04
 0.11073768013985E+04
 0.11074388962902E+04
 0.11074004255882E+04
 0.11075722226820E+04
 0.11075073314257E+04
 0.11073908208067E+04
 0.11074505137451E+04
 0.11075634452914E+04
 0.11075230248308E+04
 0.11072735383435E+04
 0.11072083062127E+04
 0.11074034957076E+04
 0.11074780904031E+04
 0.11074209109881E+04
 0.11072058060081E+04
 0.11073820740940E+04
 0.11075718908872E+04
 0.11074443538336E+04
 0.11082848689436E+04
 0.11083279896354E+04
 0.11074939515110E+04
 0.11086255706846E+04
 0.11079488066378E+04
 0.11078456135226E+04
 0.11092675828911E+04
 0.11081215063828E+04
 0.11072105171859E+04
 0.11088971505841E+04
 0.11076205497214E+04
 0.11096371299006E+04
 0.11108468229609E+04
 0.11109178404597E+04
 0.11106148456428E+04
 0.11093455369236E+04
 0.11081611615664E+04
 0.11105420960381E+04
 0.11078930351137E+04
 0.11120308408162E+04
 0.11093767974249E+04
 0.11089737913714E+04
 0.11089602757142E+04
 0.11126065894203E+04
 0.11123254441926E+04
 0.11078309236320E+04
 0.11145499389070E+04
 0.11098551976056E+04
 0.11129329770445E+04
 0.11113912651837E+04
 0.11128560030309E+04
 0.11102052777350E+04
 0.11100036086865E+04
 0.11108083940767E+04
 0.11120604137258E+04
 0.11194811175167E+04
 0.11136164404496E+04
 0.11086944483845E+04
 0.11166101407672E+04
 0.11173435885783E+04
 0.11073683634979E+04
 0.11166134989184E+04
 0.11106597717999E+04
 0.11141238385689E+04
 0.11089842752851E+04
 0.11115008137270E+04
 0.11182586004678E+04
 0.11179215162127E+04
 0.11146339664391E+04
 0.11068517579215E+04
 0.11173540878778E+04
 0.11205671335560E+04
 0.11134169834290E+04
 0.11157550863953E+04
 0.11168051468651E+04
 0.11194097273051E+04
 0.11168036233420E+04
 0.11162627510978E+04
 0.11163174529673E+04
 0.11092237243066E+04
 0.11164531963458E+04
 0.11114309345516E+04
 0.11106712177169E+04
 0.11191005942588E+04
 0.11121786718985E+04
 0.11176173039795E+04
 0.11145171584478E+04
 0.11116819607874E+04
 0.11102142716296E+04
 0.11140764014449E+04
 0.11126726696420E+04
 0.11095772790083E+04
 0.11174404357869E+04
 0.11095310891314E+04
 0.11197924790411E+04
 0.11062380654990E+04
 0.11069028572748E+04
 0.11147255385788E+04
 0.11107996635047E+04
 0.11099733056239E+04
 0.11131372199038E+04
 0.11181788008999E+04
 0.11176552841838E+04
 0.11051756662678E+04
 0.11052342249349E+04
 0.11089616776594E+04
 0.11074584234254E+04
 0.11097206177411E+04
 0.11042365043707E+04
 0.11023765355959E+04
 0.11073228689368E+04
 0.11046486325756E+04
 0.11142219355476E+04
 0.11054109765650E+04
 0.11094208943772E+04
 0.11128344388947E+04
 0.11103373611220E+04
 0.11103906717110E+04
 0.11014809525499E+04
 0.10993681804578E+04
 0.11086449626085E+04
 0.11066167231988E+04
 0.11024711576557E+04
 0.11030693800126E+04
 0.11090599072702E+04
 0.11026375272387E+04
 0.11002179102973E+04
 0.11019982644422E+04
 0.11110149549464E+04
 0.11023410196938E+04
 0.11013154351802E+04
 0.11022304498144E+04
 0.11098276508809E+04
 0.11043469394994E+04
 0.10978280830605E+04
 0.11042117321402E+04
 0.11070990328160E+04
 0.11090383155258E+04
 0.10987914048797E+04
 0.11121838550840E+04
 0.11033930566541E+04
 0.11050110765124E+04
 0.11029473666819E+04
 0.11117166566850E+04
 0.11025720231791E+04
 0.11055509998771E+04
 0.11054142771677E+04
 0.10997062690265E+04
 0.11084304311748E+04
 0.11012412430109E+04
 0.11129285953107E+04
 0.11045992182357E+04
 0.11083400583259E+04
 0.11159648071074E+04
 0.11135274704439E+04
 0.11083122755929E+04
 0.11113814860237E+04
 0.11153464766560E+04
 0.11075552931699E+04
 0.11100683114115E+04
 0.11154974650353E+04
 0.11200336561632E+04
 0.11246300015123E+04
 0.11149156185334E+04
 0.11155240141573E+04
 0.11257420999128E+04
 0.11186206198955E+04
 0.11231407533924E+04
 0.11203201231906E+04
 0.11261386775912E+04
 0.11227191358231E+04
 0.11265851957006E+04
 0.11272587244669E+04
 0.11336502532142E+04
 0.11244705337109E+04
 0.11384563272248E+04
 0.11305552397211E+04
 0.11394167543913E+04
 0.11329570010712E+04
 0.11416687470069E+04
 0.11427412035596E+04
 0.11400687839397E+04
 0.11405059317122E+04
 0.11397293290964E+04
 0.11454994344432E+04
 0.11454646990082E+04
 0.11523024441654E+04
 0.11516568984744E+04
