 0.12287856071230E+01
 0.12287856154771E+01
 0.12287856532512E+01
 0.12287857575042E+01
 0.12287859811654E+01
 0.12287863952375E+01
 0.12287871001449E+01
 0.12287882577229E+01
 0.12287901441678E+01
 0.12287932080140E+01
 0.12287981102368E+01
 0.12288057403488E+01
 0.12288172093818E+01
 0.12288337967623E+01
 0.12288569441806E+01
 0.12288881487156E+01
 0.12289289861430E+01
 0.12289810216766E+01
 0.12290457829301E+01
 0.12291247488400E+01
 0.12292192596625E+01
 0.12293307177078E+01
 0.12294602617961E+01
 0.12296089867311E+01
 0.12297778597842E+01
 0.12299677637142E+01
 0.12301794200028E+01
 0.12304136174185E+01
 0.12306708719382E+01
 0.12309515998215E+01
 0.12312561173511E+01
 0.12315849017395E+01
 0.12319379911325E+01
 0.12323154371163E+01
 0.12327175849964E+01
 0.12331441102711E+01
 0.12335950038076E+01
 0.12340698843194E+01
 0.12345687700444E+01
 0.12350914093214E+01
 0.12356365951563E+01
 0.12362046228046E+01
 0.12367948692638E+01
 0.12374065453090E+01
 0.12380386499264E+01
 0.12386909569076E+01
 0.12393630205884E+01
 0.12400536421463E+01
 0.12407617340690E+01
 0.12414865665595E+01
 0.12422276999321E+01
 0.12429836698795E+01
 0.12437539263368E+01
 0.12445372537733E+01
 0.12453324482392E+01
 0.12461389111715E+01
 0.12469557829647E+01
 0.12477812520035E+01
 0.12486152806152E+01
 0.12494572661580E+01
 0.12503031545025E+01
 0.12511566053866E+01
 0.12520142081572E+01
 0.12528737196729E+01
 0.12537376466051E+01
 0.12546005240907E+01
 0.12554654564453E+01
 0.12563331629239E+01
 0.12571972414116E+01
 0.12580616313470E+01
 0.12589206344989E+01
 0.12597777592136E+01
 0.12606347133452E+01
 0.12614822124812E+01
 0.12623288134088E+01
 0.12631675061596E+01
 0.12640013124673E+01
 0.12648266231566E+01
 0.12656506454793E+01
 0.12664624808566E+01
 0.12672689849462E+01
 0.12680682006094E+01
 0.12688604675311E+01
 0.12696443465084E+01
 0.12704153686752E+01
 0.12711830325370E+01
 0.12719429261306E+01
 0.12726907448161E+01
 0.12734313439456E+01
 0.12741617733735E+01
 0.12748907663151E+01
 0.12756129988704E+01
 0.12763221333852E+01
 0.12770225694534E+01
 0.12777248820483E+01
 0.12784233524081E+01
 0.12791071015647E+01
 0.12797936849162E+01
 0.12804740502013E+01
 0.12811535311603E+01
 0.12818264724039E+01
 0.12825039645044E+01
 0.12831829052276E+01
 0.12838581801177E+01
 0.12845328639710E+01
 0.12852165529683E+01
 0.12859101199056E+01
 0.12865979290167E+01
 0.12872981761492E+01
 0.12880130166355E+01
 0.12887408568260E+01
 0.12894742045972E+01
 0.12902234233082E+01
 0.12909834952656E+01
 0.12917524229587E+01
 0.12925467620966E+01
 0.12933546295546E+01
 0.12941762577733E+01
 0.12950075133770E+01
 0.12958502925685E+01
 0.12967044421695E+01
 0.12975651715775E+01
 0.12984059050633E+01
 0.12992328731992E+01
 0.13000453642195E+01
 0.13008260926812E+01
 0.13015594035913E+01
 0.13022034826559E+01
 0.13027676233427E+01
 0.13032318903661E+01
 0.13035610106369E+01
 0.13037223083485E+01
 0.13037259276255E+01
 0.13035131154569E+01
 0.13030586376183E+01
 0.13023833860061E+01
 0.13014111008435E+01
 0.13001655736525E+01
 0.12986340199727E+01
 0.12968447457727E+01
 0.12948022707674E+01
 0.12925058633836E+01
 0.12900091799985E+01
 0.12873616455174E+01
 0.12845770286504E+01
 0.12817352125587E+01
 0.12788356571740E+01
 0.12759447244998E+01
 0.12730566947831E+01
 0.12702051781199E+01
 0.12674726475341E+01
 0.12647806569069E+01
 0.12621433922388E+01
 0.12596433658263E+01
 0.12572147479728E+01
 0.12549024742694E+01
 0.12526814490094E+01
 0.12505655867344E+01
 0.12485279210715E+01
 0.12465938667763E+01
 0.12447535969678E+01
 0.12429833506188E+01
 0.12412948240801E+01
 0.12396785670632E+01
 0.12381535835901E+01
 0.12366815214126E+01
 0.12352762517036E+01
 0.12339334357775E+01
 0.12326460872576E+01
 0.12314153283045E+01
 0.12302499480627E+01
 0.12291117281736E+01
 0.12280257671904E+01
 0.12270007943924E+01
 0.12259994674920E+01
 0.12250326202517E+01
 0.12241258036005E+01
 0.12232356797823E+01
 0.12223865768826E+01
 0.12215484051362E+01
 0.12207756820243E+01
 0.12200090012826E+01
 0.12192765630605E+01
 0.12185423940853E+01
 0.12178613055492E+01
 0.12171794856053E+01
 0.12165426792919E+01
 0.12159076812988E+01
 0.12153026240400E+01
 0.12147029637816E+01
 0.12141266431200E+01
 0.12135569688619E+01
 0.12130020154415E+01
 0.12124646394882E+01
 0.12119447269721E+01
 0.12114438822723E+01
 0.12109454407343E+01
 0.12104511309040E+01
 0.12099699836611E+01
 0.12095097384898E+01
