 0.16432730420240E+00
 0.16432730420236E+00
 0.16432730420183E+00
 0.16432730419992E+00
 0.16432730418737E+00
 0.16432730411556E+00
 0.16432730225332E+00
 0.16432729422964E+00
 0.16432726668586E+00
 0.16432719381834E+00
 0.16432703280102E+00
 0.16432672136132E+00
 0.16432618676871E+00
 0.16432532434233E+00
 0.16432404580218E+00
 0.16432220009813E+00
 0.16431968649136E+00
 0.16431637669865E+00
 0.16431213382623E+00
 0.16430683271358E+00
 0.16430025886943E+00
 0.16429244500889E+00
 0.16428316855847E+00
 0.16427230778560E+00
 0.16425971460790E+00
 0.16424527550030E+00
 0.16422878756092E+00
 0.16421032151011E+00
 0.16418966192711E+00
 0.16416658529631E+00
 0.16414084421614E+00
 0.16411260652762E+00
 0.16408145449986E+00
 0.16404712317830E+00
 0.16400996788019E+00
 0.16396936964463E+00
 0.16392535968736E+00
 0.16387748295531E+00
 0.16382605670012E+00
 0.16377109416282E+00
 0.16371113385857E+00
 0.16364733016039E+00
 0.16357940029811E+00
 0.16350692253707E+00
 0.16342922056472E+00
 0.16334698220885E+00
 0.16326062352678E+00
 0.16316939403551E+00
 0.16307282821373E+00
 0.16297109684926E+00
 0.16286486470892E+00
 0.16275324513110E+00
 0.16263683573513E+00
 0.16251520203278E+00
 0.16238792290262E+00
 0.16225555673526E+00
 0.16211837522610E+00
 0.16197495046573E+00
 0.16182690229048E+00
 0.16167468341537E+00
 0.16151335287630E+00
 0.16135023814114E+00
 0.16118148670532E+00
 0.16100470446168E+00
 0.16082550928612E+00
 0.16063644402518E+00
 0.16044379044340E+00
 0.16024957990379E+00
 0.16004523874123E+00
 0.15983787828469E+00
 0.15961963188101E+00
 0.15939709688920E+00
 0.15917341737540E+00
 0.15893518581475E+00
 0.15869621783899E+00
 0.15844671350818E+00
 0.15819133436514E+00
 0.15792563559858E+00
 0.15766018639222E+00
 0.15737938359971E+00
 0.15709313217244E+00
 0.15679904931343E+00
 0.15649756244565E+00
 0.15618616478045E+00
 0.15585832582842E+00
 0.15552733091459E+00
 0.15518659922467E+00
 0.15482942497297E+00
 0.15446182532595E+00
 0.15407899857076E+00
 0.15369221438794E+00
 0.15329244713085E+00
 0.15287129049401E+00
 0.15243221524541E+00
 0.15198866432208E+00
 0.15153135942180E+00
 0.15104333242460E+00
 0.15054834482083E+00
 0.15002940745388E+00
 0.14949353836947E+00
 0.14892952058312E+00
 0.14835145878295E+00
 0.14775076787416E+00
 0.14711942031233E+00
 0.14645656029813E+00
 0.14577232655309E+00
 0.14506634526424E+00
 0.14431109226386E+00
 0.14352817382882E+00
 0.14271789523357E+00
 0.14187273899716E+00
 0.14097830554156E+00
 0.14004302401045E+00
 0.13905712141394E+00
 0.13801405317584E+00
 0.13692841988338E+00
 0.13578593280923E+00
 0.13457957067822E+00
 0.13329955280838E+00
 0.13195108773830E+00
 0.13052941451654E+00
 0.12902950102280E+00
 0.12741923206318E+00
 0.12570983387249E+00
 0.12390883265203E+00
 0.12200263924174E+00
 0.11997903325117E+00
 0.11780430536790E+00
 0.11549822381423E+00
 0.11306643280258E+00
 0.11048459863751E+00
 0.10773469435586E+00
 0.10485980543279E+00
 0.10181741527184E+00
 0.98607016822937E-01
 0.95285079902364E-01
 0.91787430695481E-01
 0.88162360654248E-01
 0.84416240455267E-01
 0.80570007272547E-01
 0.76643667000549E-01
 0.72617865516600E-01
 0.68533801538639E-01
 0.64431090038306E-01
 0.60314798287512E-01
 0.56247880978027E-01
 0.52227625327883E-01
 0.48326025865639E-01
 0.44548557785367E-01
 0.40929100905033E-01
 0.37548154722917E-01
 0.34357197842485E-01
 0.31376170539244E-01
 0.28657079153857E-01
 0.26156184407542E-01
 0.23892929481952E-01
 0.21836642206879E-01
 0.19985738110831E-01
 0.18307745995384E-01
 0.16804870883443E-01
 0.15455187343945E-01
 0.14234480167363E-01
 0.13134921212753E-01
 0.12144584649515E-01
 0.11254427129431E-01
 0.10445519107297E-01
 0.97140584559160E-02
 0.90500257133745E-02
 0.84459502061461E-02
 0.78960397144855E-02
 0.73963517749162E-02
 0.69362151597535E-02
 0.65154777671689E-02
 0.61321917911366E-02
 0.57772323339521E-02
 0.54496330963928E-02
 0.51501158210196E-02
 0.48712861010903E-02
 0.46141048918968E-02
 0.43736350322728E-02
 0.41541046473430E-02
 0.39474803980857E-02
 0.37561463809628E-02
 0.35752282526274E-02
 0.34086281376074E-02
 0.32512929645671E-02
 0.31056592134900E-02
 0.29679582414762E-02
 0.28393778153758E-02
 0.27178507253680E-02
 0.26040754689030E-02
 0.24961219836885E-02
 0.23945293212333E-02
 0.22988506338643E-02
 0.22086513463824E-02
 0.21236715490763E-02
 0.20430644662471E-02
 0.19661825116304E-02
 0.18934932596777E-02
 0.18248910388440E-02
