 0.10000000133514E-09
 0.10000000133514E-09
 0.10000000133514E-09
 0.10000000133514E-09
 0.10000000133514E-09
 0.10000000133514E-09
 0.10000000133514E-09
 0.10000000133514E-09
 0.10000000133514E-09
 0.10000000133514E-09
 0.10000000133514E-09
 0.10000000133514E-09
 0.10000000133514E-09
 0.10000000133514E-09
 0.10000000133514E-09
 0.10000000133514E-09
 0.10000000133514E-09
 0.10000000133514E-09
 0.10000000133514E-09
 0.10000000133514E-09
 0.10000000133514E-09
 0.10000000133514E-09
 0.10000000133514E-09
 0.10000000133514E-09
 0.10000000133514E-09
 0.10000000133514E-09
 0.10000000133514E-09
 0.10000000133514E-09
 0.10000000133514E-09
 0.20931237991106E-04
 0.20931237991106E-04
 0.39842665407099E-04
 0.39842665407099E-04
 0.70606722769899E-04
 0.91846286879778E-04
 0.11784988375941E-03
 0.14931719331436E-03
 0.18699804483701E-03
 0.23167794029418E-03
 0.28417936608171E-03
 0.34537493364106E-03
 0.41614819676253E-03
 0.49741311221692E-03
 0.59011797853380E-03
 0.69523388956793E-03
 0.81373652117915E-03
 0.94660562363630E-03
 0.10948680892545E-02
 0.12595490152830E-02
 0.14416458403366E-02
 0.16422089311407E-02
 0.18622554928777E-02
 0.21028140870833E-02
 0.23649519146029E-02
 0.26497151943099E-02
 0.29581276307584E-02
 0.32912181665704E-02
 0.36500141842638E-02
 0.40355456539128E-02
 0.44487805594261E-02
 0.48911860355034E-02
 0.53631410120580E-02
 0.58659567858274E-02
 0.64010725798545E-02
 0.69689211125145E-02
 0.75711522710426E-02
 0.82084162248354E-02
 0.88809485806716E-02
 0.95917996337677E-02
 0.10340633860527E-01
 0.11129437008689E-01
 0.11958752405545E-01
 0.12829347450256E-01
 0.13743585932634E-01
 0.14702622250847E-01
 0.15706018234653E-01
 0.16757029712078E-01
 0.17857133215162E-01
 0.19002772722565E-01
 0.20202478928541E-01
 0.21454406963645E-01
 0.22760235505316E-01
 0.24119245314844E-01
 0.25537489752632E-01
 0.27016310822906E-01
 0.28553591336463E-01
 0.30153208353133E-01
 0.31820087205111E-01
 0.33553037028376E-01
 0.35357511058548E-01
 0.37228594671236E-01
 0.39175566753772E-01
 0.41201232526076E-01
 0.43307509610993E-01
 0.45494589370589E-01
 0.47763017737695E-01
 0.50131546289774E-01
 0.52584166918809E-01
 0.55136823732797E-01
 0.57791074511769E-01
 0.60557524057008E-01
 0.63428421697092E-01
 0.66415827997386E-01
 0.69528690867030E-01
 0.72772921737793E-01
 0.76153049736300E-01
 0.79667547602226E-01
 0.83350488708342E-01
 0.87186806245579E-01
 0.91186758432217E-01
 0.95364826575307E-01
 0.99743257951866E-01
 0.10432484634333E+00
 0.10912794765146E+00
 0.11416906868106E+00
 0.11945815096478E+00
 0.12500617642277E+00
 0.13084534574524E+00
 0.13700482008151E+00
 0.14347821671388E+00
 0.15030371380299E+00
 0.15750745156286E+00
 0.16511305442655E+00
 0.17314990656627E+00
 0.18161745802120E+00
 0.19053408037260E+00
 0.19992008177489E+00
 0.20980816282392E+00
 0.22017042407572E+00
 0.23096190623166E+00
 0.24218180722680E+00
 0.25380388986441E+00
 0.26571382367872E+00
 0.27788684741092E+00
 0.29026446558442E+00
 0.30267283442413E+00
 0.31513361836183E+00
 0.32750648377731E+00
 0.33974036688903E+00
 0.35176149578648E+00
 0.36350993268254E+00
 0.37498571381064E+00
 0.38612989201200E+00
 0.39691225794639E+00
 0.40733154701067E+00
 0.41735114426887E+00
 0.42699252704729E+00
 0.43622769198054E+00
 0.44507881331621E+00
 0.45355128455591E+00
 0.46163251259173E+00
 0.46937334498659E+00
 0.47678814386126E+00
 0.48388166127799E+00
 0.49069419408839E+00
 0.49723968344074E+00
 0.50354780608275E+00
 0.50963598206596E+00
 0.51552839298530E+00
 0.52123705720104E+00
 0.52677887574106E+00
 0.53217020039046E+00
 0.53741991731723E+00
 0.54253904603053E+00
 0.54753572524850E+00
 0.55241864711929E+00
 0.55719440037487E+00
 0.56186829208541E+00
 0.56644654559366E+00
 0.57093282274970E+00
 0.57533135937066E+00
 0.57964716605013E+00
 0.58388262476411E+00
 0.58804037334546E+00
 0.59212488230431E+00
 0.59613748499363E+00
 0.60008042898849E+00
 0.60395689597364E+00
 0.60776863820802E+00
 0.61151822507374E+00
 0.61520570571461E+00
 0.61883510665293E+00
 0.62240644342121E+00
 0.62592283522209E+00
 0.62938439397314E+00
 0.63279340360691E+00
 0.63615060837088E+00
 0.63945821780375E+00
 0.64271644971809E+00
 0.64592733904935E+00
 0.64909158012605E+00
 0.65221077723250E+00
 0.65528570282988E+00
 0.65831739885847E+00
 0.66130675575693E+00
 0.66425490704667E+00
 0.66716281104464E+00
 0.67003139889595E+00
 0.67286160108548E+00
 0.67565390717591E+00
