 0.22012047225508E+01
 0.22012047225508E+01
 0.22012047225508E+01
 0.22012047225508E+01
 0.22012047225508E+01
 0.22012047225508E+01
 0.22012047225508E+01
 0.22012047225508E+01
 0.22012047225509E+01
 0.22012046921021E+01
 0.22012050888252E+01
 0.22012045357365E+01
 0.22012041451643E+01
 0.22012044430752E+01
 0.22012038045248E+01
 0.22012040697297E+01
 0.22012039230940E+01
 0.22012045719827E+01
 0.22012043316713E+01
 0.22012038525428E+01
 0.22012040699015E+01
 0.22012045662938E+01
 0.22012044163182E+01
 0.22012033875666E+01
 0.22012030981813E+01
 0.22012039863606E+01
 0.22012042708764E+01
 0.22012035302979E+01
 0.22012029815680E+01
 0.22012040043619E+01
 0.22012051491131E+01
 0.22012025382200E+01
 0.22012060610547E+01
 0.22012061442734E+01
 0.22012046093458E+01
 0.22012068635631E+01
 0.22012059932617E+01
 0.22012054047205E+01
 0.22012157323606E+01
 0.22012053999430E+01
 0.22012029217384E+01
 0.22012075616433E+01
 0.22012046934122E+01
 0.22012158223601E+01
 0.22012409690147E+01
 0.22012378587112E+01
 0.22012332509265E+01
 0.22012169432169E+01
 0.22012064468492E+01
 0.22012355972965E+01
 0.22012063672040E+01
 0.22012518609517E+01
 0.22012194642365E+01
 0.22012090777566E+01
 0.22012111895254E+01
 0.22012579387906E+01
 0.22011911804502E+01
 0.22012062657935E+01
 0.22012667800176E+01
 0.22012278549540E+01
 0.22012588733681E+01
 0.22012473035154E+01
 0.22011991272695E+01
 0.22012347506048E+01
 0.22011576021072E+01
 0.22012384541069E+01
 0.22012513583834E+01
 0.22011859989021E+01
 0.22012651000654E+01
 0.22012070873475E+01
 0.22012671498107E+01
 0.22012635814414E+01
 0.22012049516465E+01
 0.22012668881534E+01
 0.22011667655843E+01
 0.22012651958372E+01
 0.22012097911873E+01
 0.22011851086248E+01
 0.22012010426126E+01
 0.22012022833047E+01
 0.22012085244403E+01
 0.22012040909364E+01
 0.22012648396433E+01
 0.22012378986975E+01
 0.22012008904915E+01
 0.22012697510923E+01
 0.22012060839720E+01
 0.22011947228752E+01
 0.22012050416714E+01
 0.22012111531933E+01
 0.22012694051407E+01
 0.22012278120705E+01
 0.22012101652312E+01
 0.22012616005857E+01
 0.22011820429323E+01
 0.22012490253215E+01
 0.22012094676025E+01
 0.22012158729346E+01
 0.22012772875895E+01
 0.22012647203421E+01
 0.22011962513383E+01
 0.22012282553828E+01
 0.22012250234189E+01
 0.22012174169505E+01
 0.22012878617870E+01
 0.22012500853362E+01
 0.22012921010540E+01
 0.22012067970871E+01
 0.22012162304971E+01
 0.22012591923501E+01
 0.22013163524815E+01
 0.22012483687066E+01
 0.22013399124765E+01
 0.22013062984136E+01
 0.22013368289900E+01
 0.22013018185398E+01
 0.22013062486782E+01
 0.22013182475724E+01
 0.22012944085060E+01
 0.22013241543398E+01
 0.22013868782764E+01
 0.22013570474498E+01
 0.22013821170296E+01
 0.22014854479318E+01
 0.22015121287999E+01
 0.22015085577186E+01
 0.22014929357557E+01
 0.22015391442294E+01
 0.22015982140136E+01
 0.22016703957659E+01
 0.22016352441875E+01
 0.22016951446439E+01
 0.22017468012600E+01
 0.22017672228163E+01
 0.22018018043247E+01
 0.22018986410988E+01
 0.22020167524497E+01
 0.22020083607925E+01
 0.22020679915619E+01
 0.22021154157955E+01
 0.22021892960645E+01
 0.22022785535015E+01
 0.22024009616638E+01
 0.22023635957427E+01
 0.22024507657592E+01
 0.22025713066626E+01
 0.22025772457530E+01
 0.22026206934286E+01
 0.22027176039305E+01
 0.22027219794089E+01
 0.22027742834180E+01
 0.22028082277684E+01
 0.22027871951365E+01
 0.22029046926803E+01
 0.22028831849525E+01
 0.22029450840306E+01
 0.22029411894640E+01
 0.22029164121231E+01
 0.22029049747848E+01
 0.22028596938314E+01
 0.22028766520880E+01
 0.22027992317709E+01
 0.22028682245085E+01
 0.22027469100037E+01
 0.22026543346496E+01
 0.22026267044074E+01
 0.22026253279615E+01
 0.22024655626671E+01
 0.22023541497106E+01
 0.22023143867117E+01
 0.22021232646691E+01
 0.22019445392600E+01
 0.22018580016347E+01
 0.22017578999208E+01
 0.22014958401364E+01
 0.22013752176895E+01
 0.22011997208624E+01
 0.22009317933103E+01
 0.22007986069832E+01
 0.22004645683770E+01
 0.22001964901743E+01
 0.21999467364466E+01
 0.21996769693593E+01
 0.21994031204123E+01
 0.21991426507776E+01
 0.21987528602052E+01
 0.21983860234690E+01
 0.21980208746690E+01
 0.21976896205438E+01
 0.21973264602186E+01
 0.21968469692086E+01
 0.21964090398719E+01
 0.21960203828704E+01
 0.21955642827790E+01
 0.21950694356098E+01
 0.21946372182329E+01
 0.21941497459909E+01
 0.21935929671350E+01
 0.21929928910912E+01
 0.21924600198243E+01
