 0.10813086768930E+04
 0.10813086768930E+04
 0.10813086768930E+04
 0.10813086768930E+04
 0.10813086768930E+04
 0.10813086768930E+04
 0.10813086768930E+04
 0.10813086768930E+04
 0.10813086768930E+04
 0.10813001936183E+04
 0.10814168631599E+04
 0.10812570832628E+04
 0.10811551961542E+04
 0.10812320685437E+04
 0.10810722137684E+04
 0.10811364702020E+04
 0.10811003400226E+04
 0.10812669424037E+04
 0.10812031220861E+04
 0.10810840125707E+04
 0.10811366249169E+04
 0.10812648701833E+04
 0.10812242502846E+04
 0.10809762595047E+04
 0.10809137327792E+04
 0.10811161062353E+04
 0.10811766236246E+04
 0.10810090604781E+04
 0.10808524388069E+04
 0.10810370901390E+04
 0.10812519822611E+04
 0.10811040064907E+04
 0.10819895971515E+04
 0.10820138445399E+04
 0.10813999679451E+04
 0.10823122532794E+04
 0.10817921713573E+04
 0.10815091560226E+04
 0.10763527394064E+04
 0.10816888504542E+04
 0.10807691637017E+04
 0.10824799506159E+04
 0.10813302047760E+04
 0.10763658260997E+04
 0.10780723897895E+04
 0.10779737554013E+04
 0.10778935540805E+04
 0.10765977870065E+04
 0.10818785357912E+04
 0.10778730888065E+04
 0.10815876551097E+04
 0.10791845573611E+04
 0.10767844986343E+04
 0.10761273429816E+04
 0.10763299087914E+04
 0.10796963354604E+04
 0.10792402406774E+04
 0.10816704518400E+04
 0.10817145368019E+04
 0.10771204079799E+04
 0.10799586418462E+04
 0.10786330715285E+04
 0.10801953144357E+04
 0.10775664541977E+04
 0.10769893975001E+04
 0.10780452589102E+04
 0.10790594956601E+04
 0.10864506719756E+04
 0.10806906935798E+04
 0.10888333748430E+04
 0.10831513124292E+04
 0.10846413692838E+04
 0.10810356625216E+04
 0.10838114507359E+04
 0.10778250353429E+04
 0.10810529295391E+04
 0.10823554773039E+04
 0.10787497543314E+04
 0.10852715388786E+04
 0.10847079009831E+04
 0.10825430739507E+04
 0.10807163186815E+04
 0.10837746443361E+04
 0.10869603595296E+04
 0.10802811999278E+04
 0.10824767054713E+04
 0.10843549880731E+04
 0.10862169066407E+04
 0.10839275207715E+04
 0.10821983245103E+04
 0.10831193795186E+04
 0.10765943684657E+04
 0.10837079057158E+04
 0.10782051378154E+04
 0.10777762286197E+04
 0.10863336681907E+04
 0.10802054157157E+04
 0.10844702441719E+04
 0.10808993661758E+04
 0.10789667527815E+04
 0.10776983682861E+04
 0.10816524518162E+04
 0.10808204691345E+04
 0.10798239720887E+04
 0.10846249162618E+04
 0.10774736310224E+04
 0.10863895665894E+04
 0.10874269256443E+04
 0.10755475168681E+04
 0.10804628153509E+04
 0.10797075464988E+04
 0.10792918301669E+04
 0.10816586301761E+04
 0.10877797220032E+04
 0.10848865022678E+04
 0.10789069938237E+04
 0.10878329270379E+04
 0.10778707734375E+04
 0.10860140211529E+04
 0.10887155428464E+04
 0.10874140242979E+04
 0.10751952353697E+04
 0.10774496609961E+04
 0.10853364160578E+04
 0.10810082954958E+04
 0.10761290719702E+04
 0.10791047280977E+04
 0.10826032008577E+04
 0.10775672946032E+04
 0.10800498102992E+04
 0.10773514520020E+04
 0.10791109438650E+04
 0.10814841359003E+04
 0.10768100126320E+04
 0.10801931574349E+04
 0.10834307387648E+04
 0.10790362456770E+04
 0.10816192063866E+04
 0.10780509879763E+04
 0.10830078919424E+04
 0.10849188048246E+04
 0.10850536890087E+04
 0.10733810441784E+04
 0.10845378065517E+04
 0.10722992840084E+04
 0.10751128074800E+04
 0.10774260189913E+04
 0.10721861174628E+04
 0.10776877100916E+04
 0.10806689593875E+04
 0.10831603391746E+04
 0.10726096589656E+04
 0.10756122168752E+04
 0.10770015415317E+04
 0.10781560894584E+04
 0.10838168427557E+04
 0.10854668772074E+04
 0.10860766793796E+04
 0.10745839902446E+04
 0.10748371890659E+04
 0.10776389280329E+04
 0.10790411496350E+04
 0.10889813629745E+04
 0.10877437558230E+04
 0.10845669613479E+04
 0.10788190129624E+04
 0.10885490056009E+04
 0.10882432428597E+04
 0.10805387592679E+04
 0.10855852998835E+04
 0.10809955349888E+04
 0.10847459155171E+04
 0.10818175012410E+04
 0.10838215120478E+04
 0.10864607225090E+04
 0.10941307606286E+04
 0.10867745001961E+04
 0.10897902217773E+04
 0.10846288176087E+04
 0.10892481380490E+04
 0.10975342992831E+04
 0.10894968735746E+04
 0.10900069805069E+04
 0.10972458835294E+04
 0.10902874265947E+04
 0.10917781997237E+04
 0.11026436177821E+04
 0.10958001179627E+04
 0.10952992768088E+04
 0.10966470148460E+04
 0.11033923227826E+04
 0.10990697064999E+04
 0.11037710734184E+04
 0.11037620418854E+04
 0.11010635153474E+04
 0.11099041885363E+04
 0.11099852290561E+04
 0.11108748350495E+04
 0.11103479851755E+04
 0.11217344625291E+04
 0.11102306436960E+04
 0.11157172586543E+04
 0.11244517077624E+04
 0.11167587016340E+04
 0.11169578754681E+04
 0.11211361602622E+04
 0.11287338945917E+04
 0.11330018519741E+04
 0.11227336173533E+04
 0.11376569147876E+04
 0.11275977948710E+04
 0.11265076800549E+04
 0.11274743761908E+04
 0.11349642327513E+04
 0.11376646200759E+04
 0.11458722625602E+04
 0.11448815177472E+04
 0.11456754877678E+04
 0.11380902152725E+04
 0.11441542246906E+04
 0.11441917165382E+04
 0.11433209775478E+04
 0.11587781532775E+04
 0.11551310528652E+04
 0.11629427899488E+04
 0.11532382740653E+04
 0.11611481648619E+04
 0.11629536227461E+04
 0.11638188060901E+04
 0.11663301701651E+04
 0.11630435986111E+04
 0.11660099832691E+04
 0.11692865491689E+04
 0.11732931988548E+04
 0.11713282038767E+04
 0.11778722396781E+04
 0.11838009278365E+04
 0.11848629803434E+04
 0.11820674775835E+04
 0.11815131532572E+04
 0.11871451164935E+04
 0.11853704736180E+04
 0.11885203984595E+04
 0.12015453164998E+04
 0.11934718294369E+04
 0.11948091001905E+04
 0.12049962343174E+04
 0.11979391590825E+04
 0.12094673008122E+04
 0.12119146461988E+04
 0.12080397929552E+04
 0.12106003319748E+04
 0.12104406441625E+04
 0.12174809724149E+04
 0.12190239022513E+04
 0.12225991632241E+04
 0.12174953566938E+04
 0.12201177338129E+04
 0.12368187354101E+04
 0.12260451268097E+04
 0.12346226735854E+04
 0.12314195467147E+04
 0.12356666000897E+04
 0.12450557419726E+04
 0.12435619090811E+04
 0.12497549938690E+04
 0.12598925803899E+04
 0.12506062550549E+04
 0.12541211314683E+04
 0.12519996804455E+04
 0.12670050758656E+04
 0.12544436885636E+04
 0.12742539882154E+04
 0.12784695992620E+04
 0.12636432549280E+04
 0.12672527317022E+04
 0.12770129473857E+04
 0.12767516046406E+04
 0.12765988083220E+04
 0.12837950730018E+04
 0.12907277983332E+04
 0.12884295732929E+04
 0.12872697650814E+04
 0.12905440550909E+04
 0.12885940950987E+04
 0.12946297587857E+04
 0.13112557416086E+04
 0.13084638399801E+04
 0.13160643705147E+04
 0.13062401008931E+04
 0.13112413811372E+04
 0.13069003791846E+04
 0.13113982062182E+04
 0.13280706719313E+04
 0.13310302895599E+04
 0.13216221336816E+04
 0.13373881805639E+04
 0.13374239824797E+04
 0.13403681178833E+04
 0.13316580265960E+04
