 0.16432730420240E+00
 0.16432730420236E+00
 0.16432730420183E+00
 0.16432730419992E+00
 0.16432730418737E+00
 0.16432730411556E+00
 0.16432730225340E+00
 0.16432729422877E+00
 0.16432726668142E+00
 0.16432719381062E+00
 0.16432703280241E+00
 0.16432672137791E+00
 0.16432618676619E+00
 0.16432532432720E+00
 0.16432404568995E+00
 0.16432219856475E+00
 0.16431967995519E+00
 0.16431635642874E+00
 0.16431207939234E+00
 0.16430670002506E+00
 0.16429996158633E+00
 0.16429182185312E+00
 0.16428193905986E+00
 0.16427001037589E+00
 0.16425562287661E+00
 0.16423829497014E+00
 0.16421733412601E+00
 0.16419217918358E+00
 0.16416182983706E+00
 0.16412511338701E+00
 0.16408066229643E+00
 0.16402737932385E+00
 0.16396341695611E+00
 0.16388697635880E+00
 0.16379676520925E+00
 0.16369042003984E+00
 0.16356585977283E+00
 0.16342155083393E+00
 0.16325579167374E+00
 0.16306700253908E+00
 0.16285197620281E+00
 0.16261061811457E+00
 0.16234123036175E+00
 0.16204230601945E+00
 0.16171192464996E+00
 0.16135007002729E+00
 0.16095637656482E+00
 0.16052930814038E+00
 0.16006764712777E+00
 0.15957100888415E+00
 0.15903951783553E+00
 0.15847162660952E+00
 0.15786737553384E+00
 0.15722528384876E+00
 0.15654442651736E+00
 0.15582441914771E+00
 0.15506429978003E+00
 0.15426140492864E+00
 0.15341620987113E+00
 0.15252817163971E+00
 0.15158874990387E+00
 0.15060599451451E+00
 0.14957249517801E+00
 0.14848286545506E+00
 0.14734304588898E+00
 0.14613843110485E+00
 0.14487544580408E+00
 0.14355519010336E+00
 0.14215941825976E+00
 0.14069634937428E+00
 0.13914712875065E+00
 0.13751815565826E+00
 0.13580821505755E+00
 0.13398788515908E+00
 0.13207383130462E+00
 0.13003696805291E+00
 0.12787347903078E+00
 0.12556064763201E+00
 0.12310369529095E+00
 0.12044041792248E+00
 0.11756083474031E+00
 0.11440821995571E+00
 0.11090042025811E+00
 0.10687304830995E+00
 0.10172258117592E+00
