 0.11312241377893E+03
 0.11312241377892E+03
 0.11312241377876E+03
 0.11312241378960E+03
 0.11312241419240E+03
 0.11312241800312E+03
 0.11312243433318E+03
 0.11312247901933E+03
 0.11312256863213E+03
 0.11312271436502E+03
 0.11312291746021E+03
 0.11312316756457E+03
 0.11312344638367E+03
 0.11312372109984E+03
 0.11312396184432E+03
 0.11312411527067E+03
 0.11312414338180E+03
 0.11312399768992E+03
 0.11312362558626E+03
 0.11312297653624E+03
 0.11311681535244E+03
 0.11311410638987E+03
 0.11311087426581E+03
 0.11310706146638E+03
 0.11310259353121E+03
 0.11309739454602E+03
 0.11309134363842E+03
 0.11308439463854E+03
 0.11307637953201E+03
 0.11306710257078E+03
 0.11305632820362E+03
 0.11304393617852E+03
 0.11302957238738E+03
 0.11301289829437E+03
 0.11299376938945E+03
 0.11297165633343E+03
 0.11294625896515E+03
 0.11291706362823E+03
 0.11288381546569E+03
 0.11284616720817E+03
 0.11280311777380E+03
 0.11275485059679E+03
 0.11270085072853E+03
 0.11264059759061E+03
 0.11257350173129E+03
 0.11249947358933E+03
 0.11241837716118E+03
 0.11232962675180E+03
 0.11223278178564E+03
 0.11212767148503E+03
 0.11201429066431E+03
 0.11189201686975E+03
 0.11176099085429E+03
 0.11162069176753E+03
 0.11147079539809E+03
 0.11131129224487E+03
 0.11114201016945E+03
 0.11096215340600E+03
 0.11077208233734E+03
 0.11057172511869E+03
 0.11035860906832E+03
 0.11013553269175E+03
 0.10990031400081E+03
 0.10965167466909E+03
 0.10939152042515E+03
 0.10911587825392E+03
 0.10882713410906E+03
 0.10852555377743E+03
 0.10820679719788E+03
 0.10787310764218E+03
 0.10751972935028E+03
 0.10714929387615E+03
 0.10676236082876E+03
 0.10635099704100E+03
 0.10592108324914E+03
 0.10546610934866E+03
 0.10498757712305E+03
 0.10448028942878E+03
 0.10395039553264E+03
 0.10338498971032E+03
 0.10278847368982E+03
 0.10215617491183E+03
 0.10148686974619E+03
 0.10077326265458E+03
 0.10000659963566E+03
 0.99193105765632E+02
 0.98319232578757E+02
 0.97373620772735E+02
 0.96349962309853E+02
 0.95230369496722E+02
 0.94007675329729E+02
 0.92644341777712E+02
 0.91086080754900E+02
 0.89250889487126E+02
 0.86882561043927E+02
