 0.10190117950350E+00
 0.10190117950351E+00
 0.10190117950369E+00
 0.10190117950488E+00
 0.10190117950674E+00
 0.10190117949805E+00
 0.10190117931093E+00
 0.10190117807678E+00
 0.10190117391227E+00
 0.10190116291004E+00
 0.10190113840820E+00
 0.10190109115382E+00
 0.10190100936948E+00
 0.10190087884667E+00
 0.10190068355744E+00
 0.10190040841337E+00
 0.10190003238413E+00
 0.10189954069364E+00
 0.10189892002798E+00
 0.10189814658260E+00
 0.10189720166945E+00
 0.10189607794140E+00
 0.10189476015227E+00
 0.10189323182436E+00
 0.10189147492757E+00
 0.10188948340049E+00
 0.10188723762640E+00
 0.10188471640926E+00
 0.10188192662280E+00
 0.10187884923701E+00
 0.10187545620323E+00
 0.10187174552131E+00
 0.10186770618874E+00
 0.10186330341237E+00
 0.10185854312846E+00
 0.10185337095203E+00
 0.10184785848618E+00
 0.10184186367529E+00
 0.10183544600487E+00
 0.10182861532687E+00
 0.10182130034029E+00
 0.10181351568571E+00
 0.10180533806769E+00
 0.10179654456543E+00
 0.10178730711368E+00
 0.10177749382267E+00
 0.10176717340548E+00
 0.10175632962568E+00
 0.10174495769834E+00
 0.10173296581304E+00
 0.10172050663980E+00
 0.10170748575241E+00
 0.10169392451153E+00
 0.10167990632131E+00
 0.10166501103234E+00
 0.10164981701533E+00
 0.10163412652712E+00
 0.10161801357925E+00
 0.10160117091213E+00
 0.10158369314580E+00
 0.10156595842892E+00
 0.10154767875984E+00
 0.10152893512747E+00
 0.10150962714074E+00
 0.10149002637976E+00
 0.10146995671850E+00
 0.10144903720846E+00
 0.10142858558222E+00
 0.10140649581567E+00
 0.10138536778181E+00
 0.10136272103761E+00
 0.10134043498896E+00
 0.10131678394653E+00
 0.10129381446249E+00
 0.10127045234698E+00
 0.10124652820436E+00
 0.10122243590063E+00
 0.10119800144665E+00
 0.10117297497393E+00
 0.10114889758313E+00
 0.10112301580842E+00
 0.10109738728305E+00
 0.10107253849727E+00
 0.10104651869524E+00
 0.10102026735061E+00
 0.10099338984602E+00
 0.10096732148610E+00
 0.10094085202256E+00
 0.10091318224417E+00
 0.10088641367007E+00
 0.10085968294392E+00
 0.10083114854890E+00
 0.10080441555924E+00
 0.10077669482092E+00
 0.10074844941933E+00
 0.10071947416668E+00
 0.10069133518504E+00
 0.10066255779781E+00
 0.10063369121682E+00
 0.10060439616473E+00
 0.10057462345708E+00
 0.10054507766219E+00
 0.10051544546711E+00
 0.10048448329476E+00
 0.10045367960376E+00
 0.10042290990597E+00
 0.10039174526201E+00
 0.10035957885078E+00
 0.10032606692695E+00
 0.10029389823015E+00
 0.10025968835112E+00
 0.10022478603281E+00
 0.10018974518679E+00
 0.10015307967519E+00
 0.10011522104148E+00
 0.10007965347818E+00
 0.10003756351246E+00
 0.99996829451390E-01
 0.99954591413504E-01
 0.99911563509013E-01
 0.99865396539319E-01
 0.99818328869501E-01
 0.99767252687193E-01
 0.99716950922569E-01
 0.99660402491710E-01
 0.99604178214804E-01
 0.99543755166470E-01
 0.99475181677923E-01
 0.99402989020659E-01
 0.99329138397541E-01
 0.99246516883433E-01
 0.99157988759400E-01
 0.99065573723077E-01
 0.98959318789274E-01
 0.98844238555434E-01
 0.98720281695248E-01
 0.98582493148485E-01
 0.98426709759888E-01
 0.98256408780308E-01
 0.98069108154776E-01
 0.97854961710785E-01
 0.97616750719364E-01
 0.97349303216758E-01
 0.97049634187617E-01
 0.96706487913511E-01
 0.96325062988415E-01
 0.95903534237132E-01
 0.95426253691949E-01
 0.94897367725032E-01
 0.94316084663872E-01
 0.93701423434133E-01
 0.93029818941531E-01
 0.92338596894901E-01
 0.91619795344790E-01
 0.90891625229315E-01
 0.90173777814264E-01
 0.89468802603685E-01
 0.88793452812248E-01
 0.88154939872737E-01
 0.87556464463976E-01
 0.87008808769246E-01
 0.86511302516101E-01
 0.86062084338180E-01
 0.85665324110392E-01
 0.85316977581638E-01
 0.85013757386347E-01
 0.84758979159116E-01
 0.84544173449177E-01
 0.84370541859116E-01
 0.84233940057880E-01
 0.84133548599552E-01
 0.84065633823119E-01
 0.84029919471395E-01
 0.84022868581009E-01
 0.84043271792937E-01
 0.84089432829979E-01
 0.84159745602760E-01
 0.84252888069932E-01
 0.84367027840917E-01
 0.84500919085734E-01
 0.84654131145333E-01
 0.84825893062589E-01
 0.85014252262048E-01
 0.85217910852801E-01
 0.85437084492958E-01
 0.85671354275350E-01
 0.85919308668751E-01
 0.86180331840193E-01
 0.86452292246095E-01
 0.86738188168414E-01
 0.87033912389601E-01
 0.87342149321700E-01
 0.87661376019915E-01
 0.87989635667307E-01
 0.88327318937429E-01
 0.88674767743345E-01
 0.89031558650301E-01
 0.89396167543683E-01
 0.89769939250827E-01
 0.90152599848178E-01
