 0.68078073132365E+03
 0.68078073132365E+03
 0.68078073132365E+03
 0.68078073132365E+03
 0.68078073132365E+03
 0.68078077442978E+03
 0.68078114837779E+03
 0.68077935927660E+03
 0.68077870938202E+03
 0.68078667953001E+03
 0.68065784775778E+03
 0.68085097818366E+03
 0.68089076619930E+03
 0.68082913945398E+03
 0.68076670205368E+03
 0.68067849202368E+03
 0.68099516790277E+03
 0.68086864204391E+03
 0.68086994548749E+03
 0.68078387818848E+03
 0.68079163485065E+03
 0.68096991851052E+03
 0.68079442302244E+03
 0.68080714996353E+03
 0.68082284355498E+03
 0.68089709355485E+03
 0.68089231036932E+03
 0.68080202390754E+03
 0.68075078120573E+03
 0.68111337568108E+03
 0.68095793759036E+03
 0.68104242781641E+03
 0.68087422808138E+03
 0.68140770218081E+03
 0.68064634086255E+03
 0.68140080079549E+03
 0.68094106304581E+03
 0.68126347778127E+03
 0.68163480862558E+03
 0.68104275608016E+03
 0.68183852248637E+03
 0.67935313227874E+03
 0.68089301023772E+03
 0.67944126704044E+03
 0.68121879587492E+03
 0.68143414325885E+03
 0.68122240839449E+03
 0.68074174203696E+03
 0.67480628294079E+03
 0.67376623340486E+03
 0.67555331912570E+03
 0.68151949590856E+03
 0.67941894983979E+03
 0.67205048167251E+03
 0.67434397175423E+03
 0.67435641448326E+03
 0.67422270653705E+03
 0.68108554710449E+03
 0.67232058733489E+03
 0.67281110941643E+03
 0.68050704894530E+03
 0.67794012926938E+03
 0.68030139860636E+03
 0.67615287578327E+03
 0.68186156806868E+03
 0.67457105622202E+03
 0.67779276934263E+03
 0.67328027735071E+03
 0.67281448551017E+03
 0.67847324768069E+03
 0.67520065307297E+03
 0.68053197717184E+03
 0.67560445272830E+03
 0.68046947253593E+03
 0.67234312788582E+03
 0.68107044804081E+03
 0.67978527110500E+03
 0.67322490335488E+03
 0.68012162380440E+03
 0.67801205194474E+03
 0.68097953115322E+03
 0.67524039745523E+03
 0.67389252621589E+03
 0.68149678285186E+03
 0.67821378487962E+03
 0.68074559970923E+03
 0.67636984717818E+03
 0.67906102045316E+03
 0.67893732649975E+03
 0.68286607725995E+03
 0.67670987274766E+03
 0.68703319639563E+03
 0.68102048754370E+03
 0.67742897228912E+03
 0.68167161560076E+03
 0.68824244772926E+03
 0.68767283371538E+03
 0.68152821845924E+03
 0.68353424000676E+03
 0.68394186924316E+03
 0.68725813599849E+03
 0.68343554416727E+03
 0.69055220531260E+03
 0.68727461922676E+03
 0.69040834456508E+03
 0.68817249768625E+03
 0.69149233666650E+03
 0.69611005659252E+03
 0.69607271963795E+03
 0.69506810320199E+03
 0.69456724040651E+03
 0.69266686152823E+03
 0.69846238022770E+03
 0.69771217794919E+03
 0.69715250105990E+03
 0.69643092658251E+03
 0.69920301069600E+03
 0.70585243532236E+03
 0.70272641091591E+03
 0.70352142025637E+03
 0.71002091854128E+03
 0.70874269191823E+03
 0.71068091642899E+03
 0.70750892934791E+03
 0.71019030418297E+03
 0.71175840196228E+03
 0.71068851521006E+03
 0.71305948553074E+03
 0.71678458722034E+03
 0.71393765378522E+03
 0.71904610727396E+03
 0.72232519279166E+03
 0.71789512335512E+03
 0.72742123288790E+03
 0.73005098656949E+03
 0.72465388180130E+03
 0.72793943166511E+03
 0.73044369342710E+03
 0.73219744421333E+03
 0.73053461456648E+03
 0.73971344030517E+03
 0.73351841319898E+03
 0.73371424642603E+03
 0.74717695851591E+03
 0.74457797657492E+03
 0.74386134156853E+03
 0.74806094244624E+03
 0.74597450085795E+03
 0.75008268249373E+03
 0.75262187753066E+03
 0.75620677287827E+03
 0.75300107795922E+03
 0.75677350507905E+03
 0.76047514643916E+03
 0.76008127523535E+03
 0.75975077786346E+03
 0.76345182778032E+03
 0.76398799912562E+03
 0.76935175581600E+03
 0.76488103421882E+03
 0.76865809693726E+03
 0.77062628159970E+03
 0.77591391617593E+03
 0.77248918631246E+03
 0.78348616983378E+03
 0.78749739692202E+03
 0.78897960871376E+03
 0.79118421484793E+03
 0.78911009522563E+03
 0.79081437883424E+03
 0.78979123077976E+03
 0.79367446217453E+03
 0.79134387086674E+03
 0.79685162764847E+03
 0.79594120480619E+03
 0.80245441901925E+03
 0.80680903176272E+03
 0.80539650571337E+03
 0.81142557157339E+03
 0.80921654174618E+03
 0.80952333214177E+03
 0.81307818592263E+03
 0.82413886251001E+03
 0.81831663172227E+03
 0.82257593157441E+03
 0.82694064584324E+03
 0.83350369853221E+03
 0.83269971214792E+03
 0.83727592571559E+03
 0.83104948468030E+03
 0.83715574038980E+03
 0.84727971415062E+03
 0.83809363624036E+03
 0.84646792014909E+03
 0.84420751499817E+03
 0.84995905935402E+03
 0.85607499954111E+03
 0.85003291523280E+03
 0.86123634635348E+03
 0.85602180105139E+03
