 0.83175735907662E+02
 0.83175735907670E+02
 0.83175735907921E+02
 0.83175735963491E+02
 0.83175737895137E+02
 0.83175756057593E+02
 0.83175836474229E+02
 0.83176061515861E+02
 0.83176532197262E+02
 0.83177345150254E+02
 0.83178578681401E+02
 0.83180289341619E+02
 0.83182513304726E+02
 0.83185272535506E+02
 0.83188576383002E+02
 0.83192422996934E+02
 0.83196809931615E+02
 0.83201722276981E+02
 0.83207140702210E+02
 0.83213050486206E+02
 0.83195008262929E+02
 0.83195544422415E+02
 0.83196182251858E+02
 0.83196933089136E+02
 0.83197812298985E+02
 0.83198823832084E+02
 0.83199984381143E+02
 0.83201309127682E+02
 0.83202795138205E+02
 0.83204463327602E+02
 0.83206331366727E+02
 0.83208405780405E+02
 0.83210697682801E+02
 0.83213233072539E+02
 0.83216013939240E+02
 0.83219076490331E+02
 0.83222385382851E+02
 0.83226024504433E+02
 0.83229969379530E+02
 0.83234215269038E+02
 0.83238813065305E+02
 0.83243756487171E+02
 0.83249007310581E+02
 0.83254692715698E+02
 0.83260724912004E+02
 0.83267175081693E+02
 0.83274019196595E+02
 0.83281264118599E+02
 0.83288920962789E+02
 0.83297041545941E+02
 0.83305553007948E+02
 0.83314509734678E+02
 0.83323906824456E+02
 0.83333713501853E+02
 0.83344139781440E+02
 0.83354915737972E+02
 0.83366144229472E+02
 0.83377806213780E+02
 0.83390062356453E+02
 0.83402870102786E+02
 0.83416075974060E+02
 0.83429821326563E+02
 0.83444094671419E+02
 0.83458961458611E+02
 0.83474312107006E+02
 0.83490256153926E+02
 0.83506995807426E+02
 0.83523930971427E+02
 0.83542096070715E+02
 0.83560275771201E+02
 0.83579689326953E+02
 0.83599470574125E+02
 0.83620488973441E+02
 0.83641794009144E+02
 0.83663944031461E+02
 0.83687060067915E+02
 0.83711013976303E+02
 0.83735915173636E+02
 0.83761928163113E+02
 0.83788398301763E+02
 0.83816680288551E+02
 0.83845829885232E+02
 0.83875673277555E+02
 0.83907211239163E+02
 0.83940052032540E+02
 0.83974468282827E+02
 0.84009799448314E+02
 0.84046735914264E+02
 0.84085748915831E+02
 0.84125883633412E+02
 0.84167617725924E+02
 0.84212029631410E+02
 0.84257344225630E+02
 0.84305077761291E+02
 0.84355123358312E+02
 0.84407722734965E+02
 0.84462095575387E+02
 0.84519185486014E+02
 0.84578824872449E+02
 0.84641328339764E+02
 0.84706868109205E+02
 0.84775210695653E+02
 0.84846626890936E+02
 0.84922097305667E+02
 0.85000830932648E+02
 0.85083202126871E+02
 0.85169529166002E+02
 0.85260471397151E+02
 0.85356538599186E+02
 0.85456189431538E+02
 0.85561812340249E+02
 0.85672897918319E+02
 0.85789345819985E+02
 0.85912475851929E+02
 0.86042334930669E+02
 0.86176671766350E+02
 0.86322499637918E+02
 0.86474388205779E+02
 0.86634773169019E+02
 0.86803609874664E+02
 0.86983483392462E+02
 0.87172913620322E+02
 0.87375350165393E+02
 0.87587007587061E+02
 0.87815161542860E+02
 0.88054074323026E+02
 0.88309308369337E+02
 0.88585684370466E+02
 0.88879611004837E+02
 0.89189807989226E+02
 0.89525349066778E+02
 0.89884105294427E+02
 0.90264275114921E+02
 0.90680396229964E+02
 0.91127486332161E+02
 0.91606302028415E+02
 0.92125597619193E+02
 0.92693238955810E+02
 0.93305421125036E+02
 0.93951360259710E+02
 0.94694193355709E+02
 0.95485394631896E+02
 0.96349860613317E+02
 0.97293205000527E+02
 0.98338034950590E+02
 0.99474066304781E+02
 0.10070452067745E+03
 0.10206306003695E+03
 0.10354384865481E+03
 0.10515299787531E+03
 0.10685443462932E+03
 0.10871455181312E+03
 0.11066107826349E+03
 0.11273359165430E+03
 0.11491086517251E+03
 0.11716454525089E+03
 0.11951264603550E+03
 0.12192775394554E+03
 0.12440442532427E+03
 0.12694675320518E+03
 0.12952063610621E+03
 0.13212909184092E+03
 0.13478034451693E+03
 0.13744281188253E+03
 0.14012806483615E+03
 0.14284572354586E+03
 0.14554433172714E+03
 0.14827859128994E+03
 0.15100889867529E+03
 0.15375798920103E+03
 0.15649830567136E+03
 0.15926571363489E+03
 0.16199969041600E+03
 0.16476209557206E+03
 0.16750548062397E+03
 0.17027469253049E+03
 0.17303670127834E+03
 0.17580217251583E+03
 0.17855619116020E+03
 0.18130410690926E+03
 0.18406362698867E+03
 0.18683452973659E+03
 0.18959900518097E+03
 0.19235207260625E+03
 0.19511066145092E+03
 0.19787938711057E+03
 0.20064743490676E+03
 0.20341568939444E+03
 0.20616728264100E+03
 0.20894324133853E+03
 0.21170355354021E+03
 0.21448198322985E+03
 0.21726700817144E+03
 0.22004344181017E+03
 0.22281985635372E+03
 0.22560303894855E+03
 0.22839177425869E+03
 0.23117592981678E+03
 0.23397006182030E+03
 0.23677364148274E+03
