 0.10189891284960E+00
 0.10189891284961E+00
 0.10189891284978E+00
 0.10189891285078E+00
 0.10189891285480E+00
 0.10189891286596E+00
 0.10189891261479E+00
 0.10189891145552E+00
 0.10189890729663E+00
 0.10189889613219E+00
 0.10189887143470E+00
 0.10189882426970E+00
 0.10189874225044E+00
 0.10189861152835E+00
 0.10189841759586E+00
 0.10189814120315E+00
 0.10189776652538E+00
 0.10189727643616E+00
 0.10189665367585E+00
 0.10189588117622E+00
 0.10189493472479E+00
 0.10189381576183E+00
 0.10189249862180E+00
 0.10189097144819E+00
 0.10188921622022E+00
 0.10188722033374E+00
 0.10188496282783E+00
 0.10188245742363E+00
 0.10187967722405E+00
 0.10187660022739E+00
 0.10187319771744E+00
 0.10186949770368E+00
 0.10186545027454E+00
 0.10186102789898E+00
 0.10185628003216E+00
 0.10185113081672E+00
 0.10184559241759E+00
 0.10183960733973E+00
 0.10183322735584E+00
 0.10182645548815E+00
 0.10181910460924E+00
 0.10181132680608E+00
 0.10180309364716E+00
 0.10179435587453E+00
 0.10178502138497E+00
 0.10177518669021E+00
 0.10176491679993E+00
 0.10175411153791E+00
 0.10174270936920E+00
 0.10173073875554E+00
 0.10171830164505E+00
 0.10170526887412E+00
 0.10169174631815E+00
 0.10167766518421E+00
 0.10166298340678E+00
 0.10164779541107E+00
 0.10163212691048E+00
 0.10161581402639E+00
 0.10159907662387E+00
 0.10158202158978E+00
 0.10156393691226E+00
 0.10154591098096E+00
 0.10152738665503E+00
 0.10150807650339E+00
 0.10148879678958E+00
 0.10146849434145E+00
 0.10144811372302E+00
 0.10142798765060E+00
 0.10140692061425E+00
 0.10138596517962E+00
 0.10136402822039E+00
 0.10134208659169E+00
 0.10132069631896E+00
 0.10129792695784E+00
 0.10127583104807E+00
 0.10125304773154E+00
 0.10123034128155E+00
 0.10120707087575E+00
 0.10118487109652E+00
 0.10116152929299E+00
 0.10113859273659E+00
 0.10111571249726E+00
 0.10109308534303E+00
 0.10107043668784E+00
 0.10104683017034E+00
 0.10102428224890E+00
 0.10100199921288E+00
 0.10097908244646E+00
 0.10095643083098E+00
 0.10093350708416E+00
 0.10091203780618E+00
 0.10089079079652E+00
 0.10086865632052E+00
 0.10084631109519E+00
 0.10082576738424E+00
 0.10080573558753E+00
 0.10078410480638E+00
 0.10076413488829E+00
 0.10074382504908E+00
 0.10072406588483E+00
 0.10070364245126E+00
 0.10068456286115E+00
 0.10066579933533E+00
 0.10064631553800E+00
 0.10062639551619E+00
 0.10060747277156E+00
 0.10058950993602E+00
 0.10056944743938E+00
 0.10054998312514E+00
 0.10053155262979E+00
 0.10051330143153E+00
 0.10049354548461E+00
 0.10047379373596E+00
 0.10045290295990E+00
 0.10043035287400E+00
 0.10040848470088E+00
 0.10038525529525E+00
 0.10036042245059E+00
 0.10033318331117E+00
 0.10030419960128E+00
 0.10027316468197E+00
 0.10024005013760E+00
 0.10020084466928E+00
 0.10015726845503E+00
 0.10011019599087E+00
 0.10005784200126E+00
 0.99998819457972E-01
 0.99928562426330E-01
 0.99848817293776E-01
 0.99758710493001E-01
 0.99653918580980E-01
 0.99530310750280E-01
 0.99389385359838E-01
 0.99223027373755E-01
 0.99026379998446E-01
 0.98799839417111E-01
 0.98529559459806E-01
 0.98213808173238E-01
 0.97844580100794E-01
 0.97417447306146E-01
 0.96925693581070E-01
 0.96359621111559E-01
 0.95721179523835E-01
 0.95015092903804E-01
 0.94243694103566E-01
 0.93426732892809E-01
 0.92571541284940E-01
 0.91703393804076E-01
 0.90833546484275E-01
 0.89980099848249E-01
 0.89169356123623E-01
 0.88394119122062E-01
 0.87663108452693E-01
 0.86993772794882E-01
 0.86376469691223E-01
 0.85818361998982E-01
 0.85314304586385E-01
 0.84865303626773E-01
 0.84465118323252E-01
 0.84115757651909E-01
 0.83812564157544E-01
 0.83551643056873E-01
 0.83331717320313E-01
 0.83149885450084E-01
 0.83004758633169E-01
 0.82892640179622E-01
 0.82812126327810E-01
 0.82761188933332E-01
 0.82737972149451E-01
 0.82740926345062E-01
 0.82768371141142E-01
 0.82819013017937E-01
 0.82891577978082E-01
 0.82984188027699E-01
 0.83096743964864E-01
 0.83227974103351E-01
 0.83375546954768E-01
 0.83540683695886E-01
 0.83720906373438E-01
 0.83917720125590E-01
 0.84125794843298E-01
 0.84349724041776E-01
 0.84584927387021E-01
 0.84835787987376E-01
 0.85095385896452E-01
 0.85369456834034E-01
 0.85650963510068E-01
 0.85945063456590E-01
 0.86248589155170E-01
 0.86563267350174E-01
 0.86885588771018E-01
 0.87219357993800E-01
 0.87562049811312E-01
 0.87912276821819E-01
 0.88270454426539E-01
 0.88635328185013E-01
 0.89009285910789E-01
 0.89392109102204E-01
 0.89782285249109E-01
 0.90177132573853E-01
 0.90580993274188E-01
 0.90989650445463E-01
 0.91408788720082E-01
 0.91830455972042E-01
 0.92263003537924E-01
 0.92696180516283E-01
 0.93140057782689E-01
 0.93588737327074E-01
 0.94042523058764E-01
 0.94500898834517E-01
 0.94967732379366E-01
 0.95438865312025E-01
 0.95918359837931E-01
 0.96398312661013E-01
 0.96884148166594E-01
 0.97377326973421E-01
 0.97874397469035E-01
 0.98377950523534E-01
 0.98882650738303E-01
 0.99396232588451E-01
 0.99911572568808E-01
 0.10043433423401E+00
 0.10096379758812E+00
 0.10149407244507E+00
 0.10203144132976E+00
 0.10256955877093E+00
 0.10311290964793E+00
 0.10366059530203E+00
 0.10421616320196E+00
 0.10477255903496E+00
 0.10533006315046E+00
 0.10589800969883E+00
 0.10646881746904E+00
 0.10704168528362E+00
 0.10762243868017E+00
 0.10820091158580E+00
 0.10878822413020E+00
 0.10937521305543E+00
 0.10997286743930E+00
 0.11056889769715E+00
 0.11116741246664E+00
 0.11177475251138E+00
 0.11238149962292E+00
 0.11299370408326E+00
 0.11361155418648E+00
 0.11422747939141E+00
 0.11485289940404E+00
 0.11548031630297E+00
 0.11610970314766E+00
 0.11674530480161E+00
 0.11737854355962E+00
 0.11802359024510E+00
 0.11866508829509E+00
 0.11931189368666E+00
 0.11996469913702E+00
 0.12061696852194E+00
 0.12127651369669E+00
 0.12193748967109E+00
 0.12259853711659E+00
 0.12327018828734E+00
 0.12393859325681E+00
 0.12461433073640E+00
 0.12529217551541E+00
 0.12597135181236E+00
 0.12665269095727E+00
 0.12734152551902E+00
 0.12803209344875E+00
 0.12872590199277E+00
 0.12941909308450E+00
 0.13011931919787E+00
 0.13082183917185E+00
 0.13152534328428E+00
 0.13223771122140E+00
 0.13294917610124E+00
 0.13366228465275E+00
 0.13437907643180E+00
 0.13510010787221E+00
 0.13581888343236E+00
 0.13654744417751E+00
 0.13727954540817E+00
 0.13801092749376E+00
 0.13874645156178E+00
 0.13948355539856E+00
 0.14022257576373E+00
 0.14096528194787E+00
 0.14171345417787E+00
 0.14246003660465E+00
 0.14321380973446E+00
 0.14396310001853E+00
 0.14472096186157E+00
 0.14548533371721E+00
 0.14624105357887E+00
 0.14700959916583E+00
 0.14777684432897E+00
 0.14854764839843E+00
 0.14932470943262E+00
 0.15009782096283E+00
 0.15087631841919E+00
 0.15165951796287E+00
 0.15244449424908E+00
