 0.35172473832405E+01
 0.35172473832405E+01
 0.35172473832405E+01
 0.35172473832405E+01
 0.35172473832405E+01
 0.35172473832405E+01
 0.35172473832405E+01
 0.35172473832405E+01
 0.35172473832405E+01
 0.35172473355199E+01
 0.35172494853538E+01
 0.35172464520117E+01
 0.35172442927179E+01
 0.35172457325827E+01
 0.35172428048518E+01
 0.35172440253569E+01
 0.35172432470528E+01
 0.35172466664678E+01
 0.35172454076261E+01
 0.35172431366911E+01
 0.35172443199566E+01
 0.35172464710992E+01
 0.35172457069793E+01
 0.35172407318903E+01
 0.35172393752262E+01
 0.35172432845318E+01
 0.35172447656780E+01
 0.35172416609498E+01
 0.35172388201837E+01
 0.35172436700012E+01
 0.35172496606472E+01
 0.35172368751205E+01
 0.35172561323578E+01
 0.35172592169721E+01
 0.35172422192333E+01
 0.35172649754919E+01
 0.35172572665704E+01
 0.35172538437272E+01
 0.35172728373658E+01
 0.35172505922773E+01
 0.35172373390662E+01
 0.35172675840641E+01
 0.35172506378197E+01
 0.35172787285052E+01
 0.35172918846565E+01
 0.35172911627732E+01
 0.35172897455453E+01
 0.35172759531878E+01
 0.35172612219375E+01
 0.35172911197154E+01
 0.35172559236036E+01
 0.35172997822938E+01
 0.35172787380884E+01
 0.35172720533770E+01
 0.35172759979970E+01
 0.35173009727923E+01
 0.35172167299315E+01
 0.35172599700557E+01
 0.35172998468930E+01
 0.35172845342666E+01
 0.35173009786913E+01
 0.35172965983347E+01
 0.35172214034589E+01
 0.35172889274162E+01
 0.35171948548895E+01
 0.35172931924856E+01
 0.35172983846720E+01
 0.35171553106429E+01
 0.35173010556522E+01
 0.35171945533688E+01
 0.35172852915840E+01
 0.35172712056706E+01
 0.35172481233959E+01
 0.35172823183654E+01
 0.35171996333873E+01
 0.35172987045022E+01
 0.35172642664171E+01
 0.35172085056529E+01
 0.35171886235741E+01
 0.35171880400926E+01
 0.35172186489897E+01
 0.35172213373556E+01
 0.35172780468365E+01
 0.35172236343951E+01
 0.35172229452888E+01
 0.35172755592746E+01
 0.35172045771141E+01
 0.35171570829619E+01
 0.35171909273635E+01
 0.35172007038473E+01
 0.35172777392943E+01
 0.35172618223678E+01
 0.35171806099923E+01
 0.35172795677149E+01
 0.35171891781559E+01
 0.35172154106176E+01
 0.35171952594718E+01
 0.35171792689411E+01
 0.35172796525793E+01
 0.35172745211053E+01
 0.35171883290413E+01
 0.35172028468372E+01
 0.35172032965309E+01
 0.35171990668587E+01
 0.35172430248253E+01
 0.35172610345110E+01
 0.35172118557945E+01
 0.35171212492300E+01
 0.35171349753127E+01
 0.35171984497166E+01
 0.35172737745683E+01
 0.35172031837679E+01
 0.35172734034488E+01
 0.35171974449173E+01
 0.35172268288846E+01
 0.35172002934946E+01
 0.35172040279220E+01
 0.35172013136645E+01
 0.35171744629855E+01
 0.35172026764018E+01
 0.35172039321799E+01
 0.35172209963523E+01
 0.35172384897378E+01
 0.35172905144399E+01
 0.35173407886121E+01
 0.35172444335439E+01
 0.35173000466363E+01
 0.35173015539655E+01
 0.35174018003697E+01
 0.35174251401468E+01
 0.35173464316410E+01
 0.35173507176383E+01
 0.35174130874465E+01
 0.35174136707397E+01
 0.35174337892530E+01
 0.35175078267362E+01
 0.35176015259130E+01
 0.35174897353159E+01
 0.35176585841251E+01
 0.35175895834529E+01
 0.35176406068077E+01
 0.35176621125388E+01
 0.35178004642353E+01
 0.35177376047327E+01
 0.35177343979480E+01
 0.35179100376714E+01
 0.35178630536897E+01
 0.35178258701483E+01
 0.35178998274248E+01
 0.35178992691659E+01
 0.35178709061978E+01
 0.35179051168698E+01
 0.35178625880013E+01
 0.35179260126986E+01
 0.35178123272695E+01
 0.35178353103135E+01
 0.35177119331632E+01
 0.35177241425313E+01
 0.35175242365478E+01
 0.35175004805614E+01
 0.35173542303191E+01
 0.35172780013963E+01
 0.35171991803577E+01
 0.35170918462409E+01
 0.35168006822330E+01
 0.35167039133591E+01
 0.35165044437747E+01
 0.35163861114948E+01
 0.35161635551303E+01
 0.35158398782067E+01
 0.35156155412465E+01
 0.35152470468197E+01
 0.35150760177046E+01
 0.35148121355910E+01
 0.35143878804016E+01
 0.35141319519105E+01
 0.35137215249696E+01
 0.35133759018946E+01
 0.35130167775228E+01
 0.35125606871312E+01
 0.35120176402753E+01
 0.35115615914945E+01
 0.35111887841719E+01
 0.35105176280605E+01
 0.35099340173782E+01
 0.35094149351618E+01
 0.35088354686145E+01
 0.35083529065817E+01
 0.35076104645363E+01
 0.35070689477133E+01
 0.35063921050041E+01
 0.35055751201083E+01
 0.35047991703741E+01
 0.35039809637065E+01
 0.35032495042645E+01
 0.35025880301016E+01
 0.35016156356335E+01
 0.35007726980574E+01
 0.34998510721644E+01
 0.34989732154356E+01
 0.34979346218252E+01
 0.34970798611737E+01
 0.34960851932835E+01
 0.34951829464637E+01
 0.34939774623143E+01
 0.34929227995218E+01
 0.34918710221884E+01
 0.34908047300691E+01
 0.34895265027740E+01
 0.34885304599478E+01
 0.34871923967069E+01
 0.34860224657728E+01
 0.34848711981656E+01
 0.34835006556016E+01
 0.34821885668940E+01
 0.34809259463031E+01
 0.34794683054926E+01
 0.34782270589865E+01
 0.34768034355376E+01
 0.34753699275883E+01
 0.34740713302882E+01
 0.34723862441686E+01
 0.34709801684841E+01
 0.34694020085088E+01
 0.34678841015806E+01
 0.34663413741329E+01
 0.34647927881801E+01
 0.34632291197490E+01
 0.34615481148660E+01
 0.34598819234297E+01
 0.34582582081528E+01
 0.34565165883310E+01
 0.34547548030874E+01
 0.34531230627031E+01
 0.34514710714692E+01
 0.34495694824554E+01
 0.34478760381145E+01
 0.34460591925873E+01
 0.34441803966595E+01
 0.34422027469255E+01
 0.34405503683902E+01
 0.34384818102272E+01
 0.34366068528304E+01
 0.34346702523545E+01
 0.34326961591859E+01
 0.34307067925356E+01
 0.34287605905442E+01
 0.34267107644573E+01
 0.34247570105583E+01
 0.34227238732714E+01
 0.34206645478924E+01
 0.34186866067973E+01
 0.34163725743308E+01
 0.34145104433845E+01
 0.34122169257369E+01
 0.34101998362827E+01
 0.34079885862325E+01
 0.34058015043421E+01
 0.34035969697630E+01
 0.34013110099213E+01
 0.33992575691712E+01
 0.33969375259422E+01
 0.33947205565569E+01
 0.33926067184606E+01
 0.33902873458844E+01
 0.33879556448094E+01
 0.33856682972908E+01
 0.33833095829176E+01
 0.33811135979532E+01
 0.33788748602241E+01
 0.33763706263550E+01
 0.33739310133163E+01
 0.33716269338109E+01
 0.33692380078596E+01
 0.33670407746795E+01
 0.33644777410585E+01
 0.33620710073026E+01
 0.33597363224340E+01
 0.33572226470355E+01
 0.33547505981673E+01
 0.33524281622685E+01
 0.33498599846494E+01
 0.33473626965321E+01
 0.33449365671385E+01
 0.33424567199156E+01
 0.33399228380436E+01
 0.33374309847903E+01
 0.33348680303118E+01
 0.33325721091093E+01
 0.33299013775347E+01
 0.33274983172751E+01
 0.33247995829251E+01
 0.33221685114185E+01
 0.33198410168221E+01
 0.33171871315800E+01
 0.33146999809806E+01
 0.33119719136887E+01
 0.33095527224039E+01
 0.33067921735790E+01
 0.33041751002300E+01
