 0.61503569054433E+01
 0.61503569442521E+01
 0.61503571242289E+01
 0.61503576334659E+01
 0.61503587495692E+01
 0.61503608442607E+01
 0.61503643810685E+01
 0.61503698960624E+01
 0.61503779716234E+01
 0.61503891932745E+01
 0.61504041437630E+01
 0.61504233830614E+01
 0.61504477073513E+01
 0.61504776390434E+01
 0.61505143218613E+01
 0.61505580922998E+01
 0.61506105726134E+01
 0.61506729811240E+01
 0.61507467199188E+01
 0.61508335463024E+01
 0.61509339074703E+01
 0.61510520820375E+01
 0.61511884997469E+01
 0.61513448529471E+01
 0.61515225336775E+01
 0.61517230431431E+01
 0.61519461360292E+01
 0.61521949620946E+01
 0.61524684907838E+01
 0.61527645708013E+01
 0.61530804031488E+01
 0.61534180617642E+01
 0.61537710283472E+01
 0.61541339756079E+01
 0.61545097540534E+01
 0.61548869869121E+01
 0.61552624750695E+01
 0.61556258736540E+01
 0.61559768380163E+01
 0.61563104516640E+01
 0.61566010919982E+01
 0.61568586204078E+01
 0.61570729912886E+01
 0.61572312845136E+01
 0.61573176655006E+01
 0.61573344899909E+01
 0.61572806327413E+01
 0.61571382238863E+01
 0.61568935908266E+01
 0.61565416353367E+01
 0.61560850321650E+01
 0.61555028790293E+01
 0.61547973954558E+01
 0.61539562490279E+01
 0.61529653915675E+01
 0.61518278616352E+01
 0.61505380743293E+01
 0.61490737333317E+01
 0.61474486438551E+01
 0.61456652703275E+01
 0.61436485031493E+01
 0.61414965003487E+01
 0.61391496624470E+01
 0.61365723233726E+01
 0.61338365851275E+01
 0.61308358950453E+01
 0.61276549524849E+01
 0.61243186904726E+01
 0.61207060353385E+01
 0.61169142498163E+01
 0.61128310388590E+01
 0.61085455479339E+01
 0.61041061038280E+01
 0.60993209709029E+01
 0.60943821762368E+01
 0.60891555612522E+01
 0.60837098443034E+01
 0.60779759014008E+01
 0.60721102958265E+01
 0.60658941426801E+01
 0.60594731768788E+01
 0.60528072040479E+01
 0.60459147329053E+01
 0.60387667729912E+01
 0.60312618825152E+01
 0.60235991213031E+01
 0.60156975502332E+01
 0.60074620042160E+01
 0.59989811727773E+01
 0.59902003113551E+01
 0.59812859057095E+01
 0.59721149236004E+01
 0.59625701285377E+01
 0.59527218646328E+01
 0.59427674355933E+01
 0.59325764510093E+01
 0.59219372280791E+01
 0.59111736337179E+01
 0.59000808906391E+01
 0.58887566071192E+01
 0.58770624590512E+01
 0.58652147635549E+01
 0.58531035505899E+01
 0.58406201268636E+01
 0.58277937544946E+01
 0.58147742292591E+01
 0.58015675496343E+01
 0.57878346796347E+01
 0.57738750604001E+01
 0.57597278482968E+01
 0.57453152826505E+01
 0.57304463140103E+01
 0.57153006994728E+01
 0.56997475995924E+01
 0.56837424289111E+01
 0.56675396213698E+01
 0.56509294996103E+01
 0.56338913688086E+01
 0.56163465278530E+01
 0.55983859167590E+01
 0.55799930054610E+01
 0.55611768998110E+01
 0.55415148911025E+01
 0.55212344131646E+01
 0.55004661696107E+01
 0.54790515365506E+01
 0.54568911518366E+01
 0.54335339997832E+01
 0.54092572326929E+01
 0.53840586783509E+01
 0.53575691429637E+01
 0.53294718155054E+01
 0.53000962665601E+01
 0.52687559786399E+01
 0.52351784713094E+01
 0.51996770579698E+01
 0.51611310942727E+01
 0.51197222111916E+01
 0.50750433416750E+01
 0.50270410028815E+01
 0.49754402163866E+01
 0.49196849694199E+01
 0.48601745644645E+01
 0.47973929458951E+01
 0.47314601806326E+01
 0.46637211241789E+01
 0.45944032906261E+01
 0.45249939394089E+01
 0.44558690777106E+01
 0.43879118334338E+01
 0.43226891105683E+01
 0.42592934681348E+01
 0.41980872139810E+01
 0.41402742238656E+01
 0.40849349032377E+01
 0.40326261680279E+01
 0.39828925963281E+01
 0.39358843751480E+01
 0.38910673402998E+01
 0.38487778528010E+01
 0.38086752505514E+01
 0.37704640022011E+01
 0.37341719258437E+01
 0.36996156427694E+01
 0.36668623122794E+01
 0.36355260669580E+01
 0.36056537378986E+01
 0.35771115791243E+01
 0.35497985850682E+01
 0.35236666161815E+01
 0.34987519315817E+01
 0.34746809847245E+01
 0.34515989628027E+01
 0.34295827143922E+01
 0.34082625128136E+01
 0.33877060471247E+01
 0.33680801257994E+01
 0.33490051178865E+01
 0.33306770137901E+01
 0.33128161001795E+01
 0.32958311897848E+01
 0.32792068666094E+01
 0.32632401229637E+01
 0.32475552741530E+01
 0.32325598043443E+01
 0.32178399318339E+01
 0.32037453980994E+01
 0.31899491691329E+01
 0.31765789733664E+01
 0.31635195638761E+01
 0.31508901570661E+01
 0.31385064157101E+01
 0.31264472722186E+01
 0.31147345047329E+01
 0.31033280297376E+01
 0.30922447669946E+01
 0.30813882681830E+01
 0.30707535482403E+01
 0.30603709173809E+01
 0.30502923864222E+01
 0.30403884497061E+01
 0.30307535439596E+01
 0.30212397407824E+01
 0.30120191925620E+01
 0.30028956807864E+01
 0.29940777433703E+01
 0.29853466506679E+01
 0.29768140379070E+01
 0.29684636230102E+01
 0.29602959306437E+01
 0.29522354366234E+01
 0.29443482002847E+01
 0.29365603501078E+01
 0.29289932574790E+01
 0.29215509065959E+01
 0.29142092171956E+01
 0.29070133706805E+01
 0.28999217593302E+01
 0.28930015346593E+01
 0.28861443429161E+01
 0.28794399549981E+01
 0.28728113860199E+01
 0.28662659992035E+01
 0.28598705308378E+01
 0.28535464506756E+01
 0.28473628603696E+01
 0.28412645881020E+01
 0.28352587736947E+01
 0.28293063320803E+01
 0.28234774308728E+01
 0.28177636270002E+01
 0.28120715449212E+01
 0.28064734774038E+01
 0.28009730777039E+01
 0.27955151128963E+01
 0.27901881287148E+01
 0.27848916811075E+01
 0.27797021997231E+01
 0.27745263791016E+01
 0.27694637018407E+01
 0.27644774682514E+01
 0.27595164146000E+01
 0.27546522443637E+01
 0.27498364942294E+01
 0.27450669596411E+01
 0.27403964331832E+01
 0.27357422567407E+01
 0.27311557954544E+01
 0.27266356009266E+01
 0.27221515007838E+01
 0.27177586744553E+01
 0.27133644695588E+01
 0.27090649743851E+01
 0.27048029463504E+01
 0.27005745114868E+01
 0.26964166637435E+01
 0.26922826170606E+01
 0.26882054591046E+01
 0.26841913138919E+01
 0.26801804012642E+01
 0.26762485582459E+01
 0.26723366239863E+01
 0.26684725116655E+01
 0.26646588033527E+01
 0.26608897865361E+01
 0.26571383570285E+01
 0.26534323805680E+01
 0.26497638297512E+01
 0.26461499061509E+01
 0.26425537793181E+01
 0.26389970262305E+01
 0.26354847543530E+01
 0.26319811205689E+01
 0.26285287309459E+01
 0.26251156124318E+01
 0.26217320422544E+01
 0.26183752812287E+01
 0.26150716813036E+01
 0.26117709837206E+01
 0.26084987455251E+01
 0.26052710815304E+01
 0.26020682258387E+01
 0.25988993576161E+01
 0.25957625266188E+01
 0.25926507682791E+01
 0.25895569494797E+01
 0.25865065325444E+01
 0.25834672923997E+01
 0.25804798741813E+01
 0.25774981826609E+01
 0.25745293608193E+01
 0.25716243917724E+01
 0.25687102758402E+01
 0.25658341368862E+01
 0.25629792734442E+01
 0.25601368443805E+01
 0.25573387602946E+01
 0.25545552277463E+01
 0.25517881805619E+01
 0.25490462830030E+01
