 0.10813086768930E+04
 0.10813086768930E+04
 0.10813086768930E+04
 0.10813086768930E+04
 0.10813086768930E+04
 0.10813086768930E+04
 0.10813086768930E+04
 0.10813086768930E+04
 0.10813086768930E+04
 0.10813001936183E+04
 0.10814168631599E+04
 0.10812570832628E+04
 0.10811551961542E+04
 0.10812320685437E+04
 0.10810722137684E+04
 0.10811364702020E+04
 0.10811003400226E+04
 0.10812669424037E+04
 0.10812031220861E+04
 0.10810840125707E+04
 0.10811366249169E+04
 0.10812648701833E+04
 0.10812242502846E+04
 0.10809762595047E+04
 0.10809137327792E+04
 0.10811161062353E+04
 0.10811856459128E+04
 0.10810086898520E+04
 0.10808888165124E+04
 0.10811227935650E+04
 0.10814213407719E+04
 0.10807896321474E+04
 0.10817584532360E+04
 0.10819550827882E+04
 0.10810722467966E+04
 0.10822979217414E+04
 0.10818285359441E+04
 0.10816525774892E+04
 0.10763008859472E+04
 0.10814389329995E+04
 0.10808304674215E+04
 0.10824499971207E+04
 0.10814605190822E+04
 0.10766945900814E+04
 0.10779942611350E+04
 0.10779305019327E+04
 0.10777385583947E+04
 0.10764997832539E+04
 0.10820362798412E+04
 0.10778727332372E+04
 0.10817391266424E+04
 0.10792719165704E+04
 0.10766994718130E+04
 0.10762032748211E+04
 0.10764664375972E+04
 0.10794675183879E+04
 0.10794715969929E+04
 0.10819497283970E+04
 0.10814230396915E+04
 0.10770668676721E+04
 0.10798483550252E+04
 0.10785235436237E+04
 0.10800690270084E+04
 0.10776167192865E+04
 0.10767268151931E+04
 0.10782802188118E+04
 0.10793628856361E+04
 0.10867837045506E+04
 0.10809429156062E+04
 0.10888668908171E+04
 0.10832625083016E+04
 0.10843072467634E+04
 0.10812704991097E+04
 0.10834729513019E+04
 0.10771711828545E+04
 0.10813205624427E+04
 0.10823221012153E+04
 0.10787110642332E+04
 0.10850654508208E+04
 0.10849429284471E+04
 0.10823378364556E+04
 0.10802652301095E+04
 0.10837624221827E+04
 0.10868795514116E+04
 0.10799704576281E+04
 0.10836717436553E+04
 0.10837029093022E+04
 0.10863674580105E+04
 0.10843419599276E+04
 0.10831147144816E+04
 0.10828095910146E+04
 0.10763091128056E+04
 0.10846999221086E+04
 0.10796150968515E+04
 0.10781063868593E+04
 0.10866773836817E+04
 0.10798882163625E+04
 0.10844611787750E+04
 0.10798076983823E+04
 0.10786453845770E+04
 0.10791893444982E+04
 0.10812647657161E+04
 0.10789510867938E+04
 0.10786700865472E+04
 0.10843536870572E+04
 0.10779087359200E+04
 0.10863292616801E+04
 0.10869333433561E+04
 0.10883171481711E+04
 0.10800782393466E+04
 0.10789278157202E+04
 0.10790007978232E+04
 0.10826294693369E+04
 0.10873355890047E+04
 0.10857724493912E+04
 0.10796167763250E+04
 0.10873800308569E+04
 0.10899689115691E+04
 0.10887906258371E+04
 0.10895585589430E+04
 0.10881650551614E+04
 0.10771100754706E+04
 0.10774527508457E+04
 0.10851198082712E+04
 0.10813109784399E+04
 0.10884802762991E+04
 0.10785041953408E+04
 0.10833578601531E+04
 0.10802374184200E+04
 0.10800002727047E+04
 0.10777377628433E+04
 0.10767942700290E+04
 0.10787207886352E+04
 0.10895281290684E+04
 0.10851336165833E+04
 0.10808769154746E+04
 0.10796829717104E+04
 0.10870600780027E+04
 0.10793151725778E+04
 0.10897325897301E+04
 0.10781977305457E+04
 0.10772280903354E+04
 0.10784028856152E+04
 0.10775912476301E+04
 0.10878692325418E+04
 0.10794454226319E+04
 0.10803991222478E+04
 0.10768068190358E+04
 0.10827838909868E+04
 0.10823862979396E+04
 0.10788403315914E+04
 0.10834076152857E+04
 0.10830890930959E+04
 0.10819125040520E+04
 0.10852611477184E+04
 0.10872993833785E+04
 0.10838780952408E+04
 0.10877865373044E+04
 0.10909396992898E+04
 0.10923851870764E+04
 0.10914862344077E+04
 0.10883063190380E+04
 0.10924041861485E+04
 0.10895756877243E+04
 0.10845302096479E+04
 0.10963221460353E+04
 0.10927716787641E+04
 0.10940746708100E+04
 0.10952049131862E+04
 0.10848427296378E+04
 0.10925599761064E+04
 0.10886679385004E+04
 0.10902330596246E+04
 0.11009446230287E+04
 0.10934514954580E+04
 0.11027594048868E+04
 0.11006752391058E+04
 0.10962028566203E+04
 0.11035133107328E+04
 0.11058891516353E+04
 0.10998735762691E+04
 0.10971935423561E+04
 0.11054011416492E+04
 0.10988524441425E+04
 0.11024524102580E+04
 0.11003883747233E+04
 0.11072206139675E+04
 0.11016685505885E+04
 0.11054469072637E+04
 0.11157815866236E+04
 0.11178926798086E+04
 0.11054411438096E+04
 0.11144279092083E+04
 0.11076579156812E+04
 0.11195432002303E+04
 0.11106755716369E+04
 0.11166736221261E+04
 0.11121664691746E+04
 0.11241014260650E+04
 0.11238593078755E+04
 0.11196592949320E+04
 0.11285526031392E+04
 0.11248691776327E+04
 0.11269803445464E+04
 0.11293853297409E+04
 0.11307865527967E+04
 0.11253015860489E+04
 0.11372935819454E+04
 0.11331668134419E+04
 0.11313913503387E+04
 0.11359744907374E+04
 0.11351371603360E+04
 0.11385844151119E+04
 0.11499572635353E+04
 0.11426916463754E+04
 0.11408592356619E+04
 0.11487475518032E+04
 0.11427999080238E+04
 0.11482578487370E+04
 0.11478867189778E+04
 0.11574643156414E+04
 0.11612947089250E+04
 0.11544415354321E+04
 0.11668298851496E+04
 0.11619718480090E+04
 0.11569825787184E+04
 0.11657208096320E+04
 0.11662801024348E+04
 0.11669147841735E+04
 0.11814656884079E+04
 0.11750444438529E+04
 0.11757972522842E+04
 0.11835646717390E+04
 0.11806241818374E+04
 0.11864057535641E+04
 0.11874408475661E+04
 0.11889012032127E+04
 0.11905848007168E+04
 0.11919392036187E+04
 0.11874005368212E+04
 0.12014189503421E+04
 0.12022160993502E+04
 0.12026108806713E+04
 0.12018566934876E+04
 0.12023702409861E+04
 0.12024153920414E+04
 0.12063555165483E+04
 0.12179267094338E+04
 0.12161972073496E+04
 0.12089739486748E+04
 0.12224536507867E+04
 0.12181685497219E+04
 0.12169378007655E+04
 0.12316375522260E+04
 0.12355644515116E+04
 0.12340051005964E+04
 0.12369243925172E+04
 0.12339147311314E+04
 0.12345144272081E+04
 0.12354525391325E+04
 0.12365510512408E+04
 0.12427411609676E+04
 0.12556762060356E+04
 0.12417886359756E+04
 0.12564908429107E+04
 0.12570653249813E+04
 0.12605860831064E+04
 0.12527551889967E+04
 0.12562924837462E+04
 0.12607490766492E+04
 0.12684324909190E+04
 0.12650408544249E+04
 0.12741939279454E+04
 0.12748891424496E+04
 0.12749435363793E+04
 0.12814921381944E+04
 0.12873486184337E+04
 0.12752939621731E+04
 0.12798872609326E+04
 0.12912988547528E+04
 0.12845663923261E+04
 0.12880764023379E+04
 0.12990511411477E+04
 0.13049877106053E+04
 0.13115167709484E+04
 0.12994693386212E+04
 0.13018165761166E+04
 0.13122313831365E+04
 0.13101424045530E+04
 0.13149111801906E+04
 0.13173193949370E+04
 0.13254782192244E+04
 0.13218268377003E+04
 0.13232270686242E+04
 0.13215539067854E+04
 0.13296944128353E+04
 0.13404545508682E+04
 0.13292883953928E+04
 0.13464037816877E+04
 0.13383973316487E+04
