 0.10000000133514E-09
 0.10000000133514E-09
 0.10000000133514E-09
 0.10000000133514E-09
 0.10000000133514E-09
 0.10000000133514E-09
 0.10000000133514E-09
 0.10000000133514E-09
 0.10000000133514E-09
 0.10000000133514E-09
 0.10000000133514E-09
 0.10000000133514E-09
 0.10000000133514E-09
 0.10000000133514E-09
 0.10000000133514E-09
 0.10000000133514E-09
 0.10000000133514E-09
 0.10000000133514E-09
 0.10000000133514E-09
 0.10000000133514E-09
 0.10000000133514E-09
 0.10000000133514E-09
 0.10000000133514E-09
 0.23247900351510E-08
 0.23247900351510E-08
 0.17642540590821E-07
 0.37249048116619E-07
 0.68203165959050E-07
 0.11994318602091E-06
 0.20341755810226E-06
 0.33385835882289E-06
 0.53185911245530E-06
 0.82471776614823E-06
 0.12476371928001E-05
 0.18452171565898E-05
 0.26731205863643E-05
 0.37993317951165E-05
 0.53060751579891E-05
 0.72911055338151E-05
 0.98691410693744E-05
 0.13174510642062E-04
 0.17360907792452E-04
 0.22603293053800E-04
 0.29100381344405E-04
 0.37075348476970E-04
 0.46775537678034E-04
 0.58473229155374E-04
 0.72471153632840E-04
 0.89099414441263E-04
 0.10871373269491E-03
 0.13170207272699E-03
 0.15848116173488E-03
 0.18949590464872E-03
 0.22523000366856E-03
 0.26619391818640E-03
 0.31293227527854E-03
 0.36600589802265E-03
 0.42603620256196E-03
 0.49367363696498E-03
 0.56950643692018E-03
 0.65440504662287E-03
 0.74894123924547E-03
 0.85393011803380E-03
 0.97031494505396E-03
 0.11008441906140E-02
 0.12425790998976E-02
 0.13982198748649E-02
 0.15684484922180E-02
 0.17549240129390E-02
 0.19581228956529E-02
 0.21795262498126E-02
 0.24199623558367E-02
 0.26804241533499E-02
 0.29626545438514E-02
 0.32674229239624E-02
 0.35961478365448E-02
 0.39504469370229E-02
 0.43318374847857E-02
 0.47398067259321E-02
 0.51787619143714E-02
 0.56488990552026E-02
 0.61520348894521E-02
 0.66886582490856E-02
 0.72617870046062E-02
 0.78745763192875E-02
 0.85258736043814E-02
 0.92194686870548E-02
 0.99573805335822E-02
 0.10741780359361E-01
 0.11575012833579E-01
 0.12456221947928E-01
 0.13391746038610E-01
 0.14384145741402E-01
 0.15434762286243E-01
 0.16545022690143E-01
 0.17716320729095E-01
 0.18960735653480E-01
 0.20269885543874E-01
 0.21652803893830E-01
 0.23112649317835E-01
 0.24655301825823E-01
 0.26277595457161E-01
 0.27986679397207E-01
 0.29790227049341E-01
 0.31690255983079E-01
 0.33690641185370E-01
 0.35788699249616E-01
 0.38008616811513E-01
 0.40337685636540E-01
 0.42779996814859E-01
 0.45347188707352E-01
 0.48050518725110E-01
 0.50888831396355E-01
 0.53872006944574E-01
 0.57010267590579E-01
 0.60299983680794E-01
 0.63748005078584E-01
 0.67370183784740E-01
 0.71180371623704E-01
 0.75165411494990E-01
 0.79345904745577E-01
 0.83727734116283E-01
 0.88329135806743E-01
 0.93155717322717E-01
 0.98202721551628E-01
 0.10347952538365E+00
 0.10899818685348E+00
 0.11479707129169E+00
 0.12085663578944E+00
 0.12717024784039E+00
 0.13376386058797E+00
 0.14065860036639E+00
 0.14781183868594E+00
 0.15527179760493E+00
 0.16302756525929E+00
 0.17104780252529E+00
 0.17934950097424E+00
 0.18789160999989E+00
 0.19666067516979E+00
 0.20558811814751E+00
 0.21463474718162E+00
 0.22377283718782E+00
 0.23291257655371E+00
 0.24197840952519E+00
 0.25092569756321E+00
 0.25967591340830E+00
 0.26822022930363E+00
 0.27651316619936E+00
 0.28456845836037E+00
 0.29238500375371E+00
 0.29995265299091E+00
 0.30732550947672E+00
 0.31451840008696E+00
 0.32153052084619E+00
 0.32839876975455E+00
 0.33512887572518E+00
 0.34174006442772E+00
 0.34824201641478E+00
 0.35464693958376E+00
 0.36095767329456E+00
 0.36718199789026E+00
 0.37332668979081E+00
 0.37939307789013E+00
 0.38538427447437E+00
 0.39130046887322E+00
 0.39714558154366E+00
 0.40291997391782E+00
 0.40862343377656E+00
 0.41425744715330E+00
 0.41982327014831E+00
 0.42531859794534E+00
 0.43074636052129E+00
 0.43610543811049E+00
 0.44139459065122E+00
 0.44661697248364E+00
 0.45177334252298E+00
 0.45686010204895E+00
 0.46188192292187E+00
 0.46683644790735E+00
 0.47172562965861E+00
 0.47654807594949E+00
 0.48130660657949E+00
 0.48600070175750E+00
 0.49063254918510E+00
 0.49520033068948E+00
 0.49970681343557E+00
 0.50415126496545E+00
 0.50853563798940E+00
 0.51286022258938E+00
 0.51712621207514E+00
 0.52133393432587E+00
 0.52548497756542E+00
 0.52957954191780E+00
 0.53361863630102E+00
 0.53760320741601E+00
 0.54153385604461E+00
 0.54541193513327E+00
 0.54923834080765E+00
 0.55301377416683E+00
 0.55673853930256E+00
 0.56041430987594E+00
 0.56404168064479E+00
 0.56762142555776E+00
 0.57115457525522E+00
 0.57464169898708E+00
 0.57808349515185E+00
 0.58148121524288E+00
 0.58483560880204E+00
 0.58814700592492E+00
 0.59141633623389E+00
 0.59464485461875E+00
 0.59783276449771E+00
 0.60098096768351E+00
 0.60408998963360E+00
 0.60716080486171E+00
 0.61019387636818E+00
 0.61319015685264E+00
 0.61615004352402E+00
 0.61907429884304E+00
 0.62196359276242E+00
 0.62481854292487E+00
 0.62763997703292E+00
 0.63042800153698E+00
 0.63318355398714E+00
 0.63590695747164E+00
 0.63859895294287E+00
 0.64125996041678E+00
 0.64389099852945E+00
 0.64649187646033E+00
 0.64906356467959E+00
 0.65160633234530E+00
 0.65412113077366E+00
 0.65660781605819E+00
 0.65906740358890E+00
 0.66150021201009E+00
 0.66390611940569E+00
 0.66628653213229E+00
 0.66864108113890E+00
 0.67097072783745E+00
 0.67327555247578E+00
 0.67555600899260E+00
 0.67781279581716E+00
 0.68004597526745E+00
 0.68225596871405E+00
 0.68444330677951E+00
 0.68660830428673E+00
 0.68875125511962E+00
 0.69087291230089E+00
 0.69297293459581E+00
 0.69505198939866E+00
 0.69711030760549E+00
 0.69914847993276E+00
 0.70116614461778E+00
 0.70316470331800E+00
 0.70514380557681E+00
 0.70710362852456E+00
 0.70904473954928E+00
 0.71096720433703E+00
 0.71287131188582E+00
 0.71475772169753E+00
 0.71662636335492E+00
 0.71847777718413E+00
 0.72031175390666E+00
 0.72212896628024E+00
 0.72392943241140E+00
 0.72571352481470E+00
 0.72748131801578E+00
 0.72923321779897E+00
 0.73096933077590E+00
 0.73268998615062E+00
 0.73439539799284E+00
 0.73608569260626E+00
 0.73776117382457E+00
 0.73942195789365E+00
 0.74106839745929E+00
 0.74270049458070E+00
 0.74431849040335E+00
 0.74592278534318E+00
 0.74751339475462E+00
 0.74909057650424E+00
 0.75065428116811E+00
 0.75220491021595E+00
 0.75374271294051E+00
 0.75526766809440E+00
 0.75678002264718E+00
 0.75827998344184E+00
 0.75976763366259E+00
 0.76124324604753E+00
 0.76270682219179E+00
 0.76415858969281E+00
 0.76559881926343E+00
 0.76702733334323E+00
 0.76844459775734E+00
 0.76985086649165E+00
 0.77124590390446E+00
 0.77263006490670E+00
 0.77400312924110E+00
 0.77536581788957E+00
 0.77671801343418E+00
 0.77805970448955E+00
