-0.17903212024974E+04
-0.14333289001388E+04
-0.13510265235383E+04
-0.10952635089693E+04
-0.99149115790483E+03
-0.94692195277233E+03
-0.93849153337574E+03
-0.94016837377313E+03
-0.92245887733792E+03
-0.91860543457566E+03
-0.91811023654826E+03
-0.91623032729706E+03
-0.90694962573043E+03
-0.90343142815602E+03
-0.89891694102207E+03
-0.89308064190665E+03
-0.88671057431262E+03
-0.88156972942656E+03
-0.86946405541957E+03
-0.87759949729816E+03
-0.86615769809677E+03
-0.85747619406279E+03
-0.84891835074527E+03
-0.85026737980451E+03
-0.84045687279825E+03
-0.83270490720980E+03
-0.82794968450724E+03
-0.82579695365606E+03
-0.81929694074738E+03
-0.81100987137115E+03
-0.80952626335342E+03
-0.80398278942194E+03
-0.80378534599859E+03
-0.79134050794557E+03
-0.78995730961152E+03
-0.79099365182841E+03
-0.78142446906181E+03
-0.77033884274024E+03
-0.76645344335344E+03
-0.76467182822010E+03
-0.76241552510367E+03
-0.75235133514372E+03
-0.74863354520323E+03
-0.74983313432856E+03
-0.74422831651302E+03
-0.73731199641517E+03
-0.73224315915271E+03
-0.72693304112344E+03
-0.72587759834660E+03
-0.70770432447716E+03
-0.71313176112574E+03
-0.70483337310511E+03
-0.69789761553654E+03
-0.69371366144401E+03
-0.69171490821706E+03
-0.68573621801101E+03
-0.67806979572498E+03
-0.67144659494869E+03
-0.67501192866120E+03
-0.66375666576222E+03
-0.66242462283298E+03
-0.65803770047736E+03
-0.65393928855012E+03
-0.64836456495175E+03
-0.64758161532828E+03
-0.64584862886933E+03
-0.63552565712846E+03
-0.62908470253908E+03
-0.62840296648076E+03
-0.62941704317020E+03
-0.62477991254175E+03
-0.61650561433692E+03
-0.61037198657560E+03
-0.61117156423105E+03
-0.60354036679258E+03
-0.60221501452884E+03
-0.59379823176129E+03
-0.59703417124010E+03
-0.58965363587919E+03
-0.58393738477655E+03
-0.58048099762921E+03
-0.57663386271108E+03
-0.57460189086438E+03
-0.57089939278846E+03
-0.56572137508573E+03
-0.56423967796165E+03
-0.56434202230314E+03
-0.55619173802352E+03
-0.55149476501209E+03
-0.54578777619339E+03
-0.54663473395664E+03
-0.54142741366457E+03
-0.53729636628664E+03
-0.53621625029248E+03
-0.53728447993572E+03
-0.53079106041605E+03
-0.52864301840642E+03
-0.52970277384155E+03
-0.52430379988657E+03
-0.52028242739666E+03
-0.51775647647387E+03
-0.51868352105418E+03
-0.51303686398234E+03
-0.50870369864808E+03
-0.50389732155889E+03
-0.50265101029797E+03
-0.50091437406164E+03
-0.49803174944596E+03
-0.49133971017170E+03
-0.49205712143622E+03
-0.48812553811610E+03
-0.48137008954352E+03
-0.48458461613260E+03
-0.47945648138388E+03
-0.47596731570631E+03
-0.47476769693991E+03
-0.46868652389601E+03
-0.46937020037746E+03
-0.46564382632843E+03
-0.45923508326094E+03
-0.45821749372589E+03
-0.45317693916898E+03
-0.45482780036206E+03
-0.44911880415897E+03
-0.44575218099410E+03
-0.44806577730262E+03
-0.44234840674215E+03
-0.43772498993108E+03
-0.43242121464150E+03
-0.43630412796722E+03
-0.43191438875761E+03
-0.42361874808059E+03
-0.41900249019374E+03
-0.41777512889303E+03
-0.41581652950818E+03
-0.41102455505125E+03
-0.40846357544322E+03
-0.40882936934123E+03
-0.40498548193441E+03
-0.40019188627048E+03
-0.39444917777357E+03
-0.39486719325879E+03
-0.39285011433714E+03
-0.38679204179199E+03
-0.38555713249169E+03
-0.38267511894074E+03
-0.37883694871957E+03
-0.37212302978839E+03
-0.36972081706545E+03
-0.37146988477653E+03
-0.36615464793374E+03
-0.36317623903735E+03
-0.36052291404900E+03
-0.35467942056290E+03
-0.35635303353197E+03
-0.35407642018754E+03
-0.35447930439121E+03
-0.35102028122535E+03
-0.34815236161761E+03
-0.34879788532289E+03
-0.34651174130800E+03
-0.34363116256682E+03
-0.34050128806543E+03
-0.34241516943287E+03
-0.33711028151840E+03
-0.33549869829466E+03
-0.33384875520915E+03
-0.33177749809128E+03
-0.33101920254442E+03
-0.32939389993756E+03
-0.32430588410874E+03
-0.32369156009094E+03
-0.32186136779140E+03
-0.32206113805585E+03
-0.32084296109902E+03
-0.32153722158850E+03
-0.31717471124953E+03
-0.31498193214057E+03
-0.31366427367298E+03
-0.31306406465935E+03
-0.31124540646881E+03
-0.30890697464935E+03
-0.30872219231747E+03
-0.30553872849852E+03
-0.30602129460692E+03
-0.30186174707420E+03
-0.30075897581181E+03
-0.29890955753235E+03
-0.29705824268420E+03
-0.29692737399897E+03
-0.29489552885216E+03
-0.29507460700603E+03
-0.29200476904821E+03
-0.28592997879611E+03
-0.28499578719523E+03
-0.28408961600536E+03
-0.28365758213485E+03
-0.27780440144617E+03
-0.27629982119550E+03
-0.27671705221245E+03
-0.27569131584482E+03
-0.27297764350290E+03
-0.26989186515022E+03
-0.26786213449372E+03
-0.26619205014880E+03
-0.26351654347293E+03
-0.26090992768225E+03
-0.26012553041883E+03
-0.25984947953747E+03
-0.25671999715591E+03
-0.25348092542759E+03
-0.25467833379677E+03
-0.25195683378617E+03
-0.24980187954648E+03
-0.24739470825621E+03
-0.24770393832136E+03
-0.24655334339620E+03
-0.24289293913133E+03
-0.24060080624142E+03
-0.23900685516819E+03
-0.23719714857885E+03
-0.23667738985052E+03
-0.23438261532564E+03
-0.23275712497559E+03
-0.23174942977051E+03
-0.22810780496913E+03
-0.22883700338443E+03
-0.22731009575525E+03
-0.22649388521747E+03
-0.22225110987510E+03
-0.22208215175384E+03
-0.22151077873051E+03
-0.22162753511204E+03
-0.21932464266500E+03
-0.21648143371630E+03
-0.21594184847856E+03
-0.21431957331127E+03
-0.21308937968728E+03
-0.21179085669771E+03
-0.21027718979525E+03
-0.20842220011173E+03
-0.20585240056291E+03
-0.20311226014325E+03
-0.20467857561656E+03
-0.20083827615454E+03
-0.19750112051918E+03
-0.19605276674604E+03
-0.19244828981025E+03
-0.19300674770588E+03
-0.19159608733958E+03
-0.18984708326179E+03
-0.18583554877837E+03
-0.18561718226996E+03
-0.18431777986509E+03
-0.18277626120651E+03
-0.18297788574359E+03
-0.18039564874375E+03
-0.18138262269061E+03
-0.17898302289437E+03
-0.17554604871801E+03
-0.17582423565929E+03
-0.17453842001168E+03
-0.17367748001638E+03
-0.17000397416241E+03
-0.17044956659427E+03
-0.16991128359029E+03
-0.16760015754409E+03
-0.16481623325303E+03
-0.16506600027749E+03
-0.16449493676657E+03
-0.16278961311001E+03
-0.15986334420213E+03
-0.15876671479063E+03
-0.15753400199527E+03
-0.15729507796456E+03
-0.15435855293498E+03
-0.15474704808418E+03
-0.15355857321885E+03
-0.15138434512496E+03
-0.14998888519665E+03
-0.14868657025296E+03
-0.14802930096244E+03
-0.14606572534548E+03
-0.14285877783787E+03
-0.14067550114232E+03
-0.14118657026551E+03
-0.13883951414263E+03
-0.13544296834235E+03
-0.13511310515765E+03
-0.13379217534212E+03
-0.13173641101721E+03
-0.12888223079355E+03
-0.12750675830805E+03
-0.12620180472864E+03
-0.12467743477255E+03
-0.12233036708908E+03
-0.12048773340258E+03
-0.11867522397756E+03
-0.11675563782200E+03
-0.11452344537574E+03
-0.11321882576316E+03
-0.11250889030460E+03
-0.11094326984153E+03
-0.10865055079068E+03
-0.10623530637412E+03
-0.10530129941242E+03
-0.10252856357607E+03
-0.98382530570050E+02
-0.96254351467303E+02
-0.95226082577506E+02
-0.91625185975340E+02
-0.88667891222562E+02
-0.87082693196086E+02
-0.84129420947045E+02
-0.84850962922561E+02
-0.82620697272695E+02
-0.79682068973946E+02
-0.77726648755933E+02
-0.77104233548913E+02
-0.75667328742986E+02
-0.72304496519461E+02
-0.71495447254033E+02
-0.70886945061247E+02
-0.69043841830521E+02
-0.67511111923139E+02
-0.65377222774331E+02
-0.64764817058532E+02
-0.63324443860479E+02
-0.60068521380061E+02
-0.58853506115860E+02
-0.59067476688035E+02
-0.57203450690405E+02
-0.55010238022949E+02
-0.53381479893280E+02
-0.52836866937966E+02
-0.51201131147840E+02
-0.49830349217564E+02
-0.47903147623758E+02
-0.47339442335858E+02
-0.46016194120443E+02
-0.43046698892306E+02
-0.42252037230695E+02
-0.42031264853165E+02
-0.39926525670969E+02
-0.38129125959349E+02
-0.37011476653759E+02
-0.35825517564347E+02
-0.35431162508059E+02
-0.32923171840940E+02
-0.33294658454714E+02
-0.32514765078426E+02
-0.31222699767490E+02
-0.29101305813729E+02
-0.28076818472732E+02
-0.27566530516058E+02
-0.26011480142334E+02
-0.24351456516317E+02
-0.22534424560271E+02
-0.21994094865943E+02
-0.20622425545188E+02
-0.18800053669291E+02
-0.17361427852288E+02
-0.17130456096635E+02
-0.15488557864400E+02
-0.13867108028478E+02
-0.12204679540134E+02
-0.12017887706266E+02
-0.10559179387271E+02
-0.91527816927603E+01
-0.83765577857434E+01
-0.81303245832684E+01
-0.72379441422560E+01
-0.55385906194583E+01
-0.46674720559962E+01
-0.40908651792894E+01
-0.28793952681495E+01
-0.13355189556207E+01
-0.39865834544018E+00
-0.53007597658350E-01
 0.11251813914802E+01
 0.21796182141653E+01
 0.28458637856756E+01
 0.35012135584732E+01
 0.43369224357470E+01
 0.59381027384014E+01
 0.55580154961456E+01
 0.57796981619966E+01
 0.64337177996562E+01
 0.75676426850508E+01
 0.76753169914463E+01
 0.80556137431303E+01
 0.85771427484425E+01
 0.91672846287161E+01
 0.96218216175963E+01
 0.97059387256057E+01
 0.10370766040689E+02
 0.10871079725969E+02
 0.11353367885905E+02
 0.11571816926105E+02
 0.11824072385033E+02
 0.12551520667083E+02
 0.12582334573736E+02
 0.12680279763209E+02
 0.12910587158855E+02
 0.13441402356799E+02
 0.13725912593619E+02
 0.13724693400937E+02
 0.14077326972512E+02
 0.14066025411938E+02
 0.14404500224459E+02
 0.14306267688278E+02
 0.14620524335568E+02
 0.14590123669121E+02
 0.14743680594590E+02
 0.14887780258789E+02
 0.14804970276136E+02
 0.15069679934463E+02
 0.14909927907373E+02
 0.15091303927079E+02
 0.15014937140589E+02
 0.15109810924014E+02
 0.15091074710952E+02
 0.14964518863935E+02
 0.14856155782951E+02
 0.14991458450293E+02
 0.14838221330157E+02
 0.14851692389451E+02
 0.14709699929025E+02
 0.14661262921551E+02
 0.14580893608631E+02
 0.14479086211832E+02
 0.14375675380149E+02
 0.14142753256335E+02
 0.14131295769150E+02
 0.14026753072460E+02
 0.13881450847790E+02
 0.13713695736686E+02
 0.13669501591540E+02
 0.13466992110286E+02
 0.13398343652368E+02
 0.12947736934069E+02
 0.12938081256571E+02
 0.12745632085783E+02
 0.12629091590271E+02
 0.12563648000208E+02
 0.12430698609245E+02
 0.12113462053019E+02
 0.12067389343366E+02
 0.11893232929004E+02
 0.11721536862348E+02
 0.11442313926870E+02
 0.11437486702868E+02
 0.11409602575709E+02
 0.11182401612518E+02
 0.11085623448890E+02
 0.10925897151742E+02
 0.10838274711821E+02
 0.10679015153225E+02
 0.10448143854891E+02
 0.10368381379676E+02
 0.10323870071004E+02
 0.10083434618897E+02
 0.98559038504577E+01
 0.97275858353626E+01
 0.96857411895665E+01
 0.94815915786964E+01
 0.92622645248535E+01
 0.91571344050350E+01
 0.91095820370165E+01
 0.88798839444181E+01
 0.86748579311097E+01
 0.85130940564012E+01
 0.84928798492674E+01
 0.82974186817515E+01
 0.81251298333232E+01
 0.80327875813566E+01
 0.79473262674796E+01
 0.78311346150654E+01
 0.75929849364141E+01
 0.75352745214058E+01
 0.74652558122651E+01
 0.73318346190387E+01
 0.71327793079191E+01
 0.70395600066187E+01
 0.69822828048776E+01
 0.68327775468111E+01
 0.66351992172424E+01
 0.65157486839355E+01
 0.64542334636678E+01
 0.62695987326073E+01
 0.60351767798928E+01
 0.59026982342222E+01
 0.58345083858007E+01
 0.56505106020851E+01
 0.53647644038282E+01
 0.52710492195359E+01
 0.51935757589522E+01
 0.50310720625831E+01
 0.47697903332661E+01
 0.47920304700637E+01
 0.47359450985643E+01
 0.45510915623079E+01
 0.43267102856011E+01
 0.42302439232602E+01
 0.41711320624286E+01
 0.40196908457242E+01
 0.38099605429508E+01
 0.37438042498893E+01
 0.36984108477657E+01
 0.35800613624600E+01
 0.34082904060374E+01
 0.33462860715591E+01
 0.33062529661704E+01
 0.31981545359632E+01
 0.30557897178051E+01
 0.29984232127011E+01
 0.29495295525760E+01
 0.28572953811234E+01
 0.27044984830496E+01
 0.26493546325148E+01
 0.25553926793474E+01
 0.25071747370203E+01
 0.24741890946455E+01
 0.23983562503655E+01
 0.22893321094967E+01
 0.22515663607494E+01
 0.22255515068738E+01
 0.21581703557055E+01
 0.20596546605516E+01
 0.20224807985563E+01
 0.19968140853982E+01
 0.19347608124009E+01
 0.18383215483188E+01
 0.18100519344658E+01
 0.17834368511106E+01
 0.17264078141715E+01
 0.16407027653592E+01
 0.16186286803138E+01
 0.15951832825188E+01
 0.15467226518408E+01
 0.14699256112775E+01
 0.14478626661868E+01
 0.14286096887061E+01
 0.13827369255422E+01
 0.13160193690807E+01
 0.12931708355805E+01
 0.12695017555269E+01
 0.12267230113051E+01
 0.11560068776024E+01
 0.11398456570806E+01
 0.11224320316855E+01
 0.10840350302531E+01
 0.10262878103918E+01
 0.10075210505438E+01
 0.98974575816739E+00
 0.95221939568329E+00
 0.89371497022520E+00
 0.87658359713104E+00
 0.86022563336018E+00
 0.82428588746942E+00
 0.77064266226923E+00
 0.75464218764139E+00
 0.73782581005302E+00
 0.70346986821723E+00
 0.64979233738700E+00
 0.63619148629432E+00
 0.62079811156282E+00
 0.58877318068516E+00
 0.53875775019492E+00
 0.52527748228102E+00
 0.50957049223409E+00
 0.47941914743532E+00
 0.43023231419451E+00
 0.41697017367477E+00
 0.40325204070881E+00
 0.37317253199539E+00
 0.32770585606623E+00
 0.31312015171174E+00
 0.29893075173159E+00
 0.26868714823776E+00
 0.22182599429882E+00
 0.20806889346952E+00
 0.19354576666234E+00
 0.16371271841156E+00
 0.11723229529506E+00
 0.10445007213337E+00
 0.90181712276182E-01
 0.61029510359203E-01
 0.15428483967492E-01
 0.22435816413662E-02
-0.12069175249396E-01
-0.41109473780384E-01
-0.86942923847211E-01
-0.99355266624297E-01
-0.11361727505873E+00
-0.14246519794816E+00
-0.18845086906537E+00
-0.20137859316130E+00
-0.21524076688725E+00
-0.24444857637292E+00
-0.28973211349493E+00
-0.30289359860137E+00
-0.31723810779490E+00
-0.34624946371669E+00
-0.39219676940565E+00
-0.40469934449699E+00
-0.41861596636168E+00
-0.44725436208735E+00
-0.49233294529266E+00
-0.50491853420948E+00
-0.51911158652574E+00
-0.54754618232217E+00
-0.59241769661352E+00
-0.60448652160011E+00
-0.61835341988294E+00
-0.64623133545775E+00
-0.69005597716631E+00
-0.70187973442417E+00
-0.71568592895995E+00
-0.74297366928314E+00
-0.78606089536131E+00
-0.79738969592642E+00
-0.81068086940750E+00
-0.83723019938269E+00
-0.87906076435030E+00
-0.88988339408933E+00
-0.90307980193303E+00
-0.92894779055136E+00
-0.96967021878949E+00
-0.97982021294727E+00
-0.99278623770319E+00
-0.10173278564698E+01
-0.10568374169441E+01
-0.10661973428759E+01
-0.10786852411768E+01
-0.11021200722612E+01
-0.11397827866960E+01
-0.11484001972965E+01
-0.11606123453496E+01
-0.11829020910337E+01
-0.12190675708587E+01
-0.12266913971449E+01
-0.12385196122204E+01
-0.12595677162470E+01
-0.12938371499517E+01
-0.13005936619702E+01
-0.13120019446939E+01
-0.13316719576595E+01
-0.13642374637612E+01
-0.13699782073739E+01
-0.13809413614394E+01
-0.13991375172937E+01
-0.14298339679242E+01
-0.14344775524158E+01
-0.14450677238506E+01
-0.14616797578028E+01
-0.14905309256654E+01
-0.14939228687816E+01
-0.15040004253900E+01
-0.15191420799066E+01
-0.15457039708638E+01
-0.15480558906870E+01
-0.15576517974952E+01
-0.15711373807250E+01
-0.15956177159299E+01
-0.15967610110538E+01
-0.16058310565827E+01
-0.16176144563920E+01
-0.16397754303593E+01
-0.16396519638741E+01
-0.16482536291902E+01
-0.16581805652964E+01
-0.16780164808285E+01
-0.16765019791633E+01
-0.16845575652346E+01
-0.16925703472997E+01
-0.17098934015713E+01
-0.17070240905792E+01
-0.17144571457142E+01
-0.17205185175741E+01
-0.17352258885566E+01
-0.17309223281945E+01
-0.17377742221243E+01
-0.17417902571760E+01
-0.17538020523342E+01
-0.17480274332727E+01
-0.17542155070591E+01
-0.17561021452265E+01
-0.17652784664933E+01
-0.17579696783936E+01
-0.17635035925492E+01
-0.17631780814708E+01
-0.17694707108973E+01
-0.17605689250686E+01
-0.17654144433818E+01
-0.17627968883919E+01
-0.17661101549454E+01
-0.17555888414766E+01
-0.17597013325684E+01
-0.17547415789745E+01
-0.17549302988922E+01
-0.17427570038685E+01
-0.17461263215019E+01
-0.17387656179137E+01
-0.17358025008368E+01
-0.17219061896142E+01
-0.17245123698263E+01
-0.17146883370478E+01
-0.17084874059874E+01
-0.16928736028149E+01
-0.16946850972322E+01
-0.16823471781479E+01
-0.16728213746238E+01
-0.16554628930051E+01
-0.16564573860832E+01
-0.16415503497210E+01
-0.16286407728468E+01
-0.16095089204572E+01
-0.16096620683734E+01
-0.15921474542894E+01
-0.15757728758715E+01
-0.15548488449632E+01
-0.15541333939794E+01
-0.15339604220342E+01
-0.15140578494268E+01
-0.14913220600754E+01
-0.14897196991045E+01
-0.14668453728527E+01
-0.14433520546601E+01
-0.14187856576815E+01
-0.14162745810519E+01
-0.13906624796833E+01
-0.13635341385578E+01
-0.13371332996239E+01
-0.13336929690398E+01
-0.13053245147699E+01
-0.12745271109301E+01
-0.12463006355460E+01
-0.12419171393624E+01
-0.12107883694425E+01
-0.11763196056050E+01
-0.11462894200864E+01
-0.11409578432879E+01
-0.11070962803443E+01
-0.10689960317001E+01
-0.10372113863907E+01
-0.10309355335465E+01
-0.99440246976358E+00
-0.95276563109685E+00
-0.91930311351878E+00
-0.91210289529869E+00
-0.87301195876589E+00
-0.82799785541165E+00
-0.79297429799315E+00
-0.78488733238800E+00
-0.74340639265905E+00
-0.69525598365006E+00
-0.65883029902747E+00
-0.64991520914070E+00
-0.60628204448608E+00
-0.55533261769511E+00
-0.51771269108073E+00
-0.50805340901030E+00
-0.46258095024407E+00
-0.40927355900289E+00
-0.37072434805915E+00
-0.36043124916214E+00
-0.31351884698455E+00
-0.25840922591193E+00
-0.21925560074887E+00
-0.20846856414972E+00
-0.16060506653684E+00
-0.10437007654237E+00
-0.65001376030486E-01
-0.53891145081311E-01
-0.56615312282613E-02
 0.50894236243927E-01
 0.90021596674031E-01
 0.10125267019755E+00
 0.14916411514378E+00
 0.20510685208086E+00
 0.24346799821868E+00
 0.25458437819591E+00
 0.30139411015088E+00
 0.35565794607159E+00
 0.39265857816646E+00
 0.40339164864892E+00
 0.44821406286069E+00
 0.49960237108908E+00
 0.53457826179475E+00
 0.54462728586276E+00
 0.58647724019789E+00
 0.63366513494323E+00
 0.66588341046237E+00
 0.67491500152495E+00
 0.71270960034156E+00
 0.75424613469225E+00
 0.78290627339864E+00
 0.79055470428158E+00
 0.82311410652088E+00
 0.85742316670492E+00
 0.88165565233373E+00
 0.88752177621018E+00
 0.91356675076227E+00
 0.93894058416328E+00
 0.95779900341494E+00
 0.96144400048908E+00
 0.97957943685978E+00
 0.99414675905193E+00
 0.10065752399565E+01
 0.10074993131236E+01
 0.10161514179545E+01
 0.10177658944091E+01
 0.10224791741237E+01
 0.10200467508407E+01
 0.10172380374449E+01
 0.10030855822263E+01
 0.99803119035564E+00
 0.99113532844400E+00
 0.97347638736920E+00
 0.93828425648039E+00
 0.91267033892135E+00
 0.89423287550507E+00
 0.84129033543367E+00
 0.74575031853584E+00
 0.68402648740600E+00
 0.68429001408709E+00
 0.66930111830436E+00
 0.62209892901565E+00
 0.55500818049001E+00
 0.52317108657459E+00
 0.50758095201757E+00
 0.45833726743232E+00
 0.39027897712921E+00
 0.35680404657271E+00
 0.34076885459886E+00
 0.29017313122147E+00
 0.22128733742047E+00
 0.18693195729696E+00
 0.17063275010905E+00
 0.11933426163328E+00
 0.50132098139721E-01
 0.15241653278515E-01
-0.12441865073236E-02
-0.52972175707240E-01
-0.12233215908315E+00
-0.15772046415292E+00
-0.17442049116292E+00
-0.22665434734309E+00
-0.29639078096440E+00
-0.33189999400623E+00
-0.34867328683762E+00
-0.40093639328519E+00
-0.47047080327228E+00
-0.50562260387565E+00
-0.52226992248417E+00
-0.57390551196219E+00
-0.64238911756235E+00
-0.67644969221298E+00
-0.69264221705534E+00
-0.74260052571818E+00
-0.80865373847048E+00
-0.84037623124990E+00
-0.85553544524532E+00
-0.90202364487598E+00
-0.96331707651370E+00
-0.99464142336295E+00
-0.10096393167988E+01
-0.10554364018041E+01
-0.11156030819076E+01
-0.11504644673950E+01
-0.11670930043894E+01
-0.12177393622672E+01
-0.12838547637010E+01
-0.13202389497730E+01
-0.13375733603253E+01
-0.13901252059692E+01
-0.14583086294178E+01
-0.14945436874164E+01
-0.15118359779980E+01
-0.15639454111568E+01
-0.16311864504232E+01
-0.16658179791683E+01
-0.16824178625535E+01
-0.17320686863928E+01
-0.17957954583561E+01
-0.18278281770459E+01
-0.18432735622699E+01
-0.18890526863762E+01
-0.19474315979713E+01
-0.19750730724111E+01
-0.19884978315734E+01
-0.20279006822171E+01
-0.20778324490078E+01
-0.20994932927620E+01
-0.21100909700079E+01
-0.21409562501623E+01
-0.21799293992560E+01
-0.22001149795548E+01
-0.22100036099849E+01
-0.22383861368655E+01
-0.22735826457478E+01
-0.22918438455888E+01
-0.23007830188232E+01
-0.23258307447276E+01
-0.23558639069937E+01
-0.23700291257783E+01
-0.23769356688800E+01
-0.23955740399243E+01
-0.24166311732303E+01
-0.24257608269994E+01
-0.24301364395990E+01
-0.24409604591453E+01
-0.24512282126912E+01
-0.24545731933184E+01
-0.24560068522148E+01
-0.24578085861271E+01
-0.24556180497591E+01
-0.24521509459181E+01
-0.24500928132865E+01
-0.24412568787612E+01
-0.24244249773416E+01
-0.24127598087149E+01
-0.24064826245666E+01
-0.23848827928375E+01
-0.23506083544080E+01
-0.23288375119603E+01
-0.23173586160878E+01
-0.22801534880678E+01
-0.22248200237701E+01
-0.21901208068749E+01
-0.21720117042043E+01
-0.21151405148504E+01
-0.20338106017735E+01
-0.19810049831771E+01
-0.19536814336741E+01
-0.18699455869345E+01
-0.17543172843339E+01
-0.16764802308764E+01
-0.16367436373909E+01
-0.15184888636668E+01
-0.13628076918112E+01
-0.12872267275195E+01
-0.12495798324107E+01
-0.11405524752190E+01
-0.10032815771793E+01
-0.93913865895519E+00
-0.90778035073496E+00
-0.81852398243129E+00
-0.70952351822362E+00
-0.65962694206948E+00
-0.63556255395881E+00
-0.56785000910118E+00
-0.48689122261871E+00
-0.45035022561609E+00
-0.43289732204468E+00
-0.38417156005760E+00
-0.32676887229049E+00
-0.30111375653223E+00
-0.28894410745558E+00
-0.25515289830395E+00
-0.21575573164710E+00
-0.19826941274130E+00
-0.19001475386239E+00
-0.16718233557414E+00
-0.14075733263190E+00
-0.12908636196511E+00
-0.12359574480437E+00
-0.10845072429428E+00
-0.91014979116550E-01
-0.83341619688942E-01
-0.79740466721259E-01
-0.69827398466939E-01
-0.58458648887009E-01
-0.53468418871244E-01
-0.51130577463502E-01
-0.44704832332600E-01
-0.37356342825164E-01
-0.34137104465858E-01
-0.32630873165029E-01
-0.28495638796916E-01
-0.23776632805740E-01
-0.21712432857693E-01
-0.20747543718096E-01
-0.18100879987611E-01
-0.15085505134584E-01
-0.13768070119324E-01
-0.13152691918504E-01
-0.11465914425927E-01
-0.95465970458449E-02
-0.87088335775321E-02
-0.83177296819006E-02
-0.72463053574074E-02
-0.60284156293204E-02
-0.54972361928643E-02
-0.52493684995625E-02
-0.45706549294325E-02
-0.37998029217943E-02
-0.34638215816471E-02
-0.33070967883635E-02
-0.28781199690587E-02
-0.23912474486034E-02
-0.21791631376449E-02
-0.20802620722572E-02
-0.18096478049711E-02
-0.15026942544854E-02
-0.13690521073261E-02
-0.13067468367023E-02
-0.11363167456739E-02
-0.94310151093953E-03
-0.85901796697433E-03
-0.81982614994838E-03
-0.71264891243477E-03
-0.59119946706644E-03
-0.53836949121938E-03
-0.51375003029813E-03
-0.44643962416019E-03
-0.37019797627624E-03
-0.33704633022935E-03
-0.32160000356220E-03
-0.27937846752092E-03
-0.23157313237854E-03
-0.21079401360009E-03
-0.20111400511243E-03
-0.17465968102872E-03
-0.14471749664620E-03
-0.13170348857488E-03
-0.12564193967744E-03
-0.10908006009917E-03
-0.90341838490075E-04
-0.82205789538178E-04
-0.78416700484344E-04
-0.68065341816881E-04
-0.56356782435103E-04
-0.51272966745731E-04
-0.48905661328589E-04
-0.42439514461423E-04
-0.35127698180698E-04
-0.31953882796674E-04
-0.30476162464035E-04
-0.26440494488267E-04
-0.21878293425786E-04
-0.19898572753658E-04
-0.18976928654675E-04
-0.16460287287418E-04
-0.13616055316813E-04
-0.12382177937057E-04
-0.11807820159013E-04
-0.10239703768709E-04
-0.84679159076322E-05
-0.76994926484333E-05
-0.73418375245929E-05
-0.63654986235405E-05
-0.52626178983929E-05
-0.47844247557970E-05
-0.45618771809548E-05
-0.39544392734433E-05
-0.32684317033212E-05
-0.29710639519717E-05
-0.28326847048859E-05
-0.24550296657033E-05
-0.20286213339501E-05
-0.18438286112558E-05
-0.17578438648934E-05
-0.15232085719298E-05
-0.12583395144324E-05
-0.11435800314112E-05
-0.10901867799628E-05
-0.94450403977377E-06
-0.78008299514529E-06
-0.70886056460753E-06
-0.67572628763237E-06
-0.58532988306617E-06
-0.48332625406193E-06
-0.43915082318935E-06
-0.41860109743328E-06
-0.36254360760917E-06
-0.29929996534135E-06
-0.27191630567001E-06
-0.25917884704332E-06
-0.22443592727238E-06
-0.18524624387476E-06
-0.16828102850174E-06
-0.16039027995141E-06
-0.13886942490247E-06
-0.11459826670399E-06
-0.10409330219949E-06
-0.99207652171218E-07
-0.85884000325660E-07
-0.70860089670977E-07
-0.64358689112532E-07
-0.61335223869036E-07
-0.53090668244342E-07
-0.43795467141970E-07
-0.39773802323646E-07
-0.37903656294798E-07
-0.32804470655902E-07
-0.27056333140800E-07
-0.24569764084453E-07
-0.23413537323241E-07
-0.20261197875228E-07
-0.16708183552810E-07
-0.15171445847876E-07
-0.14456922723725E-07
-0.12508996666712E-07
-0.10313782680834E-07
-0.93644637932671E-08
-0.89230927205287E-08
-0.77199205919780E-08
-0.63641843252561E-08
-0.57779843992423E-08
-0.55054547085335E-08
-0.47625948545828E-08
-0.39256440031367E-08
-0.35638106114589E-08
-0.33955997263443E-08
-0.29371225500791E-08
-0.24206361896968E-08
-0.21973775056019E-08
-0.20935930688337E-08
-0.18107355308135E-08
-0.14921255864062E-08
-0.13544197250849E-08
-0.12904085655266E-08
-0.11159612102080E-08
-0.91948560460355E-09
-0.83457778848111E-09
-0.79511104568574E-09
-0.68756006175035E-09
-0.56644072299090E-09
-0.51410466173367E-09
-0.48977893093807E-09
-0.42349250886880E-09
-0.34885096647179E-09
-0.31660178181503E-09
-0.30161302105720E-09
-0.26077157268350E-09
-0.21478658127469E-09
-0.19492072711947E-09
-0.18568784708797E-09
-0.16053133590001E-09
-0.13220918405192E-09
-0.11997506217722E-09
-0.11428932879279E-09
-0.98798361651588E-10
-0.81359544853311E-10
-0.73827360600209E-10
-0.70326949020844E-10
-0.60790406423746E-10
-0.50055610216996E-10
-0.45419466273680E-10
-0.43264997008049E-10
-0.37395608063143E-10
-0.30789255025022E-10
-0.27936358230353E-10
-0.26610627403199E-10
-0.22999111080353E-10
-0.18934433641886E-10
-0.17179290694487E-10
-0.16363707230644E-10
-0.14142008231883E-10
-0.11641714692141E-10
-0.10562165261974E-10
-0.10060532747074E-10
-0.86941075790418E-11
-0.71564405839515E-11
-0.64925738576950E-11
-0.61841046458149E-11
-0.53438787220144E-11
-0.43984159449936E-11
-0.39902561018066E-11
-0.38006075224332E-11
-0.32840499462746E-11
-0.27028300930908E-11
-0.24519326063574E-11
-0.23353578462254E-11
-0.20178465246741E-11
-0.16606103570787E-11
-0.15833813857283E-11
-0.15461244098769E-11
-0.14395313799254E-11
-0.13087501398025E-11
