 0.37900665784931E-01
 0.60147364578519E-01
 0.67179473969069E-01
 0.10068795874422E+00
 0.12608232800945E+00
 0.13824265588124E+00
 0.13961132814498E+00
 0.14024578162899E+00
 0.14218925362169E+00
 0.14457123508659E+00
 0.14591266637522E+00
 0.14651530146204E+00
 0.14833089504323E+00
 0.15071950454573E+00
 0.15224556773445E+00
 0.15299994415531E+00
 0.15521897382336E+00
 0.15833093262094E+00
 0.16015691212586E+00
 0.16107924892437E+00
 0.16404919348845E+00
 0.16741077397600E+00
 0.16943359363879E+00
 0.17027701723577E+00
 0.17288354074044E+00
 0.17613897617570E+00
 0.17818006529134E+00
 0.17911632246734E+00
 0.18198812393000E+00
 0.18575133760606E+00
 0.18796494736940E+00
 0.18903405236912E+00
 0.19223448735553E+00
 0.19676243083083E+00
 0.19745811156533E+00
 0.19854519894149E+00
 0.20182400726822E+00
 0.20602832024482E+00
 0.20813647800019E+00
 0.20911456481381E+00
 0.21208776885427E+00
 0.21607045565305E+00
 0.21823802103896E+00
 0.21931893021665E+00
 0.22265923784020E+00
 0.22688941614879E+00
 0.23006453206635E+00
 0.23156526647006E+00
 0.23606198057184E+00
 0.24242420302876E+00
 0.24266190917207E+00
 0.24643483616206E+00
 0.25139831701014E+00
 0.25446456553715E+00
 0.25594965822625E+00
 0.26046978247417E+00
 0.26644393497276E+00
 0.26955148377603E+00
 0.27109038162281E+00
 0.27588723010589E+00
 0.28158684624575E+00
 0.28306035686198E+00
 0.28665175900723E+00
 0.29164540735160E+00
 0.29475748825251E+00
 0.29635579203874E+00
 0.30117771918241E+00
 0.30743612949913E+00
 0.31064723479604E+00
 0.31217896819299E+00
 0.31687313319301E+00
 0.32287001949648E+00
 0.32675972496358E+00
 0.32858335386389E+00
 0.33427072230928E+00
 0.34130892503799E+00
 0.34544040122185E+00
 0.34731347804931E+00
 0.35324771665587E+00
 0.36027567854370E+00
 0.36461579616217E+00
 0.36652589400112E+00
 0.37219316809258E+00
 0.38017738482319E+00
 0.38409106190568E+00
 0.38613204388500E+00
 0.39234039856564E+00
 0.40076581353067E+00
 0.40437600063417E+00
 0.40622896022742E+00
 0.41167750305455E+00
 0.41971092456981E+00
 0.42278087534975E+00
 0.42450442776079E+00
 0.42978406940138E+00
 0.43689032598791E+00
 0.44048714216704E+00
 0.44230867800504E+00
 0.44788605170460E+00
 0.45491615857656E+00
 0.45940979749321E+00
 0.46150872048320E+00
 0.46799177471842E+00
 0.47609186621878E+00
 0.48134532529227E+00
 0.48376189882963E+00
 0.49117241676158E+00
 0.50101456609015E+00
 0.50654056309817E+00
 0.50921033830696E+00
 0.51753309833661E+00
 0.52797977726083E+00
 0.53384251345959E+00
 0.53662496553106E+00
 0.54461131063398E+00
 0.55637913437640E+00
 0.56184276309481E+00
 0.56478425551596E+00
 0.57395235780507E+00
 0.58546331403646E+00
 0.59290805948955E+00
 0.59647091071956E+00
 0.60678928762568E+00
 0.62244355369503E+00
 0.62179090427004E+00
 0.62542519389860E+00
 0.63665973633951E+00
 0.65033188723719E+00
 0.65572110371517E+00
 0.65994133069945E+00
 0.67353826636903E+00
 0.68915887535350E+00
 0.69879950578855E+00
 0.70294883914980E+00
 0.71547390030621E+00
 0.73239407904014E+00
 0.74168651041178E+00
 0.74639884791534E+00
 0.76074250787859E+00
 0.77922295155747E+00
 0.78926887618608E+00
 0.79404223524244E+00
 0.80881166903254E+00
 0.82776552363813E+00
 0.83988855695031E+00
 0.84576354764609E+00
 0.86308287154625E+00
 0.88737493719143E+00
 0.89900641577164E+00
 0.90510302215598E+00
 0.92412728363647E+00
 0.94705410105767E+00
 0.96103886213386E+00
 0.98495463696065E+00
 0.98366629176880E+00
 0.98834767640849E+00
 0.10021171882495E+01
 0.10219143762369E+01
 0.10222447717126E+01
 0.10267092389872E+01
 0.10402700269226E+01
 0.10577463453524E+01
 0.10685775263046E+01
 0.10738043304348E+01
 0.10900776636703E+01
 0.11094366118215E+01
 0.11203303424270E+01
 0.11252099054585E+01
 0.11394383706019E+01
 0.11598055817216E+01
 0.11678125647913E+01
 0.11722092541011E+01
 0.11854503054398E+01
 0.12031022798589E+01
 0.12121475887470E+01
 0.12166074280927E+01
 0.12301441385112E+01
 0.12471239428965E+01
 0.12574565378010E+01
 0.12622132708607E+01
 0.12767780205614E+01
 0.12958679418910E+01
 0.13077241775323E+01
 0.13135739072523E+01
 0.13304901140182E+01
 0.13558224796764E+01
 0.13656142683163E+01
 0.13712683853530E+01
 0.13880255679002E+01
 0.14113213232091E+01
 0.14303372179363E+01
 0.14398783844180E+01
 0.14694166968600E+01
 0.15067959972649E+01
 0.15163484963963E+01
 0.15257053001577E+01
 0.15541948529350E+01
 0.15928338920651E+01
 0.15970460899236E+01
 0.16048840418337E+01
 0.16289050793171E+01
 0.16599917488394E+01
 0.16832933230287E+01
 0.16944785797024E+01
 0.17279975444367E+01
 0.17747954476492E+01
 0.17946108479406E+01
 0.18047955950440E+01
 0.18360517121435E+01
 0.18780747508258E+01
 0.18799290542742E+01
 0.18919340172523E+01
 0.19300196814180E+01
 0.19756739790016E+01
 0.19813590952164E+01
 0.19916418745520E+01
 0.20236972298988E+01
 0.20644427200350E+01
 0.20848637644127E+01
 0.20945725045167E+01
 0.21236021239128E+01
 0.21636060493846E+01
 0.21857480388973E+01
 0.21969863727717E+01
 0.22303230895568E+01
 0.22772568798471E+01
 0.22974575953855E+01
 0.23080448428934E+01
 0.23394338228890E+01
 0.23836159886723E+01
 0.24039081237268E+01
 0.24146678584935E+01
 0.24468247711779E+01
 0.24911677104884E+01
 0.25119818217701E+01
 0.25226900255252E+01
 0.25552298383639E+01
 0.25981779144812E+01
 0.26250100210827E+01
 0.26384690371995E+01
 0.26777158248372E+01
 0.27331838886112E+01
 0.27749773702038E+01
 0.27963358691820E+01
 0.28642014263377E+01
 0.29417482375286E+01
 0.29761953835060E+01
 0.30440022919250E+01
 0.30696129929353E+01
 0.30847367773635E+01
 0.31284409045079E+01
 0.31907317348727E+01
 0.32166098077290E+01
 0.32302025892469E+01
 0.32708185243234E+01
 0.33267503714225E+01
 0.33551904153631E+01
 0.33695708187209E+01
 0.34143776505771E+01
 0.34680366066018E+01
 0.35021558976764E+01
 0.35175028649695E+01
 0.35629661492743E+01
 0.36269540664821E+01
 0.36563126099946E+01
 0.36720646262639E+01
 0.37191193831174E+01
 0.37813122708258E+01
 0.38167471718584E+01
 0.38340839225061E+01
 0.38863413890568E+01
 0.39557021116358E+01
 0.39902224431149E+01
 0.40074780090613E+01
 0.40585693923103E+01
 0.41314822085610E+01
 0.41623327051555E+01
 0.41791802289802E+01
 0.42286027885958E+01
 0.42968937244134E+01
 0.43403588753962E+01
 0.43623775464604E+01
 0.44287894982457E+01
 0.45167017800850E+01
 0.45705458742201E+01
 0.45966480744583E+01
 0.46790766144187E+01
 0.47768007605783E+01
 0.48330305699683E+01
 0.48585330878768E+01
 0.49326462112484E+01
 0.50373214822305E+01
 0.50875374560755E+01
 0.51139276877192E+01
 0.51920525603488E+01
 0.53018320978996E+01
 0.53491352939899E+01
 0.53746853440801E+01
 0.54473135225585E+01
 0.55552137852581E+01
 0.56044270336454E+01
 0.56316468787011E+01
 0.57129131247034E+01
 0.58225913921019E+01
 0.58956493384069E+01
 0.59318427952591E+01
 0.60400441578680E+01
 0.61827517378152E+01
 0.62667406542158E+01
 0.63068992148602E+01
 0.64297258108145E+01
 0.65838627449967E+01
 0.66651034027165E+01
 0.67267164883974E+01
 0.67536724433777E+01
 0.68425695942113E+01
 0.69357862152370E+01
 0.69977123411036E+01
 0.70219278122968E+01
 0.70957961216425E+01
 0.71925604988938E+01
 0.72412628353894E+01
 0.72646868618074E+01
 0.73361769435340E+01
 0.74277154741220E+01
 0.74774004870421E+01
 0.75006136047584E+01
 0.75715186113166E+01
 0.76638889994355E+01
 0.77096389675807E+01
 0.77318111759356E+01
 0.78023804756966E+01
 0.78802378654644E+01
 0.79280715445628E+01
 0.79478575005749E+01
 0.80074405015317E+01
 0.80841874566824E+01
 0.81261395228168E+01
 0.81459967569564E+01
 0.82058163795975E+01
 0.82844304169621E+01
 0.83238084167251E+01
 0.83436466386819E+01
 0.84033298858466E+01
 0.84727420325980E+01
 0.85119794014960E+01
 0.85279710329447E+01
 0.85724166234437E+01
 0.86477270956969E+01
 0.86413846947098E+01
 0.86552736452855E+01
 0.86944802828067E+01
 0.87514307342773E+01
 0.87803873299297E+01
 0.87949747581447E+01
 0.88401150146990E+01
 0.88945659243151E+01
 0.89281690218329E+01
 0.89418430273353E+01
 0.89858655545767E+01
 0.90378427158872E+01
 0.90662071346687E+01
 0.90776599011392E+01
 0.91163364812332E+01
 0.91508089888758E+01
 0.91773833503315E+01
 0.91853952337046E+01
 0.92136046860277E+01
 0.92348855277397E+01
 0.92447053145147E+01
 0.92499079593259E+01
 0.92662561629408E+01
 0.92833305056720E+01
 0.92943746977723E+01
 0.92980081583818E+01
 0.93064831827396E+01
 0.93197288320768E+01
 0.93172399561163E+01
 0.93165716281482E+01
 0.93156834627151E+01
 0.93068701024739E+01
 0.93038529496718E+01
 0.92999394159354E+01
 0.92838961919518E+01
 0.92741478830562E+01
 0.92662278612728E+01
 0.92613514144358E+01
 0.92453231692481E+01
 0.92233603554278E+01
 0.92096534206447E+01
 0.92028152450191E+01
 0.91789278525447E+01
 0.91540136570048E+01
 0.91299484982207E+01
 0.91187553905116E+01
 0.90874771443796E+01
 0.90357608617856E+01
 0.90150274094081E+01
 0.90015766968830E+01
 0.89611877102664E+01
 0.89100448939378E+01
 0.88794244220582E+01
 0.88654633775158E+01
 0.88234071465696E+01
 0.87672127503655E+01
 0.87290747200203E+01
 0.87095581027333E+01
 0.86536023919855E+01
 0.85696765060169E+01
 0.85375467514255E+01
 0.85185761734898E+01
 0.84648643408711E+01
 0.83810516210438E+01
 0.83528499081300E+01
 0.83356454348513E+01
 0.82821396753008E+01
 0.82191252825844E+01
 0.81800328708620E+01
 0.81632857511966E+01
 0.81100627413409E+01
 0.80496638319673E+01
 0.80093940366548E+01
 0.79920283450701E+01
 0.79421607703576E+01
 0.78711089701023E+01
 0.78194989047021E+01
 0.77929174323007E+01
 0.77123148121454E+01
 0.76108719666091E+01
 0.75585213315977E+01
 0.75334830935104E+01
 0.74605813280407E+01
 0.73592928839445E+01
 0.73110257697848E+01
 0.72863916107080E+01
 0.72130263604125E+01
 0.71141452809702E+01
 0.70633975309437E+01
 0.70370567565790E+01
 0.69635631431703E+01
 0.68513680035480E+01
 0.68107987979744E+01
 0.67367175854537E+01
 0.66976023121976E+01
 0.66773902020361E+01
 0.66175183792697E+01
 0.65374859912661E+01
 0.64924978055163E+01
 0.64700215370389E+01
 0.64052957899735E+01
 0.63122894430625E+01
 0.63048411265830E+01
 0.62875723312632E+01
 0.62348924387436E+01
 0.61697747892094E+01
 0.61321534186672E+01
 0.61150333633890E+01
 0.60639033574916E+01
 0.59957652820909E+01
 0.59576571951111E+01
 0.59385677219864E+01
 0.58814415912101E+01
 0.58094521204890E+01
 0.57712210346420E+01
 0.57533772845578E+01
 0.56996696665358E+01
 0.56318585104702E+01
 0.55932800688775E+01
 0.55750247399025E+01
 0.55204290611749E+01
 0.54516420989499E+01
 0.54163166017765E+01
 0.53999289554603E+01
 0.53498728578391E+01
 0.52888180744691E+01
 0.52561334719080E+01
 0.52413608086438E+01
 0.51979506065138E+01
 0.51381618297666E+01
 0.51126377048537E+01
 0.50991370900841E+01
 0.50594644017728E+01
 0.50058230961320E+01
 0.49766206308427E+01
 0.49619146345429E+01
 0.49181208346770E+01
 0.48608502611812E+01
 0.48249646976520E+01
 0.48077684086952E+01
 0.47562161680915E+01
 0.46904103430392E+01
 0.46491763970511E+01
 0.46297297791930E+01
 0.45717954717402E+01
 0.44971946309891E+01
 0.44628378984388E+01
 0.44460431837614E+01
 0.43970781307328E+01
 0.43311512238048E+01
 0.43298430717229E+01
 0.43129386515772E+01
 0.42621846365343E+01
 0.41988851557263E+01
 0.41672853317453E+01
 0.41525826788444E+01
 0.41090969862495E+01
 0.40525852258919E+01
 0.40289151541560E+01
 0.40173160289252E+01
 0.39827955066871E+01
 0.39380358162955E+01
 0.39171194917833E+01
 0.39069557101397E+01
 0.38767039660300E+01
 0.38375852741766E+01
 0.38174765496789E+01
 0.38078001982525E+01
 0.37795132728353E+01
 0.37410003078226E+01
 0.37231985954487E+01
 0.36974153214428E+01
 0.36824248464388E+01
 0.36751600877724E+01
 0.36536824209540E+01
 0.36252540559054E+01
 0.36127421973554E+01
 0.36065040201660E+01
 0.35879815104698E+01
 0.35637794414907E+01
 0.35517136822805E+01
 0.35458482963808E+01
 0.35284238071965E+01
 0.35055543970652E+01
 0.34953769194334E+01
 0.34903036275809E+01
 0.34754914848784E+01
 0.34554923026007E+01
 0.34470299570217E+01
 0.34427062047348E+01
 0.34300403812628E+01
 0.34129219751047E+01
 0.34055334372510E+01
 0.34017568420068E+01
 0.33905818931683E+01
 0.33758244401002E+01
 0.33685712116246E+01
 0.33649859663049E+01
 0.33546070463755E+01
 0.33402062407223E+01
 0.33348003919555E+01
 0.33319126712115E+01
 0.33234289512106E+01
 0.33120675405335E+01
 0.33066845305608E+01
 0.33039887975925E+01
 0.32961104327623E+01
 0.32854673785691E+01
 0.32809160199697E+01
 0.32785922532923E+01
 0.32718081710525E+01
 0.32626852274304E+01
 0.32586705450322E+01
 0.32566380992719E+01
 0.32507735215685E+01
 0.32427262182111E+01
 0.32395195247545E+01
 0.32378473607392E+01
 0.32330161369771E+01
 0.32264178361708E+01
 0.32237462791273E+01
 0.32223613010772E+01
 0.32184247488265E+01
 0.32128860359774E+01
 0.32109177108569E+01
 0.32098427345319E+01
 0.32067774921820E+01
 0.32026031967872E+01
 0.32009741929277E+01
 0.32001442441692E+01
 0.31978182968043E+01
 0.31946000981891E+01
 0.31935866435613E+01
 0.31930397740831E+01
 0.31915874642754E+01
 0.31894621719236E+01
 0.31890351955536E+01
 0.31887644999510E+01
 0.31881386939215E+01
 0.31871094449734E+01
 0.31872131602397E+01
 0.31872094267644E+01
 0.31873837855506E+01
 0.31874145352918E+01
 0.31880490332832E+01
 0.31883046155743E+01
 0.31892641348940E+01
 0.31903282079341E+01
 0.31914868639341E+01
 0.31920026088342E+01
 0.31937241432972E+01
 0.31958667417734E+01
 0.31975118552483E+01
 0.31982929349448E+01
 0.32008201581605E+01
 0.32039869849526E+01
 0.32061643180590E+01
 0.32071904876239E+01
 0.32104444202925E+01
 0.32146069892937E+01
 0.32172695961105E+01
 0.32185467880976E+01
 0.32225678438965E+01
 0.32277111122667E+01
 0.32308689809941E+01
 0.32323820170325E+01
 0.32371032341323E+01
 0.32431935123897E+01
 0.32468171438335E+01
 0.32485667635417E+01
 0.32540015801617E+01
 0.32610243126566E+01
 0.32651054658460E+01
 0.32670773276403E+01
 0.32731706114348E+01
 0.32810925200652E+01
 0.32856124222917E+01
 0.32878093807512E+01
 0.32945827452929E+01
 0.33033909797134E+01
 0.33083355861265E+01
 0.33107382706362E+01
 0.33181306566420E+01
 0.33277338523553E+01
 0.33330675525255E+01
 0.33356540766645E+01
 0.33435938839192E+01
 0.33539298855437E+01
 0.33596363899439E+01
 0.33624096243978E+01
 0.33709151600360E+01
 0.33819810613229E+01
 0.33880397551649E+01
 0.33909806792731E+01
 0.33999914042061E+01
 0.34117139856623E+01
 0.34181006508394E+01
 0.34212006451925E+01
 0.34306888952364E+01
 0.34430325756897E+01
 0.34497192696612E+01
 0.34529627410074E+01
 0.34628841725400E+01
 0.34757845412791E+01
 0.34827460086665E+01
 0.34861200705364E+01
 0.34964365825740E+01
 0.35098341223012E+01
 0.35170361914861E+01
 0.35205209841100E+01
 0.35311695759637E+01
 0.35449973520188E+01
 0.35524255342253E+01
 0.35560189994655E+01
 0.35669960522931E+01
 0.35812376872805E+01
 0.35888612942224E+01
 0.35925438624360E+01
 0.36037906401489E+01
 0.36183691226607E+01
 0.36261606265740E+01
 0.36299202051629E+01
 0.36414011322028E+01
 0.36562595523473E+01
 0.36641833627967E+01
 0.36679985088025E+01
 0.36796481779825E+01
 0.36947037902540E+01
 0.37027317538941E+01
 0.37065900190096E+01
 0.37183700794846E+01
 0.37335761656752E+01
 0.37416830604204E+01
 0.37455729487754E+01
 0.37574506675996E+01
 0.37727554094589E+01
 0.37809075816311E+01
 0.37848101451319E+01
 0.37967267955390E+01
 0.38120565144764E+01
 0.38202229463062E+01
 0.38241238745225E+01
 0.38360375594972E+01
 0.38513313531299E+01
 0.38594776896562E+01
 0.38633583207856E+01
 0.38752126341280E+01
 0.38903950479362E+01
 0.38984863533865E+01
 0.39023294195984E+01
 0.39140712998924E+01
 0.39290737876880E+01
 0.39370761733287E+01
 0.39408652048553E+01
 0.39524460974197E+01
 0.39672007330547E+01
 0.39750779973397E+01
 0.39787940568016E+01
 0.39901566677675E+01
 0.40045862209247E+01
 0.40123000766882E+01
 0.40159238546526E+01
 0.40270096546245E+01
 0.40410362679177E+01
 0.40485479664534E+01
 0.40520601308163E+01
 0.40628108380703E+01
 0.40763556018492E+01
 0.40836242347743E+01
 0.40870040573354E+01
 0.40973569181559E+01
 0.41103358145689E+01
 0.41173187505990E+01
 0.41205448642083E+01
 0.41304352169355E+01
 0.41427610651206E+01
 0.41494130637065E+01
 0.41524626087667E+01
 0.41618214108341E+01
 0.41734004858022E+01
 0.41796731773092E+01
 0.41825215823295E+01
 0.41912744342845E+01
 0.42020061015888E+01
 0.42078476982753E+01
 0.42104687606540E+01
 0.42185361523794E+01
 0.42283131370570E+01
 0.42336679347280E+01
 0.42360335825941E+01
 0.42433302932994E+01
 0.42520370939694E+01
 0.42568446023975E+01
 0.42589242395148E+01
 0.42653573886489E+01
 0.42728679916833E+01
 0.42770622313179E+01
 0.42788225079675E+01
 0.42842906362274E+01
 0.42904675709020E+01
 0.42939760824135E+01
 0.42953804532039E+01
 0.42997723460735E+01
 0.43044647201370E+01
 0.43072077761090E+01
 0.43082160357216E+01
 0.43114092194736E+01
 0.43144507089721E+01
 0.43163400295744E+01
 0.43169076860378E+01
 0.43187665039126E+01
 0.43199729940811E+01
 0.43209103693841E+01
 0.43209880223679E+01
 0.43213617154587E+01
 0.43205283842555E+01
 0.43204042149168E+01
 0.43199367142995E+01
 0.43186568902443E+01
 0.43155550391392E+01
 0.43142461988427E+01
 0.43131716864781E+01
 0.43100493001201E+01
 0.43044220626800E+01
 0.43017896059331E+01
 0.43000382728819E+01
 0.42948599285461E+01
 0.42864173437716E+01
 0.42823034530550E+01
 0.42797960434587E+01
 0.42723193922448E+01
 0.42607322175164E+01
 0.42549563641294E+01
 0.42516022622529E+01
 0.42415502011265E+01
 0.42264419733439E+01
 0.42187963411423E+01
 0.42144912400330E+01
 0.42015448955863E+01
 0.41824827115425E+01
 0.41727258385725E+01
 0.41673486035687E+01
 0.41511378394105E+01
 0.41276197959684E+01
 0.41154679397959E+01
 0.41088763225016E+01
 0.40889668887970E+01
 0.40604050395728E+01
 0.40455196962205E+01
 0.40375441156776E+01
 0.40134189703648E+01
 0.39791148312468E+01
 0.39610818851327E+01
 0.39515150360724E+01
 0.39225430838772E+01
 0.38816463077037E+01
 0.38599364571142E+01
 0.38485134005203E+01
 0.38138894184991E+01
 0.37653175065269E+01
 0.37391972797786E+01
 0.37255502376332E+01
 0.36841578577209E+01
 0.36264109290753E+01
 0.35946918624516E+01
 0.35782216490204E+01
 0.35282420684515E+01
 0.34588682113500E+01
 0.34188784359474E+01
 0.33982227611901E+01
 0.33355107811995E+01
 0.32488678135312E+01
 0.31802318322957E+01
 0.31447364237834E+01
 0.30366127690849E+01
 0.28873233869990E+01
 0.27839167994288E+01
 0.27829889636571E+01
 0.27601329757746E+01
 0.26911355776046E+01
 0.25982742204567E+01
 0.25551856989949E+01
 0.25336353858054E+01
 0.24687287845449E+01
 0.23819600416091E+01
 0.23405310830659E+01
 0.23199018578729E+01
 0.22578843640506E+01
 0.21754096001513E+01
 0.21355486038999E+01
 0.21157700914670E+01
 0.20564063864348E+01
 0.19778036680305E+01
 0.19394056168069E+01
 0.19204088658774E+01
 0.18634757753068E+01
 0.17883762836790E+01
 0.17512406026124E+01
 0.17329153206556E+01
 0.16780723031369E+01
 0.16059801463198E+01
 0.15703786208170E+01
 0.15528476649441E+01
 0.15004539480168E+01
 0.14317936816015E+01
 0.13980871493543E+01
 0.13815160746885E+01
 0.13320563292099E+01
 0.12674114256554E+01
 0.12361222818902E+01
 0.12207543258178E+01
 0.11749402775698E+01
 0.11151792027265E+01
 0.10871578055172E+01
 0.10733946274746E+01
 0.10324010604680E+01
 0.97897511543385E+00
 0.95223994722583E+00
 0.93911992553075E+00
 0.90009345915382E+00
 0.84933954817124E+00
 0.82051804583361E+00
 0.80642100460104E+00
 0.76460726114700E+00
 0.71054754983398E+00
 0.68137070829556E+00
 0.66713312110234E+00
 0.62503400282458E+00
 0.57090181108447E+00
 0.54264858145974E+00
 0.52888153624880E+00
 0.48831188811760E+00
 0.43641087080036E+00
 0.41010608046696E+00
 0.39729467124004E+00
 0.35967509236155E+00
 0.31176633745430E+00
 0.28799293802320E+00
 0.27641177149021E+00
 0.24252996705598E+00
 0.19956186119483E+00
 0.17937669850502E+00
 0.16952712712316E+00
 0.14078792999237E+00
 0.10441285115196E+00
 0.88653112245500E-01
 0.80938280464900E-01
 0.58434084233966E-01
 0.29892470066197E-01
 0.15010670216432E-01
 0.77375577883440E-02
-0.13353772669973E-01
-0.39884697095609E-01
-0.53926088812691E-01
-0.60771854659395E-01
-0.80454695975036E-01
-0.10490502233864E+00
-0.11698299854415E+00
-0.12285976976998E+00
-0.13961231298681E+00
-0.16015859020315E+00
-0.17008860694946E+00
-0.17490198426596E+00
-0.18847209840557E+00
-0.20481990311932E+00
-0.21265434557344E+00
-0.21642261695759E+00
-0.22686434662556E+00
-0.23906445628802E+00
-0.24478905729850E+00
-0.24749816866778E+00
-0.25477056110491E+00
-0.26275486497681E+00
-0.26629020224406E+00
-0.26789428564380E+00
-0.27186363520617E+00
-0.27545103497682E+00
-0.27663523827341E+00
-0.27704836443809E+00
-0.27746675294029E+00
-0.27634390014741E+00
-0.27488512930222E+00
-0.27395798454791E+00
-0.27040010948801E+00
-0.26405671760415E+00
-0.25934922542046E+00
-0.25677669418505E+00
-0.24838173936468E+00
-0.23582381502579E+00
-0.22688663743930E+00
-0.22221901658692E+00
-0.20790697168307E+00
-0.18834331789121E+00
-0.17860746445879E+00
-0.17372416474967E+00
-0.15939381341305E+00
-0.14105537158941E+00
-0.13238367115653E+00
-0.12813448526144E+00
-0.11594917861228E+00
-0.10093764837533E+00
-0.94017352983671E-01
-0.90676926674487E-01
-0.81231316479975E-01
-0.69874777720379E-01
-0.64724357162047E-01
-0.62263300993908E-01
-0.55368301663048E-01
-0.47213252197909E-01
-0.43555635348453E-01
-0.41820046215924E-01
-0.36988351788021E-01
-0.31338339483737E-01
-0.28823868746222E-01
-0.27636521815805E-01
-0.24345909902788E-01
-0.20528881310257E-01
-0.18839565024014E-01
-0.18044608831845E-01
-0.15848625892558E-01
-0.13316096243381E-01
-0.12199788093455E-01
-0.11675775141799E-01
-0.10231709941420E-01
-0.85734004362496E-02
-0.78446245407773E-02
-0.75031395012581E-02
-0.65637678566374E-02
-0.54884318342826E-02
-0.50169211104663E-02
-0.47962758917757E-02
-0.41901420734264E-02
-0.34979280039436E-02
-0.31949335783008E-02
-0.30532864928440E-02
-0.26645768852830E-02
-0.22214744435263E-02
-0.20277836952480E-02
-0.19373032530138E-02
-0.16892101082879E-02
-0.14068031771038E-02
-0.12834901192486E-02
-0.12259194613594E-02
-0.10681669762327E-02
-0.88879868626946E-03
-0.81054682467533E-03
-0.77403059426278E-03
-0.67402379815346E-03
-0.56041788688603E-03
-0.51089242561477E-03
-0.48779001987742E-03
-0.42454750373673E-03
-0.35275963063098E-03
-0.32148414863744E-03
-0.30689943050786E-03
-0.26698884853482E-03
-0.22171458447722E-03
-0.20200105313833E-03
-0.19281044262824E-03
-0.16766873176723E-03
-0.13916395867478E-03
-0.12675838557499E-03
-0.12097612118543E-03
-0.10516270082886E-03
-0.87242754129338E-04
-0.79447289940384E-04
-0.75814537834973E-04
-0.65882141504444E-04
-0.54631558496478E-04
-0.49739389923578E-04
-0.47460010379530E-04
-0.41229330273472E-04
-0.34174548308290E-04
-0.31108049903970E-04
-0.29679530062146E-04
-0.25775495522536E-04
-0.21356714319835E-04
-0.19436124821724E-04
-0.18541580045684E-04
-0.16097407712484E-04
-0.13332058712950E-04
-0.12131352582020E-04
-0.11572170443095E-04
-0.10044542530228E-04
-0.83166314081244E-05
-0.75663789522519E-05
-0.72170233278972E-05
-0.62627793341592E-05
-0.51837430882565E-05
-0.47153709779792E-05
-0.44972998896116E-05
-0.39017462224099E-05
-0.32284958204938E-05
-0.29363469228916E-05
-0.28003400755067E-05
-0.24289604316265E-05
-0.20092413102767E-05
-0.18271606519013E-05
-0.17424043087379E-05
-0.15110023148909E-05
-0.12495467054725E-05
-0.11361540367995E-05
-0.10833767035857E-05
-0.93930367393888E-06
-0.77655831788937E-06
-0.70599452949403E-06
-0.67315473343536E-06
-0.58351952051315E-06
-0.48229071114780E-06
-0.43841058731201E-06
-0.41799112049514E-06
-0.36226382173979E-06
-0.29934258218484E-06
-0.27207444631723E-06
-0.25938648693774E-06
-0.22476361658348E-06
-0.18567951106880E-06
-0.16874562115471E-06
-0.16086692164526E-06
-0.13937002751702E-06
-0.11510814477747E-06
-0.10459861601608E-06
-0.99709344630197E-07
-0.86370527575714E-07
-0.71318969541342E-07
-0.64800493016589E-07
-0.61768196561323E-07
-0.53496419150039E-07
-0.44164265431987E-07
-0.40123570466814E-07
-0.38244046943619E-07
-0.33117429663402E-07
-0.27334655148050E-07
-0.24831293959160E-07
-0.23666945962461E-07
-0.20491360878253E-07
-0.16909945254537E-07
-0.15359849613811E-07
-0.14638930142512E-07
-0.12672912840241E-07
-0.10456007783703E-07
-0.94966717785512E-08
-0.90505336725628E-08
-0.78339800176895E-08
-0.64623945285177E-08
-0.58689642407150E-08
-0.55930082117481E-08
-0.48405803278406E-08
-0.39923939227043E-08
-0.36254797841679E-08
-0.34548686085471E-08
-0.29897142034546E-08
-0.24654366862786E-08
-0.22386780679336E-08
-0.21332440201391E-08
-0.18458109249568E-08
-0.15218882952766E-08
-0.13818082283174E-08
-0.13166800967759E-08
-0.11391417233051E-08
-0.93909114212297E-09
-0.85259232621685E-09
-0.81237818908294E-09
-0.70276279526928E-09
-0.57926342354748E-09
-0.52587178580908E-09
-0.50105078911569E-09
-0.43339848745685E-09
-0.35718640178523E-09
-0.32424264191663E-09
-0.30892832786751E-09
-0.26719021447023E-09
-0.22017650508561E-09
-0.19985679834315E-09
-0.19041137976244E-09
-0.16467012864142E-09
-0.13567840536510E-09
-0.12314950694078E-09
-0.11732583371224E-09
-0.10145572675576E-09
-0.83583482614166E-10
-0.75860830710722E-10
-0.72271348487489E-10
-0.62490191114853E-10
-0.51476157353160E-10
-0.46717500724916E-10
-0.44505772124595E-10
-0.38479246540883E-10
-0.31693742608209E-10
-0.28762356169113E-10
-0.27399959755443E-10
-0.23687887011533E-10
-0.19508693900826E-10
-0.17703437750437E-10
-0.16864455100174E-10
-0.14578620540819E-10
-0.12005362136015E-10
-0.10893919221499E-10
-0.10377400833018E-10
-0.89701957154282E-11
-0.73861767485694E-11
-0.67020708583102E-11
-0.63841586823186E-11
-0.55180756504361E-11
-0.45432464339994E-11
-0.41222749604267E-11
-0.39266508441242E-11
-0.33937377317218E-11
-0.27939562857092E-11
-0.25349684989161E-11
-0.24146213999977E-11
-0.20867887353966E-11
-0.17178467193485E-11
-0.15585490197243E-11
-0.14845283406382E-11
-0.12828993233388E-11
-0.10560018892095E-11
-0.95804205289870E-12
-0.91252445039725E-12
-0.78854108216843E-12
-0.64902897510154E-12
-0.58880109228226E-12
-0.56081660759233E-12
-0.48459356884539E-12
-0.39882896809918E-12
-0.36180663336217E-12
-0.34460489202901E-12
-0.29775302473655E-12
-0.24503935939192E-12
-0.23364347877601E-12
-0.22814584874330E-12
-0.21241701099558E-12
-0.19311896602563E-12
