 0.17184577227701E+01
 0.17184983422537E+01
 0.17185186552216E+01
 0.17185795934999E+01
 0.17186603944366E+01
 0.17186643584455E+01
 0.17186669709630E+01
 0.17186682798340E+01
 0.17186721858532E+01
 0.17186774648456E+01
 0.17186799040512E+01
 0.17186811441845E+01
 0.17186848906856E+01
 0.17186897547360E+01
 0.17186929196185E+01
 0.17186944682499E+01
 0.17186991060028E+01
 0.17187053006253E+01
 0.17187091658941E+01
 0.17187111063742E+01
 0.17187168972608E+01
 0.17187247016930E+01
 0.17187281616128E+01
 0.17187299128033E+01
 0.17187352033155E+01
 0.17187420915026E+01
 0.17187461083243E+01
 0.17187480585367E+01
 0.17187539297569E+01
 0.17187617527725E+01
 0.17187661808448E+01
 0.17187683965547E+01
 0.17187750437055E+01
 0.17187839066836E+01
 0.17187856555582E+01
 0.17187878711820E+01
 0.17187944948100E+01
 0.17188034811596E+01
 0.17188074370788E+01
 0.17188094639425E+01
 0.17188155338574E+01
 0.17188237318374E+01
 0.17188281653666E+01
 0.17188304080520E+01
 0.17188371125374E+01
 0.17188462344591E+01
 0.17188523230272E+01
 0.17188554349820E+01
 0.17188647544733E+01
 0.17188772028102E+01
 0.17188783054069E+01
 0.17188860177448E+01
 0.17188963259936E+01
 0.17189024933017E+01
 0.17189055692909E+01
 0.17189148620674E+01
 0.17189271337430E+01
 0.17189335648084E+01
 0.17189367572997E+01
 0.17189463347827E+01
 0.17189591049313E+01
 0.17189612740224E+01
 0.17189688115224E+01
 0.17189785765130E+01
 0.17189853004525E+01
 0.17189885873889E+01
 0.17189984482341E+01
 0.17190115963229E+01
 0.17190179339837E+01
 0.17190210883924E+01
 0.17190306345158E+01
 0.17190430427781E+01
 0.17190508644265E+01
 0.17190546694366E+01
 0.17190662448075E+01
 0.17190811716343E+01
 0.17190892867376E+01
 0.17190932003064E+01
 0.17191049410156E+01
 0.17191207254471E+01
 0.17191285139498E+01
 0.17191324620112E+01
 0.17191442030250E+01
 0.17191602567503E+01
 0.17191684789248E+01
 0.17191727033410E+01
 0.17191854653963E+01
 0.17192022265555E+01
 0.17192100334230E+01
 0.17192138800480E+01
 0.17192254198204E+01
 0.17192406366606E+01
 0.17192479354598E+01
 0.17192515435655E+01
 0.17192623867879E+01
 0.17192766595992E+01
 0.17192842861740E+01
 0.17192880327752E+01
 0.17192993314637E+01
 0.17193141515818E+01
 0.17193229782602E+01
 0.17193273371013E+01
 0.17193403228062E+01
 0.17193578040511E+01
 0.17193678444114E+01
 0.17193729015996E+01
 0.17193880995602E+01
 0.17194081048955E+01
 0.17194194563215E+01
 0.17194250316878E+01
 0.17194417286844E+01
 0.17194642781685E+01
 0.17194753214451E+01
 0.17194809492434E+01
 0.17194978325860E+01
 0.17195204084404E+01
 0.17195326018123E+01
 0.17195387304131E+01
 0.17195571483295E+01
 0.17195814613566E+01
 0.17195961838481E+01
 0.17196034373515E+01
 0.17196253497974E+01
 0.17196542067551E+01
 0.17196554291146E+01
 0.17196628847664E+01
 0.17196851740147E+01
 0.17197151596797E+01
 0.17197246326000E+01
 0.17197334596893E+01
 0.17197598488404E+01
 0.17197955496258E+01
 0.17198124298103E+01
 0.17198210102664E+01
 0.17198467068313E+01
 0.17198811199439E+01
 0.17199004002578E+01
 0.17199100607224E+01
 0.17199389414518E+01
 0.17199781210669E+01
 0.17199975180389E+01
 0.17200074533114E+01
 0.17200373111410E+01
 0.17200769510738E+01
 0.17201010420696E+01
 0.17201129956721E+01
 0.17201490436804E+01
 0.17201971308860E+01
 0.17202222970072E+01
 0.17202349172484E+01
 0.17202729099458E+01
 0.17203231203547E+01
 0.17203497892751E+01
 0.17203949765696E+01
 0.17203951091598E+01
 0.17204046255066E+01
 0.17204332736537E+01
 0.17204714477391E+01
 0.17204739690263E+01
 0.17204831083429E+01
 0.17205104789562E+01
 0.17205473458028E+01
 0.17205685895384E+01
 0.17205793624614E+01
 0.17206115135064E+01
 0.17206549613351E+01
 0.17206744635707E+01
 0.17206843438751E+01
 0.17207141899241E+01
 0.17207534996401E+01
 0.17207718744519E+01
 0.17207809605056E+01
 0.17208081712787E+01
 0.17208447219496E+01
 0.17208627637248E+01
 0.17208718422447E+01
 0.17208992195239E+01
 0.17209354402946E+01
 0.17209553862137E+01
 0.17209652926991E+01
 0.17209951144796E+01
 0.17210343090382E+01
 0.17210585589013E+01
 0.17210705109748E+01
 0.17211066142692E+01
 0.17211536451747E+01
 0.17211775843804E+01
 0.17211892467621E+01
 0.17212242340299E+01
 0.17212710166736E+01
 0.17213104508629E+01
 0.17213301871163E+01
 0.17213897017737E+01
 0.17214682319910E+01
 0.17214868839924E+01
 0.17215063734529E+01
 0.17215647407362E+01
 0.17216427089675E+01
 0.17216527585957E+01
 0.17216690116951E+01
 0.17217181063933E+01
 0.17217827762494E+01
 0.17218299895230E+01
 0.17218534095578E+01
 0.17219230690497E+01
 0.17220182816150E+01
 0.17220598589520E+01
 0.17220812808988E+01
 0.17221455471662E+01
 0.17222310082650E+01
 0.17222357047758E+01
 0.17222610559115E+01
 0.17223373705161E+01
 0.17224390696322E+01
 0.17224454282963E+01
 0.17224671609852E+01
 0.17225321361302E+01
 0.17226197815395E+01
 0.17226600631115E+01
 0.17226804849475E+01
 0.17227417513104E+01
 0.17228236735150E+01
 0.17228706785041E+01
 0.17228943245697E+01
 0.17229651419113E+01
 0.17230597418193E+01
 0.17231041276461E+01
 0.17231263127292E+01
 0.17231934344616E+01
 0.17232807541848E+01
 0.17233272771322E+01
 0.17233499214351E+01
 0.17234178541569E+01
 0.17235084432764E+01
 0.17235541778021E+01
 0.17235769025181E+01
 0.17236460059135E+01
 0.17237356964657E+01
 0.17237937387522E+01
 0.17238220905348E+01
 0.17239065709577E+01
 0.17240211932251E+01
 0.17241127892602E+01
 0.17241590611314E+01
 0.17242978766064E+01
 0.17244835218757E+01
 0.17245461188028E+01
 0.17246807900217E+01
 0.17247452709511E+01
 0.17247774309309E+01
 0.17248734243880E+01
 0.17250037879310E+01
 0.17250625311894E+01
 0.17250925707412E+01
 0.17251823875704E+01
 0.17253028688837E+01
 0.17253662109830E+01
 0.17253980296433E+01
 0.17254931662820E+01
 0.17256218200756E+01
 0.17256891747251E+01
 0.17257234297277E+01
 0.17258256821768E+01
 0.17259630738855E+01
 0.17260328951172E+01
 0.17260680992916E+01
 0.17261737115983E+01
 0.17263145584580E+01
 0.17263935380817E+01
 0.17264329977104E+01
 0.17265517691287E+01
 0.17267088277644E+01
 0.17267894198874E+01
 0.17268293410533E+01
 0.17269497018204E+01
 0.17271081684589E+01
 0.17271872327480E+01
 0.17272262307662E+01
 0.17273428388961E+01
 0.17275000865894E+01
 0.17276038166436E+01
 0.17276561374522E+01
 0.17278146542463E+01
 0.17280196531606E+01
 0.17281525027084E+01
 0.17282172494669E+01
 0.17284099005591E+01
 0.17286702631237E+01
 0.17287943713723E+01
 0.17288569718764E+01
 0.17290466172061E+01
 0.17292938906902E+01
 0.17294330990855E+01
 0.17295013054333E+01
 0.17297055914718E+01
 0.17299778139008E+01
 0.17301126917637E+01
 0.17301797835573E+01
 0.17303823670632E+01
 0.17306501830308E+01
 0.17308016725188E+01
 0.17308767778634E+01
 0.17311024585707E+01
 0.17314014430659E+01
 0.17316119409717E+01
 0.17317166120039E+01
 0.17320286184761E+01
 0.17324560738585E+01
 0.17327028389552E+01
 0.17328296503298E+01
 0.17332106914696E+01
 0.17337170055308E+01
 0.17339866327285E+01
 0.17341741115434E+01
 0.17342684925655E+01
 0.17345511909549E+01
 0.17349307786709E+01
 0.17351087207996E+01
 0.17351980861817E+01
 0.17354682805889E+01
 0.17358206288766E+01
 0.17360108118429E+01
 0.17361036696665E+01
 0.17363822437481E+01
 0.17367538778336E+01
 0.17369525221154E+01
 0.17370519194679E+01
 0.17373501094918E+01
 0.17377479341108E+01
 0.17379544325080E+01
 0.17380582307405E+01
 0.17383658229771E+01
 0.17387872088918E+01
 0.17389830187442E+01
 0.17390836817636E+01
 0.17393842946444E+01
 0.17397900868565E+01
 0.17400110909407E+01
 0.17401227579279E+01
 0.17404592782186E+01
 0.17409041260278E+01
 0.17411520954672E+01
 0.17412754675473E+01
 0.17416450280163E+01
 0.17421376882295E+01
 0.17423674753685E+01
 0.17424819925394E+01
 0.17428286126363E+01
 0.17432827285231E+01
 0.17433215741520E+01
 0.17434302925949E+01
 0.17437554819146E+01
 0.17441926481433E+01
 0.17444718924285E+01
 0.17446122032045E+01
 0.17450349864873E+01
 0.17455941221189E+01
 0.17459356652742E+01
 0.17461055175154E+01
 0.17466165514195E+01
 0.17472919797833E+01
 0.17476641642809E+01
 0.17478486728812E+01
 0.17484006075574E+01
 0.17491461638308E+01
 0.17495192444690E+01
 0.17497081469104E+01
 0.17502764602487E+01
 0.17510346352957E+01
 0.17511644103363E+01
 0.17513361442027E+01
 0.17518542445519E+01
 0.17525426442664E+01
 0.17530290014893E+01
 0.17532714984365E+01
 0.17540040133220E+01
 0.17549648562800E+01
 0.17554345462576E+01
 0.17556650718765E+01
 0.17563585281867E+01
 0.17572749316137E+01
 0.17578197939227E+01
 0.17580890783750E+01
 0.17588958646082E+01
 0.17599837463110E+01
 0.17600051802789E+01
 0.17602191345483E+01
 0.17608601603939E+01
 0.17617206004306E+01
 0.17621627696151E+01
 0.17623852616759E+01
 0.17630540507683E+01
 0.17639470085507E+01
 0.17645054154370E+01
 0.17647850423053E+01
 0.17656287535780E+01
 0.17667412245220E+01
 0.17673354797469E+01
 0.17676293821309E+01
 0.17685143999254E+01
 0.17696838668218E+01
 0.17702643916155E+01
 0.17705519401171E+01
 0.17714119597122E+01
 0.17725695747676E+01
 0.17733014211432E+01
 0.17736713782976E+01
 0.17747805842503E+01
 0.17762565151769E+01
 0.17769615746821E+01
 0.17773133544597E+01
 0.17783643841105E+01
 0.17797794651306E+01
 0.17804165119217E+01
 0.17807390466874E+01
 0.17817011341618E+01
 0.17830005352234E+01
 0.17836264952964E+01
 0.17839435240417E+01
 0.17848935505327E+01
 0.17861729647414E+01
 0.17868172546082E+01
 0.17871430632015E+01
 0.17881253026894E+01
 0.17894197559096E+01
 0.17904713024152E+01
 0.17909942382834E+01
 0.17925672497573E+01
 0.17946528453984E+01
 0.17956827405832E+01
 0.17961935452537E+01
 0.17977299351838E+01
 0.17997808414488E+01
 0.18008582704147E+01
 0.18013987830422E+01
 0.18030235572168E+01
 0.18051803088350E+01
 0.18063873416729E+01
 0.18069879888525E+01
 0.18087891140491E+01
 0.18112051836540E+01
 0.18124449917960E+01
 0.18142480346355E+01
 0.18152942148073E+01
 0.18158200000810E+01
 0.18173959710852E+01
 0.18195066513086E+01
 0.18207628968490E+01
 0.18213941296558E+01
 0.18232862209586E+01
 0.18258233739769E+01
 0.18261714995482E+01
 0.18266974310289E+01
 0.18282765675467E+01
 0.18303793757062E+01
 0.18314970360686E+01
 0.18320557756326E+01
 0.18337299864428E+01
 0.18359745865778E+01
 0.18372984405003E+01
 0.18379654408446E+01
 0.18399680159642E+01
 0.18426392353159E+01
 0.18440066455493E+01
 0.18446908338277E+01
 0.18467457148427E+01
 0.18494894572976E+01
 0.18510106480945E+01
 0.18517738912888E+01
 0.18540588287089E+01
 0.18571310366452E+01
 0.18586405592342E+01
 0.18594024172028E+01
 0.18616865132589E+01
 0.18647495378157E+01
 0.18662289925102E+01
 0.18669739399653E+01
 0.18692074084435E+01
 0.18722019674632E+01
 0.18736738521558E+01
 0.18744149723415E+01
 0.18766393829376E+01
 0.18796133551236E+01
 0.18813877540719E+01
 0.18822794677080E+01
 0.18849535460951E+01
 0.18885378489928E+01
 0.18908604776774E+01
 0.18920314335670E+01
 0.18955421370981E+01
 0.19002593913568E+01
 0.19032676137458E+01
 0.19047884386237E+01
 0.19093524145590E+01
 0.19154835312287E+01
 0.19185071461073E+01
 0.19200334268209E+01
 0.19246106277316E+01
 0.19307685342808E+01
 0.19310342101840E+01
 0.19328009263774E+01
 0.19381026826210E+01
 0.19452326966916E+01
 0.19488174115139E+01
 0.19506300471662E+01
 0.19560704154664E+01
 0.19633806698358E+01
 0.19667137148864E+01
 0.19683952617204E+01
 0.19734403545795E+01
 0.19802238842035E+01
 0.19836074408227E+01
 0.19853176776074E+01
 0.19904481628016E+01
 0.19973482648569E+01
 0.20010753412993E+01
 0.20029607941362E+01
 0.20086192497576E+01
 0.20162285816717E+01
 0.20204381091158E+01
 0.20262095615859E+01
 0.20297460856504E+01
 0.20315332834537E+01
 0.20368953917504E+01
 0.20441056848652E+01
 0.20475946454503E+01
 0.20493577396631E+01
 0.20546464053208E+01
 0.20617589425967E+01
 0.20655381135021E+01
 0.20674497358848E+01
 0.20731859386659E+01
 0.20808989231410E+01
 0.20846531259927E+01
 0.20865503243531E+01
 0.20922422375648E+01
 0.20998978708210E+01
 0.21035914972898E+01
 0.21054584260915E+01
 0.21110595900583E+01
 0.21185919763282E+01
 0.21223175385433E+01
 0.21242007735260E+01
 0.21298512093299E+01
 0.21374490477348E+01
 0.21415225659282E+01
 0.21435833798494E+01
 0.21497665851471E+01
 0.21580892230019E+01
 0.21619303883476E+01
 0.21638728017794E+01
 0.21697009007472E+01
 0.21775415322859E+01
 0.21817258405636E+01
 0.21838441538179E+01
 0.21902002738200E+01
 0.21987596416628E+01
 0.22030396013831E+01
 0.22052074806911E+01
 0.22117124327878E+01
 0.22204765519120E+01
 0.22249667370571E+01
 0.22272434044736E+01
 0.22340750182977E+01
 0.22432869497922E+01
 0.22478313506193E+01
 0.22501368253034E+01
 0.22570549709244E+01
 0.22663881650449E+01
 0.22711067297875E+01
 0.22735029757798E+01
 0.22806937034484E+01
 0.22904021940951E+01
 0.22951940401623E+01
 0.22976289847546E+01
 0.23049357601032E+01
 0.23148060149681E+01
 0.23199571625436E+01
 0.23225787942045E+01
 0.23304460971420E+01
 0.23410857758483E+01
 0.23464073039252E+01
 0.23491175326502E+01
 0.23572506802225E+01
 0.23682555662675E+01
 0.23737379561685E+01
 0.23765314911033E+01
 0.23849145507849E+01
 0.23962614325958E+01
 0.24019544085777E+01
 0.24048566832649E+01
 0.24135659261566E+01
 0.24253575929387E+01
 0.24312658775723E+01
 0.24342786086254E+01
 0.24433192428125E+01
 0.24555612654754E+01
 0.24617003112888E+01
 0.24648310927053E+01
 0.24742257732828E+01
 0.24869477630415E+01
 0.24934038950456E+01
 0.24966971366564E+01
 0.25065792243491E+01
 0.25199626295942E+01
 0.25266153225228E+01
 0.25300076544186E+01
 0.25401869613661E+01
 0.25539688652853E+01
 0.25609077525890E+01
 0.25644455277732E+01
 0.25750609705639E+01
 0.25894317804763E+01
 0.25966014505515E+01
 0.26002555919404E+01
 0.26112203007226E+01
 0.26260585268047E+01
 0.26335066094880E+01
 0.26373013449973E+01
 0.26486878032892E+01
 0.26640932660883E+01
 0.26717932570120E+01
 0.26757148671213E+01
 0.26874819332733E+01
 0.27033975083694E+01
 0.27113979568723E+01
 0.27154714702552E+01
 0.27276942823501E+01
 0.27442226579981E+01
 0.27524857931761E+01
 0.27566914793766E+01
 0.27693108752523E+01
 0.27863705255799E+01
 0.27948634778761E+01
 0.27991842589640E+01
 0.28121489154796E+01
 0.28296693988964E+01
 0.28384432515508E+01
 0.28429055171410E+01
 0.28562946987574E+01
 0.28743843131134E+01
 0.28834155102273E+01
 0.28880069715046E+01
 0.29017836955654E+01
 0.29203917303657E+01
 0.29296908949442E+01
 0.29344170115449E+01
 0.29485976557270E+01
 0.29677461297784E+01
 0.29773054784895E+01
 0.29821620822286E+01
 0.29967341460892E+01
 0.30164054295283E+01
 0.30262236848744E+01
 0.30312099459185E+01
 0.30461709165811E+01
 0.30663610388468E+01
 0.30764182037255E+01
 0.30815236304330E+01
 0.30968419824894E+01
 0.31175073171784E+01
 0.31278343755670E+01
 0.31330747432208E+01
 0.31487977996108E+01
 0.31700021806934E+01
 0.31805802770213E+01
 0.31859456041834E+01
 0.32020433594708E+01
 0.32237451067657E+01
 0.32345756534192E+01
 0.32400664282478E+01
 0.32565403097446E+01
 0.32787405029061E+01
 0.32897994497125E+01
 0.32954030227072E+01
 0.33122150589863E+01
 0.33348610590178E+01
 0.33461494138099E+01
 0.33518660216098E+01
 0.33690168859415E+01
 0.33921087072972E+01
 0.34036304384744E+01
 0.34094618057330E+01
 0.34269566522767E+01
 0.34505002797437E+01
 0.34622372073907E+01
 0.34681736857027E+01
 0.34859835297835E+01
 0.35099385834507E+01
 0.35218867786525E+01
 0.35279260324435E+01
 0.35460438393889E+01
 0.35703996875094E+01
 0.35825416808021E+01
 0.35886744262587E+01
 0.36070723128131E+01
 0.36317900451590E+01
 0.36441119131605E+01
 0.36503306838052E+01
 0.36689862206390E+01
 0.36940342892570E+01
 0.37065259032429E+01
 0.37128251422161E+01
 0.37317216219682E+01
 0.37570761538594E+01
 0.37697187402459E+01
 0.37760884640861E+01
 0.37951958996618E+01
 0.38208149797133E+01
 0.38335884373224E+01
 0.38400179606768E+01
 0.38593042566852E+01
 0.38851430306155E+01
 0.38980276944306E+01
 0.39045065126302E+01
 0.39239401099308E+01
 0.39499543086806E+01
 0.39629260632874E+01
 0.39694413670297E+01
 0.39889837907314E+01
 0.40151196727747E+01
 0.40281532168005E+01
 0.40346915379657E+01
 0.40543023334441E+01
 0.40805033075058E+01
 0.40935693803191E+01
 0.41001151870084E+01
 0.41197477066277E+01
 0.41459486714004E+01
 0.41590135740449E+01
 0.41655490342173E+01
 0.41851497317309E+01
 0.42112761495349E+01
 0.42243026717807E+01
 0.42308081227456E+01
 0.42503179630095E+01
 0.42762877591206E+01
 0.42892353930314E+01
 0.42956894473552E+01
 0.43150442264211E+01
 0.43407682195641E+01
 0.43535914303682E+01
 0.43599701175550E+01
 0.43790978902771E+01
 0.44044764016738E+01
 0.44171248517446E+01
 0.44234017419914E+01
 0.44422231907819E+01
 0.44671465666530E+01
 0.44795647613498E+01
 0.44857107952333E+01
 0.45041387278338E+01
 0.45284866911047E+01
 0.45406138940687E+01
 0.45465973444806E+01
 0.45645365762583E+01
 0.45881780895459E+01
 0.45999475455804E+01
 0.46057336399593E+01
 0.46230798628810E+01
 0.46458716570255E+01
 0.46572105788827E+01
 0.46627614916525E+01
 0.46794012531207E+01
 0.47011877826696E+01
 0.47120166323948E+01
 0.47172911262743E+01
 0.47331007509386E+01
 0.47537127804213E+01
 0.47639451185925E+01
 0.47688984561041E+01
 0.47837437843857E+01
 0.48029979643329E+01
 0.48125395255049E+01
 0.48171229895821E+01
 0.48308579357662E+01
 0.48485548598170E+01
 0.48573027663160E+01
 0.48614632393655E+01
 0.48739285319521E+01
 0.48898509475171E+01
 0.48976925858792E+01
 0.49013719345059E+01
 0.49123932726047E+01
 0.49263034613459E+01
 0.49331146052185E+01
 0.49362486799557E+01
 0.49456337378198E+01
 0.49572693437359E+01
 0.49629119584017E+01
 0.49654293781155E+01
 0.49729641664598E+01
 0.49820329848819E+01
 0.49863517128293E+01
 0.49881719238080E+01
 0.49936149828089E+01
 0.49997866701896E+01
 0.50026032518538E+01
 0.50036334347722E+01
 0.50067065821785E+01
 0.50095994218472E+01
 0.50107034452391E+01
 0.50108333093728E+01
 0.50112060700192E+01
 0.50103644870776E+01
 0.50094960076125E+01
 0.50085878983048E+01
 0.50058479134326E+01
 0.50006994446019E+01
 0.49975115881633E+01
 0.49953789252717E+01
 0.49889674518691E+01
 0.49787282045300E+01
 0.49726886685875E+01
 0.49690381962952E+01
 0.49580773451845E+01
 0.49414962153950E+01
 0.49315130670308E+01
 0.49257199991590E+01
 0.49083402094642E+01
 0.48826889679505E+01
 0.48618033127101E+01
 0.48494837129308E+01
 0.48125879797967E+01
 0.47576996781404E+01
 0.47172940559567E+01
 0.47172194296837E+01
 0.47077605523425E+01
 0.46794174636957E+01
 0.46398328233021E+01
 0.46212123233247E+01
 0.46114325033107E+01
 0.45821272947829E+01
 0.45416655413864E+01
 0.45221012885029E+01
 0.45119346794015E+01
 0.44814698903802E+01
 0.44397257521034E+01
 0.44192941021617E+01
 0.44087603675719E+01
 0.43771945233043E+01
 0.43341892033000E+01
 0.43129046370875E+01
 0.43019992996907E+01
 0.42693188393393E+01
 0.42249977466629E+01
 0.42027783878424E+01
 0.41914519848488E+01
 0.41575088040821E+01
 0.41116482941042E+01
 0.40886681222245E+01
 0.40770067734781E+01
 0.40420581642142E+01
 0.39949979658460E+01
 0.39715362296074E+01
 0.39596792100368E+01
 0.39241415108828E+01
 0.38764328125767E+01
 0.38529649843678E+01
 0.38411484704630E+01
 0.38057282135964E+01
 0.37583043974627E+01
 0.37356957205818E+01
 0.37243478510688E+01
 0.36903269988336E+01
 0.36448793208815E+01
 0.36217478166203E+01
 0.36101663705879E+01
 0.35754431459037E+01
 0.35291350471084E+01
 0.35023376322009E+01
 0.34889521180732E+01
 0.34488239041810E+01
 0.33953981405141E+01
 0.33659008676064E+01
 0.33512032356221E+01
 0.33071427682885E+01
 0.32486013789817E+01
 0.32172269638348E+01
 0.32016376018442E+01
 0.31549035262091E+01
 0.30929532341317E+01
 0.30605952585299E+01
 0.30445660811627E+01
 0.29965112362237E+01
 0.29329700460385E+01
 0.29003638540734E+01
 0.28842639823089E+01
 0.28359927535042E+01
 0.27723305353461E+01
 0.27413169005398E+01
 0.27260429360249E+01
 0.26802403485285E+01
 0.26199521563260E+01
 0.25928454189244E+01
 0.25795078952143E+01
 0.25395044500518E+01
 0.24868747804682E+01
 0.24583529174660E+01
 0.24443723671715E+01
 0.24024368915019E+01
 0.23474232937241E+01
 0.23169244828186E+01
 0.23020449639716E+01
 0.22574073725882E+01
 0.21990680205401E+01
 0.21685697968471E+01
 0.21537474675983E+01
 0.21092731977688E+01
 0.20513182774916E+01
 0.20213187883276E+01
 0.20067924144490E+01
 0.19631968458493E+01
 0.19065439757622E+01
 0.18769334185177E+01
 0.18626527995861E+01
 0.18197839771743E+01
 0.17642439858604E+01
 0.17348821366307E+01
 0.17207850464007E+01
 0.16784540442448E+01
 0.16237969504328E+01
 0.15944606846921E+01
 0.15804496037009E+01
 0.15383600103907E+01
 0.14842302471249E+01
 0.14545427524668E+01
 0.14404555576954E+01
 0.13981138163937E+01
 0.13439286157856E+01
 0.13131759462357E+01
 0.12987111582586E+01
 0.12551971023012E+01
 0.11998911191007E+01
 0.11663623699380E+01
 0.11508153764461E+01
 0.11039682412318E+01
 0.10451084890660E+01
 0.10069254223012E+01
 0.98963074730832E+00
 0.93734008948125E+00
 0.87291969316355E+00
 0.84137233725872E+00
 0.82712439446552E+00
 0.78406681185236E+00
 0.73084605245695E+00
 0.70489468677604E+00
 0.69312256526140E+00
 0.65756796312146E+00
 0.61349257211796E+00
 0.59194870995332E+00
 0.58214493189376E+00
 0.55254773528721E+00
 0.51579087194243E+00
 0.49779242880846E+00
 0.48958685497814E+00
 0.46482096292398E+00
 0.43403351484752E+00
 0.41893943464767E+00
 0.41205138757828E+00
 0.39126490667743E+00
 0.36541194128004E+00
 0.35272599802576E+00
 0.34693441556115E+00
 0.32945793140441E+00
 0.30771747882392E+00
 0.29704288136879E+00
 0.29216885399831E+00
 0.27746150108986E+00
 0.25916488237210E+00
 0.25017721503982E+00
 0.24607341187064E+00
 0.23369024764438E+00
 0.21828526385076E+00
 0.21071563057852E+00
 0.20725947322088E+00
 0.19683051380226E+00
 0.18385712175133E+00
 0.17748089400633E+00
 0.17456980713383E+00
 0.16578552658894E+00
 0.15485854825730E+00
 0.14948727820206E+00
 0.14703515425849E+00
 0.13963574583920E+00
 0.13043179598708E+00
 0.12590703681694E+00
 0.12384146961843E+00
 0.11760847196760E+00
 0.10985563249076E+00
 0.10604401155310E+00
 0.10430406085935E+00
 0.99053605085173E-01
 0.92523040992070E-01
 0.89312229102297E-01
 0.87846579887823E-01
 0.83423834548292E-01
 0.77922875987396E-01
 0.75218242083092E-01
 0.73983672871483E-01
 0.70258223592443E-01
 0.65624605753421E-01
 0.63346419096374E-01
 0.62306520221889E-01
 0.59168503702969E-01
 0.55265546695251E-01
 0.53346627852784E-01
 0.52470725589756E-01
 0.49827584501370E-01
 0.46540148477272E-01
 0.44923893175185E-01
 0.44186145130720E-01
 0.41959899409841E-01
 0.39190984664793E-01
 0.37829699674723E-01
 0.37208333478819E-01
 0.35333283725806E-01
 0.33001170457107E-01
 0.31854671994858E-01
 0.31331344497639E-01
 0.29752138752063E-01
 0.27787980351298E-01
 0.26822412983376E-01
 0.26381670526354E-01
 0.25051675803572E-01
 0.23397471906018E-01
 0.22584058233853E-01
 0.22212774289604E-01
 0.21092375428224E-01
 0.19698890144635E-01
 0.19014162023979E-01
 0.18701609535258E-01
 0.17758445255697E-01
 0.16585356078271E-01
 0.16008788083080E-01
 0.15745600526799E-01
 0.14951401891717E-01
 0.13963584132297E-01
 0.13478097744896E-01
 0.13256483354692E-01
 0.12587737438572E-01
 0.11755949129359E-01
 0.11347166836851E-01
 0.11160563629476E-01
 0.10597468624925E-01
 0.98970827773824E-02
 0.95528949397188E-02
 0.93957759383279E-02
 0.89216533420341E-02
 0.83319272321373E-02
 0.80421345400965E-02
 0.79098446230157E-02
 0.75106468981537E-02
 0.70141097717930E-02
 0.67701221128198E-02
 0.66587405771472E-02
 0.63226364171585E-02
 0.59045737027050E-02
 0.56991564686610E-02
 0.56053812475228E-02
 0.53224061834640E-02
 0.49704249764782E-02
 0.47974853343846E-02
 0.47185354556863E-02
 0.44802975096994E-02
 0.41839605195671E-02
 0.40383673605258E-02
 0.39719007768689E-02
 0.37713324994593E-02
 0.35218496842406E-02
 0.33992819375788E-02
 0.33433263025088E-02
 0.31744758775115E-02
 0.29644446638045E-02
 0.28612635192170E-02
 0.28141578739449E-02
 0.26720131473916E-02
 0.24951995951811E-02
 0.24083408625928E-02
 0.23686865131338E-02
 0.22490267560308E-02
 0.21001812104605E-02
 0.20270646515208E-02
 0.19936837899619E-02
 0.18929548300152E-02
 0.17676566356594E-02
 0.17061095900804E-02
 0.16780104397435E-02
 0.15932194812109E-02
 0.14877461763014E-02
 0.14359392291805E-02
 0.14122866839159E-02
 0.13409137061231E-02
 0.12521308356376E-02
 0.12085236301534E-02
 0.11886145238911E-02
 0.11285376529189E-02
 0.10538059573439E-02
 0.10171015639009E-02
 0.10003438445386E-02
 0.94977650681414E-03
 0.88687376178104E-03
 0.85598023169417E-03
 0.84187541382144E-03
 0.79931338461326E-03
 0.74636854770473E-03
 0.72036653800232E-03
 0.70849492692691E-03
 0.67267174206955E-03
 0.62810949368867E-03
 0.60622501592939E-03
 0.59623326752777E-03
 0.56608268192705E-03
 0.52857674118047E-03
 0.51015818492257E-03
 0.50174882070951E-03
 0.47637317097199E-03
 0.44480693934636E-03
 0.42930574538522E-03
 0.42222832851086E-03
 0.40087190302229E-03
 0.37430534945135E-03
 0.36125971467289E-03
 0.35530341361922E-03
 0.33733001404802E-03
 0.31497176439579E-03
 0.30399294290818E-03
 0.29898027751405E-03
 0.28385434565713E-03
 0.26503820880126E-03
 0.25579895342971E-03
 0.25158051906962E-03
 0.23885121730780E-03
 0.22301638468684E-03
 0.21524123293021E-03
 0.21169126618812E-03
 0.20097909658186E-03
 0.18765349473143E-03
 0.18111057462915E-03
 0.17812321164720E-03
 0.16910872424517E-03
 0.15789497559379E-03
 0.15238910888053E-03
 0.14987523869677E-03
 0.14228953658294E-03
 0.13285314682386E-03
 0.12822005362078E-03
 0.12610467128908E-03
 0.11972142224298E-03
 0.11178085131565E-03
 0.10788225627846E-03
 0.10610223156897E-03
 0.10073093750225E-03
 0.94049208514673E-04
 0.90768735366892E-04
 0.89270932565874E-04
 0.84751254814694E-04
 0.79128912332688E-04
 0.76368616177502E-04
 0.75108316082305E-04
 0.71305312367732E-04
 0.66574491660176E-04
 0.64251931053902E-04
 0.63191492710801E-04
 0.59991579083026E-04
 0.56010988433004E-04
 0.54056777163705E-04
 0.53164521005990E-04
 0.50472104314490E-04
 0.47122825455616E-04
 0.45478578731493E-04
 0.44727847051146E-04
 0.42462483876226E-04
 0.39644454247639E-04
 0.38261026591165E-04
 0.37629381872691E-04
 0.35723369930671E-04
 0.33352356498567E-04
 0.32777800627331E-04
 0.32506890589708E-04
 0.31693072990118E-04
 0.30641633490599E-04
