 0.10000000000000E+01
 0.12597515799613E+01
 0.13313582215045E+01
 0.16299168073058E+01
 0.18239118241396E+01
 0.19098434367958E+01
 0.19192743681558E+01
 0.19236304301990E+01
 0.19369130496090E+01
 0.19530694525217E+01
 0.19621094996377E+01
 0.19661571909877E+01
 0.19783018438473E+01
 0.19941667916001E+01
 0.20042370310681E+01
 0.20091963956447E+01
 0.20237141184403E+01
 0.20439000161565E+01
 0.20556520631858E+01
 0.20615627784043E+01
 0.20804813186314E+01
 0.21016891326108E+01
 0.21143483443771E+01
 0.21196043257201E+01
 0.21357657037638E+01
 0.21557804201217E+01
 0.21682349920874E+01
 0.21739240918408E+01
 0.21912822554318E+01
 0.22138224054152E+01
 0.22269744818805E+01
 0.22332987902687E+01
 0.22521248636335E+01
 0.22784941053767E+01
 0.22825185237775E+01
 0.22887930056970E+01
 0.23076143985954E+01
 0.23315261727617E+01
 0.23434243471257E+01
 0.23489240784339E+01
 0.23655637413012E+01
 0.23876713204447E+01
 0.23996177165691E+01
 0.24055529084634E+01
 0.24238024382523E+01
 0.24467183794231E+01
 0.24637787515001E+01
 0.24718014429300E+01
 0.24956857688629E+01
 0.25290934480796E+01
 0.25303330859564E+01
 0.25499281584160E+01
 0.25754794291145E+01
 0.25911381245994E+01
 0.25986882705869E+01
 0.26215345728788E+01
 0.26514280380272E+01
 0.26668451130714E+01
 0.26744469430041E+01
 0.26980049275931E+01
 0.27257318601022E+01
 0.27328542798797E+01
 0.27501365696282E+01
 0.27739877176294E+01
 0.27887487667668E+01
 0.27962994674120E+01
 0.28189566507297E+01
 0.28480947877909E+01
 0.28629300545000E+01
 0.28699796309327E+01
 0.28914767861512E+01
 0.29187094900386E+01
 0.29362381477368E+01
 0.29444202624217E+01
 0.29697931207009E+01
 0.30008954211245E+01
 0.30190034460220E+01
 0.30271773518322E+01
 0.30529292312311E+01
 0.30831491859911E+01
 0.31016644517250E+01
 0.31097781421238E+01
 0.31337278911950E+01
 0.31671616891540E+01
 0.31834219221679E+01
 0.31918687682234E+01
 0.32174264602299E+01
 0.32517897741709E+01
 0.32664034011405E+01
 0.32738786382854E+01
 0.32957610094876E+01
 0.33277622589543E+01
 0.33399104868143E+01
 0.33467114959901E+01
 0.33674590873743E+01
 0.33951846279201E+01
 0.34091319055542E+01
 0.34161735055113E+01
 0.34376445358222E+01
 0.34645185500600E+01
 0.34815877224729E+01
 0.34895319154219E+01
 0.35139561564790E+01
 0.35442359157868E+01
 0.35637368509094E+01
 0.35726714750654E+01
 0.35999315944932E+01
 0.36358206722869E+01
 0.36558166035976E+01
 0.36654381599230E+01
 0.36952716300469E+01
 0.37323809457529E+01
 0.37530461590757E+01
 0.37628141503470E+01
 0.37907109740813E+01
 0.38314466062636E+01
 0.38502130819423E+01
 0.38602787392258E+01
 0.38914845429826E+01
 0.39303140072525E+01
 0.39552240814761E+01
 0.39670900246249E+01
 0.40012564786392E+01
 0.40525412626917E+01
 0.40504161150952E+01
 0.40622360058578E+01
 0.40985588387388E+01
 0.41423331876691E+01
 0.41594613319968E+01
 0.41728250930379E+01
 0.42155929915480E+01
 0.42641967985166E+01
 0.42939192178318E+01
 0.43066486349510E+01
 0.43448471056229E+01
 0.43959226075258E+01
 0.44237220323165E+01
 0.44377530090770E+01
 0.44801908022976E+01
 0.45342823968922E+01
 0.45634174615932E+01
 0.45771961093932E+01
 0.46195688531929E+01
 0.46733836705078E+01
 0.47074814713419E+01
 0.47239172081573E+01
 0.47720399571242E+01
 0.48387305299997E+01
 0.48703399041285E+01
 0.48868261951783E+01
 0.49379172701886E+01
 0.49987952158987E+01
 0.50355677675469E+01
 0.50978390229647E+01
 0.50945038868117E+01
 0.51066122543091E+01
 0.51420617419048E+01
 0.51926053149804E+01
 0.51934446840542E+01
 0.52047731193773E+01
 0.52390329611377E+01
 0.52828573252024E+01
 0.53098365046026E+01
 0.53228069380253E+01
 0.53629887099386E+01
 0.54104008325421E+01
 0.54368989063494E+01
 0.54487262522819E+01
 0.54830683282262E+01
 0.55318559676121E+01
 0.55509185153599E+01
 0.55613580909834E+01
 0.55926801644744E+01
 0.56341656133083E+01
 0.56553058583097E+01
 0.56657001414597E+01
 0.56971332143459E+01
 0.57363178719316E+01
 0.57600321400078E+01
 0.57709165391487E+01
 0.58041167968866E+01
 0.58473467237568E+01
 0.58740355101124E+01
 0.58871588769445E+01
 0.59249453960198E+01
 0.59810850212027E+01
 0.60026441944951E+01
 0.60150579929471E+01
 0.60516993768900E+01
 0.61022725178852E+01
 0.61432458485756E+01
 0.61637014799822E+01
 0.62266036139052E+01
 0.63053038759863E+01
 0.63252590774539E+01
 0.63447446461105E+01
 0.64037091228866E+01
 0.64828230051888E+01
 0.64913892665090E+01
 0.65072991076966E+01
 0.65558176462163E+01
 0.66180796392571E+01
 0.66643678230799E+01
 0.66864733391193E+01
 0.67522838077749E+01
 0.68431072861330E+01
 0.68812030316766E+01
 0.69007017046793E+01
 0.69602004174249E+01
 0.70394023797395E+01
 0.70428767305169E+01
 0.70653286609738E+01
 0.71360897035245E+01
 0.72199991688601E+01
 0.72303797536868E+01
 0.72491177111937E+01
 0.73072227084770E+01
 0.73804196812169E+01
 0.74168331647006E+01
 0.74340826231331E+01
 0.74854222767817E+01
 0.75555987019782E+01
 0.75941622809410E+01
 0.76136607881393E+01
 0.76712084639730E+01
 0.77515039926738E+01
 0.77858090590234E+01
 0.78037281910700E+01
 0.78566145068337E+01
 0.79304580506234E+01
 0.79641438109005E+01
 0.79819477095627E+01
 0.80349219421443E+01
 0.81074032964368E+01
 0.81412028173703E+01
 0.81585370480196E+01
 0.82109873045047E+01
 0.82797058179590E+01
 0.83223502162021E+01
 0.83436586174842E+01
 0.84054860370161E+01
 0.84920999553572E+01
 0.85567819076066E+01
 0.85896494627579E+01
 0.86932597047349E+01
 0.88101593954181E+01
 0.88615925847390E+01
 0.89619732874650E+01
 0.89995960954869E+01
 0.90217395603932E+01
 0.90854256642628E+01
 0.91754324351723E+01
 0.92125664056533E+01
 0.92320116336976E+01
 0.92898725029435E+01
 0.93689673294820E+01
 0.94089302901801E+01
 0.94290726600993E+01
 0.94915586525124E+01
 0.95658527223300E+01
 0.96127941042742E+01
 0.96338339878053E+01
 0.96958938482189E+01
 0.97825737775871E+01
 0.98220879131794E+01
 0.98432233742511E+01
 0.99060911660035E+01
 0.99885773498863E+01
 0.10035271333875E+02
 0.10058037712530E+02
 0.10126351857481E+02
 0.10216319018430E+02
 0.10260801094991E+02
 0.10282964083074E+02
 0.10348307415893E+02
 0.10440850909657E+02
 0.10479761645521E+02
 0.10500949948618E+02
 0.10562861143258E+02
 0.10647816195314E+02
 0.10701536506824E+02
 0.10728647606352E+02
 0.10810007407989E+02
 0.10916774402373E+02
 0.10981654066317E+02
 0.11012968525709E+02
 0.11111277425305E+02
 0.11226714286269E+02
 0.11292600619790E+02
 0.11322356537245E+02
 0.11408390222671E+02
 0.11528807903807E+02
 0.11586132218982E+02
 0.11616144672525E+02
 0.11704541685766E+02
 0.11827638920135E+02
 0.11880287889564E+02
 0.11908628446903E+02
 0.11988823317765E+02
 0.12106983743413E+02
 0.12160496133202E+02
 0.12189992759181E+02
 0.12277634972265E+02
 0.12394935941131E+02
 0.12472459644904E+02
 0.12510687585124E+02
 0.12624280988442E+02
 0.12772555838485E+02
 0.12859022477885E+02
 0.12900161110467E+02
 0.13025178929979E+02
 0.13180389197075E+02
 0.13261464708083E+02
 0.13322623317721E+02
 0.13349292650976E+02
 0.13436868828903E+02
 0.13528093657976E+02
 0.13588356246168E+02
 0.13611849176149E+02
 0.13683264187855E+02
 0.13776255088954E+02
 0.13822821760923E+02
 0.13845162936662E+02
 0.13913126301554E+02
 0.13999667965581E+02
 0.14046417560737E+02
 0.14068206176143E+02
 0.14134551976036E+02
 0.14220519079191E+02
 0.14262906046237E+02
 0.14283403258855E+02
 0.14348446095366E+02
 0.14419867963790E+02
 0.14463571547414E+02
 0.14481611050951E+02
 0.14535799646492E+02
 0.14605302498445E+02
 0.14643155447679E+02
 0.14661038537544E+02
 0.14714779770717E+02
 0.14785108982298E+02
 0.14820212316522E+02
 0.14837865529889E+02
 0.14890849062094E+02
 0.14952235123466E+02
 0.14986822968865E+02
 0.15000897354295E+02
 0.15039945938429E+02
 0.15105877763617E+02
 0.15100338369199E+02
 0.15112471408287E+02
 0.15146669490851E+02
 0.15196206584680E+02
 0.15221333730416E+02
 0.15233976278701E+02
 0.15273031586217E+02
 0.15320011587016E+02
 0.15348932300871E+02
 0.15360686215131E+02
 0.15398465258196E+02
 0.15442954079439E+02
 0.15467178072504E+02
 0.15476949288938E+02
 0.15509899854249E+02
 0.15539216736400E+02
 0.15561773762412E+02
 0.15568570126592E+02
 0.15592473565424E+02
 0.15610490926321E+02
 0.15618791747325E+02
 0.15623190700303E+02
 0.15637004775380E+02
 0.15651423567583E+02
 0.15660744082296E+02
 0.15663811520281E+02
 0.15670968464874E+02
 0.15682142935045E+02
 0.15680061453773E+02
 0.15679505369834E+02
 0.15678776847071E+02
 0.15671383670440E+02
 0.15668857923596E+02
 0.15665569493202E+02
 0.15652073587244E+02
 0.15643883161229E+02
 0.15637202751974E+02
 0.15633093424136E+02
 0.15619577304703E+02
 0.15601036983339E+02
 0.15589452388465E+02
 0.15583669788357E+02
 0.15563449944090E+02
 0.15542337943990E+02
 0.15521910026890E+02
 0.15512399978637E+02
 0.15485795370595E+02
 0.15441698667772E+02
 0.15423988049189E+02
 0.15412485176609E+02
 0.15377893204835E+02
 0.15333980140074E+02
 0.15307624466225E+02
 0.15295593442167E+02
 0.15259293659193E+02
 0.15210655277379E+02
 0.15177555247977E+02
 0.15160588527841E+02
 0.15111839000901E+02
 0.15038419841825E+02
 0.15010220561897E+02
 0.14993544131431E+02
 0.14946228121472E+02
 0.14872088266331E+02
 0.14847062112631E+02
 0.14831772357045E+02
 0.14784119237342E+02
 0.14727803159839E+02
 0.14692753413592E+02
 0.14677713624168E+02
 0.14629812375144E+02
 0.14575266285130E+02
 0.14538780052097E+02
 0.14523018717865E+02
 0.14477663672517E+02
 0.14412792228495E+02
 0.14365489625979E+02
 0.14341065360546E+02
 0.14266747493216E+02
 0.14172662276165E+02
 0.14123861495113E+02
 0.14100461815257E+02
 0.14032109323841E+02
 0.13936582097931E+02
 0.13890831178707E+02
 0.13867422698370E+02
 0.13797472281360E+02
 0.13702627169689E+02
 0.13653696350969E+02
 0.13628228803834E+02
 0.13556920946845E+02
 0.13447324087974E+02
 0.13407481883347E+02
 0.13334409627554E+02
 0.13295666919544E+02
 0.13275602582681E+02
 0.13215989775129E+02
 0.13135880195635E+02
 0.13090634504524E+02
 0.13067970854229E+02
 0.13002485959138E+02
 0.12907801646570E+02
 0.12900192092723E+02
 0.12882525789730E+02
 0.12828482015450E+02
 0.12761364867913E+02
 0.12722424253757E+02
 0.12704665393440E+02
 0.12651478935107E+02
 0.12580250158862E+02
 0.12540238270583E+02
 0.12520146991176E+02
 0.12459828969417E+02
 0.12383400931149E+02
 0.12342618556502E+02
 0.12323538756213E+02
 0.12265931028603E+02
 0.12192809022097E+02
 0.12151011329952E+02
 0.12131183270545E+02
 0.12071689303829E+02
 0.11996313288182E+02
 0.11957417631457E+02
 0.11939331851831E+02
 0.11883916964883E+02
 0.11815978659714E+02
 0.11779444347435E+02
 0.11762895925218E+02
 0.11714132767258E+02
 0.11646634259598E+02
 0.11617703092536E+02
 0.11602370308832E+02
 0.11557196431872E+02
 0.11495833112357E+02
 0.11462291334263E+02
 0.11445362758805E+02
 0.11394801090194E+02
 0.11328339889202E+02
 0.11286496967589E+02
 0.11266391830615E+02
 0.11205902256395E+02
 0.11128212964803E+02
 0.11079255400972E+02
 0.11056092717843E+02
 0.10986797654382E+02
 0.10896920911270E+02
 0.10855281828556E+02
 0.10834869719170E+02
 0.10775138956604E+02
 0.10694187018984E+02
 0.10692577599897E+02
 0.10671721931936E+02
 0.10608856944290E+02
 0.10529934354056E+02
 0.10490312643956E+02
 0.10471829087899E+02
 0.10416969196376E+02
 0.10345243588534E+02
 0.10315057636948E+02
 0.10300233971274E+02
 0.10255990026499E+02
 0.10198339848744E+02
 0.10171291507445E+02
 0.10158123126518E+02
 0.10118827119686E+02
 0.10067789352003E+02
 0.10041455888512E+02
 0.10028761173100E+02
 0.99915604110322E+01
 0.99406835305029E+01
 0.99170922714608E+01
 0.98828160835313E+01
 0.98628363740436E+01
 0.98531404901711E+01
 0.98244205925978E+01
 0.97862776382663E+01
 0.97694492532187E+01
 0.97610484327648E+01
 0.97360626340764E+01
 0.97033215772149E+01
 0.96869620913608E+01
 0.96790008511579E+01
 0.96553123028993E+01
 0.96241358335796E+01
 0.96102355232589E+01
 0.96032993818786E+01
 0.95830226867995E+01
 0.95555756669420E+01
 0.95439476597151E+01
 0.95380004363929E+01
 0.95205601915735E+01
 0.94969366957167E+01
 0.94867324211994E+01
 0.94815118061889E+01
 0.94660487624055E+01
 0.94455922995379E+01
 0.94355291255117E+01
 0.94305519196057E+01
 0.94161333315044E+01
 0.93960849486474E+01
 0.93885638408078E+01
 0.93845412453311E+01
 0.93727162065235E+01
 0.93568574099936E+01
 0.93493447310340E+01
 0.93455806811439E+01
 0.93345753083649E+01
 0.93196867508990E+01
 0.93133267936206E+01
 0.93100775088089E+01
 0.93005892143208E+01
 0.92878151156218E+01
 0.92822029446395E+01
 0.92793605158783E+01
 0.92711602965057E+01
 0.92598929537533E+01
 0.92554200441212E+01
 0.92530852161573E+01
 0.92463426153548E+01
 0.92371238209369E+01
 0.92334113787295E+01
 0.92314850015155E+01
 0.92260170719627E+01
 0.92183093403527E+01
 0.92156015302275E+01
 0.92141179519649E+01
 0.92098958220313E+01
 0.92041420537890E+01
 0.92019283016940E+01
 0.92008001649952E+01
 0.91976515721440E+01
 0.91932886998347E+01
 0.91919645277411E+01
 0.91912458688233E+01
 0.91893617185951E+01
 0.91865827667560E+01
 0.91861088936263E+01
 0.91857909496796E+01
 0.91851066289346E+01
 0.91839198795560E+01
 0.91842188982622E+01
 0.91842898476846E+01
 0.91847714654581E+01
 0.91851301359219E+01
 0.91862029746318E+01
 0.91866521848589E+01
 0.91882789783124E+01
 0.91901454567132E+01
 0.91919827871871E+01
 0.91928115765270E+01
 0.91955502473709E+01
 0.91989893309376E+01
 0.92015382904810E+01
 0.92027548287233E+01
 0.92066701737055E+01
 0.92116062278921E+01
 0.92149274379826E+01
 0.92164999082272E+01
 0.92214699452260E+01
 0.92278502253285E+01
 0.92318761792653E+01
 0.92338131496518E+01
 0.92398958249036E+01
 0.92476986464380E+01
 0.92524387782737E+01
 0.92547159982527E+01
 0.92618076112333E+01
 0.92709741551931E+01
 0.92763837888224E+01
 0.92790011526915E+01
 0.92871172456123E+01
 0.92976217572375E+01
 0.93036839708389E+01
 0.93066184223389E+01
 0.93156724158337E+01
 0.93274566970654E+01
 0.93341414617970E+01
 0.93373954506392E+01
 0.93474137480239E+01
 0.93604527842037E+01
 0.93677344592380E+01
 0.93712770230865E+01
 0.93821627810211E+01
 0.93963151789329E+01
 0.94041358734666E+01
 0.94079337017071E+01
 0.94195762802809E+01
 0.94347414117894E+01
 0.94430757022265E+01
 0.94471310349931E+01
 0.94595514280467E+01
 0.94757188971605E+01
 0.94845316157879E+01
 0.94888144580828E+01
 0.95019190338301E+01
 0.95189744553414E+01
 0.95282269483894E+01
 0.95327234230501E+01
 0.95464664955211E+01
 0.95643517110250E+01
 0.95739998898270E+01
 0.95786856099367E+01
 0.95929982472004E+01
 0.96116141249605E+01
 0.96216185106085E+01
 0.96264734189361E+01
 0.96412963867342E+01
 0.96605523546886E+01
 0.96708609404481E+01
 0.96758554343502E+01
 0.96910949161847E+01
 0.97108900873125E+01
 0.97214806940065E+01
 0.97266109365697E+01
 0.97422589411168E+01
 0.97625672219328E+01
 0.97733939227861E+01
 0.97786313039896E+01
 0.97946020585822E+01
 0.98153114852528E+01
 0.98263344156539E+01
 0.98316613729277E+01
 0.98479033142461E+01
 0.98689328659726E+01
 0.98801009626621E+01
 0.98854872008658E+01
 0.99019080403964E+01
 0.99231415141883E+01
 0.99344158704225E+01
 0.99398443082575E+01
 0.99563915610568E+01
 0.99777655299060E+01
 0.99891122333805E+01
 0.99945675723651E+01
 0.10011197776641E+02
 0.10032644029441E+02
 0.10044017901197E+02
 0.10049474867946E+02
 0.10066109877422E+02
 0.10087531168066E+02
 0.10098892340665E+02
 0.10104332775210E+02
 0.10120919624244E+02
 0.10142239417032E+02
 0.10153544173656E+02
 0.10158944425766E+02
 0.10175411807375E+02
 0.10196535569371E+02
 0.10207740918640E+02
 0.10213079938458E+02
 0.10229363271581E+02
 0.10250208618946E+02
 0.10261274514616E+02
 0.10266533090682E+02
 0.10282576085419E+02
 0.10303064699017E+02
 0.10313949112630E+02
 0.10319105343948E+02
 0.10334841919624E+02
 0.10354885573347E+02
 0.10365545352197E+02
 0.10370577651484E+02
 0.10385942565108E+02
 0.10405455533502E+02
 0.10415848742823E+02
 0.10420736427107E+02
 0.10435667587035E+02
 0.10454566680678E+02
 0.10464650377173E+02
 0.10469371874465E+02
 0.10483804222689E+02
 0.10502003510009E+02
 0.10511734789887E+02
 0.10516268857066E+02
 0.10530138416808E+02
 0.10547552843118E+02
 0.10556887929882E+02
 0.10561212703764E+02
 0.10574453816845E+02
 0.10590995430487E+02
 0.10599889452505E+02
 0.10603982395839E+02
 0.10616527204941E+02
 0.10632105817751E+02
 0.10640513146679E+02
 0.10644351511074E+02
 0.10656131416171E+02
 0.10670656449377E+02
 0.10678530900545E+02
 0.10682091845586E+02
 0.10693038056525E+02
 0.10706418448929E+02
 0.10713713015270E+02
 0.10716973239428E+02
 0.10727015648207E+02
 0.10739158922678E+02
 0.10745826072551E+02
 0.10748762176596E+02
 0.10757830212479E+02
 0.10768643992936E+02
 0.10774635916848E+02
 0.10777224550245E+02
 0.10785247897900E+02
 0.10794640655202E+02
 0.10799909968426E+02
 0.10802128185355E+02
 0.10809037747075E+02
 0.10816920160361E+02
 0.10821420359037E+02
 0.10823245880685E+02
 0.10828974525609E+02
 0.10835260929202E+02
 0.10838947202160E+02
 0.10840358929993E+02
 0.10844843108869E+02
 0.10849453423616E+02
 0.10852283692342E+02
 0.10853262186152E+02
 0.10856443282257E+02
 0.10859305340037E+02
 0.10861241243800E+02
 0.10861769358618E+02
 0.10863595646797E+02
 0.10864647655924E+02
 0.10865655851487E+02
 0.10865719370627E+02
 0.10866147869955E+02
 0.10865341211203E+02
 0.10865394685884E+02
 0.10864983064673E+02
 0.10863981760796E+02
 0.10861284138794E+02
 0.10860363637234E+02
 0.10859470788814E+02
 0.10857021010156E+02
 0.10852419621303E+02
 0.10850515346268E+02
 0.10849140510750E+02
 0.10845239512951E+02
 0.10838744872061E+02
 0.10835858031032E+02
 0.10834006673112E+02
 0.10828670285678E+02
 0.10820320044032E+02
 0.10816464358046E+02
 0.10814149028897E+02
 0.10807414285815E+02
 0.10797276924524E+02
 0.10792479960870E+02
 0.10789721074118E+02
 0.10781648534098E+02
 0.10769826971444E+02
 0.10764130386456E+02
 0.10760956568964E+02
 0.10751631399985E+02
 0.10738265150466E+02
 0.10731722396750E+02
 0.10728169739659E+02
 0.10717699599937E+02
 0.10702963209508E+02
 0.10695630184081E+02
 0.10691738451331E+02
 0.10680242452444E+02
 0.10664333792268E+02
 0.10656235299581E+02
 0.10652033777607E+02
 0.10639601191751E+02
 0.10622695141417E+02
 0.10613668601387E+02
 0.10609109380555E+02
 0.10595605472718E+02
 0.10577631677951E+02
 0.10564486020586E+02
 0.10558242598328E+02
 0.10539884861312E+02
 0.10516526884339E+02
 0.10503245769500E+02
 0.10503052893618E+02
 0.10500347921949E+02
 0.10492228714066E+02
 0.10482407935258E+02
 0.10478108026116E+02
 0.10476249769377E+02
 0.10470649509693E+02
 0.10464180079844E+02
 0.10461271747738E+02
 0.10460119100169E+02
 0.10456626462557E+02
 0.10452956436444E+02
 0.10451331096784E+02
 0.10450821384365E+02
 0.10449253608024E+02
 0.10448133439280E+02
 0.10447725137653E+02
 0.10447823747855E+02
 0.10448079413817E+02
 0.10449378280419E+02
 0.10450165350580E+02
 0.10450864215608E+02
 0.10452919888859E+02
 0.10456620479388E+02
 0.10458608157822E+02
 0.10459907214673E+02
 0.10463764337891E+02
 0.10469858555720E+02
 0.10473032532982E+02
 0.10474919049060E+02
 0.10480541029649E+02
 0.10488962804267E+02
 0.10493244962968E+02
 0.10495670162263E+02
 0.10502912497891E+02
 0.10513438535875E+02
 0.10518595597533E+02
 0.10521425707547E+02
 0.10529889470872E+02
 0.10541934743840E+02
 0.10548212925467E+02
 0.10551599875631E+02
 0.10561735008995E+02
 0.10576005016669E+02
 0.10584446819773E+02
 0.10588981276565E+02
 0.10602548497218E+02
 0.10621608087199E+02
 0.10632364622327E+02
 0.10638108075889E+02
 0.10655295698979E+02
 0.10679320289471E+02
 0.10692476829305E+02
 0.10699447262368E+02
 0.10720314317464E+02
 0.10749305874759E+02
 0.10764774755900E+02
 0.10772901700228E+02
 0.10797242194134E+02
 0.10830846134007E+02
 0.10848457229385E+02
 0.10857634616492E+02
 0.10885133469976E+02
 0.10922870182051E+02
 0.10941639980065E+02
 0.10951336658755E+02
 0.10980403955866E+02
 0.11020043173209E+02
 0.11038218565718E+02
 0.11047524305368E+02
 0.11075429369224E+02
 0.11113249023987E+02
 0.11134096533699E+02
 0.11144737507509E+02
 0.11176648739926E+02
 0.11219795142450E+02
 0.11244139898000E+02
 0.11256529155147E+02
 0.11293684635677E+02
 0.11343788800521E+02
 0.11370469622865E+02
 0.11383983023249E+02
 0.11424511257609E+02
 0.11478959470169E+02
 0.11507651570684E+02
 0.11522108697582E+02
 0.11565466617058E+02
 0.11623481513129E+02
 0.11654313442580E+02
 0.11669763929481E+02
 0.11716097423243E+02
 0.11777822024564E+02
 0.11810949935015E+02
 0.11827447634074E+02
 0.11876914564018E+02
 0.11942478791903E+02
 0.11978129117441E+02
 0.11995748147449E+02
 0.12048566163413E+02
 0.12118133237145E+02
 0.12156671978741E+02
 0.12175528712744E+02
 0.12232040715795E+02
 0.12305857373134E+02
 0.12347994188894E+02
 0.12368316421907E+02
 0.12429196988604E+02
 0.12507774254794E+02
 0.12555375236350E+02
 0.12577786117306E+02
 0.12644889558021E+02
 0.12729789412958E+02
 0.12784181346048E+02
 0.12808677928011E+02
 0.12882015404143E+02
 0.12971565094461E+02
 0.13013668468816E+02
 0.13032142642542E+02
 0.13087591758623E+02
 0.13154110587127E+02
 0.13184885821507E+02
 0.13198106190288E+02
 0.13237898778699E+02
 0.13284983878930E+02
 0.13306660152098E+02
 0.13315815860502E+02
 0.13343445468767E+02
 0.13375793118647E+02
 0.13390638806665E+02
 0.13396828479778E+02
 0.13415547532707E+02
 0.13437288322338E+02
 0.13447245656337E+02
 0.13451356849770E+02
 0.13463811072297E+02
 0.13478189989400E+02
 0.13484766211977E+02
 0.13487461745351E+02
 0.13495637928411E+02
 0.13505036280745E+02
 0.13509330139680E+02
 0.13511080679062E+02
 0.13516395581688E+02
 0.13522485076354E+02
 0.13525264937940E+02
 0.13526393687023E+02
 0.13529823201231E+02
 0.13533742958948E+02
 0.13535531139212E+02
 0.13536255016289E+02
 0.13538455579589E+02
 0.13540966055509E+02
 0.13542110676823E+02
 0.13542572954462E+02
 0.13543978837465E+02
 0.13545580419670E+02
 0.13546310279909E+02
 0.13546604511636E+02
 0.13547499612968E+02
 0.13548518159142E+02
 0.13548982117363E+02
 0.13549168882816E+02
 0.13549737194016E+02
 0.13550383290231E+02
 0.13550677475257E+02
 0.13550795757937E+02
 0.13551155752983E+02
 0.13551564710383E+02
 0.13551750850636E+02
 0.13551825617227E+02
 0.13552053207245E+02
 0.13552311584979E+02
 0.13552429146981E+02
 0.13552476327475E+02
 0.13552619964734E+02
 0.13552782941639E+02
 0.13552857072029E+02
 0.13552886800036E+02
 0.13552977315149E+02
 0.13553079966496E+02
 0.13553126643209E+02
 0.13553145349097E+02
 0.13553202310164E+02
 0.13553266879631E+02
 0.13553296231388E+02
 0.13553307987053E+02
 0.13553343787367E+02
 0.13553384352948E+02
 0.13553402787849E+02
 0.13553410167058E+02
 0.13553432641330E+02
 0.13553458097387E+02
 0.13553469662625E+02
 0.13553474289588E+02
 0.13553488382648E+02
 0.13553504339814E+02
 0.13553511587559E+02
 0.13553514485774E+02
 0.13553523313947E+02
 0.13553533306464E+02
 0.13553537845318E+02
 0.13553539659320E+02
 0.13553545185333E+02
 0.13553551437843E+02
 0.13553554275182E+02
 0.13553555408753E+02
 0.13553558862139E+02
 0.13553562768564E+02
 0.13553564541414E+02
 0.13553565249408E+02
 0.13553567406417E+02
 0.13553569845707E+02
 0.13553570952474E+02
 0.13553571394292E+02
 0.13553572740432E+02
 0.13553574262323E+02
 0.13553574952687E+02
 0.13553575228174E+02
 0.13553576067579E+02
 0.13553577016330E+02
 0.13553577446610E+02
 0.13553577618250E+02
 0.13553578141260E+02
 0.13553578732253E+02
 0.13553579000224E+02
 0.13553579107082E+02
 0.13553579432707E+02
 0.13553579800571E+02
 0.13553579967335E+02
 0.13553580033813E+02
 0.13553580236399E+02
 0.13553580465210E+02
 0.13553580568917E+02
 0.13553580610245E+02
 0.13553580736194E+02
 0.13553580878417E+02
 0.13553580942866E+02
 0.13553580968541E+02
 0.13553581046792E+02
 0.13553581135134E+02
 0.13553581175159E+02
 0.13553581191100E+02
 0.13553581239685E+02
 0.13553581294524E+02
 0.13553581319366E+02
 0.13553581329257E+02
 0.13553581359403E+02
 0.13553581393424E+02
 0.13553581408833E+02
 0.13553581414966E+02
 0.13553581433661E+02
 0.13553581454754E+02
 0.13553581464306E+02
 0.13553581468107E+02
 0.13553581479694E+02
 0.13553581492765E+02
 0.13553581498683E+02
 0.13553581501037E+02
 0.13553581508214E+02
 0.13553581516309E+02
 0.13553581519974E+02
 0.13553581521431E+02
 0.13553581525875E+02
 0.13553581530886E+02
 0.13553581533154E+02
 0.13553581534056E+02
 0.13553581536805E+02
 0.13553581539905E+02
 0.13553581541308E+02
 0.13553581541866E+02
 0.13553581543567E+02
 0.13553581545484E+02
 0.13553581546351E+02
 0.13553581546696E+02
 0.13553581547747E+02
 0.13553581548932E+02
 0.13553581549469E+02
 0.13553581549682E+02
 0.13553581550331E+02
 0.13553581551063E+02
 0.13553581551395E+02
 0.13553581551526E+02
 0.13553581551928E+02
 0.13553581552380E+02
 0.13553581552584E+02
 0.13553581552666E+02
 0.13553581552913E+02
 0.13553581553192E+02
 0.13553581553319E+02
 0.13553581553369E+02
 0.13553581553522E+02
 0.13553581553694E+02
 0.13553581553772E+02
 0.13553581553803E+02
 0.13553581553897E+02
 0.13553581554003E+02
 0.13553581554051E+02
 0.13553581554071E+02
 0.13553581554129E+02
 0.13553581554194E+02
 0.13553581554224E+02
 0.13553581554236E+02
 0.13553581554272E+02
 0.13553581554312E+02
 0.13553581554330E+02
 0.13553581554337E+02
 0.13553581554360E+02
 0.13553581554384E+02
 0.13553581554396E+02
 0.13553581554400E+02
 0.13553581554414E+02
 0.13553581554429E+02
 0.13553581554436E+02
 0.13553581554439E+02
 0.13553581554447E+02
 0.13553581554457E+02
 0.13553581554461E+02
 0.13553581554463E+02
 0.13553581554468E+02
 0.13553581554474E+02
 0.13553581554476E+02
 0.13553581554477E+02
 0.13553581554480E+02
 0.13553581554484E+02
 0.13553581554486E+02
 0.13553581554486E+02
 0.13553581554488E+02
 0.13553581554490E+02
 0.13553581554491E+02
 0.13553581554492E+02
 0.13553581554493E+02
 0.13553581554494E+02
 0.13553581554495E+02
 0.13553581554495E+02
 0.13553581554496E+02
 0.13553581554497E+02
 0.13553581554497E+02
 0.13553581554497E+02
 0.13553581554498E+02
 0.13553581554498E+02
 0.13553581554499E+02
 0.13553581554499E+02
 0.13553581554499E+02
 0.13553581554499E+02
 0.13553581554499E+02
 0.13553581554499E+02
 0.13553581554500E+02
 0.13553581554500E+02
 0.13553581554500E+02
 0.13553581554500E+02
 0.13553581554500E+02
 0.13553581554500E+02
 0.13553581554500E+02
 0.13553581554500E+02
 0.13553581554500E+02
 0.13553581554500E+02
