 0.12400000000000E-01
 0.15620962540227E-01
 0.16508940005008E-01
 0.20211245907813E-01
 0.22617318761166E-01
 0.23682829314255E-01
 0.23799791999361E-01
 0.23853816823610E-01
 0.24018550571479E-01
 0.24218929342459E-01
 0.24331045520890E-01
 0.24381246689930E-01
 0.24531869969328E-01
 0.24728635537980E-01
 0.24853532079154E-01
 0.24915041261575E-01
 0.25095100338305E-01
 0.25345459747390E-01
 0.25491219403596E-01
 0.25564529909544E-01
 0.25799173874632E-01
 0.26062223086467E-01
 0.26219232369027E-01
 0.26284423924044E-01
 0.26484877831624E-01
 0.26733131802081E-01
 0.26887609959356E-01
 0.26958175735976E-01
 0.27173480498871E-01
 0.27453065258862E-01
 0.27616201439401E-01
 0.27694648628196E-01
 0.27928169797572E-01
 0.28255256620992E-01
 0.28305180233679E-01
 0.28383011656965E-01
 0.28616481224054E-01
 0.28913101986882E-01
 0.29060693906532E-01
 0.29128918071235E-01
 0.29335333124025E-01
 0.29609581026664E-01
 0.29757780151862E-01
 0.29831409198941E-01
 0.30057802613002E-01
 0.30342094899210E-01
 0.30553739857380E-01
 0.30653270429987E-01
 0.30949584931551E-01
 0.31364047980176E-01
 0.31379436032006E-01
 0.31622547167116E-01
 0.31939563614084E-01
 0.32133842458098E-01
 0.32227521001682E-01
 0.32510987186155E-01
 0.32881902399044E-01
 0.33073198903005E-01
 0.33167525617467E-01
 0.33459839706090E-01
 0.33803916134839E-01
 0.33892283845668E-01
 0.34106744738596E-01
 0.34402719570323E-01
 0.34585903074126E-01
 0.34679607256809E-01
 0.34960784762288E-01
 0.35322409326447E-01
 0.35506521252046E-01
 0.35594014421661E-01
 0.35860817029845E-01
 0.36198825491509E-01
 0.36416382135401E-01
 0.36517942507775E-01
 0.36832877073798E-01
 0.37218967324901E-01
 0.37443732885292E-01
 0.37545203314651E-01
 0.37864874878120E-01
 0.38240070277676E-01
 0.38469908174122E-01
 0.38570642426744E-01
 0.38867994657970E-01
 0.39283093521144E-01
 0.39485000122499E-01
 0.39589885491553E-01
 0.39907238626046E-01
 0.40333946346358E-01
 0.40515430384483E-01
 0.40608264677738E-01
 0.40880031078099E-01
 0.41277438594499E-01
 0.41428348418130E-01
 0.41512822333709E-01
 0.41770520747239E-01
 0.42114902457043E-01
 0.42288155828124E-01
 0.42375628750109E-01
 0.42642345422440E-01
 0.42976224753521E-01
 0.43188266862776E-01
 0.43286968717895E-01
 0.43590417939443E-01
 0.43966681323544E-01
 0.44208971909193E-01
 0.44320002780559E-01
 0.44658760874699E-01
 0.45104788565101E-01
 0.45353303587326E-01
 0.45472899151900E-01
 0.45843711762668E-01
 0.46305057887500E-01
 0.46561929497051E-01
 0.46683368953863E-01
 0.47030237280988E-01
 0.47536681130958E-01
 0.47770098148117E-01
 0.47895281954180E-01
 0.48283359206190E-01
 0.48766370885588E-01
 0.49076193447789E-01
 0.49223809898040E-01
 0.49648912060110E-01
 0.50286871208053E-01
 0.50260555182960E-01
 0.50407647688557E-01
 0.50859651048501E-01
 0.51404615039619E-01
 0.51617738005175E-01
 0.51784121954461E-01
 0.52316510890928E-01
 0.52921976495087E-01
 0.53291973308739E-01
 0.53450538759586E-01
 0.53926382127905E-01
 0.54562727825725E-01
 0.54909162413400E-01
 0.55084035929257E-01
 0.55612964346939E-01
 0.56287396143398E-01
 0.56650632027407E-01
 0.56822487011269E-01
 0.57350951580712E-01
 0.58022416287684E-01
 0.58447824454248E-01
 0.58652962068041E-01
 0.59253712178901E-01
 0.60086293884410E-01
 0.60481228187012E-01
 0.60687207596130E-01
 0.61325465974307E-01
 0.62086766694153E-01
 0.62546302458785E-01
 0.63324723037851E-01
 0.63283303928259E-01
 0.63434786332522E-01
 0.63878386602839E-01
 0.64510710603886E-01
 0.64521425748252E-01
 0.64663253668639E-01
 0.65092176846309E-01
 0.65641156169554E-01
 0.65979054968797E-01
 0.66141594542736E-01
 0.66645040570959E-01
 0.67239903807156E-01
 0.67571857525355E-01
 0.67720204464522E-01
 0.68151112162955E-01
 0.68763079740866E-01
 0.69002626448560E-01
 0.69133717399922E-01
 0.69527061072666E-01
 0.70048212072841E-01
 0.70313782911995E-01
 0.70444412931877E-01
 0.70839445111170E-01
 0.71332401784221E-01
 0.71630440502670E-01
 0.71767401698066E-01
 0.72185123364898E-01
 0.72729365613158E-01
 0.73065345139217E-01
 0.73230642403700E-01
 0.73706889325924E-01
 0.74413758835804E-01
 0.74686195263107E-01
 0.74842793361383E-01
 0.75305173384121E-01
 0.75943304348206E-01
 0.76460811650504E-01
 0.76719334870143E-01
 0.77514165606399E-01
 0.78510361870503E-01
 0.78762635804203E-01
 0.79009488561483E-01
 0.79756519247384E-01
 0.80759479741665E-01
 0.80868452186799E-01
 0.81070452850204E-01
 0.81686394836654E-01
 0.82477921641194E-01
 0.83066234677713E-01
 0.83347690885187E-01
 0.84185973306590E-01
 0.85343163479767E-01
 0.85829859037874E-01
 0.86079033214490E-01
 0.86839254571226E-01
 0.87852272747332E-01
 0.87896857327301E-01
 0.88184673792627E-01
 0.89090905805664E-01
 0.90170385480502E-01
 0.90301865634437E-01
 0.90542897416411E-01
 0.91289821258525E-01
 0.92233393223745E-01
 0.92702298372099E-01
 0.92925009647795E-01
 0.93588221560153E-01
 0.94494996234757E-01
 0.94994515012402E-01
 0.95247258632805E-01
 0.95993891025268E-01
 0.97035292580482E-01
 0.97482235349252E-01
 0.97715545609660E-01
 0.98404804315651E-01
 0.99366664680003E-01
 0.99807837566077E-01
 0.10004072221950E+00
 0.10073414855890E+00
 0.10168313258721E+00
 0.10212765239176E+00
 0.10235563310730E+00
 0.10304544537291E+00
 0.10395125151344E+00
 0.10451387087883E+00
 0.10479544905641E+00
 0.10561425147381E+00
 0.10676041670445E+00
 0.10762176189804E+00
 0.10806020616834E+00
 0.10943966622713E+00
 0.11101732272324E+00
 0.11170208086815E+00
 0.11304821166167E+00
 0.11356221969095E+00
 0.11386178690020E+00
 0.11472643066767E+00
 0.11594623525264E+00
 0.11645496469851E+00
 0.11672090977138E+00
 0.11751320987551E+00
 0.11859668980828E+00
 0.11914712767279E+00
 0.11942499091718E+00
 0.12028522227884E+00
 0.12132079764390E+00
 0.12196705464978E+00
 0.12226013471175E+00
 0.12312655752365E+00
 0.12433499983249E+00
 0.12489350810669E+00
 0.12519103970908E+00
 0.12607748465257E+00
 0.12724590176030E+00
 0.12790800186438E+00
 0.12823265154099E+00
 0.12920765729038E+00
 0.13049794994019E+00
 0.13113909976966E+00
 0.13145973024327E+00
 0.13240785040069E+00
 0.13374600773390E+00
 0.13432061947401E+00
 0.13463109965116E+00
 0.13554219839779E+00
 0.13679229066392E+00
 0.13759139154838E+00
 0.13799597639389E+00
 0.13921159999637E+00
 0.14081873417854E+00
 0.14180074828781E+00
 0.14228012051489E+00
 0.14377693349613E+00
 0.14558374072210E+00
 0.14659186991243E+00
 0.14705771824542E+00
 0.14841548779830E+00
 0.15031184280024E+00
 0.15124107709366E+00
 0.15172642716321E+00
 0.15316349800555E+00
 0.15516241084306E+00
 0.15604781575930E+00
 0.15652014091437E+00
 0.15787608602897E+00
 0.15984520782901E+00
 0.16078665732004E+00
 0.16129733496178E+00
 0.16282108039909E+00
 0.16487619739593E+00
 0.16626036233969E+00
 0.16695341834074E+00
 0.16902343255517E+00
 0.17177491061697E+00
 0.17341036183413E+00
 0.17421198195849E+00
 0.17664530759534E+00
 0.17978479738285E+00
 0.18144743382306E+00
 0.18268251207492E+00
 0.18325370669636E+00
 0.18507468041694E+00
 0.18718036555669E+00
 0.18841742421669E+00
 0.18895139544166E+00
 0.19056905804680E+00
 0.19271909987409E+00
 0.19381752312879E+00
 0.19436024779839E+00
 0.19600424144848E+00
 0.19816412295919E+00
 0.19933350100044E+00
 0.19990338076267E+00
 0.20162953339606E+00
 0.20392387504283E+00
 0.20509093295939E+00
 0.20567263207225E+00
 0.20747149350453E+00
 0.20967902071467E+00
 0.21088779808129E+00
 0.21144497725446E+00
 0.21311938378812E+00
 0.21533797314188E+00
 0.21656689572875E+00
 0.21717512815794E+00
 0.21900284328292E+00
 0.22145141561534E+00
 0.22275426179047E+00
 0.22341808835981E+00
 0.22541167041207E+00
 0.22796488718022E+00
 0.22925377009078E+00
 0.22985858472904E+00
 0.23162448441155E+00
 0.23422099367287E+00
 0.23425655499466E+00
 0.23482631948106E+00
 0.23650132114829E+00
 0.23882032141939E+00
 0.24021951766130E+00
 0.24093325520888E+00
 0.24309060701861E+00
 0.24592631910121E+00
 0.24765678459614E+00
 0.24849796529766E+00
 0.25105745130053E+00
 0.25442958621916E+00
 0.25626750536501E+00
 0.25717050114298E+00
 0.25993287009129E+00
 0.26343046161266E+00
 0.26535436672708E+00
 0.26626387778144E+00
 0.26904278007466E+00
 0.27256451901231E+00
 0.27324869880607E+00
 0.27407272249053E+00
 0.27654648728411E+00
 0.27981346890151E+00
 0.28210004107841E+00
 0.28324836206473E+00
 0.28663489217871E+00
 0.29124260005007E+00
 0.29329975436600E+00
 0.29436414327168E+00
 0.29755186779372E+00
 0.30173081229596E+00
 0.30420420151956E+00
 0.30543932255745E+00
 0.30903896192093E+00
 0.31408079506601E+00
 0.31406900715665E+00
 0.31503732010584E+00
 0.31789562257680E+00
 0.32172278235377E+00
 0.32367217210875E+00
 0.32466889878261E+00
 0.32757277069949E+00
 0.33158812746045E+00
 0.33395277409114E+00
 0.33518220475486E+00
 0.33886764077319E+00
 0.34362562698928E+00
 0.34622136004879E+00
 0.34749685450299E+00
 0.35127001281377E+00
 0.35637445482362E+00
 0.35873581619931E+00
 0.35997388446129E+00
 0.36363392156185E+00
 0.36852171895314E+00
 0.37158334437003E+00
 0.37315286180684E+00
 0.37783140117895E+00
 0.38387138884443E+00
 0.38687273988594E+00
 0.38835028583276E+00
 0.39277791194366E+00
 0.39839584473521E+00
 0.40116805179304E+00
 0.40251484765119E+00
 0.40644314292314E+00
 0.41187025249163E+00
 0.41431576100790E+00
 0.41563555371093E+00
 0.41945479174901E+00
 0.42479869199243E+00
 0.42727441134672E+00
 0.42861143944231E+00
 0.43261541614482E+00
 0.43781502921474E+00
 0.44203439617199E+00
 0.44419880189276E+00
 0.45050272004774E+00
 0.45901139515517E+00
 0.46300873095049E+00
 0.46510013496334E+00
 0.47128849876347E+00
 0.47934737344792E+00
 0.48366647758735E+00
 0.48587820879089E+00
 0.49236744682651E+00
 0.50090110242472E+00
 0.50566886658180E+00
 0.50809581366821E+00
 0.51537848016353E+00
 0.52448111176919E+00
 0.52978674723354E+00
 0.53681355685593E+00
 0.54099896130658E+00
 0.54312335770445E+00
 0.54938429000494E+00
 0.55765510950251E+00
 0.56261835011724E+00
 0.56517897844463E+00
 0.57278619798751E+00
 0.58253872624057E+00
 0.58410108540284E+00
 0.58623726055615E+00
 0.59247371179279E+00
 0.60096649324042E+00
 0.60523999402049E+00
 0.60751263215371E+00
 0.61420088960858E+00
 0.62305321250659E+00
 0.62833930208785E+00
 0.63105939924620E+00
 0.63903338444687E+00
 0.64980337664776E+00
 0.65512881201882E+00
 0.65793935545427E+00
 0.66616733184532E+00
 0.67727305678606E+00
 0.68326024858855E+00
 0.68640948153275E+00
 0.69563962903937E+00
 0.70810345063561E+00
 0.71411495462345E+00
 0.71729252757461E+00
 0.72655077210813E+00
 0.73919156016071E+00
 0.74504497989767E+00
 0.74816059496201E+00
 0.75737667350391E+00
 0.76946155916383E+00
 0.77564758913768E+00
 0.77877043298921E+00
 0.78801603438597E+00
 0.80023528182951E+00
 0.80763347232902E+00
 0.81144763408201E+00
 0.82266397404960E+00
 0.83764279885771E+00
 0.84732164119537E+00
 0.85242896840735E+00
 0.86735499237258E+00
 0.88740757835648E+00
 0.90012273018922E+00
 0.90691611328337E+00
 0.92672582961262E+00
 0.95324375690080E+00
 0.96646549607378E+00
 0.97341451175346E+00
 0.99384395141386E+00
 0.10209422351139E+01
 0.10221451866564E+01
 0.10304010206154E+01
 0.10544577327769E+01
 0.10869946468660E+01
 0.11033073003874E+01
 0.11120095701732E+01
 0.11375091142840E+01
 0.11717355574847E+01
 0.11875608869423E+01
 0.11958522895898E+01
 0.12202024178345E+01
 0.12529617446986E+01
 0.12694794609667E+01
 0.12781545241026E+01
 0.13036666851667E+01
 0.13380501555682E+01
 0.13567417161063E+01
 0.13666089310028E+01
 0.13957177082445E+01
 0.14346426923680E+01
 0.14570781951597E+01
 0.14874133576566E+01
 0.15060747287636E+01
 0.15158784009701E+01
 0.15448259158465E+01
 0.15837900001704E+01
 0.16029113061398E+01
 0.16128721856346E+01
 0.16423012704682E+01
 0.16820132093055E+01
 0.17032936431777E+01
 0.17144481785534E+01
 0.17473994630305E+01
 0.17918828628228E+01
 0.18137855353052E+01
 0.18252007864473E+01
 0.18590244445911E+01
 0.19045666146488E+01
 0.19268856338641E+01
 0.19384724360036E+01
 0.19728219904057E+01
 0.20190896715756E+01
 0.20423145028974E+01
 0.20543681769688E+01
 0.20900859720895E+01
 0.21383294767203E+01
 0.21644089553001E+01
 0.21780248500267E+01
 0.22184331229146E+01
 0.22728521270310E+01
 0.22984511414892E+01
 0.23116809726241E+01
 0.23509419416822E+01
 0.24039579694934E+01
 0.24325196434071E+01
 0.24473992634811E+01
 0.24915556900717E+01
 0.25512196824684E+01
 0.25814093963546E+01
 0.25971072281260E+01
 0.26437064870067E+01
 0.27067237284399E+01
 0.27393397282550E+01
 0.27563240462212E+01
 0.28067714177296E+01
 0.28749793536749E+01
 0.29090384317032E+01
 0.29267360553909E+01
 0.29793126479374E+01
 0.30504437024299E+01
 0.30867860302438E+01
 0.31056866314187E+01
 0.31618697326995E+01
 0.32378553231996E+01
 0.32758183211380E+01
 0.32955230548953E+01
 0.33540972463523E+01
 0.34334307537959E+01
 0.34751886834965E+01
 0.34969452663450E+01
 0.35616193360110E+01
 0.36492810121586E+01
 0.36935546629941E+01
 0.37165944801332E+01
 0.37851226989687E+01
 0.38779987610018E+01
 0.39247424489591E+01
 0.39490490331357E+01
 0.40213719091361E+01
 0.41194120895661E+01
 0.41690983815677E+01
 0.41949368374385E+01
 0.42718409499734E+01
 0.43761244154544E+01
 0.44289110382308E+01
 0.44563552421547E+01
 0.45380680112749E+01
 0.46489003302456E+01
 0.47050641382793E+01
 0.47342627962201E+01
 0.48212100146801E+01
 0.49392291289057E+01
 0.49997083822732E+01
 0.50311853765818E+01
 0.51249408293338E+01
 0.52522321718927E+01
 0.53162035669957E+01
 0.53494649130618E+01
 0.54485591239366E+01
 0.55831465407743E+01
 0.56516347571255E+01
 0.56872634641830E+01
 0.57934440243783E+01
 0.59376794419491E+01
 0.60104735123577E+01
 0.60483248746735E+01
 0.61611501726330E+01
 0.63144616320812E+01
 0.63923007329741E+01
 0.64327871222134E+01
 0.65534924026692E+01
 0.67175506449543E+01
 0.68005343026516E+01
 0.68436890111695E+01
 0.69723652211028E+01
 0.71473257015929E+01
 0.72363185906399E+01
 0.72826185904611E+01
 0.74206973197190E+01
 0.76084884433715E+01
 0.77035300383581E+01
 0.77529700092700E+01
 0.79004379865133E+01
 0.81010140536125E+01
 0.82021495696615E+01
 0.82547411043165E+01
 0.84116275624476E+01
 0.86250513458758E+01
 0.87332914460360E+01
 0.87895900520454E+01
 0.89575583902378E+01
 0.91860872767139E+01
 0.93016729868860E+01
 0.93617831892157E+01
 0.95411448645849E+01
 0.97851986051815E+01
 0.99087784174844E+01
 0.99730474016842E+01
 0.10164832521515E+02
 0.10425820897013E+02
 0.10557865944987E+02
 0.10626533134759E+02
 0.10831460364595E+02
 0.11110348443420E+02
 0.11251446690155E+02
 0.11324817788355E+02
 0.11543799785703E+02
 0.11841812643192E+02
 0.11992330411343E+02
 0.12070584296517E+02
 0.12304149684336E+02
 0.12622019130837E+02
 0.12783088920540E+02
 0.12866836966794E+02
 0.13116808250436E+02
 0.13457015462898E+02
 0.13629146558100E+02
 0.13718637804444E+02
 0.13985758031611E+02
 0.14349300920889E+02
 0.14533342542751E+02
 0.14629024944354E+02
 0.14914629314920E+02
 0.15303304552087E+02
 0.15499765977344E+02
 0.15601887787647E+02
 0.15906714436784E+02
 0.16321511946830E+02
 0.16531355579802E+02
 0.16640424448534E+02
 0.16965981143273E+02
 0.17408959890549E+02
 0.17633314076602E+02
 0.17749923722552E+02
 0.18097979844744E+02
 0.18571529993148E+02
 0.18811221738097E+02
 0.18935791153548E+02
 0.19307588785230E+02
 0.19813390840595E+02
 0.20069591446386E+02
 0.20202736006173E+02
 0.20600106615530E+02
 0.21140633055791E+02
 0.21414358113350E+02
 0.21556597550771E+02
 0.21981084787505E+02
 0.22558413259074E+02
 0.22850839368072E+02
 0.23002785046877E+02
 0.23456201407074E+02
 0.24072785031765E+02
 0.24385297537043E+02
 0.24547673167933E+02
 0.25032169660305E+02
 0.25690910838341E+02
 0.26024838478736E+02
 0.26198329654179E+02
 0.26715939696404E+02
 0.27419575720482E+02
 0.27776342357152E+02
 0.27961686733750E+02
 0.28514596712487E+02
 0.29266073417753E+02
 0.29647268046654E+02
 0.29845291547035E+02
 0.30435949443326E+02
 0.31238563319703E+02
 0.31645829545376E+02
 0.31857383409232E+02
 0.32488309955940E+02
 0.33345452007069E+02
 0.33780589388622E+02
 0.34006608009953E+02
 0.34680568848014E+02
 0.35595958026263E+02
 0.36060863311455E+02
 0.36302329750138E+02
 0.37022233237659E+02
 0.37999772171597E+02
 0.38496432844295E+02
 0.38754375436366E+02
 0.39523261032541E+02
 0.40567022843554E+02
 0.41097562365867E+02
 0.41373080200958E+02
 0.42194193629641E+02
 0.43308524875280E+02
 0.43875238101769E+02
 0.44169519951331E+02
 0.45046369387317E+02
 0.46235962953328E+02
 0.46841276418110E+02
 0.47155577377417E+02
 0.48091863673121E+02
 0.49361661706411E+02
 0.50008162725041E+02
 0.50343820737639E+02
 0.51343484677995E+02
 0.52698743331957E+02
 0.53389190601660E+02
 0.53747631533384E+02
 0.54814869361722E+02
 0.56261176708129E+02
 0.56998528120302E+02
 0.57381280214273E+02
 0.58520585173417E+02
 0.60063915637957E+02
 0.60851321625538E+02
 0.61260010848559E+02
 0.62476158442220E+02
 0.64122850796185E+02
 0.64963691488580E+02
 0.65400061284909E+02
 0.66698167229935E+02
 0.68454998962746E+02
 0.69352887838531E+02
 0.69818799049371E+02
 0.71204317686740E+02
 0.73078500319228E+02
 0.74037336097150E+02
 0.74534794210103E+02
 0.76013598311540E+02
 0.78012879714381E+02
 0.79036862892428E+02
 0.79568023880329E+02
 0.81146420538274E+02
 0.83279100157196E+02
 0.84372784022456E+02
 0.84939979106174E+02
 0.86624781576089E+02
 0.88899799335029E+02
 0.90068161364816E+02
 0.90673931255481E+02
 0.92472558710089E+02
 0.94899616780197E+02
 0.96148122066985E+02
 0.96795244309163E+02
 0.98715800725553E+02
 0.10130545385518E+03
 0.10264021131775E+03
 0.10333177639525E+03
 0.10538327211481E+03
 0.10814720462767E+03
 0.10957520740863E+03
 0.11031473553424E+03
 0.11250742809997E+03
 0.11545887883368E+03
 0.11698841728589E+03
 0.11778006129530E+03
 0.12012604665051E+03
 0.12328055491849E+03
 0.12492205792574E+03
 0.12577102617749E+03
 0.12828547109083E+03
 0.13166245472631E+03
 0.13343028572131E+03
 0.13434375654754E+03
 0.13704756152837E+03
 0.14067375356405E+03
 0.14259050589527E+03
 0.14357983659357E+03
 0.14650606029460E+03
 0.15042384315490E+03
 0.15253277389845E+03
 0.15361994865916E+03
 0.15683252926132E+03
 0.16112428525910E+03
 0.16354099281735E+03
 0.16478564260638E+03
 0.16845764906999E+03
 0.17334754527101E+03
 0.17709587849820E+03
 0.17904075668177E+03
 0.18473371904009E+03
 0.19223627907017E+03
 0.19729465348740E+03
 0.19733256627593E+03
 0.19843707914120E+03
 0.20170521930518E+03
 0.20602248996557E+03
 0.20798917031076E+03
 0.20897625226183E+03
 0.21190286535750E+03
 0.21576138798678E+03
 0.21757583535591E+03
 0.21848196663998E+03
 0.22117273229187E+03
 0.22471331788987E+03
 0.22640336762250E+03
 0.22724349718898E+03
 0.22974160889039E+03
 0.23302248034061E+03
 0.23460936539654E+03
 0.23539483387332E+03
 0.23773316093397E+03
 0.24079847519369E+03
 0.24230262884890E+03
 0.24304407132527E+03
 0.24525362656215E+03
 0.24814457309463E+03
 0.24956421000377E+03
 0.25026128105716E+03
 0.25234073594808E+03
 0.25505661087366E+03
 0.25638501233331E+03
 0.25703499941710E+03
 0.25897597340716E+03
 0.26150708619284E+03
 0.26272997549897E+03
 0.26332662711415E+03
 0.26511013637707E+03
 0.26743339255549E+03
 0.26852258041499E+03
 0.26905314655719E+03
 0.27064069164575E+03
 0.27270832063293E+03
 0.27374465549138E+03
 0.27424789867100E+03
 0.27575469200800E+03
 0.27771410148222E+03
 0.27883094672540E+03
 0.27936921378500E+03
 0.28098156406543E+03
 0.28306740604756E+03
 0.28419975783241E+03
 0.28474176556759E+03
 0.28636647266834E+03
 0.28845851502203E+03
 0.28955961910033E+03
 0.29008330475498E+03
 0.29165440666365E+03
 0.29366896550498E+03
 0.29470155715768E+03
 0.29519000489800E+03
 0.29665657764029E+03
 0.29853056369031E+03
 0.29947393828268E+03
 0.29991826063879E+03
 0.30125318340752E+03
 0.30295411270640E+03
 0.30376695563051E+03
 0.30414954361018E+03
 0.30529925503966E+03
 0.30676355059578E+03
 0.30740988792772E+03
 0.30771553342083E+03
 0.30863375373503E+03
 0.30980708870051E+03
 0.31043256812176E+03
 0.31072658486538E+03
 0.31160977128245E+03
 0.31273286455473E+03
 0.31334435857560E+03
 0.31362961183917E+03
 0.31448612571257E+03
 0.31556796570907E+03
 0.31612200874406E+03
 0.31637952371479E+03
 0.31715190370183E+03
 0.31812325204607E+03
 0.31861482277540E+03
 0.31884272513239E+03
 0.31952509549488E+03
 0.32037968882089E+03
 0.32081525403580E+03
 0.32101663000597E+03
 0.32161807254870E+03
 0.32236739846778E+03
 0.32275221803105E+03
 0.32292956578300E+03
 0.32345739165761E+03
 0.32411065735641E+03
 0.32444936388008E+03
 0.32460484583315E+03
 0.32506532859291E+03
 0.32563032494340E+03
 0.32592717568408E+03
 0.32606271391930E+03
 0.32646132481769E+03
 0.32694465468819E+03
 0.32720406568106E+03
 0.32732152345451E+03
 0.32766333254490E+03
 0.32807071334900E+03
 0.32829921827906E+03
 0.32840103607078E+03
 0.32869202642984E+03
 0.32902915123440E+03
 0.32922307381189E+03
 0.32930714831174E+03
 0.32953945370344E+03
 0.32979743643218E+03
 0.32990008806139E+03
 0.32994585760745E+03
 0.33007044805751E+03
 0.33020876869811E+03
 0.33026168989193E+03
 0.33028543800118E+03
 0.33034972931722E+03
 0.33042099386472E+03
 0.33044769248068E+03
 0.33045961492830E+03
 0.33049194115539E+03
 0.33052762675304E+03
 0.33054082776747E+03
 0.33054664821439E+03
 0.33056252766466E+03
 0.33057995270709E+03
 0.33058635926961E+03
 0.33058913476940E+03
 0.33059677380892E+03
 0.33060509752653E+03
 0.33060815242648E+03
 0.33060944984436E+03
 0.33061305619933E+03
 0.33061695666277E+03
 0.33061838896585E+03
 0.33061898500481E+03
 0.33062065838667E+03
 0.33062245489489E+03
 0.33062311541251E+03
 0.33062338491487E+03
 0.33062414873727E+03
 0.33062496293107E+03
 0.33062526247103E+03
 0.33062538245313E+03
 0.33062572544297E+03
 0.33062608857226E+03
 0.33062622202236E+03
 0.33062627457781E+03
 0.33062642595328E+03
 0.33062658517444E+03
 0.33062664346104E+03
 0.33062666606412E+03
 0.33062673158151E+03
 0.33062680005481E+03
 0.33062682491908E+03
 0.33062683442692E+03
 0.33062686212410E+03
 0.33062689088195E+03
 0.33062690117491E+03
 0.33062690506045E+03
 0.33062691641770E+03
 0.33062692812575E+03
 0.33062693221397E+03
 0.33062693373862E+03
 0.33062693820061E+03
 0.33062694276080E+03
 0.33062694428549E+03
 0.33062694484724E+03
 0.33062694648755E+03
 0.33062694814379E+03
 0.33062694865282E+03
 0.33062694883781E+03
 0.33062694937265E+03
 0.33062694990141E+03
 0.33062695003323E+03
 0.33062695008014E+03
 0.33062695021074E+03
 0.33062695033268E+03
 0.33062695033986E+03
 0.33062695034194E+03
 0.33062695034262E+03
 0.33062695033706E+03
 0.33062695031321E+03
 0.33062695030454E+03
 0.33062695027530E+03
 0.33062695024264E+03
 0.33062695021850E+03
 0.33062695021001E+03
 0.33062695018265E+03
 0.33062695015383E+03
 0.33062695013678E+03
 0.33062695013096E+03
 0.33062695011236E+03
 0.33062695009337E+03
 0.33062695008312E+03
 0.33062695007973E+03
 0.33062695006891E+03
 0.33062695005816E+03
 0.33062695005264E+03
 0.33062695005089E+03
 0.33062695004525E+03
 0.33062695003982E+03
 0.33062695003713E+03
 0.33062695003631E+03
 0.33062695003366E+03
 0.33062695003121E+03
 0.33062695003002E+03
 0.33062695002969E+03
 0.33062695002858E+03
 0.33062695002762E+03
 0.33062695002717E+03
 0.33062695002706E+03
 0.33062695002668E+03
 0.33062695002639E+03
 0.33062695002626E+03
 0.33062695002624E+03
 0.33062695002616E+03
 0.33062695002615E+03
 0.33062695002614E+03
 0.33062695002615E+03
 0.33062695002619E+03
 0.33062695002625E+03
 0.33062695002629E+03
 0.33062695002631E+03
 0.33062695002636E+03
 0.33062695002644E+03
 0.33062695002648E+03
 0.33062695002650E+03
 0.33062695002655E+03
 0.33062695002661E+03
 0.33062695002664E+03
 0.33062695002666E+03
 0.33062695002670E+03
 0.33062695002674E+03
 0.33062695002677E+03
 0.33062695002678E+03
 0.33062695002680E+03
 0.33062695002684E+03
 0.33062695002685E+03
 0.33062695002686E+03
 0.33062695002688E+03
 0.33062695002690E+03
 0.33062695002691E+03
 0.33062695002691E+03
 0.33062695002692E+03
 0.33062695002694E+03
 0.33062695002694E+03
 0.33062695002694E+03
 0.33062695002695E+03
 0.33062695002696E+03
 0.33062695002696E+03
 0.33062695002697E+03
 0.33062695002697E+03
 0.33062695002698E+03
 0.33062695002698E+03
 0.33062695002698E+03
 0.33062695002698E+03
 0.33062695002699E+03
 0.33062695002699E+03
 0.33062695002699E+03
 0.33062695002699E+03
 0.33062695002699E+03
 0.33062695002699E+03
 0.33062695002699E+03
 0.33062695002699E+03
 0.33062695002700E+03
 0.33062695002700E+03
 0.33062695002700E+03
 0.33062695002700E+03
 0.33062695002700E+03
 0.33062695002700E+03
 0.33062695002700E+03
 0.33062695002700E+03
 0.33062695002700E+03
 0.33062695002700E+03
 0.33062695002700E+03
 0.33062695002700E+03
 0.33062695002700E+03
 0.33062695002700E+03
 0.33062695002700E+03
 0.33062695002700E+03
 0.33062695002700E+03
 0.33062695002700E+03
 0.33062695002700E+03
 0.33062695002700E+03
 0.33062695002700E+03
 0.33062695002700E+03
 0.33062695002700E+03
 0.33062695002700E+03
 0.33062695002700E+03
 0.33062695002700E+03
 0.33062695002700E+03
 0.33062695002700E+03
 0.33062695002700E+03
 0.33062695002700E+03
 0.33062695002700E+03
 0.33062695002700E+03
 0.33062695002700E+03
 0.33062695002700E+03
 0.33062695002700E+03
 0.33062695002700E+03
 0.33062695002700E+03
 0.33062695002700E+03
 0.33062695002700E+03
 0.33062695002700E+03
 0.33062695002700E+03
 0.33062695002700E+03
 0.33062695002700E+03
 0.33062695002700E+03
 0.33062695002700E+03
 0.33062695002700E+03
 0.33062695002700E+03
 0.33062695002700E+03
 0.33062695002700E+03
 0.33062695002700E+03
 0.33062695002700E+03
 0.33062695002700E+03
 0.33062695002700E+03
 0.33062695002700E+03
 0.33062695002700E+03
 0.33062695002700E+03
 0.33062695002700E+03
 0.33062695002700E+03
 0.33062695002700E+03
 0.33062695002700E+03
 0.33062695002700E+03
 0.33062695002700E+03
 0.33062695002700E+03
 0.33062695002700E+03
 0.33062695002700E+03
 0.33062695002700E+03
 0.33062695002700E+03
 0.33062695002700E+03
 0.33062695002700E+03
 0.33062695002700E+03
 0.33062695002700E+03
 0.33062695002700E+03
 0.33062695002700E+03
 0.33062695002700E+03
 0.33062695002700E+03
 0.33062695002700E+03
 0.33062695002700E+03
 0.33062695002700E+03
 0.33062695002700E+03
 0.33062695002700E+03
 0.33062695002700E+03
 0.33062695002700E+03
 0.33062695002700E+03
 0.33062695002700E+03
 0.33062695002700E+03
