 0.21140089951492E+08
 0.21140089951487E+08
 0.21140089951416E+08
 0.21140089951002E+08
 0.21140089949331E+08
 0.21140089944668E+08
 0.21140090048753E+08
 0.21140090529864E+08
 0.21140092253790E+08
 0.21140096868176E+08
 0.21140107191162E+08
 0.21140126663459E+08
 0.21140160645057E+08
 0.21140214944619E+08
 0.21140295299969E+08
 0.21140410022768E+08
 0.21140565507847E+08
 0.21140768968256E+08
 0.21141027356048E+08
 0.21141347828329E+08
 0.21141740618310E+08
 0.21142204987377E+08
 0.21142751687539E+08
 0.21143385316596E+08
 0.21144113838051E+08
 0.21144942287413E+08
 0.21145879347502E+08
 0.21146919293066E+08
 0.21148073434570E+08
 0.21149351035594E+08
 0.21150763745846E+08
 0.21152300085735E+08
 0.21153981155399E+08
 0.21155817978061E+08
 0.21157790569901E+08
 0.21159929861653E+08
 0.21162231411692E+08
 0.21164718794347E+08
 0.21167370905256E+08
 0.21170186780110E+08
 0.21173243635479E+08
 0.21176479165280E+08
 0.21179904602500E+08
 0.21183541077961E+08
 0.21187427169290E+08
 0.21191522064555E+08
 0.21195800350172E+08
 0.21200302321436E+08
 0.21205054658828E+08
 0.21210045450020E+08
 0.21215232869292E+08
 0.21220669741135E+08
 0.21226313366999E+08
 0.21232191750798E+08
 0.21238323067807E+08
 0.21244667235284E+08
 0.21251212810863E+08
 0.21258031457822E+08
 0.21265028765304E+08
 0.21272163397044E+08
 0.21279723164377E+08
 0.21287265383054E+08
 0.21295014857324E+08
 0.21303092889873E+08
 0.21311161545066E+08
 0.21319653182421E+08
 0.21328185404540E+08
 0.21336599570745E+08
 0.21345410718789E+08
 0.21354168714577E+08
 0.21363345032668E+08
 0.21372512529149E+08
 0.21381447632645E+08
 0.21390955694110E+08
 0.21400165114418E+08
 0.21409661070306E+08
 0.21419116378203E+08
 0.21428798494923E+08
 0.21438015558218E+08
 0.21447707081795E+08
 0.21457216347755E+08
 0.21466676676498E+08
 0.21476014837088E+08
 0.21485367715859E+08
 0.21495085608777E+08
 0.21504317307935E+08
 0.21513464611527E+08
 0.21522832447010E+08
 0.21532057829190E+08
 0.21541381096814E+08
 0.21550084544010E+08
 0.21558644596297E+08
 0.21567558817800E+08
 0.21576526973293E+08
 0.21584709390904E+08
 0.21592659343150E+08
 0.21601242502440E+08
 0.21609085798017E+08
 0.21617070008068E+08
 0.21624777181785E+08
 0.21632737904900E+08
 0.21640132969340E+08
 0.21647357087448E+08
 0.21654833904326E+08
 0.21662496747261E+08
 0.21669756073292E+08
 0.21676560049264E+08
 0.21684284073890E+08
 0.21691744323855E+08
 0.21698789719189E+08
 0.21705787573982E+08
 0.21713448520759E+08
 0.21721179966046E+08
 0.21729437008028E+08
 0.21738538149968E+08
 0.21747520412125E+08
 0.21757169409830E+08
 0.21767726431396E+08
 0.21779552208369E+08
 0.21792483813384E+08
 0.21806580741973E+08
 0.21822148528995E+08
 0.21840817704528E+08
 0.21862065820905E+08
 0.21885638439287E+08
 0.21912510750469E+08
 0.21943485601772E+08
 0.21980879890896E+08
 0.22024234501692E+08
 0.22074291080084E+08
 0.22133580262198E+08
 0.22204518683652E+08
 0.22286929282924E+08
 0.22385722076847E+08
 0.22504043516590E+08
 0.22642549158779E+08
 0.22809561328093E+08
 0.23007038915611E+08
 0.23239598148735E+08
 0.23510440526759E+08
 0.23822749618741E+08
 0.24180884453994E+08
 0.24582751026996E+08
 0.25023546188917E+08
 0.25499651745530E+08
 0.25998711257893E+08
 0.26516889301634E+08
 0.27038889713044E+08
 0.27559389168249E+08
 0.28070381388853E+08
 0.28556544658622E+08
 0.29022989299662E+08
 0.29465504524537E+08
 0.29873118574647E+08
 0.30251261811448E+08
 0.30594821511860E+08
 0.30906278286882E+08
 0.31184234670908E+08
 0.31431727698175E+08
 0.31646997146437E+08
 0.31832186386398E+08
 0.31989209149743E+08
 0.32118913053716E+08
 0.32222184238851E+08
 0.32300360020851E+08
 0.32355224408251E+08
 0.32387852443272E+08
 0.32399457618525E+08
 0.32391305233070E+08
 0.32364523443325E+08
 0.32320436899074E+08
 0.32259683127893E+08
 0.32183661005668E+08
 0.32093782720377E+08
 0.31990032948762E+08
 0.31873575320987E+08
 0.31746374377703E+08
 0.31607495956977E+08
 0.31459112416799E+08
 0.31300148429913E+08
 0.31134877593317E+08
 0.30960086419818E+08
 0.30778637379284E+08
 0.30588360304990E+08
 0.30393800081235E+08
 0.30191851294201E+08
 0.29986918490581E+08
 0.29775590275457E+08
 0.29560577135679E+08
 0.29340640024024E+08
 0.29118209247974E+08
 0.28890853254788E+08
 0.28660908396390E+08
 0.28428833993406E+08
 0.28194802041041E+08
 0.27959516751152E+08
 0.27722085070522E+08
 0.27481870209539E+08
 0.27240856534107E+08
 0.27000047293437E+08
 0.26757380825307E+08
 0.26515345346824E+08
 0.26270384392893E+08
 0.26027995991788E+08
 0.25782340033994E+08
 0.25540494612049E+08
 0.25296504581592E+08
 0.25052678881249E+08
 0.24810099011126E+08
 0.24568742137196E+08
 0.24326564493562E+08
 0.24085869685942E+08
 0.23844543933460E+08
 0.23606915002353E+08
 0.23369573707321E+08
 0.23132812482779E+08
 0.22897770141065E+08
 0.22663280944349E+08
 0.22431838526786E+08
 0.22200089265944E+08
 0.21971207964807E+08
 0.21742029552149E+08
 0.21514412580068E+08
 0.21289831322338E+08
 0.21065900134236E+08
 0.20844958535777E+08
 0.20625402969414E+08
 0.20407521562468E+08
 0.20190692467742E+08
 0.19976281052062E+08
 0.19765180147465E+08
 0.19553130765437E+08
 0.19344048506191E+08
 0.19137383313529E+08
 0.18931116563831E+08
 0.18728816024263E+08
 0.18527474832987E+08
 0.18328956950571E+08
 0.18130210561222E+08
 0.17934792420007E+08
 0.17741961068597E+08
 0.17549631681364E+08
 0.17360873630522E+08
 0.17173152619479E+08
 0.16986693490514E+08
 0.16803823573996E+08
 0.16621470129770E+08
 0.16441228364976E+08
 0.16263326636772E+08
 0.16086834304339E+08
 0.15913497115868E+08
 0.15740481136337E+08
 0.15570704915654E+08
 0.15401952481362E+08
 0.15234965253421E+08
 0.15070407798555E+08
 0.14906979360549E+08
 0.14745832779068E+08
 0.14587300050406E+08
 0.14429080335533E+08
 0.14273749500305E+08
 0.14119129215846E+08
 0.13966909048787E+08
 0.13816763113000E+08
 0.13668696585426E+08
 0.13521150690928E+08
 0.13375760858245E+08
 0.13231998696369E+08
 0.13090419132299E+08
 0.12949984462989E+08
 0.12811557414713E+08
 0.12674704948319E+08
 0.12538662174372E+08
 0.12404812414703E+08
 0.12272922433248E+08
 0.12142461032246E+08
 0.12012931403335E+08
 0.11886299313092E+08
 0.11759669865968E+08
 0.11635014341457E+08
 0.11512006273025E+08
 0.11390362532492E+08
 0.11270144981901E+08
 0.11151602934640E+08
 0.11034506136109E+08
 0.10918202683639E+08
 0.10804403258160E+08
 0.10691327459273E+08
 0.10579952760952E+08
 0.10469508359109E+08
 0.10359971299664E+08
 0.10252975519850E+08
