 0.77828127914593E+07
 0.77828127914647E+07
 0.77828127915301E+07
 0.77828127918517E+07
 0.77828127940319E+07
 0.77828128089108E+07
 0.77828129398257E+07
 0.77828135132704E+07
 0.77828154248336E+07
 0.77828204368625E+07
 0.77828314346844E+07
 0.77828523523923E+07
 0.77828883628369E+07
 0.77829457172914E+07
 0.77830307447708E+07
 0.77831519135773E+07
 0.77833160629229E+07
 0.77835309933248E+07
 0.77838042137380E+07
 0.77841429597567E+07
 0.77845564938968E+07
 0.77850464010589E+07
 0.77856213421900E+07
 0.77862861043857E+07
 0.77870461557175E+07
 0.77879050314448E+07
 0.77888683258774E+07
 0.77899324616895E+07
 0.77911025791597E+07
 0.77923831740025E+07
 0.77937790889948E+07
 0.77952815359040E+07
 0.77969000537419E+07
 0.77986385603596E+07
 0.78004819961187E+07
 0.78024452490853E+07
 0.78045224337090E+07
 0.78067240053768E+07
 0.78090345448410E+07
 0.78114499729568E+07
 0.78140122773175E+07
 0.78166814388182E+07
 0.78194620358164E+07
 0.78223639555361E+07
 0.78254070495425E+07
 0.78285654257812E+07
 0.78318234460563E+07
 0.78352029152302E+07
 0.78387180944145E+07
 0.78423611220812E+07
 0.78461088694232E+07
 0.78499889852424E+07
 0.78539799303271E+07
 0.78580959810252E+07
 0.78623491212523E+07
 0.78667189333163E+07
 0.78711950262648E+07
 0.78758234952352E+07
 0.78805501824829E+07
 0.78853514268138E+07
 0.78903960066176E+07
 0.78954288583017E+07
 0.79005793287342E+07
 0.79059202177811E+07
 0.79112563067714E+07
 0.79168351290076E+07
 0.79224341194228E+07
 0.79279746814045E+07
 0.79337378510246E+07
 0.79394754817210E+07
 0.79454356678152E+07
 0.79513881894972E+07
 0.79572047925316E+07
 0.79633289264599E+07
 0.79692706674594E+07
 0.79753510795101E+07
 0.79813794225144E+07
 0.79874949003774E+07
 0.79933115803345E+07
 0.79993269022091E+07
 0.80051874989543E+07
 0.80109288497496E+07
 0.80165186795837E+07
 0.80220124330730E+07
 0.80275765031542E+07
 0.80327430823639E+07
 0.80376847938133E+07
 0.80425709344259E+07
 0.80471781446860E+07
 0.80515961203156E+07
 0.80554133237341E+07
 0.80588653233298E+07
 0.80621905249405E+07
 0.80651836625380E+07
 0.80673441717281E+07
 0.80689457237890E+07
 0.80704043528613E+07
 0.80709386711988E+07
 0.80709479765409E+07
 0.80701802947390E+07
 0.80688365011723E+07
 0.80664232914935E+07
 0.80630968448993E+07
 0.80589802174281E+07
 0.80539623868624E+07
 0.80476346092857E+07
 0.80399286982989E+07
 0.80313474158151E+07
 0.80212469648687E+07
 0.80094736927723E+07
 0.79960108962199E+07
 0.79810893777943E+07
 0.79642525404412E+07
 0.79455523722871E+07
 0.79249049839751E+07
 0.79017404031147E+07
 0.78762233510942E+07
 0.78481451316642E+07
 0.78173875158756E+07
 0.77836716642951E+07
 0.77467190823131E+07
 0.77062621339444E+07
 0.76625067191084E+07
 0.76148190599669E+07
 0.75628320840156E+07
 0.75063671666049E+07
 0.74451695697331E+07
 0.73789997675674E+07
 0.73073085047608E+07
 0.72298529404984E+07
 0.71462336573855E+07
 0.70559338895205E+07
 0.69587150722275E+07
 0.68539801670193E+07
 0.67411487429351E+07
 0.66203417829894E+07
 0.64902835438543E+07
 0.63512039107744E+07
 0.62023756046704E+07
 0.60442766281874E+07
 0.58764914278893E+07
 0.56985874481534E+07
 0.55111261925917E+07
 0.53151586723116E+07
 0.51111771956380E+07
 0.49014594975503E+07
 0.46866023850488E+07
 0.44703552993638E+07
 0.42542261300975E+07
 0.40412387860682E+07
 0.38364037107551E+07
 0.36393835083691E+07
 0.34524768371038E+07
 0.32790172974615E+07
 0.31177384756495E+07
 0.29696884390608E+07
 0.28336456550324E+07
 0.27090455553957E+07
 0.25943831174872E+07
 0.24890065128279E+07
 0.23916184150083E+07
 0.23009950525046E+07
 0.22164316298309E+07
 0.21372392311297E+07
 0.20627683946457E+07
 0.19922665957165E+07
 0.19254395795650E+07
 0.18618365909662E+07
 0.18011234247298E+07
 0.17430751839627E+07
 0.16875834689748E+07
 0.16341217808024E+07
 0.15828117832922E+07
 0.15335504883998E+07
 0.14859669780768E+07
 0.14400504474321E+07
 0.13959175854875E+07
 0.13531886484569E+07
 0.13119621496226E+07
 0.12720127933407E+07
 0.12336040413363E+07
 0.11963341991714E+07
 0.11603394773484E+07
 0.11253817460028E+07
 0.10916968665256E+07
 0.10589905557367E+07
 0.10274484823860E+07
 0.99683910593783E+06
 0.96722071554893E+06
 0.93851619962641E+06
 0.91074856306594E+06
 0.88380905820516E+06
 0.85771120571307E+06
 0.83244847221427E+06
 0.80799327114198E+06
 0.78432475308041E+06
 0.76136322421743E+06
 0.73907523779350E+06
 0.71750183725797E+06
 0.69661819056034E+06
 0.67635835986872E+06
 0.65674366642972E+06
 0.63767112966141E+06
 0.61924182571646E+06
 0.60132080092474E+06
 0.58400667898803E+06
 0.56717291837232E+06
 0.55085845888623E+06
 0.53505393167975E+06
 0.51972331209756E+06
 0.50484661010822E+06
 0.49042434491296E+06
 0.47640064777822E+06
 0.46285029360749E+06
 0.44968603784540E+06
 0.43691803239567E+06
 0.42452262285142E+06
 0.41249776614568E+06
 0.40084786370786E+06
 0.38952265908864E+06
 0.37854496054282E+06
 0.36787854362330E+06
 0.35752219429185E+06
 0.34748653499300E+06
 0.33772874044361E+06
 0.32828146758683E+06
 0.31909752451014E+06
 0.31018722535474E+06
 0.30152922239518E+06
 0.29313066464440E+06
 0.28497826287483E+06
 0.27705034049190E+06
 0.26935741346877E+06
 0.26188980703481E+06
 0.25462396494372E+06
 0.24759001309281E+06
 0.24074142724858E+06
 0.23409991490045E+06
 0.22763366872949E+06
 0.22136522665523E+06
 0.21527686331317E+06
 0.20934967630911E+06
 0.20360545438670E+06
 0.19801481743828E+06
 0.19258191863048E+06
 0.18731153398437E+06
 0.18217863860051E+06
 0.17719560663881E+06
 0.17235285690008E+06
 0.16764138527269E+06
 0.16307175394128E+06
 0.15862003269879E+06
 0.15430036250522E+06
 0.15009720233726E+06
 0.14600921131200E+06
 0.14204002458847E+06
 0.13817572008462E+06
 0.13441906093778E+06
 0.13077128456750E+06
 0.12721733526743E+06
 0.12376932304999E+06
 0.12040643767075E+06
 0.11714165246418E+06
 0.11396728182105E+06
 0.11087843321631E+06
 0.10787263941992E+06
 0.10494874343907E+06
 0.10210533738717E+06
 0.99340202225091E+05
 0.96650240816905E+05
 0.94032634478800E+05
 0.91485572244431E+05
 0.89006377200914E+05
 0.86595374530676E+05
 0.84250355303975E+05
 0.81965871343034E+05
 0.79744023272587E+05
 0.77583785729184E+05
 0.75478175442615E+05
 0.73430254527793E+05
 0.71437105364031E+05
 0.69497477198567E+05
 0.67608955556937E+05
 0.65771212951351E+05
 0.63982100791287E+05
 0.62239786219810E+05
 0.60544899586285E+05
 0.58894222250464E+05
 0.57287534143166E+05
 0.55723018217032E+05
 0.54198965635885E+05
 0.52716596335333E+05
 0.51271808825217E+05
 0.49865819574355E+05
 0.48496428270164E+05
 0.47162676754015E+05
 0.45863965874327E+05
 0.44599266041374E+05
 0.43367669261418E+05
 0.42168156060145E+05
