 0.25955908804632E+10
 0.25957108867719E+10
 0.25959108782898E+10
 0.25961908750767E+10
 0.25965508759658E+10
 0.25969908781553E+10
 0.25975108684409E+10
 0.25981108744504E+10
 0.25987908512540E+10
 0.25995508450152E+10
 0.26003908398451E+10
 0.26013108301255E+10
 0.26023108280701E+10
 0.26033908279008E+10
 0.26045508229219E+10
 0.26057908244451E+10
 0.26071108155457E+10
 0.26085108620774E+10
 0.26099908610651E+10
 0.26115509309845E+10
 0.26131909777262E+10
 0.26149110681517E+10
 0.26167111793732E+10
 0.26185913455962E+10
 0.26205515730375E+10
 0.26225918277958E+10
 0.26247121260218E+10
 0.26269125376959E+10
 0.26291930177436E+10
 0.26315536370904E+10
 0.26339942185712E+10
 0.26365149667804E+10
 0.26391158480202E+10
 0.26417967491195E+10
 0.26445578957278E+10
 0.26473989695702E+10
 0.26503200483771E+10
 0.26533213110548E+10
 0.26564025196494E+10
 0.26595638441498E+10
 0.26628050362613E+10
 0.26661261664420E+10
 0.26695271472895E+10
 0.26730079771830E+10
 0.26765685919621E+10
 0.26802088970091E+10
 0.26839287477221E+10
 0.26877280761892E+10
 0.26916068039705E+10
 0.26955648873828E+10
 0.26996019244336E+10
 0.27037180986178E+10
 0.27079130248157E+10
 0.27121866783738E+10
 0.27165388027994E+10
 0.27209691257826E+10
 0.27254774471508E+10
 0.27300637162772E+10
 0.27347274905625E+10
 0.27394681677758E+10
 0.27442865261045E+10
 0.27491808106712E+10
 0.27541516519849E+10
 0.27591983399703E+10
 0.27643209177306E+10
 0.27695184142891E+10
 0.27747905394662E+10
 0.27801368589370E+10
 0.27855577195904E+10
 0.27910514144496E+10
 0.27966174471147E+10
 0.28022553850586E+10
 0.28079652756593E+10
 0.28137471571970E+10
 0.28195987775201E+10
 0.28255207738057E+10
 0.28315111273007E+10
 0.28375712663488E+10
 0.28436999179730E+10
 0.28498931826626E+10
 0.28561547776610E+10
 0.28624821046759E+10
 0.28688730205948E+10
 0.28753286791594E+10
 0.28818472203623E+10
 0.28884269438443E+10
 0.28950706273364E+10
 0.29017741059211E+10
 0.29085377289329E+10
 0.29153559329359E+10
 0.29222349566158E+10
 0.29291688185995E+10
 0.29361593359226E+10
 0.29432033669394E+10
 0.29503036951722E+10
 0.29574576597296E+10
 0.29646537763188E+10
 0.29719053965082E+10
 0.29792045231096E+10
 0.29865464928866E+10
 0.29939411340836E+10
 0.30013759179201E+10
 0.30088563890081E+10
 0.30163748013418E+10
 0.30239358070919E+10
 0.30315357410422E+10
 0.30391625416292E+10
 0.30468369706621E+10
 0.30545334051767E+10
 0.30622703159191E+10
 0.30700300131913E+10
 0.30778270521594E+10
 0.30856400232178E+10
 0.30934805226540E+10
 0.31013291274584E+10
 0.31092143575326E+10
 0.31171042419025E+10
 0.31250094761075E+10
 0.31329296537480E+10
 0.31408525986363E+10
 0.31487781916288E+10
 0.31567146324689E+10
 0.31646500863477E+10
 0.31725758311324E+10
 0.31804989139734E+10
 0.31884110290665E+10
 0.31963118588886E+10
 0.32041935814924E+10
 0.32120479042180E+10
 0.32198867930233E+10
 0.32276878262987E+10
 0.32354651169987E+10
 0.32432013192734E+10
 0.32509085549559E+10
 0.32585678795100E+10
 0.32661916600716E+10
 0.32737420885205E+10
 0.32812559708109E+10
 0.32887238792163E+10
 0.32961400902494E+10
 0.33035022957046E+10
 0.33108275111430E+10
 0.33181238047791E+10
 0.33253740954557E+10
 0.33326047452876E+10
 0.33398454470351E+10
 0.33470983575323E+10
 0.33543805460158E+10
 0.33617091597455E+10
 0.33691309299673E+10
 0.33766692023028E+10
 0.33843378379816E+10
 0.33921776031810E+10
 0.34001808898085E+10
 0.34084020712108E+10
 0.34167999943676E+10
 0.34254259099721E+10
 0.34342560574165E+10
 0.34432862499263E+10
 0.34525077715667E+10
 0.34619087676474E+10
 0.34714898427461E+10
 0.34812334594971E+10
 0.34911468811142E+10
 0.35012133209049E+10
 0.35114533693414E+10
 0.35218317650859E+10
 0.35323783293417E+10
 0.35430598815789E+10
 0.35538976020403E+10
 0.35648884449676E+10
 0.35760060544795E+10
 0.35872930230408E+10
 0.35987021481988E+10
 0.36102337663923E+10
 0.36219302525432E+10
 0.36337388874611E+10
 0.36456811638189E+10
 0.36577679593305E+10
 0.36699737859633E+10
 0.36822976068991E+10
 0.36947456864551E+10
 0.37073076413511E+10
 0.37199947718339E+10
 0.37327994910561E+10
 0.37457278722516E+10
 0.37587547220635E+10
 0.37718915829418E+10
 0.37851499327202E+10
 0.37985281798267E+10
 0.38119911132298E+10
 0.38255750526315E+10
 0.38392661458467E+10
 0.38530547420116E+10
 0.38669526667215E+10
 0.38809561414431E+10
 0.38950544334150E+10
 0.39092581187839E+10
 0.39235514673609E+10
 0.39379708022461E+10
 0.39524680864697E+10
 0.39670642146195E+10
 0.39817710692343E+10
 0.39965677288703E+10
 0.40114651688048E+10
 0.40264561673595E+10
 0.40415441029902E+10
 0.40567245030112E+10
 0.40720010341533E+10
 0.40873805442451E+10
 0.41028480900396E+10
 0.41184023584618E+10
 0.41340613910660E+10
 0.41498034136589E+10
 0.41656510085628E+10
 0.41815784536734E+10
 0.41975991794412E+10
 0.42137178971368E+10
 0.42299181509457E+10
 0.42462220514496E+10
 0.42626115729225E+10
 0.42790877401619E+10
 0.42956569617303E+10
 0.43123156655343E+10
 0.43290737665544E+10
 0.43459137310652E+10
 0.43628407010269E+10
 0.43798568540341E+10
 0.43969638384953E+10
 0.44141696881019E+10
 0.44314593992314E+10
 0.44488310401278E+10
 0.44663029249100E+10
 0.44838460094102E+10
 0.45014917841450E+10
 0.45192212047151E+10
 0.45370392027311E+10
 0.45549378127505E+10
 0.45729259029738E+10
 0.45910131472112E+10
 0.46091798817915E+10
 0.46274378141317E+10
 0.46457720061439E+10
 0.46642089186618E+10
 0.46827215474250E+10
 0.47013240043338E+10
 0.47200197657681E+10
 0.47387922164919E+10
 0.47576459050180E+10
 0.47766020751752E+10
 0.47956384913304E+10
 0.48147586827238E+10
 0.48339681583636E+10
 0.48532589720214E+10
 0.48726474132753E+10
 0.48921007655565E+10
 0.49116587556820E+10
 0.49313004878183E+10
 0.49510198728910E+10
 0.49708338647589E+10
 0.49907243707061E+10
 0.50107046430802E+10
 0.50307724942362E+10
 0.50509250322048E+10
 0.50711533424794E+10
 0.50914821216786E+10
 0.51118921419281E+10
 0.51323858578253E+10
 0.51529611177393E+10
 0.51736271822464E+10
 0.51943664725626E+10
 0.52151962754291E+10
 0.52361143041544E+10
 0.52571134298611E+10
 0.52782006602970E+10
 0.52993731341844E+10
 0.53206306603755E+10
 0.53419724811800E+10
 0.53634008193738E+10
 0.53849019169119E+10
 0.54065053856846E+10
 0.54281828350097E+10
 0.54499428870409E+10
 0.54717925903746E+10
 0.54937257424421E+10
 0.55157454267916E+10
 0.55378365150968E+10
 0.55600297494066E+10
 0.55822979999023E+10
 0.56046513602404E+10
 0.56270919314506E+10
 0.56496106730135E+10
 0.56722152915218E+10
 0.56948984374937E+10
 0.57176782467312E+10
 0.57405300829174E+10
 0.57634765295854E+10
 0.57864997393250E+10
 0.58096054545711E+10
 0.58327990218032E+10
