 0.20942673356029E+01
 0.20942673356029E+01
 0.20942673356029E+01
 0.20942673356029E+01
 0.20942673356029E+01
 0.20942673311248E+01
 0.20942673131905E+01
 0.20942674048933E+01
 0.20942674448854E+01
 0.20942670094657E+01
 0.20942738681973E+01
 0.20942635301884E+01
 0.20942613916057E+01
 0.20942647413533E+01
 0.20942680905648E+01
 0.20942728477286E+01
 0.20942556236600E+01
 0.20942625918570E+01
 0.20942626772311E+01
 0.20942673590118E+01
 0.20942666996553E+01
 0.20942568807869E+01
 0.20942668905113E+01
 0.20942670214745E+01
 0.20942654892353E+01
 0.20942628759396E+01
 0.20942621436325E+01
 0.20942613893542E+01
 0.20942740843930E+01
 0.20942464765436E+01
 0.20942659735758E+01
 0.20942545526210E+01
 0.20942573992467E+01
 0.20942257336875E+01
 0.20942786996062E+01
 0.20942386932266E+01
 0.20942534619165E+01
 0.20942404741890E+01
 0.20942090135611E+01
 0.20942430657360E+01
 0.20942006137247E+01
 0.20942022388480E+01
 0.20942556750884E+01
 0.20941897953530E+01
 0.20942343244150E+01
 0.20942233676878E+01
 0.20942410952343E+01
 0.20942531955382E+01
 0.20942456126095E+01
 0.20942300124363E+01
 0.20942434900201E+01
 0.20941998898330E+01
 0.20941748852707E+01
 0.20941772766827E+01
 0.20942118216204E+01
 0.20942092395984E+01
 0.20942041148552E+01
 0.20942129387542E+01
 0.20941345882425E+01
 0.20941367027810E+01
 0.20942077138383E+01
 0.20941370004568E+01
 0.20940495571784E+01
 0.20941380165309E+01
 0.20940982457835E+01
 0.20941016779807E+01
 0.20940716131024E+01
 0.20940346102900E+01
 0.20940040418314E+01
 0.20941640322462E+01
 0.20939891672578E+01
 0.20940465290917E+01
 0.20939698536745E+01
 0.20938268795587E+01
 0.20938275408880E+01
 0.20937713331192E+01
 0.20937974711417E+01
 0.20938608932315E+01
 0.20937149631966E+01
 0.20937253293783E+01
 0.20936207660893E+01
 0.20935713975009E+01
 0.20936192517252E+01
 0.20934957953754E+01
 0.20936177434271E+01
 0.20933827924782E+01
 0.20933966409211E+01
 0.20934068262201E+01
 0.20933098257316E+01
 0.20932685139942E+01
 0.20930732502483E+01
 0.20929707422821E+01
 0.20928623662530E+01
 0.20926810956790E+01
 0.20926459741702E+01
 0.20927599762119E+01
 0.20925534552143E+01
