 0.16432730420240E+00
 0.16432730420236E+00
 0.16432730420183E+00
 0.16432730419992E+00
 0.16432730418737E+00
 0.16432730411556E+00
 0.16432730225332E+00
 0.16432729422964E+00
 0.16432726668586E+00
 0.16432719381815E+00
 0.16432703279985E+00
 0.16432672136019E+00
 0.16432618676799E+00
 0.16432532434620E+00
 0.16432404580131E+00
 0.16432220007811E+00
 0.16431968650281E+00
 0.16431637667334E+00
 0.16431213385761E+00
 0.16430683270084E+00
 0.16430025876190E+00
 0.16429244517464E+00
 0.16428316845544E+00
 0.16427230790701E+00
 0.16425971438481E+00
 0.16424527473225E+00
 0.16422878553499E+00
 0.16421031684187E+00
 0.16418965181653E+00
 0.16416656598304E+00
 0.16414080742605E+00
 0.16411254104661E+00
 0.16408134354078E+00
 0.16404693869877E+00
 0.16400966935012E+00
 0.16396890023039E+00
 0.16392463877004E+00
 0.16387640767953E+00
 0.16382448574859E+00
 0.16376883703357E+00
 0.16370795994009E+00
 0.16364293381542E+00
 0.16357342563401E+00
 0.16349892257410E+00
 0.16341864995436E+00
 0.16333318969472E+00
 0.16324288792818E+00
 0.16314682516504E+00
 0.16304439603452E+00
 0.16293564911798E+00
 0.16282110169614E+00
 0.16269967224360E+00
 0.16257182073130E+00
 0.16243689521029E+00
 0.16229425391601E+00
 0.16214448855300E+00
 0.16198730686047E+00
 0.16182133757190E+00
 0.16164786309780E+00
 0.16146719960516E+00
 0.16127416406638E+00
 0.16107581051620E+00
 0.16086806324298E+00
 0.16064832745118E+00
 0.16042186447605E+00
 0.16018090501621E+00
 0.15993173698150E+00
 0.15967602251456E+00
 0.15940469550790E+00
 0.15912480395501E+00
 0.15882791307291E+00
 0.15852050494170E+00
 0.15820522683322E+00
 0.15786858379164E+00
 0.15752369362829E+00
 0.15716045579756E+00
 0.15678346126020E+00
 0.15638683730256E+00
 0.15598216588613E+00
 0.15555190822111E+00
 0.15510630965071E+00
 0.15464224512319E+00
 0.15415960364735E+00
 0.15365512899810E+00
 0.15312095954338E+00
 0.15257101385758E+00
 0.15199713670958E+00
 0.15139149652537E+00
 0.15075997571302E+00
 0.15009617022612E+00
 0.14941227091282E+00
 0.14869624424778E+00
 0.14793874932124E+00
 0.14714145624278E+00
 0.14631986697967E+00
 0.14546143196471E+00
 0.14454509922921E+00
 0.14359718861469E+00
 0.14259760358281E+00
 0.14155133504244E+00
 0.14044463813263E+00
 0.13929195330615E+00
 0.13808225554342E+00
 0.13680212088132E+00
 0.13544876303902E+00
 0.13403344747424E+00
 0.13255288013099E+00
 0.13096827870835E+00
 0.12930675074840E+00
 0.12756429325002E+00
 0.12572893467189E+00
 0.12377507215048E+00
 0.12171349051979E+00
 0.11952423925175E+00
 0.11719015697485E+00
 0.11473406445728E+00
 0.11212341954150E+00
 0.10934277933278E+00
 0.10636931759821E+00
 0.10320485604944E+00
 0.99834222374606E-01
 0.96242060843730E-01
 0.92360066436264E-01
 0.88208334758487E-01
 0.83807082526801E-01
 0.79149979621761E-01
 0.74257038999004E-01
 0.69113888366612E-01
 0.63882886311977E-01
 0.58708681434698E-01
 0.53691284618624E-01
 0.48931102498324E-01
 0.44589762335713E-01
 0.40634524988018E-01
 0.37066729991610E-01
 0.33918747422943E-01
 0.31082038697886E-01
 0.28557490249340E-01
 0.26302586947828E-01
 0.24292909418966E-01
 0.22490782492780E-01
 0.20857381128114E-01
 0.19381379640341E-01
 0.18046817945994E-01
 0.16829129147877E-01
 0.15726671045410E-01
 0.14713303418098E-01
 0.13788995128608E-01
 0.12937910330275E-01
 0.12152883479683E-01
 0.11439620397446E-01
 0.10775485969529E-01
 0.10156473502087E-01
 0.95899378233619E-02
 0.90614695969524E-02
 0.85731214755932E-02
 0.81182848434874E-02
 0.76958114581685E-02
 0.73005713094860E-02
 0.69330242772492E-02
 0.65903556767614E-02
 0.62682285530657E-02
 0.59670351852216E-02
 0.56845168626517E-02
 0.54208564786909E-02
 0.51719060624860E-02
 0.49381235790289E-02
 0.47181728908707E-02
 0.45109072951757E-02
 0.43157139188080E-02
 0.41326401269082E-02
 0.39580953460357E-02
 0.37937419030988E-02
 0.36393724070911E-02
 0.34922620521027E-02
 0.33527258738306E-02
 0.32219165508653E-02
 0.30967371725754E-02
 0.29783466817930E-02
 0.28651370114546E-02
 0.27593926064838E-02
 0.26576824187684E-02
 0.25614212008367E-02
 0.24684784505473E-02
 0.23813551051394E-02
 0.22973124800122E-02
 0.22182377138705E-02
 0.21422046767618E-02
 0.20697564347046E-02
 0.20003266617261E-02
 0.19343267716436E-02
 0.18707110895807E-02
 0.18099287965770E-02
 0.17519783788534E-02
 0.16964760563835E-02
 0.16436125330437E-02
 0.15927428798243E-02
 0.15436821682577E-02
 0.14967062237655E-02
 0.14519288275837E-02
 0.14086800013397E-02
 0.13674470894577E-02
 0.13273250150940E-02
 0.12891837778166E-02
 0.12521152984586E-02
 0.12169093899885E-02
 0.11827362095104E-02
 0.11498457750346E-02
 0.11181952131568E-02
 0.10878486032410E-02
 0.10583334054437E-02
 0.10300600421169E-02
 0.10025478628120E-02
 0.97632207403307E-03
 0.95092330158052E-03
 0.92634861776138E-03
 0.90265655874012E-03
 0.87969126519540E-03
 0.85768035897716E-03
 0.83621104659149E-03
 0.81560297843405E-03
 0.79555844241525E-03
 0.77607016660810E-03
 0.75738130705504E-03
 0.73917894474318E-03
 0.72174448482618E-03
 0.70475906557980E-03
 0.68830939981722E-03
 0.67230055057164E-03
 0.65687387956341E-03
 0.64195757677184E-03
 0.62736324335626E-03
 0.61325684969013E-03
 0.59962675092995E-03
 0.58626506329140E-03
 0.57345334320396E-03
 0.56095093249349E-03
 0.54881940675770E-03
 0.53696852337315E-03
 0.52552252808551E-03
 0.51446209730065E-03
 0.50360466035898E-03
 0.49313755628448E-03
 0.48292133653080E-03
 0.47294812942007E-03
 0.46332221200136E-03
 0.45389457341477E-03
 0.44472929029106E-03
 0.43583313839744E-03
 0.42713396897518E-03
 0.41875149325145E-03
 0.41050174556365E-03
 0.40252495324536E-03
 0.39471038545315E-03
 0.38712102493986E-03
 0.37972811534666E-03
 0.37251191715054E-03
 0.36548294617583E-03
 0.35866768625005E-03
 0.35194651327316E-03
 0.34547088162604E-03
 0.33906657484593E-03
 0.33288362274863E-03
 0.32684530226172E-03
 0.32096480072508E-03
 0.31516509515155E-03
 0.30954442514808E-03
 0.30405669900662E-03
 0.29870910522258E-03
 0.29346472792711E-03
 0.28834893734098E-03
 0.28338063088668E-03
 0.27847988096949E-03
 0.27369660197621E-03
 0.26904852551487E-03
 0.26449024286847E-03
 0.26002604236620E-03
 0.25571754915312E-03
 0.25143458867995E-03
 0.24726697732741E-03
 0.24321131687574E-03
 0.23922000810528E-03
 0.23533206440409E-03
 0.23152698339200E-03
 0.22780093286435E-03
 0.22413983267965E-03
 0.22058911867461E-03
 0.21709235847943E-03
 0.21368013805872E-03
 0.21033963673438E-03
 0.20704009841178E-03
 0.20385642389548E-03
 0.20069046758125E-03
 0.19762702172163E-03
 0.19460740343685E-03
 0.19164839576480E-03
 0.18875148791242E-03
 0.18591479378284E-03
 0.18313083189498E-03
 0.18040116731672E-03
