 0.10813086768930E+04
 0.10813086768930E+04
 0.10813086768930E+04
 0.10813086768930E+04
 0.10813086768930E+04
 0.10813086768930E+04
 0.10813086768930E+04
 0.10813086768930E+04
 0.10813086768930E+04
 0.10813001936183E+04
 0.10814168631599E+04
 0.10812570832628E+04
 0.10811551961542E+04
 0.10812320685437E+04
 0.10810722137684E+04
 0.10811364702020E+04
 0.10811003400226E+04
 0.10812669424037E+04
 0.10812031220861E+04
 0.10810840125707E+04
 0.10811366249169E+04
 0.10812648701833E+04
 0.10812242502846E+04
 0.10809762595047E+04
 0.10809137327792E+04
 0.10811161062353E+04
 0.10811856459128E+04
 0.10810086898520E+04
 0.10808888165124E+04
 0.10811227935650E+04
 0.10814336296952E+04
 0.10807997364922E+04
 0.10818247551388E+04
 0.10817925469104E+04
 0.10814121999289E+04
 0.10823777563869E+04
 0.10816155229275E+04
 0.10815494613095E+04
 0.10764194114718E+04
 0.10815533767007E+04
 0.10807883259928E+04
 0.10823998839609E+04
 0.10816471293329E+04
 0.10765752412865E+04
 0.10780065300428E+04
 0.10780654926738E+04
 0.10776924972491E+04
 0.10766595851624E+04
 0.10820615493072E+04
 0.10778085556466E+04
 0.10817147185483E+04
 0.10792477510564E+04
 0.10767852661674E+04
 0.10760746267057E+04
 0.10762354194978E+04
 0.10796873639348E+04
 0.10793290428088E+04
 0.10816072290468E+04
 0.10813963148487E+04
 0.10771107172919E+04
 0.10801396546342E+04
 0.10784521534849E+04
 0.10803669966888E+04
 0.10774609362569E+04
 0.10768467734043E+04
 0.10781038254197E+04
 0.10792572334966E+04
 0.10867430870122E+04
 0.10812111043655E+04
 0.10889787135751E+04
 0.10829748279649E+04
 0.10845379098776E+04
 0.10808538738076E+04
 0.10836837668454E+04
 0.10777520312253E+04
 0.10810468435741E+04
 0.10821273678373E+04
 0.10785674116381E+04
 0.10852349550814E+04
 0.10844074855985E+04
 0.10827709020072E+04
 0.10808268688297E+04
 0.10837242839948E+04
 0.10868692520501E+04
 0.10803632299763E+04
 0.10835435250192E+04
 0.10837544917887E+04
 0.10865363264160E+04
 0.10846214131112E+04
 0.10829629888808E+04
 0.10839783976157E+04
 0.10824218115883E+04
 0.10844291568881E+04
 0.10787060882137E+04
 0.10781954699589E+04
 0.10868344469392E+04
 0.10796869631704E+04
 0.10848345771375E+04
 0.10809722686236E+04
 0.10783988540546E+04
 0.10778642249722E+04
 0.10819446547909E+04
 0.10805172583654E+04
 0.10795872548086E+04
 0.10843028826283E+04
 0.10767222019873E+04
 0.10879389661929E+04
 0.10879717833657E+04
 0.10879878981538E+04
 0.10794801174441E+04
 0.10791598411902E+04
 0.10812533860924E+04
 0.10828838646322E+04
 0.10860969202968E+04
 0.10845171420510E+04
 0.10801031388198E+04
 0.10880794772091E+04
 0.10896185135287E+04
 0.10762861966307E+04
 0.10905701469232E+04
 0.10898663185099E+04
 0.10764950079277E+04
 0.10899237380752E+04
 0.10845891574901E+04
 0.10842202119193E+04
 0.10785229069106E+04
 0.10781536326610E+04
 0.10852642788853E+04
 0.10767350317072E+04
 0.10837917804237E+04
 0.10866438968781E+04
 0.10786833462253E+04
 0.10800311596861E+04
 0.10894718935150E+04
 0.10871404224513E+04
 0.10844995797687E+04
 0.10814059970316E+04
 0.10862406095338E+04
 0.10799573068936E+04
 0.10794416912629E+04
 0.10801635256358E+04
 0.10852828136744E+04
 0.10811339776742E+04
 0.10809631491344E+04
 0.10833465156506E+04
 0.10836406854602E+04
 0.10931309390318E+04
 0.10833816877080E+04
 0.10934106122689E+04
 0.10819129579641E+04
 0.10912694780812E+04
 0.10860157367680E+04
 0.10812627849273E+04
 0.10864108408810E+04
 0.10870972808449E+04
 0.10888666799369E+04
 0.10904347300619E+04
 0.10925606610594E+04
 0.10932615875578E+04
 0.10855506111455E+04
 0.10841966412625E+04
 0.10908296039379E+04
 0.10872076287366E+04
 0.10903047491572E+04
 0.10979962367803E+04
 0.10947594256895E+04
 0.10948037239385E+04
 0.10891997960293E+04
 0.10956111377472E+04
 0.10891863139885E+04
 0.10970778342168E+04
 0.10915944164112E+04
 0.10916473581420E+04
 0.10977359433297E+04
 0.10966977844019E+04
 0.11001351354378E+04
 0.10955169339592E+04
 0.10984394828305E+04
 0.11059872386546E+04
 0.10993037485636E+04
 0.11071189728083E+04
 0.11033860381002E+04
 0.11047927202274E+04
 0.11060559838273E+04
 0.11022953675156E+04
 0.11062835217012E+04
 0.11088934079591E+04
 0.11137692906705E+04
 0.11049765754418E+04
 0.11190961760592E+04
 0.11204890244143E+04
 0.11094789807960E+04
 0.11194429120008E+04
 0.11167092248347E+04
 0.11180484020913E+04
 0.11170850789002E+04
 0.11220838233421E+04
 0.11188436382401E+04
 0.11215577110496E+04
 0.11338029370323E+04
 0.11315108585308E+04
 0.11338507974659E+04
 0.11318221820553E+04
 0.11242776925694E+04
 0.11400774173720E+04
 0.11274376203464E+04
 0.11345475345523E+04
 0.11315630250219E+04
 0.11384693476155E+04
 0.11475035907156E+04
 0.11441672325934E+04
 0.11386059604846E+04
 0.11437070357815E+04
 0.11404822784773E+04
 0.11483357749434E+04
 0.11559573192194E+04
 0.11592016148286E+04
 0.11546080440926E+04
 0.11531946282483E+04
 0.11595266494050E+04
 0.11646955764197E+04
 0.11538947448462E+04
 0.11677761777881E+04
 0.11649784807938E+04
 0.11730897373943E+04
 0.11640504309158E+04
 0.11729172793266E+04
 0.11716773244363E+04
 0.11824731780539E+04
 0.11700124878280E+04
 0.11732792185044E+04
 0.11743072901117E+04
 0.11792216196798E+04
 0.11835727299581E+04
 0.11814238199240E+04
 0.11902521819254E+04
 0.11890438006559E+04
 0.11907484418444E+04
 0.11927047968818E+04
 0.11941511252014E+04
 0.12051174240051E+04
 0.12098355299186E+04
 0.12040579283042E+04
 0.12047433545558E+04
 0.12039518245785E+04
 0.12063896785652E+04
 0.12177323601628E+04
 0.12217571584821E+04
 0.12172284040869E+04
 0.12264355603350E+04
 0.12269447747069E+04
 0.12224094845686E+04
 0.12217759088500E+04
 0.12230310264095E+04
 0.12395461567854E+04
 0.12289537118529E+04
 0.12310805601546E+04
 0.12434773094278E+04
 0.12419737834683E+04
 0.12498957730798E+04
 0.12540186536395E+04
 0.12439973254124E+04
 0.12434855299609E+04
 0.12564483690581E+04
 0.12534021586732E+04
 0.12637786538860E+04
 0.12614931717522E+04
 0.12547697843972E+04
 0.12661305436841E+04
 0.12678231566539E+04
 0.12670735075268E+04
 0.12727272130268E+04
 0.12696030115665E+04
 0.12793790655775E+04
 0.12742735387614E+04
 0.12819323538740E+04
 0.12887718846197E+04
 0.12915617567720E+04
 0.12826272592749E+04
 0.13016913589189E+04
 0.12889471682371E+04
 0.13034595369570E+04
 0.13004613350340E+04
 0.12956900000576E+04
 0.13059225376261E+04
 0.13171293186465E+04
 0.13083797607093E+04
 0.13220012705573E+04
 0.13088551854146E+04
 0.13096740723798E+04
 0.13135920622215E+04
 0.13260872747949E+04
 0.13228303963108E+04
 0.13395706484324E+04
 0.13295592363451E+04
 0.13328524085444E+04
 0.13342947197003E+04
 0.13415362474666E+04
 0.13480228698046E+04
 0.13398403562431E+04
