 0.10000000133514E-09
 0.10000000133514E-09
 0.10000000133514E-09
 0.10000000133514E-09
 0.10000000133514E-09
 0.10000000133514E-09
 0.10000000133514E-09
 0.10000000133514E-09
 0.10000000133514E-09
 0.10000000133514E-09
 0.10000000133514E-09
 0.10000000133514E-09
 0.10000000133514E-09
 0.10000000133514E-09
 0.10000000133514E-09
 0.10000000133514E-09
 0.15170411097294E-07
 0.15170411097294E-07
 0.26004731110274E-06
 0.62244906287548E-06
 0.11639308705702E-05
 0.20578112406305E-05
 0.34675902252953E-05
 0.56046393667034E-05
 0.87338010863353E-05
 0.13178498014662E-04
 0.19324425746872E-04
 0.27621966983813E-04
 0.38589435047264E-04
 0.52813968805431E-04
 0.70950876418226E-04
 0.93720469678497E-04
 0.12191579294076E-03
 0.15639033127808E-03
 0.19805372257917E-03
 0.24789807043142E-03
 0.30695318164031E-03
 0.37632645554938E-03
 0.45716810956714E-03
 0.55066846337503E-03
 0.65813761598264E-03
 0.78090024995823E-03
 0.92026361044434E-03
 0.10777358076535E-02
 0.12605607672455E-02
 0.14592715044312E-02
 0.16806106100133E-02
 0.19263003757034E-02
 0.21980799635174E-02
 0.24978183313294E-02
 0.28267831135568E-02
 0.31878312401179E-02
 0.35813862146610E-02
 0.40110415357692E-02
 0.44777370671264E-02
 0.49843854004784E-02
 0.55311377582888E-02
 0.61221411796805E-02
 0.67593969295152E-02
 0.74432942183134E-02
 0.81790352327031E-02
 0.89658518861136E-02
 0.98075076578513E-02
 0.10707558271987E-01
 0.11664898086863E-01
 0.12687777295407E-01
 0.13773565506975E-01
 0.14924296366107E-01
 0.16147596171780E-01
 0.17441615800722E-01
 0.18815313836888E-01
 0.20265832899347E-01
 0.21795634120397E-01
 0.23411938449735E-01
 0.25116339982088E-01
 0.26909394145148E-01
 0.28799835129684E-01
 0.30790315795878E-01
 0.32875766840752E-01
 0.35072848691026E-01
 0.37375188856095E-01
 0.39791819278852E-01
 0.42323136427514E-01
 0.44979072068933E-01
 0.47774879713959E-01
 0.50691654394393E-01
 0.53743977481439E-01
 0.56951966686338E-01
 0.60308569924592E-01
 0.63829135404655E-01
 0.67495486926373E-01
 0.71342023281500E-01
 0.75374475968680E-01
 0.79611896700307E-01
 0.84030425475640E-01
 0.88657516466642E-01
 0.93552340895410E-01
 0.98680071526642E-01
 0.10408293553143E+00
 0.10979246821693E+00
 0.11587373549916E+00
 0.12233148642775E+00
 0.12927124549845E+00
 0.13684271642189E+00
 0.14528666410712E+00
 0.15504302870651E+00
 0.16699589239543E+00
 0.18114816519032E+00
 0.19762365703378E+00
 0.21160422193865E+00
 0.22116698538957E+00
 0.22823126600209E+00
 0.23399317349562E+00
 0.23904061460260E+00
 0.24368721897590E+00
 0.24807408713221E+00
 0.25232321481183E+00
 0.25648074320739E+00
 0.26059071069344E+00
 0.26466969513536E+00
 0.26874151363578E+00
 0.27281518567030E+00
 0.27690714313203E+00
 0.28101380266145E+00
 0.28514042578287E+00
 0.28929070946072E+00
 0.29346743325281E+00
 0.29767522536506E+00
 0.30190848606162E+00
 0.30616995962246E+00
 0.31046287503962E+00
 0.31478302714425E+00
 0.31912714310751E+00
 0.32349793546777E+00
 0.32789643164104E+00
 0.33231488736536E+00
 0.33675834412813E+00
 0.34121993520274E+00
 0.34570006235186E+00
 0.35019738127091E+00
 0.35470661213896E+00
 0.35923176371248E+00
 0.36376253796106E+00
 0.36830356302829E+00
 0.37285297521231E+00
 0.37740527230914E+00
 0.38195861527693E+00
 0.38651173421025E+00
 0.39106228424269E+00
 0.39560898667481E+00
 0.40014855256845E+00
 0.40467924669264E+00
 0.40920222921985E+00
 0.41371091034048E+00
 0.41820576080969E+00
 0.42268386779874E+00
 0.42714554773485E+00
 0.43158750979043E+00
 0.43601086593545E+00
 0.44041045612808E+00
 0.44478718709300E+00
 0.44913869904298E+00
 0.45346515993740E+00
 0.45776399950929E+00
 0.46203429441237E+00
 0.46627676911729E+00
 0.47048838768282E+00
 0.47466843963848E+00
 0.47881843203493E+00
 0.48293513749786E+00
 0.48701864282097E+00
 0.49106951377337E+00
 0.49508628096158E+00
 0.49906822066802E+00
 0.50301590582564E+00
 0.50692909611353E+00
 0.51080552017068E+00
 0.51464754027388E+00
 0.51845481391942E+00
 0.52222458937905E+00
 0.52595929924386E+00
 0.52965831733609E+00
 0.53332084604276E+00
 0.53694855798113E+00
 0.54053890714751E+00
 0.54409524874496E+00
 0.54761520177980E+00
 0.55109913338520E+00
 0.55454829031537E+00
 0.55796293984255E+00
 0.56134232991587E+00
 0.56468750421514E+00
 0.56799827844067E+00
 0.57127372784684E+00
 0.57451661600441E+00
 0.57772584733626E+00
 0.58090096771314E+00
 0.58404415800353E+00
 0.58715452984353E+00
 0.59023172754950E+00
 0.59327835386085E+00
 0.59629181625644E+00
 0.59927518053148E+00
 0.60222699864918E+00
 0.60514840251444E+00
 0.60803910196494E+00
 0.61090080191351E+00
 0.61373218084053E+00
 0.61653424880567E+00
 0.61930817093478E+00
 0.62205311345917E+00
 0.62476996994195E+00
 0.62745919482450E+00
 0.63012061791869E+00
 0.63275496155591E+00
 0.63536261847991E+00
 0.63794388924587E+00
 0.64049914156435E+00
 0.64302861551219E+00
 0.64553282555195E+00
 0.64801169474517E+00
 0.65046609747923E+00
 0.65289613370511E+00
 0.65530170358313E+00
 0.65768388122719E+00
 0.66004237485497E+00
 0.66237782516061E+00
 0.66469041677473E+00
 0.66698076689379E+00
 0.66924879515633E+00
 0.67149471106862E+00
 0.67371912423853E+00
 0.67592225197895E+00
 0.67810409295400E+00
 0.68026573413564E+00
 0.68240653614567E+00
 0.68452715883670E+00
 0.68662792111170E+00
 0.68870903754493E+00
 0.69077072843812E+00
 0.69281319530715E+00
 0.69483711064669E+00
 0.69684212562021E+00
 0.69882875768365E+00
 0.70079752616916E+00
 0.70274804971004E+00
 0.70468126206683E+00
 0.70659691402849E+00
 0.70849530709963E+00
 0.71037695879358E+00
 0.71224175949947E+00
 0.71409016284851E+00
 0.71592202705317E+00
 0.71773804634893E+00
 0.71953812472727E+00
 0.72132250244321E+00
 0.72309150888664E+00
 0.72484532566029E+00
 0.72658380816454E+00
 0.72830776810201E+00
 0.73001683421862E+00
 0.73171151992860E+00
 0.73339197121132E+00
 0.73505801459231E+00
 0.73671035920170E+00
 0.73834892220546E+00
 0.73997400473753E+00
 0.74158552563350E+00
 0.74318371830565E+00
 0.74476900978167E+00
 0.74634133508896E+00
 0.74790083104914E+00
 0.74944784747847E+00
 0.75098235472722E+00
 0.75250451684068E+00
 0.75401464380589E+00
 0.75551268237339E+00
 0.75699884333046E+00
 0.75847352849318E+00
 0.75993655705487E+00
 0.76138807234304E+00
 0.76282836335891E+00
 0.76425747564201E+00
 0.76567553144850E+00
 0.76708280239361E+00
 0.76847922142079E+00
 0.76986500689703E+00
 0.77124033688116E+00
 0.77260524548733E+00
 0.77395994776192E+00
 0.77530455852826E+00
 0.77663889641666E+00
 0.77796356952829E+00
 0.77927835552419E+00
 0.78058337666168E+00
 0.78187893321470E+00
 0.78316507354633E+00
 0.78444181444336E+00
 0.78570923372443E+00
 0.78696741261527E+00
