 0.35172283106890E+01
 0.35172283106890E+01
 0.35172283106890E+01
 0.35172283106890E+01
 0.35172283106890E+01
 0.35172283106890E+01
 0.35172283106890E+01
 0.35172283106890E+01
 0.35172283106890E+01
 0.35172283219305E+01
 0.35172277795404E+01
 0.35172285559806E+01
 0.35172286448131E+01
 0.35172285003888E+01
 0.35172283564830E+01
 0.35172279028846E+01
 0.35172289676696E+01
 0.35172285737735E+01
 0.35172286618328E+01
 0.35172283635165E+01
 0.35172283680580E+01
 0.35172289200544E+01
 0.35172283541177E+01
 0.35172283788967E+01
 0.35172285139177E+01
 0.35172287831750E+01
 0.35172285971246E+01
 0.35172283638431E+01
 0.35172273929274E+01
 0.35172290232523E+01
 0.35172284468245E+01
 0.35172287168515E+01
 0.35172285326518E+01
 0.35172440898341E+01
 0.35172272572469E+01
 0.35172327395983E+01
 0.35172285989986E+01
 0.35172308882525E+01
 0.35172453102626E+01
 0.35172293957233E+01
 0.35172490479202E+01
 0.35172499243201E+01
 0.35172286605189E+01
 0.35172581035131E+01
 0.35172378875898E+01
 0.35172400810709E+01
 0.35172296901660E+01
 0.35172283038887E+01
 0.35173071489099E+01
 0.35172960690818E+01
 0.35173119497669E+01
 0.35172399269470E+01
 0.35172496877458E+01
 0.35172651187454E+01
 0.35173005950174E+01
 0.35173029004094E+01
 0.35173018621184E+01
 0.35172292945432E+01
 0.35172650692852E+01
 0.35172793599252E+01
 0.35172255867333E+01
 0.35173038067534E+01
 0.35172650014798E+01
 0.35173131938071E+01
 0.35172496396778E+01
 0.35173072779400E+01
 0.35173066167633E+01
 0.35172864491008E+01
 0.35172012933802E+01
 0.35172056947995E+01
 0.35173087363875E+01
 0.35172294368315E+01
 0.35172388300501E+01
 0.35172687944471E+01
 0.35172024434625E+01
 0.35172468788276E+01
 0.35172910308956E+01
 0.35172279518617E+01
 0.35172742992993E+01
 0.35173168966315E+01
 0.35172585269378E+01
 0.35173206870946E+01
 0.35172418541715E+01
 0.35172328711218E+01
 0.35172178719068E+01
 0.35172892292502E+01
 0.35171954562635E+01
 0.35172400946221E+01
 0.35172489194345E+01
 0.35173200220313E+01
 0.35172202974907E+01
 0.35173620255069E+01
 0.35172383606734E+01
 0.35173155318248E+01
 0.35173168099537E+01
 0.35174045844519E+01
 0.35173527797269E+01
 0.35173161618699E+01
 0.35173848794397E+01
 0.35174878380720E+01
 0.35175181021582E+01
