 0.10795098908076E+04
 0.10795098908076E+04
 0.10795098908076E+04
 0.10795098908076E+04
 0.10795098908076E+04
 0.10795098908076E+04
 0.10795098908076E+04
 0.10795098908076E+04
 0.10795098908076E+04
 0.10795204695579E+04
 0.10793534522789E+04
 0.10796090611243E+04
 0.10796546482137E+04
 0.10795797082771E+04
 0.10795000585310E+04
 0.10793813043206E+04
 0.10797916670243E+04
 0.10796270542626E+04
 0.10796416469556E+04
 0.10795161055014E+04
 0.10795252118518E+04
 0.10797506805587E+04
 0.10795230573106E+04
 0.10795441720300E+04
 0.10795895114014E+04
 0.10796807867672E+04
 0.10796156698794E+04
 0.10795558297209E+04
 0.10792628927070E+04
 0.10798718250944E+04
 0.10796037665017E+04
 0.10797341090640E+04
 0.10796278746447E+04
 0.10805554770036E+04
 0.10792436486113E+04
 0.10801028500218E+04
 0.10796628770232E+04
 0.10800155153173E+04
 0.10806375432755E+04
 0.10799585029541E+04
 0.10808148231282E+04
 0.10808556115288E+04
 0.10797299745490E+04
 0.10812353006258E+04
 0.10803115386802E+04
 0.10804109038983E+04
 0.10799685104416E+04
 0.10796925658257E+04
 0.10783901380962E+04
 0.10771884330646E+04
 0.10794017405703E+04
 0.10804074583638E+04
 0.10808444027755E+04
 0.10815738557790E+04
 0.10776745415914E+04
 0.10779207641380E+04
 0.10777522974623E+04
 0.10799282421904E+04
 0.10815921464418E+04
 0.10824642118370E+04
 0.10789608668265E+04
 0.10826131854461E+04
 0.10855031118682E+04
 0.10797777214937E+04
 0.10807851020335E+04
 0.10782356453131E+04
 0.10821704385150E+04
 0.10762078600509E+04
 0.10886845622620E+04
 0.10765035412088E+04
 0.10785291942465E+04
 0.10792566381418E+04
 0.10795484099840E+04
 0.10853005005279E+04
 0.10882477757269E+04
 0.10864867496842E+04
 0.10840458592657E+04
 0.10833722944518E+04
 0.10851144928877E+04
 0.10820141322821E+04
 0.10861480473338E+04
 0.10802087896283E+04
 0.10829430041886E+04
 0.10875676003095E+04
 0.10762981802007E+04
 0.10850642007952E+04
 0.10864530975954E+04
 0.10769911998060E+04
 0.10777494531647E+04
 0.10759163087372E+04
 0.10875567254704E+04
 0.10811924592813E+04
 0.10862322740559E+04
 0.10808728158231E+04
 0.10868360508593E+04
 0.10819025501688E+04
 0.10813684410396E+04
 0.10877978699261E+04
 0.10772733970261E+04
 0.10779330758174E+04
 0.10809304736305E+04
