 0.34789878279465E+03
 0.34789878498954E+03
 0.34789879516805E+03
 0.34789882399173E+03
 0.34789888833281E+03
 0.34789901844543E+03
 0.34789926911769E+03
 0.34789971834568E+03
 0.34790045073904E+03
 0.34790153430345E+03
 0.34790300890860E+03
 0.34790487228241E+03
 0.34790711089199E+03
 0.34790965278276E+03
 0.34791243557638E+03
 0.34791542621799E+03
 0.34791845051056E+03
 0.34792149450780E+03
 0.34792456693811E+03
 0.34792746718006E+03
 0.34791416104053E+03
 0.34791246647195E+03
 0.34791030244383E+03
 0.34790758476936E+03
 0.34790414101065E+03
 0.34790001037165E+03
 0.34789491781491E+03
 0.34788856000366E+03
 0.34788099826659E+03
 0.34787170639793E+03
 0.34786008356202E+03
 0.34784576521864E+03
 0.34782814007357E+03
 0.34780618436544E+03
 0.34777934359697E+03
 0.34774613822765E+03
 0.34770676451851E+03
 0.34765835512372E+03
 0.34760078186667E+03
 0.34753320336277E+03
 0.34745359436776E+03
 0.34736111745833E+03
 0.34725569525082E+03
 0.34713337735946E+03
 0.34699546065152E+03
 0.34683926208360E+03
 0.34666464421769E+03
 0.34647054316469E+03
 0.34625626907353E+03
 0.34601956617579E+03
 0.34576207449181E+03
 0.34548184647631E+03
 0.34517855885165E+03
 0.34485296169472E+03
 0.34449865364611E+03
 0.34412310292496E+03
 0.34372328485940E+03
 0.34329955414097E+03
 0.34284771525647E+03
 0.34236824986184E+03
 0.34186587566897E+03
 0.34133619649876E+03
 0.34077953826615E+03
 0.34019418561550E+03
 0.33958245443564E+03
 0.33894188691289E+03
 0.33826556667235E+03
 0.33757096069968E+03
 0.33682770552018E+03
 0.33606999066897E+03
 0.33526286284974E+03
 0.33442943370576E+03
 0.33354528954086E+03
 0.33263584782283E+03
 0.33168412953930E+03
 0.33068602481911E+03
 0.32964237137684E+03
 0.32854830799603E+03
 0.32739857989486E+03
 0.32621043713259E+03
 0.32493926249120E+03
 0.32361028989613E+03
 0.32222805568809E+03
 0.32075610214834E+03
 0.31920053658570E+03
 0.31755028130611E+03
 0.31581748262897E+03
 0.31397422080467E+03
 0.31199392516148E+03
 0.30989943092524E+03
 0.30765987165002E+03
 0.30522300852770E+03
 0.30262893148823E+03
 0.29979957364594E+03
 0.29670205499725E+03
 0.29327835836426E+03
 0.28949940223686E+03
 0.28523604842299E+03
 0.28034885697238E+03
 0.27459424278874E+03
 0.26747418063235E+03
