 0.67197792076794E+03
 0.67197792076794E+03
 0.67197792076794E+03
 0.67197792076794E+03
 0.67197792076794E+03
 0.67197823877565E+03
 0.67197734998231E+03
 0.67197756846389E+03
 0.67197660663052E+03
 0.67195495340662E+03
 0.67205188985754E+03
 0.67192827157642E+03
 0.67949582194605E+03
 0.67190633634510E+03
 0.67942965274651E+03
 0.67947477267217E+03
 0.67945972969675E+03
 0.67194404236533E+03
 0.67189493495517E+03
 0.67943914507355E+03
 0.67948071329734E+03
 0.67193495829407E+03
 0.67190470754046E+03
 0.67935253530545E+03
 0.67931080776140E+03
 0.67946942908067E+03
 0.67952494645371E+03
 0.67938655386447E+03
 0.68185759825455E+03
 0.67948466244123E+03
 0.67206423441876E+03
 0.68178514491013E+03
 0.67238022553523E+03
 0.67236006514431E+03
 0.67203645347834E+03
 0.67285757129641E+03
 0.67228800448835E+03
 0.67218805330818E+03
 0.67325201707988E+03
 0.67226887273781E+03
 0.68186416630452E+03
 0.67287898245452E+03
 0.67195836805002E+03
 0.67332742665704E+03
 0.67441833613180E+03
 0.67454097523703E+03
 0.67420718069096E+03
 0.67341776015347E+03
 0.67255852661240E+03
 0.67436626117893E+03
 0.67239021508182E+03
 0.67547332554533E+03
 0.67349122103267E+03
 0.67309497601633E+03
 0.67299619655916E+03
 0.67592305347148E+03
 0.68084578517215E+03
 0.67216192473606E+03
 0.67729791158006E+03
 0.67375476471991E+03
 0.67606456781909E+03
 0.67496606930241E+03
 0.68129088577319E+03
 0.67448950244019E+03
 0.67852364025686E+03
 0.67465196851660E+03
 0.67537546552936E+03
 0.67608814088355E+03
 0.67685193162264E+03
 0.67306833940706E+03
 0.67878115287690E+03
 0.67964139566105E+03
 0.68208104218195E+03
 0.67848069575667E+03
 0.67937271908388E+03
 0.67690427956912E+03
 0.68310891891211E+03
 0.68024498092603E+03
 0.67465476344718E+03
 0.67459679527633E+03
 0.67760356229052E+03
 0.68185890542536E+03
 0.67868038195384E+03
 0.68194771791810E+03
 0.67623786235830E+03
 0.67814862615060E+03
 0.67909875635245E+03
 0.67587986402719E+03
 0.67903298750962E+03
 0.67773922316916E+03
 0.67866964960167E+03
 0.68376011900688E+03
 0.67969172527892E+03
 0.68619642631706E+03
 0.67950098713484E+03
 0.68100327131874E+03
 0.68113165853579E+03
 0.67909441732771E+03
 0.68680816464443E+03
 0.68585397461821E+03
 0.68435157187224E+03
 0.68752929548690E+03
 0.68538474948442E+03
 0.68500157556854E+03
 0.68907561896449E+03
 0.68877374008630E+03
 0.69107028194924E+03
 0.69247642466560E+03
 0.69124333606977E+03
 0.69629472804096E+03
 0.69044665400227E+03
 0.69552350555321E+03
 0.69351610969400E+03
 0.69629713148395E+03
 0.69672905510116E+03
 0.70567134936595E+03
 0.69742398291455E+03
 0.70654678090790E+03
 0.70290755031505E+03
 0.70776396526966E+03
 0.70720908091637E+03
 0.70263923175364E+03
 0.70830611828780E+03
 0.71349842325456E+03
 0.71119406355308E+03
 0.71588629994126E+03
 0.71918420270863E+03
 0.71246732621749E+03
 0.71200498906018E+03
 0.71455814598583E+03
 0.72289992509513E+03
 0.72586755045240E+03
 0.72198625332164E+03
 0.71892241904565E+03
 0.72038585796613E+03
 0.72217589548411E+03
 0.72559901946190E+03
 0.72492729402645E+03
 0.72771244829346E+03
 0.73676146052539E+03
 0.72973168480427E+03
 0.73518144591146E+03
 0.73673873322057E+03
 0.74179072705732E+03
 0.74695434979527E+03
 0.74479095496291E+03
 0.74422055082495E+03
 0.75037766994448E+03
 0.75114751463183E+03
 0.74554493924726E+03
 0.75043693408725E+03
 0.75452899245318E+03
 0.75447005054834E+03
 0.75170644678595E+03
 0.76459573931260E+03
 0.76352259873214E+03
 0.76303881642099E+03
 0.76235208628530E+03
 0.76476898391867E+03
 0.76885969480625E+03
 0.76669023939787E+03
 0.76815885737896E+03
 0.77906760521496E+03
 0.78306907832975E+03
 0.77449211326986E+03
 0.77748781714888E+03
 0.78995744643558E+03
 0.78248091408173E+03
 0.78661355652677E+03
 0.78368222040256E+03
 0.79657558962460E+03
 0.79199643423310E+03
 0.79973782469160E+03
 0.80364938119706E+03
 0.79536532749889E+03
 0.80565515720090E+03
 0.80420824614385E+03
 0.80901067472437E+03
 0.81580175380352E+03
 0.81150308169726E+03
 0.81335644670845E+03
 0.81435658914498E+03
 0.81778749869893E+03
 0.81954319245896E+03
 0.81901309406756E+03
 0.82874361229930E+03
 0.82778863120808E+03
 0.82622111038146E+03
 0.82799666829069E+03
 0.83188544598702E+03
 0.83152159025049E+03
 0.84686869112737E+03
 0.84124859590108E+03
 0.84620116305975E+03
 0.84932322974448E+03
 0.84803078902494E+03
 0.84912555270044E+03
 0.85941364666081E+03
 0.85341195256723E+03
 0.85483202962319E+03
