 0.98445526788544E+00
 0.98445526788544E+00
 0.98445526788544E+00
 0.98445526788544E+00
 0.98445526788544E+00
 0.98445526788544E+00
 0.98445526788544E+00
 0.98445526788544E+00
 0.98445526788544E+00
 0.98445524117202E+00
 0.98445644462219E+00
 0.98445474659539E+00
 0.98445353785076E+00
 0.98445434386831E+00
 0.98445270496311E+00
 0.98445338818560E+00
 0.98445295250129E+00
 0.98445486664520E+00
 0.98445416196184E+00
 0.98445289072232E+00
 0.98445355309864E+00
 0.98445475728037E+00
 0.98445432953585E+00
 0.98445154454734E+00
 0.98445078510554E+00
 0.98445297348158E+00
 0.98445380260766E+00
 0.98445206462217E+00
 0.98445047440052E+00
 0.98445318926220E+00
 0.98445673292444E+00
 0.98444960707711E+00
 0.98446061547333E+00
 0.98445976026029E+00
 0.98445512610965E+00
 0.98446575345379E+00
 0.98446014111608E+00
 0.98445809541855E+00
 0.98447038913574E+00
 0.98445958083772E+00
 0.98445064973021E+00
 0.98446712172079E+00
 0.98445568317836E+00
 0.98447194930626E+00
 0.98447983791354E+00
 0.98448060592976E+00
 0.98447889308172E+00
 0.98447029393369E+00
 0.98446140505472E+00
 0.98447909867878E+00
 0.98446158234159E+00
 0.98448439051265E+00
 0.98447438124065E+00
 0.98446863591994E+00
 0.98447096303158E+00
 0.98448559616243E+00
 0.98443800318013E+00
 0.98446003836725E+00
 0.98448481537868E+00
 0.98447650806054E+00
 0.98448537121007E+00
 0.98448260470631E+00
 0.98443989262914E+00
 0.98447971279527E+00
 0.98442855320239E+00
 0.98448095322076E+00
 0.98448348202883E+00
 0.98440693693110E+00
 0.98448505636374E+00
 0.98442913510446E+00
 0.98447555068564E+00
 0.98446928228139E+00
 0.98445499398505E+00
 0.98447686657741E+00
 0.98443312116122E+00
 0.98448372090284E+00
 0.98446588232447E+00
 0.98443321763742E+00
 0.98442487144415E+00
 0.98442750320624E+00
 0.98444054789803E+00
 0.98444613376266E+00
 0.98447603180160E+00
 0.98443115642640E+00
 0.98444109170869E+00
 0.98447582580134E+00
 0.98442903371336E+00
 0.98440516481838E+00
 0.98442347686545E+00
 0.98443197972605E+00
 0.98446690492093E+00
 0.98446535949498E+00
 0.98442535589244E+00
 0.98447093510881E+00
 0.98442102790899E+00
 0.98443612578804E+00
 0.98442460714178E+00
 0.98442207059474E+00
 0.98447157935145E+00
 0.98447039893659E+00
 0.98441798977094E+00
 0.98442533862767E+00
 0.98442894413970E+00
 0.98442413656145E+00
 0.98444718891102E+00
 0.98445612728060E+00
 0.98442615436804E+00
 0.98438099921242E+00
 0.98437999435138E+00
 0.98442022695433E+00
 0.98446289474135E+00
 0.98442310849477E+00
 0.98445622085274E+00
 0.98441169503434E+00
 0.98442024499130E+00
 0.98442015284828E+00
 0.98440114431591E+00
 0.98440423062279E+00
 0.98440051678031E+00
 0.98442383219925E+00
 0.98441306116848E+00
 0.98441092763165E+00
 0.98443253256120E+00
 0.98447871337989E+00
 0.98449284557799E+00
 0.98444354422897E+00
 0.98447265822801E+00
 0.98445983082886E+00
 0.98453722436455E+00
 0.98455236409643E+00
 0.98450155256852E+00
 0.98451726622736E+00
 0.98457167721159E+00
 0.98459154327875E+00
 0.98460557068865E+00
 0.98464797236818E+00
 0.98469894498021E+00
 0.98468692657287E+00
 0.98475716270733E+00
 0.98474296994635E+00
 0.98478981560126E+00
 0.98480448872933E+00
 0.98490372129914E+00
 0.98490447259637E+00
 0.98487363324030E+00
 0.98499142157217E+00
 0.98495528443368E+00
 0.98501802053228E+00
 0.98502836615133E+00
 0.98502240143141E+00
 0.98500123183733E+00
 0.98502938166935E+00
 0.98503263791134E+00
 0.98506805797514E+00
 0.98501850565801E+00
 0.98498136269634E+00
 0.98497212511144E+00
 0.98496423994720E+00
 0.98487896349007E+00
 0.98486500366114E+00
 0.98479149135321E+00
 0.98472732512186E+00
 0.98466557982577E+00
 0.98465886646167E+00
 0.98451357332102E+00
 0.98441407417188E+00
 0.98432685916582E+00
 0.98426639113953E+00
 0.98409789690015E+00
 0.98401355143154E+00
 0.98380223709772E+00
 0.98369759948044E+00
 0.98348588361335E+00
 0.98338218970976E+00
 0.98312333607043E+00
 0.98298430316656E+00
 0.98273683340967E+00
 0.98250111806603E+00
 0.98228352325592E+00
 0.98201709475035E+00
 0.98177672888184E+00
 0.98151257564748E+00
 0.98119134818409E+00
 0.98098633366093E+00
 0.98061230206307E+00
 0.98030447364008E+00
 0.97995398518408E+00
 0.97966777545093E+00
 0.97931470771699E+00
 0.97894035227067E+00
 0.97847054745848E+00
 0.97807198889703E+00
 0.97764541694562E+00
 0.97723553727270E+00
 0.97676710780412E+00
 0.97638042700567E+00
 0.97592395177623E+00
 0.97536915799799E+00
 0.97481966327367E+00
 0.97431493317811E+00
