 0.67197792076794E+03
 0.67197792076794E+03
 0.67197792076794E+03
 0.67197792076794E+03
 0.67197792076794E+03
 0.67197823877565E+03
 0.67197734998231E+03
 0.67197756846389E+03
 0.67197660663052E+03
 0.67195495340662E+03
 0.67205188985754E+03
 0.67192827157642E+03
 0.67949582194605E+03
 0.67190633634510E+03
 0.67942965274651E+03
 0.67947477267217E+03
 0.67945972969675E+03
 0.67194404236533E+03
 0.67189493495517E+03
 0.67943914507355E+03
 0.67948071329734E+03
 0.67193495829407E+03
 0.67190470754046E+03
 0.67935253530545E+03
 0.67931080776140E+03
 0.67946942908067E+03
 0.67952494645371E+03
 0.67938655386447E+03
 0.68185759825455E+03
 0.67948466244123E+03
 0.67206423441876E+03
 0.68178511115391E+03
 0.67236417222626E+03
 0.67231400447177E+03
 0.67196005451986E+03
 0.67280692940227E+03
 0.67230312895907E+03
 0.67218874253832E+03
 0.67324589902172E+03
 0.67227553093310E+03
 0.68186837235849E+03
 0.67292401193652E+03
 0.67201849657158E+03
 0.67336964951098E+03
 0.67442422725487E+03
 0.67457205922400E+03
 0.67426764327030E+03
 0.67320213598522E+03
 0.67242306157370E+03
 0.67429843037450E+03
 0.67243319378017E+03
 0.67539545252027E+03
 0.67362151175903E+03
 0.67301007641219E+03
 0.67325107075980E+03
 0.67586034878891E+03
 0.68071274216211E+03
 0.67231327465208E+03
 0.67711111027944E+03
 0.67380136060776E+03
 0.67602753371941E+03
 0.67483119349532E+03
 0.68118166837057E+03
 0.67435347161801E+03
 0.67889016348648E+03
 0.67469603479851E+03
 0.67543321813901E+03
 0.67610888154759E+03
 0.67689208840265E+03
 0.67320850475245E+03
 0.67871185900456E+03
 0.67935700953716E+03
 0.68209081383770E+03
 0.67848407764633E+03
 0.67960549134770E+03
 0.67716623268636E+03
 0.68308138722853E+03
 0.68009487701912E+03
 0.67471912648344E+03
 0.67434189448052E+03
 0.67767873323175E+03
 0.68170279607671E+03
 0.67854841110385E+03
 0.68197597881100E+03
 0.67588943341642E+03
 0.67825232755053E+03
 0.67924931700163E+03
 0.67588919188015E+03
 0.67951914065757E+03
 0.67804980551351E+03
 0.67884440890224E+03
 0.68358173506986E+03
 0.67894600940589E+03
 0.68535377778503E+03
 0.67947188568185E+03
 0.68117466691735E+03
 0.68082323069843E+03
 0.67881835628103E+03
 0.68672917392089E+03
 0.68560796710358E+03
 0.68500805158861E+03
 0.68764916517597E+03
 0.68579148466431E+03
 0.68478269300712E+03
 0.68951177368492E+03
 0.68915001535651E+03
 0.69108289732892E+03
 0.69178288874858E+03
 0.69184942466066E+03
 0.69659558343788E+03
 0.69034482642770E+03
 0.69559234701568E+03
 0.69334914949124E+03
 0.69667240628128E+03
 0.69590378802000E+03
 0.70344093883717E+03
 0.69707241577194E+03
 0.69706661497083E+03
 0.70223377599880E+03
 0.70594457578335E+03
 0.70663553465639E+03
 0.70681543744879E+03
 0.70794067048460E+03
 0.71240201368381E+03
 0.71061418637697E+03
 0.71691202498236E+03
 0.71856949993166E+03
 0.71361004355434E+03
 0.71439009955601E+03
 0.71582442776086E+03
 0.71540501271725E+03
 0.72568978722869E+03
 0.72004674760946E+03
 0.71889471048332E+03
 0.72129087803770E+03
 0.72520339918102E+03
 0.72643706249882E+03
 0.72601555549672E+03
 0.72934256769576E+03
 0.73909370081861E+03
 0.73046014891280E+03
 0.73614650756699E+03
 0.73254730548133E+03
 0.74285386264475E+03
 0.74480616186454E+03
 0.74576581834351E+03
 0.74329477641428E+03
 0.74253708035449E+03
 0.75050878672478E+03
 0.74539652006184E+03
 0.75109288278218E+03
 0.75321422519706E+03
 0.75025274024258E+03
 0.75341589331752E+03
 0.76565551625322E+03
 0.76335847263759E+03
 0.76230474870851E+03
 0.76108320211725E+03
 0.77240653892865E+03
 0.76971620331658E+03
 0.77491069592047E+03
 0.77255216135771E+03
 0.76936010233992E+03
 0.77515632024364E+03
 0.77766649916728E+03
 0.77610254893051E+03
 0.78298289672397E+03
 0.78821286103043E+03
 0.78461751870284E+03
 0.78503691752646E+03
 0.79463532770887E+03
 0.79112289663902E+03
 0.79614173963228E+03
 0.80334283028037E+03
 0.79589943240310E+03
 0.79775654356599E+03
 0.81219335559572E+03
 0.81056231622426E+03
 0.81328151051668E+03
 0.81188012294330E+03
 0.81255070615276E+03
 0.81203720042470E+03
 0.81713815412418E+03
 0.82230595264168E+03
 0.82108958956491E+03
 0.82480044475454E+03
 0.82221028585706E+03
 0.82862637649304E+03
 0.83104122263799E+03
 0.83257707133807E+03
 0.83675754631953E+03
 0.84531701853812E+03
 0.83727116638083E+03
 0.84259953830337E+03
 0.84645236467564E+03
 0.84788250888943E+03
 0.85147891664400E+03
 0.85157463951754E+03
 0.85546946774784E+03
 0.85483054343516E+03
