 0.25955908804632E+10
 0.25957108867719E+10
 0.25959108782898E+10
 0.25961908750767E+10
 0.25965508759658E+10
 0.25969908781553E+10
 0.25975108684409E+10
 0.25981108744504E+10
 0.25987908512540E+10
 0.25995508450152E+10
 0.26003908398451E+10
 0.26013108301255E+10
 0.26023108280701E+10
 0.26033908300442E+10
 0.26045508218822E+10
 0.26057908228381E+10
 0.26071108153919E+10
 0.26085108552480E+10
 0.26099908604117E+10
 0.26115509280920E+10
 0.26131909848397E+10
 0.26149110528521E+10
 0.26167111828030E+10
 0.26185913353777E+10
 0.26205515557367E+10
 0.26225918267648E+10
 0.26247121343125E+10
 0.26269125339936E+10
 0.26291930298967E+10
 0.26315536293579E+10
 0.26339942247995E+10
 0.26365149764876E+10
 0.26391158546359E+10
 0.26417967572739E+10
 0.26445578935456E+10
 0.26473989803373E+10
 0.26503200706687E+10
 0.26533213175097E+10
 0.26564025060615E+10
 0.26595638364815E+10
 0.26628050167839E+10
 0.26661261396971E+10
 0.26695271037049E+10
 0.26730078984040E+10
 0.26765684730635E+10
 0.26802087441948E+10
 0.26839285338869E+10
 0.26877277605721E+10
 0.26916063909860E+10
 0.26955643083993E+10
 0.26996011534711E+10
 0.27037170871900E+10
 0.27079116730300E+10
 0.27121849483662E+10
 0.27165365714701E+10
 0.27209662559051E+10
 0.27254738388487E+10
 0.27300591933293E+10
 0.27347218772685E+10
 0.27394611721049E+10
 0.27442779434773E+10
 0.27491702968846E+10
 0.27541389191746E+10
 0.27591829859737E+10
 0.27643025109022E+10
 0.27694964764101E+10
 0.27747644620967E+10
 0.27801060815691E+10
 0.27855215095306E+10
 0.27910090433631E+10
 0.27965680192433E+10
 0.28021979489194E+10
 0.28078988849804E+10
 0.28136705731895E+10
 0.28195107796454E+10
 0.28254199088577E+10
 0.28313959750969E+10
 0.28374401767708E+10
 0.28435511533375E+10
 0.28497246533977E+10
 0.28559641579653E+10
 0.28622671983974E+10
 0.28686312526795E+10
 0.28750574062594E+10
 0.28815433218269E+10
 0.28880872695655E+10
 0.28946914587009E+10
 0.29013517162650E+10
 0.29080677486735E+10
 0.29148339387610E+10
 0.29216559747738E+10
 0.29285275381747E+10
 0.29354497822141E+10
 0.29424192709027E+10
 0.29494382075396E+10
 0.29565033888238E+10
 0.29636024437576E+10
 0.29707483767101E+10
 0.29779320824016E+10
 0.29851481802340E+10
 0.29924054680919E+10
 0.29996904616946E+10
 0.30070078983241E+10
 0.30143483987056E+10
 0.30217151046992E+10
 0.30291033177132E+10
 0.30364995325748E+10
 0.30439214876264E+10
 0.30513428444494E+10
 0.30587798344874E+10
 0.30662121731128E+10
 0.30736510506202E+10
 0.30810729710882E+10
 0.30884857077317E+10
 0.30958663949375E+10
 0.31032398256393E+10
 0.31105711303310E+10
 0.31178643976746E+10
 0.31251142713482E+10
 0.31323051309165E+10
 0.31394295120731E+10
 0.31464904741826E+10
 0.31534691858736E+10
 0.31603508041024E+10
 0.31671391031855E+10
 0.31738202309723E+10
 0.31803894059374E+10
 0.31868355491496E+10
 0.31931527639856E+10
 0.31993614253830E+10
 0.32054462833425E+10
 0.32114330684828E+10
 0.32173304996697E+10
 0.32231759269883E+10
 0.32289816080542E+10
 0.32347949197154E+10
 0.32406207188139E+10
 0.32465290405987E+10
 0.32525473222937E+10
 0.32586998232771E+10
 0.32650181813195E+10
 0.32715362477145E+10
 0.32782681546229E+10
 0.32852159753379E+10
 0.32924031537556E+10
 0.32998481034276E+10
 0.33075443269713E+10
 0.33154822808668E+10
 0.33236515048308E+10
 0.33320658203307E+10
 0.33406950701203E+10
 0.33495303570309E+10
 0.33585702470017E+10
 0.33677620102792E+10
 0.33771429748844E+10
 0.33866449617418E+10
 0.33963160982826E+10
 0.34061261183945E+10
 0.34160780631299E+10
 0.34261652703548E+10
 0.34363862326563E+10
 0.34467486612944E+10
 0.34572413122099E+10
 0.34678730202679E+10
 0.34786318941814E+10
 0.34895407527755E+10
 0.35005628585378E+10
 0.35117313614624E+10
 0.35230144547788E+10
 0.35344290774873E+10
 0.35459761189769E+10
 0.35576298093115E+10
 0.35694307445313E+10
 0.35813348503625E+10
 0.35933423432379E+10
 0.36054946594609E+10
 0.36177430837113E+10
 0.36301075819223E+10
 0.36425999890537E+10
 0.36551973535419E+10
 0.36678944998406E+10
 0.36807047740956E+10
 0.36936153241895E+10
 0.37066400647271E+10
 0.37197663456710E+10
 0.37330090714073E+10
 0.37463366392870E+10
 0.37597646110193E+10
 0.37733033325725E+10
 0.37869526314920E+10
 0.38006777365331E+10
 0.38145172027352E+10
 0.38284541074032E+10
 0.38424811152672E+10
 0.38566083555120E+10
 0.38708340724010E+10
 0.38851484601976E+10
 0.38995632667471E+10
 0.39140587694025E+10
 0.39286731247017E+10
