 0.21140089951492E+08
 0.21140089951487E+08
 0.21140089951416E+08
 0.21140089951002E+08
 0.21140089949331E+08
 0.21140089944668E+08
 0.21140090048753E+08
 0.21140090529864E+08
 0.21140092253783E+08
 0.21140096868174E+08
 0.21140107191142E+08
 0.21140126663517E+08
 0.21140160644850E+08
 0.21140214945000E+08
 0.21140295300401E+08
 0.21140410022942E+08
 0.21140565506308E+08
 0.21140768971014E+08
 0.21141027362988E+08
 0.21141347835032E+08
 0.21141740628205E+08
 0.21142204961341E+08
 0.21142751682926E+08
 0.21143385392988E+08
 0.21144114016448E+08
 0.21144942662938E+08
 0.21145879974239E+08
 0.21146920541624E+08
 0.21148075780744E+08
 0.21149355380435E+08
 0.21150770992181E+08
 0.21152312131918E+08
 0.21153999641196E+08
 0.21155846005397E+08
 0.21157831834337E+08
 0.21159988655619E+08
 0.21162313266962E+08
 0.21164830555169E+08
 0.21167519004062E+08
 0.21170378354591E+08
 0.21173486685273E+08
 0.21176780440712E+08
 0.21180270091441E+08
 0.21183973436318E+08
 0.21187925650601E+08
 0.21192083328225E+08
 0.21196411703530E+08
 0.21200942553937E+08
 0.21205699752072E+08
 0.21210653865379E+08
 0.21215750959691E+08
 0.21221027473487E+08
 0.21226420547025E+08
 0.21231940189251E+08
 0.21237579801133E+08
 0.21243272463617E+08
 0.21248980562397E+08
 0.21254739608114E+08
 0.21260431284341E+08
 0.21265966626516E+08
 0.21271607349678E+08
 0.21276860754716E+08
 0.21281918463248E+08
 0.21286854898330E+08
 0.21291288400934E+08
 0.21295600278104E+08
 0.21299359043938E+08
 0.21302382230605E+08
 0.21305095726149E+08
 0.21307043554432E+08
 0.21308597292551E+08
 0.21309303063909E+08
 0.21308925688517E+08
 0.21308143615655E+08
 0.21306103001790E+08
 0.21303291418463E+08
 0.21299358670989E+08
 0.21294516303932E+08
 0.21288102400625E+08
 0.21280862755773E+08
 0.21272234136941E+08
 0.21262249147093E+08
 0.21250862748059E+08
 0.21238119517165E+08
 0.21224265868090E+08
 0.21208648525680E+08
 0.21191533652537E+08
 0.21173172069873E+08
 0.21153327073956E+08
 0.21132153410278E+08
 0.21109214224297E+08
 0.21084907836441E+08
 0.21059653624051E+08
 0.21033397428760E+08
 0.21005758110925E+08
 0.20977354343379E+08
 0.20948913644955E+08
 0.20920096558703E+08
 0.20891801795944E+08
 0.20864466374686E+08
 0.20839188586773E+08
 0.20816572733447E+08
 0.20798202994553E+08
 0.20786157584507E+08
 0.20782925493926E+08
 0.20791538374687E+08
 0.20816614887309E+08
 0.20866115981616E+08
 0.20948702105220E+08
 0.21078012461353E+08
 0.21273733656003E+08
 0.21563134966053E+08
 0.21972425577440E+08
 0.22523271410568E+08
 0.23215555564649E+08
 0.24014433789426E+08
 0.24883238927534E+08
 0.25782927652456E+08
 0.26683890556433E+08
 0.27561331766537E+08
 0.28402015438239E+08
 0.29198851727874E+08
 0.29959611330085E+08
 0.30674369915577E+08
 0.31340730192132E+08
 0.31961981890251E+08
 0.32541414582083E+08
 0.33086015212577E+08
 0.33590592468689E+08
 0.34055693450541E+08
 0.34486111761048E+08
 0.34885532787803E+08
 0.35248402777525E+08
 0.35582008769528E+08
 0.35887206191181E+08
 0.36160615409550E+08
 0.36409392074400E+08
 0.36631216334277E+08
 0.36827258258269E+08
 0.36998061110322E+08
 0.37145253706561E+08
 0.37270766394083E+08
 0.37374614178242E+08
 0.37457597663784E+08
 0.37521029945332E+08
 0.37565254103841E+08
 0.37591614081186E+08
 0.37600422508134E+08
 0.37592742522313E+08
 0.37569079312468E+08
 0.37530457800992E+08
 0.37477257900564E+08
 0.37409752231782E+08
 0.37329558187448E+08
 0.37236399124569E+08
 0.37131630550973E+08
 0.37015247462203E+08
 0.36888337188137E+08
 0.36750583954564E+08
 0.36603626532118E+08
 0.36447578735030E+08
 0.36282181757686E+08
 0.36108621487398E+08
 0.35927234109235E+08
 0.35739097443500E+08
 0.35543204653674E+08
 0.35340950096238E+08
 0.35132678725744E+08
 0.34918230841703E+08
 0.34698777074527E+08
 0.34474862680893E+08
 0.34244657599336E+08
 0.34010504677054E+08
 0.33774087384675E+08
 0.33532215501467E+08
 0.33286298995658E+08
 0.33039609685090E+08
 0.32788154317638E+08
 0.32534868376590E+08
 0.32277215127236E+08
 0.32021385856216E+08
 0.31761027592709E+08
 0.31500298925009E+08
 0.31234919912192E+08
 0.30971819569955E+08
 0.30704572695113E+08
 0.30439968302265E+08
 0.30172178684508E+08
 0.29904915680021E+08
 0.29636197496212E+08
 0.29368698612581E+08
 0.29099189506541E+08
 0.28829420888067E+08
 0.28560782512283E+08
 0.28292980913649E+08
 0.28026894726815E+08
 0.27760030296335E+08
 0.27492692904212E+08
 0.27226688170209E+08
 0.26962519277222E+08
