 0.10000000133514E-09
 0.10000000133514E-09
 0.10000000133514E-09
 0.10000000133514E-09
 0.10000000133514E-09
 0.10000000133514E-09
 0.10000000133514E-09
 0.10000000133514E-09
 0.10000000133514E-09
 0.10000000133514E-09
 0.10000000133514E-09
 0.10000000133514E-09
 0.10000000133514E-09
 0.10000000133514E-09
 0.10000000133514E-09
 0.10000000133514E-09
 0.10000000133514E-09
 0.10000000133514E-09
 0.10000000133514E-09
 0.10000000133514E-09
 0.10000000133514E-09
 0.10000000133514E-09
 0.10000000133514E-09
 0.28789980742765E-08
 0.28789980742765E-08
 0.29831287153730E-07
 0.64400142043937E-07
 0.11716408953752E-06
 0.20497764429382E-06
 0.34619812406766E-06
 0.56639021483161E-06
 0.90018465209167E-06
 0.13936346271308E-05
 0.21063557252012E-05
 0.31142087824944E-05
 0.45124292738416E-05
 0.64179934957657E-05
 0.89733401808572E-05
 0.12348916888563E-04
 0.16746461124042E-04
 0.22403988301040E-04
 0.29596256839952E-04
 0.38638706145017E-04
 0.49892987897940E-04
 0.63769140187097E-04
 0.80726414964363E-04
 0.10127568568255E-03
 0.12599005102908E-03
 0.15550290893080E-03
 0.19050302404269E-03
 0.23175041091144E-03
 0.28007342706996E-03
 0.33636472235912E-03
 0.40160439614529E-03
 0.47684714894116E-03
 0.56322193656358E-03
 0.66192217391303E-03
 0.77426845109668E-03
 0.90167253185697E-03
 0.10488809248479E-02
 0.12112705422416E-02
 0.13932820715114E-02
 0.15967836391603E-02
 0.18239443147383E-02
 0.20763042648248E-02
 0.23565000284407E-02
 0.26663684973982E-02
 0.30077302562421E-02
 0.33844662169098E-02
 0.37979841952952E-02
 0.42519919330085E-02
 0.47487898752435E-02
 0.52911166519318E-02
 0.58832843857209E-02
 0.65277607206191E-02
 0.72285860442520E-02
 0.79898585325790E-02
 0.88161002186342E-02
 0.97071884722470E-02
 0.10673562932480E-01
 0.11717916009513E-01
 0.12844661735598E-01
 0.14056715525537E-01
 0.15362582273784E-01
 0.16770607215516E-01
 0.18280451419441E-01
 0.19902781596923E-01
 0.21644615428452E-01
 0.23511259055951E-01
 0.25512945524223E-01
 0.27649919930381E-01
 0.29939097830057E-01
 0.32389344079163E-01
 0.35007671539924E-01
 0.37799618396377E-01
 0.40773221036594E-01
 0.43959789996946E-01
 0.47347221014354E-01
 0.50955906109957E-01
 0.54800644323727E-01
 0.58900136898408E-01
 0.63246594758311E-01
 0.67869474377247E-01
 0.72788594793837E-01
 0.78015042620238E-01
 0.83556998927489E-01
 0.89420553983613E-01
 0.95664596710072E-01
 0.10225722958490E+00
 0.10921346022328E+00
 0.11656591883433E+00
 0.12433119838241E+00
 0.13250978749193E+00
 0.14111758007579E+00
 0.15016571998718E+00
 0.15963082502671E+00
 0.16950654777594E+00
 0.17980792407737E+00
 0.19052481476612E+00
 0.20160025603576E+00
 0.21302021461360E+00
 0.22473910056150E+00
 0.23674981081367E+00
 0.24898277682972E+00
 0.26134579656575E+00
 0.27377894821332E+00
 0.28626530341871E+00
 0.29872014511590E+00
 0.31108258271016E+00
 0.32325296818562E+00
 0.33519456800248E+00
 0.34686777484153E+00
 0.35815514433128E+00
 0.36905939349270E+00
 0.37954501932455E+00
 0.38954374835581E+00
 0.39910624318327E+00
 0.40820667763035E+00
 0.41686938001062E+00
 0.42511281587356E+00
 0.43297794724242E+00
 0.44050890919628E+00
 0.44773129185996E+00
 0.45467577654555E+00
 0.46137335551909E+00
 0.46784652472560E+00
 0.47412242211695E+00
 0.48021518395688E+00
 0.48614568939498E+00
 0.49192618765897E+00
 0.49756186816629E+00
 0.50307242152764E+00
 0.50846351585340E+00
 0.51373864707071E+00
 0.51890987406841E+00
 0.52397696148185E+00
 0.52894828031358E+00
 0.53382756486150E+00
 0.53862009194463E+00
 0.54332615773025E+00
 0.54795000343349E+00
 0.55249523937032E+00
 0.55696460204160E+00
 0.56135977595794E+00
 0.56568295173364E+00
 0.56993619588498E+00
 0.57412193057699E+00
 0.57824208738626E+00
 0.58229786919954E+00
 0.58629066636075E+00
 0.59022203894451E+00
 0.59409452366117E+00
 0.59790886218339E+00
 0.60166595005792E+00
 0.60536797440947E+00
 0.60901599926725E+00
 0.61261052064678E+00
 0.61615376822246E+00
 0.61964633745421E+00
 0.62308954957315E+00
 0.62648376875764E+00
 0.62983101970219E+00
 0.63313188318341E+00
 0.63638776307184E+00
 0.63959872965521E+00
 0.64276661005581E+00
 0.64589135156420E+00
 0.64897490430905E+00
 0.65201742717665E+00
 0.65501994460140E+00
 0.65798314729024E+00
 0.66090814575943E+00
 0.66379561066325E+00
 0.66664629107353E+00
 0.66946039595610E+00
 0.67223909172330E+00
 0.67498326870837E+00
 0.67769316456643E+00
 0.68036973624986E+00
 0.68301336364100E+00
