 0.30964654458033E+03
 0.30964654458037E+03
 0.30964654458102E+03
 0.30964654462233E+03
 0.30964654557380E+03
 0.30964654936996E+03
 0.30964653212187E+03
 0.30964635945306E+03
 0.30964566553023E+03
 0.30964377523013E+03
 0.30963970462719E+03
 0.30963222550535E+03
 0.30961998037146E+03
 0.30960155328360E+03
 0.30957561172838E+03
 0.30954086596752E+03
 0.30949625379013E+03
 0.30944084649717E+03
 0.30937388593410E+03
 0.30929479831994E+03
 0.30918212736559E+03
 0.30907210084941E+03
 0.30894874951160E+03
 0.30881207601745E+03
 0.30866216957804E+03
 0.30849925079897E+03
 0.30832352365154E+03
 0.30813558484856E+03
 0.30793578014944E+03
 0.30772449592140E+03
 0.30750215115945E+03
 0.30726968404465E+03
 0.30702739350746E+03
 0.30677577978476E+03
 0.30651606821390E+03
 0.30624837634945E+03
 0.30597355701845E+03
 0.30569190149535E+03
 0.30540455273631E+03
 0.30511227656169E+03
 0.30481415575036E+03
 0.30451214812145E+03
 0.30420660007847E+03
 0.30389760534816E+03
 0.30358494420898E+03
 0.30326983386809E+03
 0.30295319126735E+03
 0.30263455662000E+03
 0.30231364760671E+03
 0.30199098424350E+03
 0.30166747742989E+03
 0.30134220556583E+03
 0.30101603806666E+03
 0.30068847194330E+03
 0.30035904363125E+03
 0.30002831170574E+03
 0.29969637439952E+03
 0.29936174388497E+03
 0.29902574999104E+03
 0.29868870882601E+03
 0.29834509082427E+03
 0.29800241721281E+03
 0.29765616269913E+03
 0.29730343761425E+03
 0.29694969180337E+03
 0.29658667268015E+03
 0.29622055566121E+03
 0.29585273905486E+03
 0.29547376623169E+03
 0.29509055620981E+03
 0.29469412299808E+03
 0.29429058142250E+03
 0.29388266530261E+03
 0.29345578885909E+03
 0.29302312490254E+03
 0.29257387923816E+03
 0.29211237961284E+03
 0.29163251133427E+03
 0.29114443178615E+03
 0.29063129610827E+03
 0.29010196484622E+03
 0.28955294761186E+03
 0.28898365189518E+03
 0.28839008889461E+03
 0.28776420916846E+03
 0.28711820518613E+03
 0.28644414769132E+03
 0.28573366104101E+03
 0.28499067751607E+03
 0.28420911885109E+03
 0.28339904030875E+03
 0.28254898857949E+03
 0.28164681539709E+03
 0.28069500654743E+03
 0.27970607553361E+03
 0.27866700193964E+03
 0.27755590108386E+03
 0.27639636899335E+03
 0.27516749233666E+03
 0.27387215730364E+03
 0.27249467033249E+03
 0.27104800063423E+03
 0.26951742228707E+03
 0.26788762287870E+03
 0.26615475558191E+03
 0.26432550968614E+03
 0.26239371572801E+03
 0.26031734827016E+03
 0.25812104886547E+03
 0.25579692386518E+03
 0.25332986741550E+03
 0.25069073827724E+03
 0.24788637343336E+03
 0.24489409857768E+03
 0.24169726145481E+03
 0.23831442607385E+03
 0.23471740937710E+03
 0.23089018913050E+03
 0.22681715442971E+03
 0.22250675110788E+03
 0.21795571353570E+03
 0.21317068822890E+03
 0.20810151384066E+03
 0.20279165345778E+03
 0.19729109501249E+03
 0.19162464452722E+03
 0.18577536566999E+03
 0.17985149313506E+03
 0.17388115372397E+03
 0.16799357828142E+03
 0.16225580418543E+03
 0.15674939835142E+03
 0.15165069209867E+03
 0.14699901802439E+03
 0.14287460001656E+03
 0.13937950626644E+03
 0.13647851313140E+03
 0.13420113520129E+03
 0.13251435676510E+03
 0.13137594613166E+03
 0.13072251705640E+03
 0.13049424406926E+03
 0.13063646877000E+03
 0.13109403236992E+03
 0.13182132403282E+03
 0.13277010731396E+03
 0.13391467640405E+03
 0.13521540324319E+03
 0.13665645630464E+03
 0.13821700408855E+03
 0.13985217361038E+03
 0.14158444956138E+03
 0.14340141025096E+03
 0.14526103265276E+03
 0.14718412454100E+03
 0.14914394146342E+03
 0.15114870156068E+03
 0.15318190925019E+03
 0.15525961308110E+03
 0.15735409379993E+03
 0.15947122546601E+03
 0.16161918807053E+03
 0.16378847331654E+03
 0.16597757446096E+03
 0.16817499330478E+03
 0.17039785820523E+03
 0.17263499569906E+03
 0.17488857819522E+03
 0.17715603426225E+03
 0.17943806566360E+03
 0.18171770665670E+03
 0.18403246338433E+03
 0.18635156695716E+03
 0.18866594546269E+03
 0.19100809376381E+03
 0.19336756701618E+03
 0.19571172303054E+03
 0.19808760240862E+03
 0.20046303416392E+03
 0.20286961717280E+03
 0.20524588755486E+03
 0.20765812494338E+03
 0.21006603289228E+03
 0.21251618851526E+03
 0.21494184993305E+03
 0.21740357503373E+03
 0.21984383507835E+03
 0.22231257018586E+03
 0.22478170459778E+03
 0.22727568331825E+03
 0.22976189662716E+03
 0.23227643304473E+03
 0.23480291076771E+03
 0.23732772160121E+03
 0.23985887065511E+03
 0.24238651538440E+03
 0.24493433697348E+03
 0.24750610478456E+03
 0.25008423594731E+03
 0.25265445681584E+03
