 0.21140089951492E+08
 0.21140089951487E+08
 0.21140089951416E+08
 0.21140089951002E+08
 0.21140089949331E+08
 0.21140089944668E+08
 0.21140090048753E+08
 0.21140090529864E+08
 0.21140092253790E+08
 0.21140096868176E+08
 0.21140107191162E+08
 0.21140126663455E+08
 0.21140160645052E+08
 0.21140214944582E+08
 0.21140295299961E+08
 0.21140410022574E+08
 0.21140565508070E+08
 0.21140768967927E+08
 0.21141027356770E+08
 0.21141347827896E+08
 0.21141740618856E+08
 0.21142204987510E+08
 0.21142751688012E+08
 0.21143385309085E+08
 0.21144113838265E+08
 0.21144942306656E+08
 0.21145879338295E+08
 0.21146919233805E+08
 0.21148073390972E+08
 0.21149351018702E+08
 0.21150763784646E+08
 0.21152300142195E+08
 0.21153981206328E+08
 0.21155817951850E+08
 0.21157790665225E+08
 0.21159930031999E+08
 0.21162231329518E+08
 0.21164718986743E+08
 0.21167371406052E+08
 0.21170186737338E+08
 0.21173244075380E+08
 0.21176479592003E+08
 0.21179905295810E+08
 0.21183541308266E+08
 0.21187426697138E+08
 0.21191521354698E+08
 0.21195798190579E+08
 0.21200298317759E+08
 0.21205048639374E+08
 0.21210035019584E+08
 0.21215216971231E+08
 0.21220647043178E+08
 0.21226279428650E+08
 0.21232144858294E+08
 0.21238257138388E+08
 0.21244580064064E+08
 0.21251098212663E+08
 0.21257878519075E+08
 0.21264830342992E+08
 0.21271904894139E+08
 0.21279400186029E+08
 0.21286858605819E+08
 0.21294508334977E+08
 0.21302472448335E+08
 0.21310402182393E+08
 0.21318735479916E+08
 0.21327070682506E+08
 0.21335268974315E+08
 0.21343829912864E+08
 0.21352299706005E+08
 0.21361142717257E+08
 0.21369935973529E+08
 0.21378452094350E+08
 0.21387479751421E+08
 0.21396165821578E+08
 0.21405076397242E+08
 0.21413873335459E+08
 0.21422823934460E+08
 0.21431253122649E+08
 0.21440054750296E+08
 0.21448609375389E+08
 0.21457017420685E+08
 0.21465222928711E+08
 0.21473345988785E+08
 0.21481725500275E+08
 0.21489546976399E+08
 0.21497148021620E+08
 0.21504871114246E+08
 0.21512366636684E+08
 0.21519834710748E+08
 0.21526577559694E+08
 0.21533070902963E+08
 0.21539825236634E+08
 0.21546550305369E+08
 0.21552394919622E+08
 0.21557922278202E+08
 0.21564028934199E+08
 0.21569358876349E+08
 0.21574777896463E+08
 0.21579937941307E+08
 0.21585365271560E+08
 0.21590312878240E+08
 0.21595220591005E+08
 0.21600570258665E+08
 0.21606330573536E+08
 0.21611967600942E+08
 0.21617647366109E+08
 0.21624768800671E+08
 0.21632275169738E+08
 0.21640314436661E+08
 0.21649308568237E+08
 0.21660298792004E+08
 0.21672967787813E+08
 0.21688137533479E+08
 0.21706484020361E+08
 0.21727538300174E+08
 0.21752702451042E+08
 0.21782874168006E+08
 0.21819228627250E+08
 0.21862490858642E+08
 0.21913882028450E+08
 0.21974663443544E+08
 0.22048473336220E+08
 0.22136283425586E+08
 0.22239437288385E+08
 0.22360808577429E+08
 0.22503897157160E+08
 0.22674128049664E+08
 0.22873084653119E+08
 0.23103693542043E+08
 0.23371033937800E+08
 0.23680223626919E+08
 0.24028726033681E+08
 0.24421752524663E+08
 0.24859364320292E+08
 0.25332000135218E+08
 0.25843234083867E+08
 0.26380718528433E+08
 0.26936584563910E+08
 0.27498938626537E+08
 0.28060754924734E+08
 0.28617029612225E+08
 0.29158225696837E+08
 0.29677717838543E+08
 0.30173138658719E+08
 0.30637835384105E+08
 0.31074133032303E+08
 0.31476913305352E+08
 0.31848335713404E+08
 0.32187688761536E+08
 0.32490227815086E+08
 0.32763592293985E+08
 0.33007492820573E+08
 0.33218804512386E+08
 0.33402155144821E+08
 0.33556773402452E+08
 0.33685113814238E+08
 0.33787646383956E+08
 0.33866659604857E+08
 0.33922233950316E+08
 0.33956084824093E+08
 0.33969584624254E+08
 0.33963622337136E+08
 0.33939330900635E+08
 0.33897817767465E+08
 0.33839938352975E+08
 0.33766804185504E+08
 0.33679226993848E+08
 0.33578154283613E+08
 0.33464321661088E+08
 0.33339316400101E+08
 0.33202173259873E+08
 0.33054971330428E+08
 0.32898996420356E+08
 0.32733075866392E+08
 0.32558313883552E+08
 0.32377391157043E+08
 0.32187853416392E+08
 0.31992335904973E+08
 0.31789088816667E+08
 0.31583041569903E+08
 0.31369814099932E+08
 0.31152829178630E+08
 0.30928873523734E+08
 0.30703561636922E+08
 0.30472415788424E+08
 0.30240462835047E+08
 0.30003998082056E+08
 0.29765573359585E+08
 0.29523438299039E+08
 0.29280664884557E+08
 0.29034399988190E+08
 0.28786290396747E+08
 0.28537782613448E+08
 0.28288409443842E+08
 0.28039211473687E+08
 0.27788358584000E+08
 0.27535671681395E+08
 0.27282890090554E+08
 0.27031422424018E+08
