 0.30964654458033E+03
 0.30964654458037E+03
 0.30964654458102E+03
 0.30964654462233E+03
 0.30964654557380E+03
 0.30964654936998E+03
 0.30964653212273E+03
 0.30964635945104E+03
 0.30964566553077E+03
 0.30964377522914E+03
 0.30963970462984E+03
 0.30963222552803E+03
 0.30961998127968E+03
 0.30960156506497E+03
 0.30957565467071E+03
 0.30954100397560E+03
 0.30949664092504E+03
 0.30944181957468E+03
 0.30937612434853E+03
 0.30929956517729E+03
 0.30919106134705E+03
 0.30908893243008E+03
 0.30897885554315E+03
 0.30886348704580E+03
 0.30874637579418E+03
 0.30863205921744E+03
 0.30852590151401E+03
 0.30843442395396E+03
 0.30836446913785E+03
 0.30832329430017E+03
 0.30831818747788E+03
 0.30835776519140E+03
 0.30844578074559E+03
 0.30858810543493E+03
 0.30878858889098E+03
 0.30904811723476E+03
 0.30936580881545E+03
 0.30973789518338E+03
 0.31015851066770E+03
 0.31061954627262E+03
 0.31110959674255E+03
 0.31161743515372E+03
 0.31212900875980E+03
 0.31262975346782E+03
 0.31310315310601E+03
 0.31353471601878E+03
 0.31390912813104E+03
 0.31421042063459E+03
 0.31442310412742E+03
 0.31453266361565E+03
 0.31452535251553E+03
 0.31438631338987E+03
 0.31410262450115E+03
 0.31365935087579E+03
 0.31304191574194E+03
 0.31223591853716E+03
 0.31122502381642E+03
 0.30999122250273E+03
 0.30851575168793E+03
 0.30677761512528E+03
 0.30473757290519E+03
 0.30238283944121E+03
 0.29966150785516E+03
 0.29651752724507E+03
 0.29289825315934E+03
 0.28869639052129E+03
 0.28380231187241E+03
 0.27804749361430E+03
 0.27111114436492E+03
 0.26242788837701E+03
 0.25095015545740E+03
 0.23267583460145E+03
