 0.34789878279465E+03
 0.34789878498954E+03
 0.34789879516805E+03
 0.34789882399173E+03
 0.34789888833281E+03
 0.34789901844543E+03
 0.34789926911766E+03
 0.34789971834525E+03
 0.34790045074435E+03
 0.34790153429244E+03
 0.34790300891379E+03
 0.34790487227355E+03
 0.34790711089938E+03
 0.34790965280884E+03
 0.34791243558744E+03
 0.34791542615154E+03
 0.34791845042453E+03
 0.34792149492306E+03
 0.34792456812909E+03
 0.34792747056333E+03
 0.34791417173717E+03
 0.34791249295814E+03
 0.34791036288383E+03
 0.34790771317810E+03
 0.34790439742770E+03
 0.34790049767469E+03
 0.34789580215026E+03
 0.34789009394175E+03
 0.34788356391129E+03
 0.34787584332504E+03
 0.34786654587647E+03
 0.34785555673156E+03
 0.34784260604894E+03
 0.34782702322520E+03
 0.34780869232000E+03
 0.34778660132355E+03
 0.34776150098738E+03
 0.34773110326383E+03
 0.34769584875415E+03
 0.34765559640344E+03
 0.34760885458172E+03
 0.34755547348171E+03
 0.34749612936659E+03
 0.34742727524914E+03
 0.34735081667460E+03
 0.34726457057706E+03
 0.34716892658005E+03
 0.34706324786670E+03
 0.34694698890410E+03
 0.34681836452525E+03
 0.34667902885365E+03
 0.34652724510733E+03
 0.34636279826205E+03
 0.34618625164689E+03
 0.34599182423761E+03
 0.34578628620807E+03
 0.34556678757164E+03
 0.34533366861946E+03
 0.34508250825109E+03
 0.34481415163665E+03
 0.34453272718716E+03
 0.34423439265451E+03
 0.34391945778123E+03
 0.34358614089669E+03
 0.34323749930264E+03
 0.34287062810668E+03
 0.34248038531091E+03
 0.34208300794844E+03
 0.34165093173935E+03
 0.34121700469422E+03
 0.34074894440322E+03
 0.34027034083000E+03
 0.33975855230114E+03
 0.33923895794438E+03
 0.33869776199321E+03
 0.33813214478210E+03
 0.33754638887412E+03
 0.33693721288090E+03
 0.33630200147565E+03
 0.33565879028954E+03
 0.33497320301066E+03
 0.33426937001605E+03
 0.33355429353763E+03
 0.33280313446643E+03
 0.33202579975492E+03
 0.33121776381272E+03
 0.33039635722922E+03
 0.32954541069285E+03
 0.32865429248873E+03
 0.32774914564630E+03
 0.32681846197499E+03
 0.32583812260200E+03
 0.32485331884349E+03
 0.32382780152671E+03
 0.32276686228570E+03
 0.32166726490740E+03
 0.32054823154061E+03
 0.31938986922687E+03
 0.31819807757158E+03
 0.31697000365938E+03
 0.31570235194298E+03
 0.31440379133033E+03
 0.31306865781272E+03
 0.31168133874298E+03
 0.31025946086192E+03
 0.30880092047391E+03
 0.30729784003964E+03
 0.30574391572082E+03
 0.30413114320172E+03
 0.30249508439339E+03
 0.30078976437967E+03
 0.29903094939818E+03
 0.29722565216976E+03
 0.29535427130183E+03
 0.29341860641215E+03
 0.29146364637041E+03
 0.28937368933300E+03
 0.28724916778435E+03
 0.28505443750451E+03
 0.28279049796088E+03
 0.28043192925734E+03
 0.27800171842462E+03
 0.27545959018434E+03
 0.27286611490386E+03
 0.27012393092549E+03
 0.26732805568822E+03
 0.26440587770538E+03
 0.26130355134787E+03
 0.25808479935025E+03
 0.25477726046520E+03
 0.25127853798086E+03
 0.24763140809964E+03
 0.24386859394677E+03
 0.23984300565637E+03
 0.23563170478225E+03
 0.23124746449356E+03
 0.22662032710180E+03
 0.22170508508001E+03
 0.21654169792963E+03
 0.21118905648874E+03
 0.20545322175774E+03
 0.19944616538598E+03
 0.19312947596775E+03
 0.18652623627736E+03
 0.17953666294018E+03
 0.17231952079671E+03
 0.16494187166600E+03
 0.15726766082881E+03
 0.14948339279399E+03
 0.14164009257332E+03
 0.13400690232898E+03
 0.12636094157929E+03
 0.11908200850234E+03
 0.11203996231014E+03
 0.10535196454345E+03
 0.99093747287646E+02
 0.93209834206389E+02
 0.87741740711309E+02
 0.82676903405796E+02
 0.77968969693974E+02
 0.73648031091882E+02
 0.69659533238149E+02
 0.65972977697791E+02
 0.62588837831213E+02
 0.59465367993461E+02
 0.56560854196423E+02
 0.53908917405563E+02
 0.51428893059864E+02
 0.49139361167223E+02
 0.47005648202782E+02
 0.45028195547050E+02
 0.43171638865626E+02
 0.41461032826758E+02
 0.39850372035913E+02
 0.38349944920103E+02
 0.36933951108089E+02
 0.35607632484651E+02
 0.34359544962636E+02
 0.33190721465641E+02
 0.32090466435412E+02
 0.31047480254704E+02
 0.30058739352565E+02
 0.29124719540766E+02
 0.28243593064721E+02
 0.27407579856873E+02
 0.26610452090641E+02
 0.25853236788316E+02
 0.25133471021038E+02
 0.24452167599048E+02
 0.23796497356557E+02
 0.23175220482155E+02
 0.22578981525021E+02
 0.22006357419457E+02
 0.21462633868956E+02
 0.20942161349916E+02
 0.20441707748379E+02
 0.19961830981342E+02
 0.19503253231829E+02
 0.19060305140990E+02
 0.18633945304780E+02
