 0.13708386865292E+03
 0.13708386865287E+03
 0.13708386865247E+03
 0.13708386873844E+03
 0.13708387189689E+03
 0.13708390168899E+03
 0.13708403341705E+03
 0.13708440082843E+03
 0.13708516533350E+03
 0.13708647602207E+03
 0.13708844612656E+03
 0.13709114522011E+03
 0.13709460442893E+03
 0.13709882259656E+03
 0.13710377721804E+03
 0.13710942430886E+03
 0.13711571070448E+03
 0.13712257074711E+03
 0.13712993500985E+03
 0.13713772855433E+03
 0.13710562905794E+03
 0.13710369863344E+03
 0.13710145852035E+03
 0.13709889844524E+03
 0.13709601685386E+03
 0.13709281178120E+03
 0.13708929163698E+03
 0.13708546935902E+03
 0.13708135817324E+03
 0.13707698145844E+03
 0.13707236686683E+03
 0.13706754257324E+03
 0.13706254236698E+03
 0.13705740616547E+03
 0.13705216901200E+03
 0.13704687561675E+03
 0.13704155658817E+03
 0.13703626851459E+03
 0.13703104327151E+03
 0.13702591612963E+03
 0.13702093441117E+03
 0.13701613034377E+03
 0.13701152448462E+03
 0.13700717832229E+03
 0.13700309649140E+03
 0.13699932005956E+03
 0.13699586582103E+03
 0.13699275507542E+03
 0.13699000743822E+03
 0.13698765271633E+03
 0.13698568694401E+03
 0.13698413687743E+03
 0.13698301383786E+03
 0.13698232377087E+03
 0.13698212790298E+03
 0.13698238052508E+03
 0.13698311863175E+03
 0.13698435721038E+03
 0.13698615435953E+03
 0.13698852189293E+03
 0.13699145471182E+03
 0.13699500982053E+03
 0.13699923549501E+03
 0.13700417702183E+03
 0.13700987296920E+03
 0.13701638933267E+03
 0.13702384190432E+03
 0.13703215435991E+03
 0.13704167229120E+03
 0.13705218935914E+03
 0.13706406833613E+03
 0.13707721952850E+03
 0.13709198300359E+03
 0.13710824532749E+03
 0.13712627357415E+03
 0.13714626708127E+03
 0.13716834439247E+03
 0.13719271874403E+03
 0.13721963418372E+03
 0.13724907015970E+03
 0.13728168934343E+03
 0.13731743866005E+03
 0.13735642599099E+03
 0.13739934076333E+03
 0.13744632551397E+03
 0.13749773132393E+03
 0.13755365536544E+03
 0.13761470609918E+03
 0.13768147950303E+03
 0.13775386913127E+03
 0.13783249266990E+03
 0.13791841763358E+03
 0.13801105391228E+03
 0.13811184279818E+03
 0.13822110719336E+03
 0.13833966086592E+03
 0.13846757951949E+03
 0.13860600566271E+03
 0.13875561898439E+03
 0.13891722279735E+03
 0.13909176570671E+03
 0.13927990997040E+03
 0.13948254454405E+03
 0.13970178329166E+03
 0.13993750618670E+03
 0.14019134905847E+03
 0.14046475023158E+03
 0.14075937505608E+03
 0.14107755857540E+03
 0.14141835757089E+03
 0.14178649123214E+03
 0.14218338398753E+03
 0.14260983108540E+03
 0.14306994035359E+03
 0.14356636372998E+03
 0.14409663190408E+03
 0.14467623237455E+03
 0.14529783676287E+03
 0.14596817613542E+03
 0.14669106653283E+03
 0.14747492098824E+03
 0.14832068361195E+03
 0.14924015637223E+03
 0.15022919387432E+03
 0.15131118393242E+03
 0.15247581793359E+03
 0.15374565028628E+03
 0.15514203730186E+03
 0.15666301868155E+03
 0.15831260220696E+03
 0.16012968449648E+03
 0.16212123980790E+03
 0.16429060536585E+03
 0.16670919514103E+03
 0.16937600168315E+03
 0.17231124793738E+03
 0.17557470425536E+03
 0.17923215164878E+03
 0.18326001672021E+03
 0.18779204896405E+03
 0.19288740054941E+03
 0.19858521582365E+03
 0.20498904523131E+03
 0.21217012401626E+03
 0.22032193490878E+03
 0.22942201760231E+03
 0.23951170054345E+03
 0.25087294059874E+03
 0.26343199039032E+03
 0.27725048731987E+03
 0.29201885079074E+03
 0.30817275898010E+03
 0.32510362965559E+03
 0.34305836470946E+03
 0.36179226586092E+03
 0.38107255109037E+03
 0.40096821198329E+03
 0.42128601769607E+03
 0.44195816891533E+03
 0.46303814948562E+03
 0.48429921241643E+03
 0.50582243593635E+03
 0.52762073080681E+03
 0.54956163664398E+03
 0.57171878353167E+03
 0.59420771115385E+03
 0.61669779852467E+03
 0.63957356554520E+03
 0.66260196063600E+03
 0.68592290171152E+03
 0.70942297576047E+03
 0.73330385096524E+03
 0.75722652697558E+03
 0.78153455166090E+03
 0.80603047803549E+03
 0.83091544355296E+03
 0.85604702857406E+03
 0.88148581592969E+03
 0.90712994475778E+03
 0.93304878120125E+03
 0.95934403428536E+03
 0.98600468793959E+03
 0.10129574880095E+04
 0.10401629889787E+04
 0.10677018366682E+04
 0.10956474278807E+04
 0.11239247954958E+04
 0.11525327530948E+04
 0.11813846063024E+04
 0.12107543824179E+04
 0.12403658314906E+04
 0.12704278919571E+04
 0.13009477364220E+04
 0.13317183736146E+04
 0.13628673483946E+04
 0.13944664102002E+04
 0.14264615268785E+04
 0.14587822423601E+04
 0.14916127104221E+04
 0.15248872454233E+04
