 0.64710694463868E-04
 0.64709147731278E-04
 0.64706566878458E-04
 0.64702952542888E-04
 0.64698298816402E-04
 0.64692602331337E-04
 0.64685860037704E-04
 0.64678060740075E-04
 0.64669200728604E-04
 0.64659269201738E-04
 0.64648259576169E-04
 0.64636161606761E-04
 0.64622967861794E-04
 0.64608669682695E-04
 0.64593255877969E-04
 0.64576716589367E-04
 0.64559040761775E-04
 0.64540217976035E-04
 0.64520238395997E-04
 0.64499085145699E-04
 0.64476738458229E-04
 0.64453194145315E-04
 0.64428428261432E-04
 0.64402418017718E-04
 0.64375142205939E-04
 0.64346576888704E-04
 0.64316689550718E-04
 0.64285459681699E-04
 0.64252851444042E-04
 0.64218824999456E-04
 0.64183341947268E-04
 0.64146375166280E-04
 0.64107878393810E-04
 0.64067800262188E-04
 0.64026132379524E-04
 0.63982811049158E-04
 0.63937809218644E-04
 0.63891076981808E-04
 0.63842603422148E-04
 0.63792360454203E-04
 0.63740264587180E-04
 0.63686351641782E-04
 0.63630591469630E-04
 0.63572951805356E-04
 0.63513393511948E-04
 0.63451941222655E-04
 0.63388612527784E-04
 0.63323373286679E-04
 0.63256209116018E-04
 0.63187131193182E-04
 0.63116180659801E-04
 0.63043329280656E-04
 0.62968618371725E-04
 0.62892055393237E-04
 0.62813627366214E-04
 0.62733396299948E-04
 0.62651385626780E-04
 0.62567569342749E-04
 0.62482040063243E-04
 0.62394855355264E-04
 0.62305819453829E-04
 0.62215294631718E-04
 0.62123148155906E-04
 0.62029311125180E-04
 0.61934056922332E-04
 0.61837102281096E-04
 0.61738771936951E-04
 0.61639175243397E-04
 0.61537993320959E-04
 0.61435574931795E-04
 0.61331618938902E-04
 0.61226451507673E-04
 0.61120263437037E-04
 0.61012505823230E-04
 0.60903814661385E-04
 0.60793823137270E-04
 0.60682782114260E-04
 0.60570522729699E-04
 0.60457565469388E-04
 0.60343288439888E-04
 0.60228156348509E-04
 0.60112096631427E-04
 0.59995174147969E-04
 0.59877355527523E-04
 0.59758394584454E-04
 0.59638890421346E-04
 0.59518598748349E-04
 0.59397318461963E-04
 0.59275320121730E-04
 0.59152467326002E-04
 0.59029243265446E-04
 0.58905349514729E-04
 0.58780438178473E-04
 0.58654739700680E-04
 0.58528827568797E-04
 0.58402334455950E-04
 0.58274690558403E-04
 0.58146786627165E-04
 0.58018074013973E-04
 0.57888811730053E-04
 0.57758609963441E-04
 0.57628044286117E-04
 0.57496821092021E-04
 0.57364645977856E-04
 0.57231557248221E-04
 0.57097881208583E-04
 0.56963701295608E-04
 0.56827955765884E-04
 0.56691478586582E-04
 0.56554276330519E-04
 0.56416097509826E-04
 0.56276359987893E-04
 0.56135438205410E-04
 0.55992876886838E-04
 0.55848468081131E-04
 0.55702687688744E-04
 0.55554967323375E-04
 0.55405036689705E-04
 0.55252433236127E-04
 0.55097250109916E-04
 0.54939311893506E-04
 0.54778272106042E-04
 0.54612719887036E-04
 0.54443066395620E-04
 0.54269480389907E-04
 0.54091417535662E-04
 0.53908483315381E-04
 0.53719201079341E-04
 0.53525107783883E-04
 0.53327222407401E-04
 0.53125775264252E-04
 0.52921805237200E-04
 0.52719350006376E-04
 0.52518602795754E-04
 0.52321075275366E-04
 0.52129324323808E-04
 0.51940962882536E-04
 0.51756785364554E-04
 0.51575673707569E-04
 0.51396993162220E-04
 0.51219459855890E-04
 0.51041558686190E-04
 0.50863031575361E-04
 0.50683567651953E-04
 0.50502327524443E-04
 0.50319831582543E-04
 0.50135002376137E-04
 0.49948487890573E-04
 0.49759678659955E-04
 0.49568701506633E-04
 0.49377369197117E-04
 0.49183434977753E-04
 0.48987003680709E-04
 0.48790445672936E-04
 0.48591788847855E-04
 0.48392681764521E-04
 0.48192358022922E-04
 0.47991603963868E-04
 0.47789519118435E-04
 0.47587373823043E-04
 0.47384987560091E-04
 0.47181702234984E-04
 0.46978331052261E-04
 0.46774743529533E-04
 0.46571817441637E-04
 0.46368412096888E-04
 0.46165190655575E-04
 0.45962221085162E-04
 0.45759335705434E-04
 0.45557133625201E-04
 0.45355857503603E-04
 0.45154022487310E-04
 0.44953092335545E-04
 0.44753753934012E-04
 0.44554052477035E-04
 0.44354649465772E-04
 0.44157492695850E-04
 0.43960026440542E-04
 0.43763782018131E-04
 0.43567295641621E-04
 0.43373875098400E-04
 0.43179975552686E-04
 0.42987632513005E-04
 0.42794331564924E-04
 0.42604043707346E-04
 0.42413364549527E-04
 0.42225151393450E-04
 0.42036945062060E-04
 0.41850071871554E-04
 0.41663814972303E-04
 0.41479076749366E-04
 0.41294546704953E-04
 0.41111159991872E-04
 0.40928980030087E-04
 0.40748292709201E-04
 0.40569182247168E-04
 0.40390464911960E-04
 0.40212224160865E-04
 0.40035381845639E-04
 0.39860192449046E-04
 0.39685572098083E-04
 0.39512705966520E-04
 0.39339559033855E-04
 0.39168774334732E-04
 0.38997693656076E-04
 0.38829275867957E-04
 0.38660790158290E-04
 0.38493481058140E-04
 0.38327297707066E-04
 0.38162515944511E-04
 0.37998258269793E-04
 0.37835252210958E-04
 0.37672566550612E-04
 0.37511960286369E-04
 0.37352213632716E-04
 0.37193286383999E-04
 0.37035242387255E-04
 0.36878245102154E-04
 0.36722970106554E-04
 0.36567734782487E-04
 0.36414017540228E-04
 0.36260685874263E-04
 0.36108220378241E-04
 0.35957440841229E-04
 0.35807024502790E-04
 0.35658354974744E-04
 0.35510300873110E-04
 0.35363453983215E-04
 0.35216749103300E-04
 0.35071738053650E-04
 0.34927911470386E-04
 0.34784016310920E-04
 0.34641550290808E-04
 0.34500234370075E-04
 0.34358747673231E-04
 0.34219650976817E-04
 0.34080851521044E-04
 0.33943100267145E-04
 0.33805243939309E-04
 0.33669377265068E-04
 0.33534470986720E-04
 0.33399595053067E-04
 0.33266391157164E-04
 0.33133682279281E-04
 0.33001476621004E-04
 0.32871019938956E-04
 0.32740444944535E-04
 0.32611046252859E-04
 0.32482583736087E-04
 0.32354549495773E-04
 0.32228250195890E-04
 0.32101517224813E-04
 0.31976631532496E-04
 0.31852088150616E-04
 0.31728364530584E-04
 0.31605469402336E-04
 0.31482978004743E-04
 0.31361589647448E-04
 0.31241611582232E-04
 0.31121159788430E-04
 0.31002391273397E-04
 0.30883605117677E-04
 0.30766116912865E-04
 0.30649441973718E-04
 0.30533539923924E-04
 0.30417748591593E-04
 0.30302888571853E-04
 0.30188906452210E-04
 0.30075823000803E-04
 0.29963094864104E-04
 0.29851186648833E-04
 0.29740306272171E-04
 0.29629456208222E-04
 0.29519359894449E-04
 0.29410394141501E-04
 0.29301895311782E-04
 0.29193793201151E-04
 0.29087407909425E-04
 0.28980360121110E-04
 0.28874489387237E-04
 0.28769255769452E-04
 0.28664605975666E-04
 0.28560425953505E-04
 0.28457408568308E-04
 0.28354647705455E-04
 0.28252399310756E-04
 0.28151133556705E-04
 0.28050468580755E-04
 0.27950454212163E-04
 0.27850782105514E-04
 0.27751288618113E-04
 0.27653360936756E-04
 0.27555275335348E-04
 0.27458101863751E-04
 0.27361634498635E-04
 0.27265058242261E-04
 0.27169764205615E-04
 0.27074589384841E-04
 0.26980061559356E-04
 0.26886226913790E-04
