 0.61503569054433E+01
 0.61503569442521E+01
 0.61503571242289E+01
 0.61503576334659E+01
 0.61503587495692E+01
 0.61503608442607E+01
 0.61503643810685E+01
 0.61503698960624E+01
 0.61503779716241E+01
 0.61503891932403E+01
 0.61504041437889E+01
 0.61504233830727E+01
 0.61504477074365E+01
 0.61504776394642E+01
 0.61505143217526E+01
 0.61505580925691E+01
 0.61506105723958E+01
 0.61506729806979E+01
 0.61507467201877E+01
 0.61508335464267E+01
 0.61509339077095E+01
 0.61510520817714E+01
 0.61511884986062E+01
 0.61513448519571E+01
 0.61515225332791E+01
 0.61517230428723E+01
 0.61519461388479E+01
 0.61521949595511E+01
 0.61524684924029E+01
 0.61527645715195E+01
 0.61530804184626E+01
 0.61534180750698E+01
 0.61537710547305E+01
 0.61541340335482E+01
 0.61545098300502E+01
 0.61548871788192E+01
 0.61552627589687E+01
 0.61556264287258E+01
 0.61559777924896E+01
 0.61563118869468E+01
 0.61566033359427E+01
 0.61568619921860E+01
 0.61570779014986E+01
 0.61572387354435E+01
 0.61573286348428E+01
 0.61573499525694E+01
 0.61573020269771E+01
 0.61571676152364E+01
 0.61569336204417E+01
 0.61565948572998E+01
 0.61561548852177E+01
 0.61555937971182E+01
 0.61549144039894E+01
 0.61541054731014E+01
 0.61531532622320E+01
 0.61520631113512E+01
 0.61508298086188E+01
 0.61494325316144E+01
 0.61478861223982E+01
 0.61461955533239E+01
 0.61442865469378E+01
 0.61422577379364E+01
 0.61400543125569E+01
 0.61376406614847E+01
 0.61350904056197E+01
 0.61322995996497E+01
 0.61293566762602E+01
 0.61262851899115E+01
 0.61229694571533E+01
 0.61195072381669E+01
 0.61157895449754E+01
 0.61119081319018E+01
 0.61079121413677E+01
 0.61036138513487E+01
 0.60992059394049E+01
 0.60945578116241E+01
 0.60897394197137E+01
 0.60846858440596E+01
 0.60795551761721E+01
 0.60741324573535E+01
 0.60685616464940E+01
 0.60628093540031E+01
 0.60568869710729E+01
 0.60507734746461E+01
 0.60443808224709E+01
 0.60378964483178E+01
 0.60312333585674E+01
 0.60243170208655E+01
 0.60172293672754E+01
 0.60099161182012E+01
 0.60025357113137E+01
 0.59949795337315E+01
 0.59871291697459E+01
 0.59790540064546E+01
 0.59709423977743E+01
 0.59626686267084E+01
 0.59540299208003E+01
 0.59453309457075E+01
 0.59363807917218E+01
 0.59272614161175E+01
 0.59178470450518E+01
 0.59083222860349E+01
 0.58985899533405E+01
 0.58885476771894E+01
 0.58782100270666E+01
 0.58676855925128E+01
 0.58569933603595E+01
 0.58457889769918E+01
 0.58343386808436E+01
 0.58226506361871E+01
 0.58106262830838E+01
 0.57980744737488E+01
 0.57851014801975E+01
 0.57715491621806E+01
 0.57573240282704E+01
 0.57425659748810E+01
 0.57270426432936E+01
 0.57106199268246E+01
 0.56930790322149E+01
 0.56743597197976E+01
 0.56542840007338E+01
 0.56325827138691E+01
 0.56085594973590E+01
 0.55820576674906E+01
 0.55527675308244E+01
 0.55200135840916E+01
 0.54830252599194E+01
 0.54403999395845E+01
 0.53917749747177E+01
 0.53366020660690E+01
 0.52739598170170E+01
 0.52034936640558E+01
 0.51271874611791E+01
 0.50455128637561E+01
 0.49604194877986E+01
 0.48753273395944E+01
 0.47903245006662E+01
 0.47078573619192E+01
 0.46287032989728E+01
 0.45536467849712E+01
 0.44826410429393E+01
 0.44152305443857E+01
 0.43515889564318E+01
 0.42916295101253E+01
 0.42348600442178E+01
 0.41814296392448E+01
 0.41306462392399E+01
 0.40826203780784E+01
 0.40368960547119E+01
 0.39933427036287E+01
 0.39523750683488E+01
 0.39130284144276E+01
 0.38752133021669E+01
 0.38394582864095E+01
 0.38050473524575E+01
 0.37722756469381E+01
 0.37408118841650E+01
 0.37107195961996E+01
 0.36816932369854E+01
 0.36539025573840E+01
 0.36272100910156E+01
 0.36014091751637E+01
 0.35765774382746E+01
 0.35526196828710E+01
 0.35296128538150E+01
 0.35073102279675E+01
 0.34857664252598E+01
 0.34649369524073E+01
 0.34447550085632E+01
 0.34252570715443E+01
 0.34064303771681E+01
 0.33880504310825E+01
 0.33702665466762E+01
 0.33531257481345E+01
 0.33363678289424E+01
 0.33200442770888E+01
 0.33043432727787E+01
 0.32889611940726E+01
 0.32740384419495E+01
 0.32594076727197E+01
 0.32453754201128E+01
 0.32315737552648E+01
 0.32181826412496E+01
 0.32049547609523E+01
 0.31922355745721E+01
 0.31797052603079E+01
 0.31676003709420E+01
 0.31556962068558E+01
 0.31440931261210E+01
 0.31327206190216E+01
 0.31216427559957E+01
 0.31107445912654E+01
 0.31000913751214E+01
 0.30896787682231E+01
 0.30795175429906E+01
 0.30696042895192E+01
 0.30598472752980E+01
 0.30502466801114E+01
 0.30408609489460E+01
 0.30316980815219E+01
 0.30226804278214E+01
 0.30138803007978E+01
 0.30051588327832E+01
 0.29966824347722E+01
 0.29882765952149E+01
 0.29801224383096E+01
 0.29720451976399E+01
 0.29641184624579E+01
 0.29563343904990E+01
 0.29487045902906E+01
 0.29411748829585E+01
 0.29337839817607E+01
 0.29264750134451E+01
 0.29193451204579E+01
 0.29123206825338E+01
 0.29053983042889E+01
 0.28985782579173E+01
 0.28918664947879E+01
 0.28852966836127E+01
 0.28787765861724E+01
 0.28723824046554E+01
 0.28660530718740E+01
 0.28598111764885E+01
 0.28536963458680E+01
 0.28476393069402E+01
 0.28417077943116E+01
 0.28358435249386E+01
 0.28300736950752E+01
 0.28243449459809E+01
 0.28187305055714E+01
 0.28132041201047E+01
 0.28077056348773E+01
 0.28023035613120E+01
 0.27969837063054E+01
 0.27916837315976E+01
 0.27865197527908E+01
 0.27813945731787E+01
 0.27763418199209E+01
 0.27713086935518E+01
 0.27663864759027E+01
 0.27615290360052E+01
 0.27566945613198E+01
 0.27519539196857E+01
 0.27472542283341E+01
 0.27425963642353E+01
 0.27380311148642E+01
 0.27334792019698E+01
 0.27289949058245E+01
 0.27245667829722E+01
 0.27201725422098E+01
 0.27158657846948E+01
 0.27115570906359E+01
 0.27073384071534E+01
 0.27031480407584E+01
 0.26990044262845E+01
 0.26949082849858E+01
 0.26908408283700E+01
 0.26868298586172E+01
 0.26828867407579E+01
 0.26789369416636E+01
 0.26750643938913E+01
 0.26712022867091E+01
 0.26674009800244E+01
 0.26636413716612E+01
 0.26599216870654E+01
 0.26562155634773E+01
 0.26525545583063E+01
 0.26489355118300E+01
 0.26453593992740E+01
 0.26418051057260E+01
 0.26382897524479E+01
 0.26348203611223E+01
 0.26313600054123E+01
 0.26279350848419E+01
 0.26245586116904E+01
 0.26212062876194E+01
 0.26178754317612E+01
 0.26146127624420E+01
 0.26113329006559E+01
 0.26081018240343E+01
 0.26048992145968E+01
 0.26017233893316E+01
 0.25985703892099E+01
 0.25954632359577E+01
 0.25923705761443E+01
 0.25893011031706E+01
 0.25862712248336E+01
 0.25832668041128E+01
 0.25802894678563E+01
 0.25773287044349E+01
 0.25743785358470E+01
 0.25714862112753E+01
 0.25685929156760E+01
 0.25657346641869E+01
 0.25629038613289E+01
 0.25600736895092E+01
 0.25572900016164E+01
 0.25545140796911E+01
 0.25517635338553E+01
 0.25490390968696E+01
