 0.30964654458033E+03
 0.30964654458037E+03
 0.30964654458102E+03
 0.30964654462233E+03
 0.30964654557380E+03
 0.30964654936996E+03
 0.30964653212187E+03
 0.30964635945306E+03
 0.30964566553023E+03
 0.30964377522990E+03
 0.30963970462752E+03
 0.30963222550592E+03
 0.30961998037437E+03
 0.30960155329606E+03
 0.30957561172540E+03
 0.30954086595114E+03
 0.30949625383975E+03
 0.30944084649775E+03
 0.30937388600601E+03
 0.30929479824087E+03
 0.30918212719525E+03
 0.30907210108365E+03
 0.30894874946082E+03
 0.30881207633357E+03
 0.30866217024757E+03
 0.30849925305509E+03
 0.30832352785091E+03
 0.30813559376894E+03
 0.30793579828217E+03
 0.30772453223407E+03
 0.30750221938248E+03
 0.30726980283099E+03
 0.30702759984932E+03
 0.30677612125308E+03
 0.30651661642421E+03
 0.30624923621935E+03
 0.30597486036807E+03
 0.30569383464677E+03
 0.30540734957769E+03
 0.30511622862641E+03
 0.30481964172286E+03
 0.30451962295152E+03
 0.30421659160554E+03
 0.30391075476395E+03
 0.30360199012608E+03
 0.30329161392776E+03
 0.30298063616865E+03
 0.30266867838074E+03
 0.30235563809501E+03
 0.30204198117183E+03
 0.30172876571891E+03
 0.30141512913811E+03
 0.30110191045221E+03
 0.30078872242315E+03
 0.30047494947350E+03
 0.30016126808088E+03
 0.29984759366048E+03
 0.29953239598571E+03
 0.29921687146238E+03
 0.29890125651993E+03
 0.29857976712158E+03
 0.29825962095489E+03
 0.29793624218967E+03
 0.29760650518670E+03
 0.29727541101775E+03
 0.29693446950004E+03
 0.29658956772244E+03
 0.29624167182603E+03
 0.29588121711088E+03
 0.29551448282426E+03
 0.29513232737510E+03
 0.29474043953725E+03
 0.29434131631637E+03
 0.29391967457786E+03
 0.29348856775151E+03
 0.29303688043942E+03
 0.29256828209319E+03
 0.29207647037557E+03
 0.29157197328090E+03
 0.29103644462654E+03
 0.29047942781250E+03
 0.28989650294316E+03
 0.28928696424824E+03
 0.28864702723918E+03
 0.28796781628166E+03
 0.28726203449163E+03
 0.28652073748356E+03
 0.28573570986512E+03
 0.28491119626479E+03
 0.28404018914937E+03
 0.28313384467111E+03
 0.28217976230479E+03
 0.28116554713933E+03
 0.28009412502585E+03
 0.27897870870245E+03
 0.27780639716682E+03
 0.27655298813218E+03
 0.27524485312716E+03
 0.27386040582310E+03
 0.27240264962195E+03
 0.27085495347729E+03
 0.26923267501400E+03
 0.26752111877444E+03
 0.26570396245058E+03
 0.26377715269451E+03
 0.26174809017260E+03
 0.25961418469962E+03
 0.25732676808528E+03
 0.25491392001544E+03
 0.25237101473412E+03
 0.24967919913646E+03
 0.24680591574605E+03
 0.24375969212452E+03
 0.24051231925735E+03
 0.23704253234912E+03
 0.23336827300156E+03
 0.22945469902282E+03
 0.22527596049019E+03
 0.22079844216238E+03
 0.21602515717197E+03
 0.21093729797733E+03
 0.20551675543914E+03
 0.19968071398928E+03
 0.19346474145448E+03
 0.18691248675077E+03
 0.18003944179956E+03
 0.17289919777011E+03
 0.16551596258248E+03
 0.15814294864093E+03
 0.15108981618866E+03
 0.14452981843375E+03
 0.13872047018183E+03
 0.13395603262203E+03
 0.13024948299007E+03
 0.12759062769907E+03
 0.12590399266624E+03
 0.12499742842365E+03
 0.12473610092315E+03
 0.12497585257580E+03
 0.12559682048177E+03
 0.12650670927390E+03
 0.12764358213396E+03
 0.12895212170466E+03
 0.13039028462227E+03
 0.13193613308815E+03
 0.13355649927189E+03
 0.13525060135340E+03
 0.13699531843205E+03
 0.13879216444406E+03
 0.14063343887989E+03
 0.14248474403720E+03
 0.14438221750341E+03
 0.14632335443438E+03
 0.14826770059816E+03
 0.15024929429646E+03
 0.15224097977402E+03
 0.15425704388799E+03
 0.15628540811047E+03
 0.15834261375769E+03
 0.16040866687644E+03
 0.16248793000800E+03
 0.16459296379072E+03
 0.16671134222189E+03
 0.16884657831155E+03
 0.17098497307226E+03
 0.17314715708712E+03
 0.17532270899948E+03
 0.17751182095874E+03
 0.17971801442985E+03
 0.18193217539996E+03
 0.18415083824970E+03
 0.18640025821679E+03
 0.18865636838726E+03
 0.19090721007451E+03
 0.19318765018097E+03
 0.19548733243633E+03
 0.19777165987269E+03
 0.20008674031908E+03
 0.20240590197279E+03
 0.20475579180230E+03
 0.20707661297118E+03
 0.20943341305092E+03
 0.21178906357011E+03
 0.21419082329948E+03
 0.21656486360783E+03
 0.21897532960086E+03
 0.22136799464326E+03
 0.22379001481206E+03
 0.22621634681276E+03
 0.22866115683788E+03
 0.23110637957644E+03
 0.23357857970837E+03
 0.23605925572354E+03
 0.23854705924310E+03
 0.24103636597558E+03
 0.24352526115213E+03
 0.24603780958521E+03
 0.24857288978844E+03
 0.25111116411664E+03
 0.25364756422005E+03
 0.25620436973084E+03
 0.25875638944861E+03
 0.26134800038932E+03
 0.26392130955085E+03
 0.26653479964981E+03
 0.26912265839019E+03
 0.27174588091356E+03
 0.27437644570784E+03
 0.27701550947410E+03
 0.27965673939312E+03
 0.28231998719721E+03
 0.28498840648856E+03
 0.28768425715232E+03
 0.29036502427468E+03
 0.29306015446821E+03
 0.29577000663950E+03
 0.29849340484440E+03
 0.30122623015101E+03
 0.30395093514789E+03
 0.30671023406717E+03
 0.30946628608079E+03
 0.31224797524301E+03
 0.31504320870344E+03
 0.31783002625945E+03
 0.32064339222709E+03
 0.32344585845509E+03
 0.32626758762124E+03
 0.32909241706346E+03
 0.33194980383147E+03
 0.33479662637675E+03
 0.33764633966693E+03
 0.34053423364751E+03
 0.34341813336208E+03
 0.34630513283499E+03
 0.34923411349002E+03
 0.35212946837299E+03
 0.35505270049367E+03
 0.35798097142741E+03
 0.36094941048313E+03
 0.36389461165745E+03
 0.36684675602280E+03
 0.36983504023689E+03
 0.37280762934064E+03
 0.37580196071987E+03
 0.37881694535322E+03
 0.38181299548503E+03
 0.38485010046185E+03
 0.38788548851654E+03
 0.39092708937690E+03
 0.39399215282954E+03
 0.39703578224166E+03
 0.40013140415718E+03
 0.40320102872844E+03
 0.40629604356894E+03
 0.40940016984040E+03
 0.41251175023883E+03
 0.41564715826255E+03
 0.41878040833420E+03
 0.42189955741441E+03
 0.42507384442927E+03
 0.42822339333223E+03
 0.43141140750748E+03
 0.43458832125424E+03
 0.43777184420413E+03
 0.44096283080410E+03
 0.44418804324536E+03
 0.44741439829856E+03
 0.45064431773750E+03
 0.45387571375929E+03
 0.45713083870304E+03
 0.46039045606466E+03
 0.46364590277096E+03
 0.46693804505497E+03
 0.47023676044975E+03
 0.47352614337711E+03
 0.47683354532849E+03
 0.48016192163902E+03
 0.48345423141659E+03
 0.48681337333892E+03
 0.49015844920461E+03
 0.49351382789906E+03
 0.49688099248464E+03
 0.50026449314401E+03
 0.50363394024921E+03
 0.50702943019226E+03
 0.51043938249672E+03
 0.51384093475872E+03
 0.51725249576104E+03
 0.52067119589772E+03
 0.52411126923555E+03
 0.52758114503024E+03
 0.53101273557108E+03
 0.53448965067721E+03
 0.53795949227319E+03
 0.54143265499839E+03
 0.54494879611007E+03
 0.54843835166807E+03
 0.55195972520157E+03
 0.55548532126316E+03
 0.55901354638442E+03
