 0.98444459134164E+00
 0.98444459134164E+00
 0.98444459134164E+00
 0.98444459134164E+00
 0.98444459134164E+00
 0.98444459134164E+00
 0.98444459134164E+00
 0.98444459134164E+00
 0.98444459134164E+00
 0.98444459763444E+00
 0.98444429401300E+00
 0.98444472865203E+00
 0.98444477837906E+00
 0.98444469753260E+00
 0.98444461697639E+00
 0.98444436305912E+00
 0.98444495910910E+00
 0.98444473861220E+00
 0.98444478790643E+00
 0.98444462091361E+00
 0.98444462345588E+00
 0.98444493245485E+00
 0.98444461565233E+00
 0.98444462952320E+00
 0.98444470505926E+00
 0.98444478021640E+00
 0.98444475850645E+00
 0.98444459592098E+00
 0.98444433313472E+00
 0.98444592156247E+00
 0.98444470160527E+00
 0.98444585447235E+00
 0.98444493418401E+00
 0.98445314165190E+00
 0.98444430222294E+00
 0.98444574191038E+00
 0.98444586036967E+00
 0.98444645001619E+00
 0.98445451243393E+00
 0.98444608958390E+00
 0.98445405023911E+00
 0.98445684134573E+00
 0.98444435322257E+00
 0.98445961910789E+00
 0.98444629580694E+00
 0.98445084565294E+00
 0.98444621973517E+00
 0.98444457615849E+00
 0.98448837999004E+00
 0.98448318619636E+00
 0.98449128081633E+00
 0.98445202719361E+00
 0.98445724030339E+00
 0.98446254230632E+00
 0.98448450343376E+00
 0.98448620224237E+00
 0.98448441067611E+00
 0.98444483554749E+00
 0.98446559151968E+00
 0.98447222649957E+00
 0.98444288809923E+00
 0.98448636406426E+00
 0.98446437231146E+00
 0.98449229569416E+00
 0.98445831510414E+00
 0.98448908375348E+00
 0.98448667010418E+00
 0.98447683027257E+00
 0.98443059079827E+00
 0.98443682124299E+00
 0.98449138935801E+00
 0.98444469888455E+00
 0.98445067166150E+00
 0.98446508866449E+00
 0.98443105077157E+00
 0.98445560590045E+00
 0.98448165782478E+00
 0.98444658449872E+00
 0.98446852848510E+00
 0.98449290170882E+00
 0.98446571166424E+00
 0.98449323220105E+00
 0.98445110314613E+00
 0.98444683319310E+00
 0.98443291669938E+00
 0.98446857054862E+00
 0.98442500017615E+00
 0.98445124126734E+00
 0.98445112897465E+00
 0.98449569341242E+00
 0.98442963252839E+00
 0.98451602866498E+00
 0.98443819128781E+00
 0.98448607080058E+00
 0.98448428405121E+00
 0.98453304397305E+00
 0.98450559049675E+00
 0.98447107834922E+00
 0.98451687074155E+00
 0.98457578055935E+00
 0.98458876707408E+00
 0.98458025708559E+00
 0.98459158520050E+00
 0.98459380745160E+00
