 0.17774163138008E+00
 0.17774163138012E+00
 0.17774163138072E+00
 0.17774163138507E+00
 0.17774163141405E+00
 0.17774163146836E+00
 0.17774163207667E+00
 0.17774163434350E+00
 0.17774164196048E+00
 0.17774166168566E+00
 0.17774170357401E+00
 0.17774178799652E+00
 0.17774193446652E+00
 0.17774216872213E+00
 0.17774252804805E+00
 0.17774303843448E+00
 0.17774374438317E+00
 0.17774467905594E+00
 0.17774589170639E+00
 0.17774742022702E+00
 0.17774930947412E+00
 0.17775159275715E+00
 0.17775430372420E+00
 0.17775751517232E+00
 0.17776129011473E+00
 0.17776560996044E+00
 0.17777053814796E+00
 0.17777617280028E+00
 0.17778257059648E+00
 0.17778969487579E+00
 0.17779768820776E+00
 0.17780642667035E+00
 0.17781631603524E+00
 0.17782710126918E+00
 0.17783892657317E+00
 0.17785201762378E+00
 0.17786619708051E+00
 0.17788171446203E+00
 0.17789842290800E+00
 0.17791659595718E+00
 0.17793620296248E+00
 0.17795723830355E+00
 0.17797976260617E+00
 0.17800402986001E+00
 0.17802979900207E+00
 0.17805737348951E+00
 0.17808666801904E+00
 0.17811756496236E+00
 0.17815041617548E+00
 0.17818476715722E+00
 0.17822122292867E+00
 0.17825936868784E+00
 0.17829981265030E+00
 0.17834172612573E+00
 0.17838584916972E+00
 0.17843149826495E+00
 0.17847977150230E+00
 0.17852959466869E+00
 0.17858143865537E+00
 0.17863555325165E+00
 0.17869170753829E+00
 0.17875049670059E+00
 0.17881051446836E+00
 0.17887330463931E+00
 0.17893878524003E+00
 0.17900604401351E+00
 0.17907580399625E+00
 0.17914774917733E+00
 0.17922187319625E+00
 0.17930019115071E+00
 0.17938093378913E+00
 0.17946305863751E+00
 0.17954837125691E+00
 0.17963831646447E+00
 0.17972982993650E+00
 0.17982431353229E+00
 0.17992255994080E+00
 0.18002422788432E+00
 0.18012936411921E+00
 0.18024033116647E+00
 0.18035261626061E+00
 0.18046991161865E+00
 0.18059034312955E+00
 0.18071663758277E+00
 0.18084823716575E+00
 0.18098226352126E+00
 0.18112394563651E+00
 0.18127033614782E+00
 0.18142186140613E+00
 0.18157792883026E+00
 0.18174291330791E+00
 0.18191053788828E+00
 0.18208627709877E+00
 0.18226904239340E+00
 0.18245850214312E+00
 0.18265725327297E+00
 0.18286346390017E+00
 0.18307543472109E+00
 0.18329974457516E+00
 0.18353412088983E+00
 0.18377424550394E+00
 0.18402642435693E+00
 0.18429040314464E+00
 0.18456255052327E+00
 0.18485090503670E+00
 0.18514711905747E+00
 0.18545661742299E+00
 0.18578118502438E+00
 0.18611906302586E+00
 0.18647558688060E+00
 0.18684646843082E+00
 0.18723454136300E+00
 0.18763962752630E+00
 0.18806922929928E+00
 0.18851149971247E+00
 0.18897996050408E+00
 0.18947310447033E+00
 0.18998806986948E+00
 0.19053153833989E+00
 0.19110204494133E+00
 0.19170042880884E+00
 0.19232577972563E+00
 0.19299082692123E+00
 0.19369224165980E+00
 0.19443404552330E+00
 0.19522318997928E+00
 0.19604563172987E+00
 0.19693117636967E+00
 0.19786409708517E+00
 0.19885997966658E+00
 0.19991171097069E+00
 0.20104964893010E+00
 0.20225586936319E+00
 0.20354063663472E+00
 0.20492332586023E+00
 0.20640836909128E+00
 0.20801291414290E+00
 0.20974568478667E+00
 0.21161885512198E+00
 0.21365155653990E+00
 0.21584579283150E+00
 0.21824996968276E+00
 0.22086995227370E+00
 0.22376080906268E+00
 0.22692684000693E+00
 0.23043278861208E+00
 0.23429950038088E+00
 0.23856382462693E+00
 0.24330794931472E+00
 0.24860772127281E+00
 0.25447022351816E+00
 0.26096449282962E+00
 0.26831658294890E+00
 0.27634453222295E+00
 0.28526560511032E+00
 0.29517786157814E+00
 0.30599578934727E+00
 0.31786597952851E+00
 0.33075460274139E+00
 0.34471162661413E+00
 0.35953197426026E+00
 0.37524495247043E+00
 0.39182974271490E+00
 0.40935352114810E+00
 0.42757362758302E+00
 0.44653734888241E+00
 0.46615845254609E+00
 0.48639711146478E+00
 0.50729459214342E+00
 0.52855052378386E+00
 0.55042353180048E+00
 0.57293258049396E+00
 0.59578765562591E+00
 0.61927331930751E+00
 0.64294473973051E+00
 0.66710291747453E+00
 0.69194263066311E+00
 0.71691754321365E+00
 0.74246343782947E+00
 0.76831222755608E+00
 0.79459875810390E+00
 0.82141095533374E+00
 0.84846284457344E+00
 0.87590226912706E+00
 0.90382944623269E+00
 0.93220512517047E+00
 0.96086173914530E+00
 0.98983159804642E+00
 0.10194515962916E+01
 0.10493495341762E+01
 0.10796273465969E+01
 0.11102021323560E+01
 0.11413905412262E+01
 0.11730404919739E+01
 0.12050888742102E+01
 0.12373618280643E+01
 0.12702663075306E+01
 0.13034726228065E+01
 0.13371086385142E+01
 0.13713884019158E+01
 0.14060780218548E+01
 0.14411281024418E+01
 0.14763880882466E+01
 0.15123904644759E+01
 0.15489385230617E+01
 0.15858093161744E+01
 0.16231628763367E+01
 0.16610094083955E+01
 0.16991923883136E+01
 0.17380575761404E+01
 0.17773154970396E+01
 0.18170357233334E+01
 0.18575258681465E+01
 0.18982194627501E+01
 0.19395546991107E+01
 0.19812372339636E+01
 0.20235692975904E+01
 0.20663264858029E+01
 0.21098887995868E+01
 0.21536850977625E+01
 0.21980015604799E+01
 0.22431548364240E+01
 0.22886526700315E+01
 0.23346808523519E+01
 0.23814026639363E+01
 0.24284700526659E+01
 0.24761940048712E+01
 0.25246115139250E+01
 0.25731971047286E+01
 0.26228449416989E+01
 0.26729011609226E+01
 0.27234596502305E+01
 0.27746583316348E+01
 0.28265531858937E+01
 0.28787658023460E+01
 0.29317790617824E+01
 0.29851976912748E+01
 0.30396365859636E+01
 0.30942584300668E+01
 0.31499438998573E+01
 0.32059474255526E+01
 0.32625787813998E+01
 0.33201403793318E+01
 0.33777672636205E+01
 0.34367200499681E+01
 0.34959177876705E+01
 0.35555634028372E+01
 0.36163917986357E+01
 0.36774450489685E+01
 0.37394467514648E+01
 0.38020930695559E+01
 0.38653616414538E+01
 0.39292174176507E+01
 0.39939619482583E+01
 0.40589301205773E+01
 0.41254228824705E+01
 0.41921884427422E+01
 0.42595042791249E+01
 0.43274548662359E+01
 0.43962957346985E+01
 0.44658396520556E+01
 0.45359329126191E+01
 0.46074009316767E+01
 0.46786108280959E+01
 0.47513269320901E+01
 0.48245667890085E+01
 0.48985926859997E+01
 0.49730827038344E+01
 0.50487274369748E+01
 0.51251453394704E+01
 0.52015594997060E+01
 0.52797923939306E+01
 0.53583279535281E+01
 0.54372255619848E+01
 0.55172933135290E+01
 0.55982526683905E+01
 0.56800466868228E+01
 0.57626670511926E+01
 0.58458838657206E+01
 0.59298039010844E+01
 0.60148545439455E+01
 0.61003126587118E+01
 0.61867715963672E+01
 0.62739002094914E+01
 0.63620574568383E+01
 0.64511338302320E+01
 0.65410790338487E+01
 0.66315078084491E+01
 0.67228074567722E+01
 0.68152599427378E+01
 0.69086984995633E+01
 0.70027999545166E+01
 0.70977961250330E+01
 0.71932908958494E+01
 0.72896488506531E+01
 0.73880450238029E+01
 0.74860606668451E+01
 0.75849707680572E+01
 0.76854467607515E+01
 0.77863578863384E+01
