 0.10000000133514E-09
 0.10000000133514E-09
 0.10000000133514E-09
 0.10000000133514E-09
 0.10000000133514E-09
 0.10000000133514E-09
 0.10000000133514E-09
 0.10000000133514E-09
 0.10000000133514E-09
 0.10000000133514E-09
 0.10000000133514E-09
 0.10000000133514E-09
 0.10000000133514E-09
 0.10000000133514E-09
 0.10000000133514E-09
 0.21269800464939E-03
 0.21269800464939E-03
 0.48406957058945E-03
 0.68621844399141E-03
 0.94128295909010E-03
 0.12562235914995E-02
 0.16356005765471E-02
 0.20852796877914E-02
 0.26101789545731E-02
 0.32148067273453E-02
 0.39031889576304E-02
 0.46788200713464E-02
 0.55447163883245E-02
 0.65034627923864E-02
 0.75574499224783E-02
 0.87085627803219E-02
 0.99579966005502E-02
 0.11307447750093E-01
 0.12757607437566E-01
 0.14309033694999E-01
 0.15962928119799E-01
 0.17719223910101E-01
 0.19578738802715E-01
 0.21541824937878E-01
 0.23607778257825E-01
 0.25784050779182E-01
 0.28061098352857E-01
 0.30441312646020E-01
 0.32927854172394E-01
 0.35519960536566E-01
 0.38217161924177E-01
 0.41019398862755E-01
 0.43925643496780E-01
 0.46941657810760E-01
 0.50062038582249E-01
 0.53291043395788E-01
 0.56627052402227E-01
 0.60067250581250E-01
 0.63617489750731E-01
 0.67272700301777E-01
 0.71035521741701E-01
 0.74905465834300E-01
 0.78883067584160E-01
 0.82965539200714E-01
 0.87155698234147E-01
 0.91461018805858E-01
 0.95867030791822E-01
 0.10038309027134E+00
 0.10500988047960E+00
 0.10974477666334E+00
 0.11459155430668E+00
 0.11954951136870E+00
 0.12461866724578E+00
 0.12979708640334E+00
 0.13508973659074E+00
 0.14051482281559E+00
 0.14605467196582E+00
 0.15170756620953E+00
 0.15749971940859E+00
 0.16341795378321E+00
 0.16946647220597E+00
 0.17565229299373E+00
 0.18199283426312E+00
 0.18845005870844E+00
 0.19509978392641E+00
 0.20188969911149E+00
 0.20885929535950E+00
 0.21599403668084E+00
 0.22333440330330E+00
 0.23091277736308E+00
 0.23870498792071E+00
 0.24675763234189E+00
 0.25514281280784E+00
 0.26388351832221E+00
 0.27308186805396E+00
 0.28285529682233E+00
 0.29357382476338E+00
