 0.30964654458033E+03
 0.30964654458037E+03
 0.30964654458102E+03
 0.30964654462233E+03
 0.30964654557380E+03
 0.30964654936996E+03
 0.30964653212187E+03
 0.30964635945301E+03
 0.30964566553011E+03
 0.30964377523076E+03
 0.30963970462543E+03
 0.30963222549185E+03
 0.30961998037325E+03
 0.30960155332142E+03
 0.30957561164152E+03
 0.30954086604587E+03
 0.30949625423612E+03
 0.30944084900085E+03
 0.30937389360098E+03
 0.30929482022897E+03
 0.30918218219069E+03
 0.30907223115817E+03
 0.30894903903749E+03
 0.30881267865644E+03
 0.30866335457268E+03
 0.30850146286798E+03
 0.30832746273728E+03
 0.30814230879654E+03
 0.30794682858848E+03
 0.30774202403592E+03
 0.30752909138864E+03
 0.30730989357093E+03
 0.30708583138324E+03
 0.30685862469893E+03
 0.30663087727353E+03
 0.30640415461926E+03
 0.30618082928982E+03
 0.30596272987543E+03
 0.30575244700567E+03
 0.30555214954896E+03
 0.30536226721212E+03
 0.30518537298406E+03
 0.30502260328640E+03
 0.30487442439394E+03
 0.30474050959160E+03
 0.30462148039287E+03
 0.30451720840375E+03
 0.30442564189121E+03
 0.30434471725797E+03
 0.30427231391075E+03
 0.30420621888772E+03
 0.30414222423902E+03
 0.30407727586445E+03
 0.30400650115317E+03
 0.30392496231615E+03
 0.30382825214967E+03
 0.30371122888732E+03
 0.30356687476867E+03
 0.30339102649632E+03
 0.30317817647585E+03
 0.30291688885885E+03
 0.30260817536527E+03
 0.30224137920939E+03
 0.30180718669922E+03
 0.30130445736056E+03
 0.30071743973114E+03
 0.30004565986457E+03
 0.29928321559588E+03
 0.29841218785266E+03
 0.29743168013826E+03
 0.29632131861180E+03
 0.29508011173378E+03
 0.29370145699157E+03
 0.29215292187349E+03
 0.29044096802450E+03
 0.28853724681284E+03
 0.28642938599056E+03
 0.28408946414301E+03
 0.28151937925192E+03
 0.27865440464529E+03
 0.27549108460079E+03
 0.27198206368233E+03
 0.26808839085450E+03
 0.26374275841115E+03
 0.25884889701570E+03
 0.25335954463712E+03
 0.24712800515581E+03
 0.23993469989279E+03
 0.23153955364388E+03
 0.22147263611765E+03
 0.20899264924197E+03
 0.19207992117980E+03
