 0.10813086768930E+04
 0.10813086768930E+04
 0.10813086768930E+04
 0.10813086768930E+04
 0.10813086768930E+04
 0.10813086768930E+04
 0.10813086768930E+04
 0.10813086768930E+04
 0.10813086768930E+04
 0.10813001936183E+04
 0.10814168631599E+04
 0.10812570832628E+04
 0.10811551961542E+04
 0.10812320685437E+04
 0.10810722137684E+04
 0.10811364702020E+04
 0.10811003400226E+04
 0.10812669424037E+04
 0.10812031220861E+04
 0.10810840125707E+04
 0.10811366249169E+04
 0.10812648701833E+04
 0.10812242502846E+04
 0.10809762595047E+04
 0.10809137327792E+04
 0.10811161062353E+04
 0.10811856459128E+04
 0.10810086898520E+04
 0.10808888165124E+04
 0.10811227935650E+04
 0.10814443847638E+04
 0.10807967610522E+04
 0.10817607747751E+04
 0.10817796404965E+04
 0.10812875385527E+04
 0.10822540913465E+04
 0.10815773708528E+04
 0.10816224299655E+04
 0.10765857809821E+04
 0.10817527037679E+04
 0.10810614839043E+04
 0.10761184236621E+04
 0.10815757387320E+04
 0.10764720448919E+04
 0.10779815137947E+04
 0.10779739015099E+04
 0.10776965836035E+04
 0.10764476621544E+04
 0.10819593509020E+04
 0.10778426870283E+04
 0.10819955169937E+04
 0.10792962770253E+04
 0.10769251306133E+04
 0.10761025749540E+04
 0.10763768141301E+04
 0.10797637364640E+04
 0.10792733778601E+04
 0.10815125812462E+04
 0.10814886968750E+04
 0.10770743033703E+04
 0.10798743788607E+04
 0.10785755188459E+04
 0.10804396087460E+04
 0.10777675272087E+04
 0.10769823061305E+04
 0.10782912227184E+04
 0.10791166105498E+04
 0.10868892330062E+04
 0.10810351965734E+04
 0.10888530648330E+04
 0.10837354826642E+04
 0.10847446612678E+04
 0.10809514345403E+04
 0.10835896523608E+04
 0.10776235350031E+04
 0.10808234945366E+04
 0.10762362516136E+04
 0.10785239529863E+04
 0.10851056392979E+04
 0.10851320125786E+04
 0.10824772836804E+04
 0.10806014056373E+04
 0.10840931392572E+04
 0.10876443774932E+04
 0.10801548566538E+04
 0.10832747843266E+04
 0.10841507085379E+04
 0.10865369275976E+04
 0.10844953042422E+04
 0.10824916302247E+04
 0.10830269403864E+04
 0.10769888456963E+04
 0.10842506284327E+04
 0.10795186092856E+04
 0.10776163521282E+04
 0.10873416795793E+04
 0.10802538927194E+04
 0.10837656336768E+04
 0.10806237472389E+04
 0.10785682555987E+04
 0.10791726374487E+04
 0.10824826215010E+04
 0.10794277428025E+04
 0.10797292282010E+04
 0.10846552125472E+04
 0.10766697324205E+04
 0.10868243236718E+04
 0.10880582728828E+04
 0.10883393299716E+04
 0.10803758151679E+04
 0.10793490273403E+04
 0.10798086625251E+04
 0.10832385940282E+04
 0.10874731018130E+04
 0.10872466002887E+04
 0.10813868293655E+04
 0.10888315574561E+04
 0.10889640090164E+04
 0.10768343442672E+04
 0.10889894742440E+04
 0.10879382513658E+04
 0.10771384181323E+04
 0.10804671127972E+04
 0.10849628048098E+04
 0.10816006727486E+04
 0.10870601667097E+04
 0.10784463515523E+04
 0.10815369620856E+04
 0.10800699662312E+04
 0.10807321304811E+04
 0.10887938340587E+04
 0.10778485360109E+04
 0.10827950485236E+04
 0.10887627739038E+04
 0.10855652249697E+04
 0.10830486989064E+04
 0.10828209695112E+04
 0.10859927478906E+04
 0.10773271984959E+04
 0.10889472414047E+04
 0.10890711401934E+04
 0.10846932521822E+04
 0.10794050312293E+04
 0.10786275067902E+04
 0.10877092132190E+04
 0.10775331100416E+04
 0.10817858005317E+04
 0.10815999596978E+04
 0.10898220548314E+04
 0.10846912270360E+04
 0.10874100593614E+04
 0.10790353311907E+04
 0.10782849072692E+04
 0.10806053966529E+04
 0.10816181923493E+04
 0.10879590000759E+04
 0.10919116332764E+04
 0.10890729887938E+04
 0.10823163821401E+04
 0.10880010793419E+04
 0.10852128541469E+04
 0.10876442397774E+04
 0.10883588210751E+04
 0.10834932346476E+04
 0.10914046035808E+04
 0.10857240089919E+04
 0.10939430108846E+04
 0.10849349557919E+04
 0.10879821950858E+04
 0.10878449500234E+04
 0.10943150701848E+04
 0.10874305409266E+04
 0.10881167701027E+04
 0.10923338742113E+04
 0.10931185043745E+04
 0.10951835524240E+04
 0.10925185505001E+04
 0.10915718113549E+04
 0.11053293998763E+04
 0.10965232047777E+04
 0.11062477698693E+04
 0.10950212047028E+04
 0.11072067467936E+04
 0.11001528738800E+04
 0.10999950578505E+04
 0.11052149153395E+04
 0.11081057767998E+04
 0.11140642578038E+04
 0.11050327931266E+04
 0.11102143501560E+04
 0.11126142622069E+04
 0.11055941447709E+04
 0.11095122103997E+04
 0.11075897495925E+04
 0.11083598372163E+04
 0.11222339864042E+04
 0.11255025646537E+04
 0.11217358686152E+04
 0.11196570231851E+04
 0.11153025034024E+04
 0.11226789491501E+04
 0.11210842867184E+04
 0.11250024648512E+04
 0.11241331347850E+04
 0.11321445425593E+04
 0.11286202633128E+04
 0.11249621195670E+04
 0.11401604202114E+04
 0.11332541854954E+04
 0.11299760162667E+04
 0.11431617031656E+04
 0.11471980785436E+04
 0.11396216478552E+04
 0.11502813376982E+04
 0.11411661504635E+04
 0.11417213707357E+04
 0.11536469367126E+04
 0.11480928232210E+04
 0.11452863721857E+04
 0.11490680834922E+04
 0.11618216082356E+04
 0.11656706143636E+04
 0.11610440430846E+04
 0.11653098043977E+04
 0.11633938949955E+04
 0.11652023527781E+04
 0.11631725981837E+04
 0.11705082174729E+04
 0.11774765497246E+04
 0.11675045236345E+04
 0.11701432546854E+04
 0.11710591660182E+04
 0.11799572888967E+04
 0.11853870889123E+04
 0.11810381232972E+04
 0.11773985066919E+04
 0.11841536356873E+04
 0.11951106548424E+04
 0.11991796215394E+04
 0.11952997763151E+04
 0.11891678009156E+04
 0.11966773475048E+04
 0.11969568821438E+04
 0.12075221487164E+04
 0.12134021600861E+04
 0.12059874883884E+04
 0.12080527332783E+04
 0.12064931851967E+04
 0.12093314809471E+04
 0.12118708686756E+04
 0.12185115148192E+04
 0.12175378406362E+04
 0.12313164028040E+04
 0.12322244280970E+04
 0.12214211327911E+04
 0.12314016953712E+04
 0.12349794408383E+04
 0.12297233214231E+04
 0.12402387383989E+04
 0.12343936760536E+04
 0.12372606056524E+04
 0.12367000457801E+04
 0.12384249650865E+04
 0.12507902136788E+04
 0.12458360159419E+04
 0.12504739064921E+04
 0.12629767864919E+04
 0.12579795711749E+04
 0.12622398640228E+04
 0.12631665718429E+04
 0.12649388469372E+04
 0.12628099910848E+04
 0.12792328676033E+04
 0.12813083996716E+04
 0.12722558759673E+04
 0.12741890014734E+04
 0.12794875112567E+04
 0.12840718985937E+04
 0.12798475429620E+04
 0.12885594649841E+04
 0.12904850529600E+04
 0.12996438073794E+04
 0.12927177280382E+04
 0.13051031946213E+04
 0.13024125871025E+04
 0.13015387838421E+04
 0.13052975807171E+04
 0.13031970097023E+04
 0.13187859791242E+04
 0.13118071732914E+04
 0.13101701805805E+04
 0.13192116732782E+04
 0.13152867741100E+04
 0.13175873868267E+04
 0.13289548900834E+04
 0.13318300544138E+04
 0.13308561899640E+04
 0.13444633001660E+04
 0.13379259233803E+04
 0.13417113894058E+04
