 0.10000000133514E-09
 0.10000000133514E-09
 0.10000000133514E-09
 0.10000000133514E-09
 0.10000000133514E-09
 0.10000000133514E-09
 0.10000000133514E-09
 0.10000000133514E-09
 0.10000000133514E-09
 0.10000000133514E-09
 0.10000000133514E-09
 0.10000000133514E-09
 0.10000000133514E-09
 0.10000000133514E-09
 0.10000000133514E-09
 0.10000000133514E-09
 0.10000000133514E-09
 0.10000000133514E-09
 0.10000000133514E-09
 0.10000000133514E-09
 0.10000000133514E-09
 0.10000000133514E-09
 0.10000000133514E-09
 0.10000000133514E-09
 0.10000000133514E-09
 0.43411721625293E-04
 0.43411721625293E-04
 0.83429158024311E-04
 0.11200640527829E-03
 0.14760663012339E-03
 0.19127893960329E-03
 0.24410495822295E-03
 0.30722734967666E-03
 0.38177759539618E-03
 0.46891005041827E-03
 0.56980047167024E-03
 0.68559395697935E-03
 0.81745213829856E-03
 0.96649134832216E-03
 0.11338057007326E-02
 0.13205197186045E-02
 0.15276598404173E-02
 0.17562176516809E-02
 0.20071866751254E-02
 0.22815484774867E-02
 0.25801803339709E-02
 0.29039023468611E-02
 0.32536020498017E-02
 0.36300851188502E-02
 0.40340400410412E-02
 0.44662334180115E-02
 0.49273073646138E-02
 0.54178938045520E-02
 0.59386964661242E-02
 0.64903000820593E-02
 0.70732746301555E-02
 0.76881136597673E-02
 0.83353021979816E-02
 0.90155222325644E-02
 0.97285142621106E-02
 0.10476286186667E-01
 0.11257639474858E-01
 0.12073577256977E-01
 0.12925379492572E-01
 0.13812122448707E-01
 0.14735563825249E-01
 0.15695400210910E-01
 0.16690008086247E-01
 0.17723800479326E-01
 0.18794424011720E-01
 0.19903934152448E-01
 0.21051608801691E-01
 0.22237118531891E-01
 0.23463282566758E-01
 0.24728811764136E-01
 0.26033805180106E-01
 0.27380946167993E-01
 0.28770814256975E-01
 0.30196169247372E-01
 0.31668779271098E-01
 0.33184241835954E-01
 0.34743226216996E-01
 0.36343330692756E-01
 0.37989446526689E-01
 0.39684950524648E-01
 0.41422375375250E-01
 0.43206318139778E-01
 0.45042232450599E-01
 0.46923603498703E-01
 0.48859918253290E-01
 0.50838085688369E-01
 0.52870838943740E-01
 0.54958670423138E-01
 0.57100120977474E-01
 0.59293252853496E-01
 0.61537344247790E-01
 0.63851045894860E-01
 0.66212834439233E-01
 0.68636042558070E-01
 0.71121805194658E-01
 0.73677416515114E-01
 0.76288574079240E-01
 0.78966354609428E-01
 0.81716283705603E-01
 0.84537398402254E-01
 0.87432787784891E-01
 0.90391732593225E-01
 0.93447429812506E-01
 0.96573930205528E-01
 0.99774203943377E-01
 0.10306125107418E+00
 0.10644205152467E+00
 0.10991267175926E+00
 0.11348185375510E+00
 0.11715589510142E+00
 0.12092898937241E+00
 0.12480229568397E+00
 0.12879358855298E+00
 0.13291238506648E+00
 0.13713902381672E+00
 0.14149715553363E+00
 0.14598954910936E+00
 0.15062690468242E+00
 0.15541616119278E+00
 0.16035044278168E+00
 0.16543682632085E+00
 0.17069050017506E+00
 0.17613726947677E+00
 0.18176450224377E+00
 0.18756689613809E+00
 0.19356686525450E+00
 0.19978682511608E+00
 0.20619056540066E+00
 0.21281919856907E+00
 0.21966641321316E+00
 0.22671992253582E+00
 0.23400596712788E+00
 0.24148295398256E+00
 0.24915626814210E+00
 0.25698483983070E+00
 0.26494943827633E+00
 0.27304188474401E+00
 0.28120637708069E+00
 0.28938508078066E+00
 0.29754889097639E+00
 0.30562392669704E+00
 0.31359422590494E+00
 0.32139862022199E+00
 0.32902884380775E+00
 0.33646750005965E+00
 0.34368290743781E+00
 0.35071557067464E+00
 0.35757090664876E+00
 0.36424128849692E+00
 0.37075882174484E+00
 0.37712850189746E+00
 0.38337005623148E+00
 0.38949256429406E+00
 0.39550927122166E+00
 0.40142473104312E+00
 0.40724739399734E+00
 0.41298543116613E+00
 0.41864094508572E+00
 0.42421837600385E+00
 0.42971995356642E+00
 0.43514848850477E+00
 0.44050551333600E+00
 0.44579242196489E+00
 0.45101071063673E+00
 0.45616163143942E+00
 0.46124394741390E+00
 0.46626214348539E+00
 0.47121409027728E+00
 0.47609914143783E+00
 0.48092149279298E+00
 0.48568048002987E+00
 0.49037536498092E+00
 0.49500826361037E+00
 0.49957901476120E+00
 0.50408909857550E+00
 0.50853773532179E+00
 0.51292725491414E+00
 0.51725704093514E+00
 0.52152967722926E+00
 0.52574370022818E+00
 0.52990164000770E+00
 0.53400282124784E+00
 0.53804939624434E+00
 0.54204138143362E+00
 0.54598002764825E+00
 0.54986576569998E+00
 0.55370007080332E+00
 0.55748322422187E+00
 0.56121589165744E+00
 0.56489922113856E+00
 0.56853366430588E+00
 0.57212071519588E+00
 0.57566078003216E+00
 0.57915505554196E+00
 0.58260362264043E+00
 0.58600743772766E+00
 0.58936793281751E+00
 0.59268507876676E+00
 0.59596017400644E+00
 0.59919390964030E+00
 0.60238656189940E+00
 0.60553944346096E+00
 0.60865297496201E+00
 0.61172788051030E+00
 0.61476463788435E+00
 0.61776457158865E+00
 0.62072763763828E+00
 0.62365501504316E+00
 0.62654679191102E+00
 0.62940411796734E+00
 0.63222713987495E+00
 0.63501687161045E+00
 0.63777379367226E+00
 0.64049835190075E+00
 0.64319129215706E+00
 0.64585285064553E+00
 0.64848409750880E+00
 0.65108507014421E+00
 0.65365659795772E+00
 0.65619909336073E+00
 0.65871287995702E+00
 0.66119857875312E+00
 0.66365679133847E+00
 0.66608796514684E+00
 0.66849255973226E+00
 0.67087058366245E+00
 0.67322322150486E+00
 0.67555030334315E+00
 0.67785243479357E+00
 0.68013034792566E+00
 0.68238394619370E+00
 0.68461397058321E+00
 0.68682057078139E+00
 0.68900453739215E+00
 0.69116542485595E+00
 0.69330431457481E+00
 0.69542160482572E+00
 0.69751752184507E+00
 0.69959193237669E+00
 0.70164578055088E+00
 0.70367861747634E+00
 0.70569170016411E+00
 0.70768515260521E+00
 0.70965885066637E+00
 0.71161330525677E+00
 0.71354846971481E+00
 0.71546555142414E+00
 0.71736387959493E+00
 0.71924428787959E+00
 0.72110676107193E+00
 0.72295189371335E+00
 0.72477956018166E+00
 0.72659011595097E+00
 0.72838410299451E+00
 0.73016160513765E+00
 0.73192250237310E+00
 0.73366760103913E+00
 0.73539667635249E+00
 0.73711020274953E+00
 0.73880833317862E+00
 0.74049148247289E+00
 0.74215954614747E+00
 0.74381295344885E+00
 0.74545169633508E+00
 0.74707627669882E+00
 0.74868663374494E+00
 0.75028299230815E+00
 0.75186567909020E+00
 0.75343493596069E+00
 0.75499069783055E+00
 0.75653328138201E+00
 0.75806285960256E+00
 0.75957965144380E+00
 0.76108371698619E+00
 0.76257541031687E+00
 0.76405466398143E+00
 0.76552186941668E+00
 0.76697686673584E+00
 0.76842017958866E+00
 0.76985161047382E+00
 0.77127174703950E+00
 0.77268024827922E+00
 0.77407759858643E+00
 0.77546387664670E+00
 0.77683905915216E+00
 0.77820356548136E+00
 0.77955720428574E+00
 0.78090045985681E+00
 0.78223319703165E+00
 0.78355555325342E+00
 0.78486791713783E+00
 0.78617009994573E+00
 0.78746240566009E+00
 0.78874474733161E+00
 0.79001750887530E+00
