 0.34787160937283E+03
 0.34787161156786E+03
 0.34787162174707E+03
 0.34787165058348E+03
 0.34787171495032E+03
 0.34787184514725E+03
 0.34787209541115E+03
 0.34787254476409E+03
 0.34787327710366E+03
 0.34787435997285E+03
 0.34787583014891E+03
 0.34787768748434E+03
 0.34787992074173E+03
 0.34788245851072E+03
 0.34788527388504E+03
 0.34788822122278E+03
 0.34789127655565E+03
 0.34789436001661E+03
 0.34789739004877E+03
 0.34790031584259E+03
 0.34788707369761E+03
 0.34788548478169E+03
 0.34788337835867E+03
 0.34788072132065E+03
 0.34787743504584E+03
 0.34787348331721E+03
 0.34786863744085E+03
 0.34786314863740E+03
 0.34785673079192E+03
 0.34784902375802E+03
 0.34783960601411E+03
 0.34782877164069E+03
 0.34781570640459E+03
 0.34779983040458E+03
 0.34778167725923E+03
 0.34775993884733E+03
 0.34773447809749E+03
 0.34770421903982E+03
 0.34766947295904E+03
 0.34762997524467E+03
 0.34758271304767E+03
 0.34752949081636E+03
 0.34746941085375E+03
 0.34740130505796E+03
 0.34732354791428E+03
 0.34723700275605E+03
 0.34714200730127E+03
 0.34703679493998E+03
 0.34692010701920E+03
 0.34679167643472E+03
 0.34665253347003E+03
 0.34650045459306E+03
 0.34633616910315E+03
 0.34615852705350E+03
 0.34596629229867E+03
 0.34576011287735E+03
 0.34554013195952E+03
 0.34530337146791E+03
 0.34505225537479E+03
 0.34478767924823E+03
 0.34449972758695E+03
 0.34420201695049E+03
 0.34388684463077E+03
 0.34354980593324E+03
 0.34320069007834E+03
 0.34282568727362E+03
 0.34243611929351E+03
 0.34203570736136E+03
 0.34160811413711E+03
 0.34116664823829E+03
 0.34069638016435E+03
 0.34020930357090E+03
 0.33971178774395E+03
 0.33917829726747E+03
 0.33863442465061E+03
 0.33806228941302E+03
 0.33747045783581E+03
 0.33685031151937E+03
 0.33622191275515E+03
 0.33555660118161E+03
 0.33487224205012E+03
 0.33416498930668E+03
 0.33343530831623E+03
 0.33267927556308E+03
 0.33188501225632E+03
 0.33107651532115E+03
 0.33024235068453E+03
 0.32937070221142E+03
 0.32847247453087E+03
 0.32753975766569E+03
 0.32659315869364E+03
 0.32561680191323E+03
 0.32459456747568E+03
 0.32353495911361E+03
 0.32246250340925E+03
 0.32135970284400E+03
 0.32019768690392E+03
 0.31901936481008E+03
 0.31779486410601E+03
 0.31653803978822E+03
 0.31522759824972E+03
 0.31389264199957E+03
 0.31251640293672E+03
 0.31108542443243E+03
 0.30960014600036E+03
 0.30807934510926E+03
 0.30652361001159E+03
 0.30488518203292E+03
 0.30320391848738E+03
 0.30148321445200E+03
 0.29970967340614E+03
 0.29785822028002E+03
 0.29595000222783E+03
 0.29396684851427E+03
 0.29189990059840E+03
 0.28977954674558E+03
 0.28758243402556E+03
 0.28529642960954E+03
 0.28291277003261E+03
 0.28044152076704E+03
 0.27787933141320E+03
 0.27522404330050E+03
 0.27241638374386E+03
 0.26948896509617E+03
 0.26645552479183E+03
 0.26329812015718E+03
 0.25999703652116E+03
 0.25649347369657E+03
 0.25282855935600E+03
 0.24900371435010E+03
 0.24497423869930E+03
 0.24069417803297E+03
 0.23622787009109E+03
 0.23148852729144E+03
 0.22646913320091E+03
 0.22117656566023E+03
 0.21553578316763E+03
 0.20958059872437E+03
 0.20328908202388E+03
 0.19668261164574E+03
 0.18975867746838E+03
 0.18247337305208E+03
 0.17489227152741E+03
 0.16709297616203E+03
 0.15909690363866E+03
 0.15105962851078E+03
 0.14299229163943E+03
 0.13506412074454E+03
 0.12732229647942E+03
 0.11984351818462E+03
 0.11281458344855E+03
 0.10612455614834E+03
 0.99804795394471E+02
 0.93975074736776E+02
 0.88535427557836E+02
 0.83525671145579E+02
 0.78887932287474E+02
 0.74619880948425E+02
 0.70661996278582E+02
 0.67029476996683E+02
 0.63675854141004E+02
 0.60568120434882E+02
 0.57693111248545E+02
 0.55027849824122E+02
 0.52566601071140E+02
 0.50269433998356E+02
 0.48137245099907E+02
 0.46147857500511E+02
 0.44289773155407E+02
 0.42554289720456E+02
 0.40938252615099E+02
 0.39409643310618E+02
 0.37978340997249E+02
 0.36643328086641E+02
 0.35377209083475E+02
 0.34179915240190E+02
 0.33062380819597E+02
 0.31996809116007E+02
 0.30993926971477E+02
 0.30033103860805E+02
 0.29139473682416E+02
 0.28280233622275E+02
 0.27469225137928E+02
 0.26686338415650E+02
 0.25951930953784E+02
 0.25243203877164E+02
 0.24577044221990E+02
 0.23934587382621E+02
 0.23323304426854E+02
 0.22734343958198E+02
 0.22174898455870E+02
 0.21634285637963E+02
 0.21116399733223E+02
 0.20620996436320E+02
 0.20145747759962E+02
 0.19691567093349E+02
 0.19252417589297E+02
 0.18828009626150E+02
 0.18420307384814E+02
 0.18029771481999E+02
 0.17651428976833E+02
 0.17288135342561E+02
 0.16934184161194E+02
 0.16596221463348E+02
 0.16266004067712E+02
 0.15950610836227E+02
 0.15642769768874E+02
 0.15345547513337E+02
 0.15058238259563E+02
 0.14780741335612E+02
 0.14510435744727E+02
 0.14248945338199E+02
 0.13993513853966E+02
 0.13748798990997E+02
 0.13510620633899E+02
 0.13279106524806E+02
 0.13053860449215E+02
 0.12834892841202E+02
 0.12623745667643E+02
 0.12416441997895E+02
 0.12216412075757E+02
 0.12020280847558E+02
 0.11828683682911E+02
 0.11643806127362E+02
 0.11463037314387E+02
 0.11288130859274E+02
 0.11117174285797E+02
 0.10950403108685E+02
 0.10787284917322E+02
 0.10628953960307E+02
 0.10475312392921E+02
 0.10323531376592E+02
 0.10175988792215E+02
 0.10032574412395E+02
 0.98911984700549E+01
 0.97549630546416E+01
 0.96205763612505E+01
 0.94902323249987E+01
 0.93612399534104E+01
 0.92365059446366E+01
 0.91146990940849E+01
 0.89944658866993E+01
 0.88779784023529E+01
 0.87633841342906E+01
 0.86509800882700E+01
 0.85420184782005E+01
 0.84342644002464E+01
 0.83290735381914E+01
 0.82261937256317E+01
 0.81249997814870E+01
 0.80269903698180E+01
 0.79293219424192E+01
 0.78350019600283E+01
 0.77419122711643E+01
 0.76506306545715E+01
 0.75614407931457E+01
 0.74736295634956E+01
 0.73874442275174E+01
 0.73035799076724E+01
 0.72201746811708E+01
 0.71394446698422E+01
 0.70593348706384E+01
 0.69809723937828E+01
 0.69044470876064E+01
 0.68292328261558E+01
 0.67549380315124E+01
 0.66818123655329E+01
 0.66104453132305E+01
 0.65406330332483E+01
 0.64714285903201E+01
 0.64036801841419E+01
 0.63372723170799E+01
 0.62714708782258E+01
 0.62070123033641E+01
 0.61437163139806E+01
 0.60816527884314E+01
 0.60202785937852E+01
 0.59603405330033E+01
 0.59009008067672E+01
 0.58425841038437E+01
 0.57854167660496E+01
 0.57290064712674E+01
 0.56734481062468E+01
 0.56188602914311E+01
 0.55652129247972E+01
 0.55122649549430E+01
 0.54604366721839E+01
 0.54089586027206E+01
 0.53587280530162E+01
 0.53089813937550E+01
 0.52599571982599E+01
 0.52121210024021E+01
 0.51643638321177E+01
 0.51177005389430E+01
 0.50716234443229E+01
 0.50261048808598E+01
 0.49813061720952E+01
 0.49372311665327E+01
 0.48938564122300E+01
 0.48509875209025E+01
