   0.00000000000000000000000000000000000      
  -5.63981045579786178012721370758050388E-0040
  -1.59160016691452416244021714786284790E-0038
  -1.10634856615367159166850933517949848E-0037
  -3.96729687442309977319065800190399371E-0037
  -7.36085511212256126852016677045909115E-0037
   3.26543557616421752132715218745606643E-0037
   7.25845329266631360884050492390897091E-0036
  -9.13142458305854185647415789322616286E-0025
  -8.37769707363678733743509569598419220E-0024
   3.98658586394308601574052379528598032E-0024
   1.54766520594087909460064764812157418E-0023
   4.95757885449940787847844732760641277E-0024
   9.87908133790320736101643001407681076E-0024
  -2.30174355130662417011914794293687562E-0024
   3.48467031715370667449260128330173381E-0024
   4.12452572096543344036727952476781010E-0025
   5.07391115592285472459528850939266165E-0024
  -6.43216802987835976377818843922199518E-0024
   3.69570921753360313929337517610710320E-0024
  -1.10059977555948337014799220627498404E-0024
   3.85521399544325335079104493537185992E-0025
  -2.10716525631326958504480498617054568E-0024
  -7.07498580683076780429516484081367882E-0025
   1.54837367865353676566399122206339668E-0024
  -1.63051795884653262756248122736219532E-0027
  -1.01660179856678543014555880161870393E-0024
  -2.01341724168654869828140879047757712E-0024
   2.21964198190210960171886968842143828E-0024
   4.05252442333143743175908689952175123E-0025
  -7.62330679295376443627122606835914065E-0025
  -6.79880231835674616450946635254858076E-0024
   1.89168858679880907552159824754980593E-0023
   7.84709710140405558602432790963810417E-0023
  -5.03997738236818595430169911052273256E-0023
  -1.95303322643359985384748128655571781E-0023
  -7.51296928591209933340096630735277003E-0024
   3.66444469928907201871987646532381393E-0023
   5.12734895130588878468123004693515314E-0024
   2.47718169589328201474039806388240380E-0023
  -7.81914681894879524263804383986178071E-0024
  -3.24928191968841586125786342317580320E-0023
   2.05951628709740949590072013220011027E-0023
   1.33638614793268844089299924661258928E-0023
  -1.97125544830285135400962510365098160E-0023
  -1.16443046574526665218994783855794859E-0023
   3.76907268246959687843088526322194270E-0023
   9.61633866629420818470169059604698234E-0024
  -4.37190446406788294833058671992348158E-0024
  -1.54248546588658367740357700796855404E-0023
  -3.08739648147000527039648454998333201E-0024
  -1.84904954553968398716542690070012668E-0023
  -1.03900506365268271367623143511734858E-0023
   5.00443067403004850935193855623879581E-0023
   5.43082288900618098108307229584015816E-0023
   8.39198849802167090582607141438886786E-0023
   1.24649913600926867119944394718404553E-0022
   1.69535773907950612483699414502811563E-0022
   2.82479798796275058079259246182586694E-0022
   4.55893995969145046349610184120710836E-0022
   7.59511840051520694737245055406747266E-0022
   8.94484928877577969288216342882454631E-0022
   1.29809705283800807053852877395916850E-0021
   1.94747355573916197603660659014263279E-0021
   2.55565973051528394214284896345425686E-0021
   3.29631508026018207579961071982190537E-0021
   4.36590500559225622838981001857358437E-0021
   5.61146752233815726712934414844480488E-0021
   7.28069203844294805068516675632209659E-0021
   8.82418183587165278654283490394702657E-0021
   1.09279910364154207205727513665996085E-0020
   1.33542849441024358347996264755637958E-0020
   1.63298930807835993302180709179141775E-0020
   2.03056347291294521029827973917241745E-0020
   2.43958088758378104862497935134068423E-0020
   2.92484165356794087978672069120714506E-0020
   3.41242198618327788980648280635640851E-0020
   4.05773285353144649275250058333998439E-0020
   4.70580465388057495818602729407113927E-0020
   5.48156261779153465533071638999509899E-0020
   6.36482553082647221782662668135842802E-0020
   7.44718776107187128835046993264448780E-0020
   8.52488669513568426354621741102549884E-0020
   9.68326362580142400956583881213755710E-0020
   1.11444459804528402140347286767391511E-0019
   1.25765566589617854969964993921207807E-0019
   1.43777521625619455133878920726650511E-0019
   1.61236711629160924363974496850837721E-0019
   1.81515489062307838486161564462818515E-0019
   2.03480693972637015480641526581404438E-0019
   2.27029030071998194184238221459265211E-0019
   2.53773956404858889806086993402052101E-0019
   2.81882053929258048853524874168979093E-0019
   3.12348224770754980634945989625550933E-0019
   3.44306105487026507521866081059613367E-0019
   3.81347299434476645048046812511974939E-0019
   4.20399329360673707193538441094714069E-0019
   4.59360738446024187976665417005142174E-0019
   5.05163543286272284926656695983124112E-0019
   5.51891640331784839820113968483461412E-0019
   6.02318675580327693944592166810915180E-0019
   6.57547837628403742009173447729698366E-0019
   7.15375409970916377893114159311184272E-0019
   7.77025440553978585640489945584977112E-0019
   8.42654825449815792426656665133643026E-0019
   9.14459185637195148667177448640129945E-0019
   9.88509979825787940977980657309140504E-0019
   1.06772334048604899452493184911497912E-0018
   1.15248845898674017676494973103155014E-0018
   1.24155832951988280923765577211879017E-0018
   1.33341176430483611902544989594368625E-0018
   1.43228468173849780281881258643980979E-0018
   1.53848263238288985898955570897694346E-0018
   1.65003298268073593108252124514978473E-0018
   1.76622456528441164197848275433506629E-0018
   1.89276124340059683829287221019333308E-0018
   2.01688181856928719521740841035625155E-0018
   2.15306830330556682015489924055179422E-0018
   2.30152153473429411046018300616326737E-0018
   2.45272845057760443025576131777318052E-0018
   2.61636647478400717020266267672892628E-0018
   2.78083283312598818479703313206361122E-0018
   2.96540737836297937832401022037763987E-0018
   3.14746597683166596279994233210578286E-0018
   3.34548045709113282040937090355078027E-0018
   3.54980015943199057265535740919882435E-0018
   3.76395936614892679122203289210945704E-0018
   3.99592248977044914962366660506660454E-0018
   4.23660123934377503690644391973839479E-0018
   4.48801599459605699585644637331490752E-0018
   4.74699864813761197871653097201564746E-0018
   5.02525704638601784669631760482392596E-0018
   5.31052112767931796124308447576672490E-0018
   5.61227911605770440462790532734698920E-0018
   5.92590097710676661690312050890290990E-0018
   6.25912073713232195299843413151594363E-0018
   6.61435778825977471680151812355241552E-0018
   6.97958034828132757339204042144585796E-0018
   7.36342173360778823574757973089494284E-0018
   7.76765569380929635221168085864405021E-0018
   8.19069479194501364858550785912303200E-0018
   8.61631358959625514754763216594934767E-0018
   9.08932160554527398519284476261326683E-0018
   9.56402002819714656304634381506622133E-0018
   1.00773557218634450367434758532526833E-0017
   1.05855531992080541870309125181318298E-0017
   1.11271917160888593387429845202166658E-0017
   1.17089180084036987565764819687672571E-0017
   1.22874921323479810256939038411288925E-0017
   1.29080340510830758104799191666098691E-0017
   1.35277978823749446326598874532319187E-0017
   1.41936152594579815229256188590153566E-0017
   1.48441690832011947525600423223585644E-0017
   1.55523275929182694788159891131890519E-0017
   1.62446600978668632583821031701876958E-0017
   1.69428405102135473383576333221170976E-0017
   1.76254361271700101722483290138992213E-0017
   1.83332675809904304766758226687421700E-0017
   1.89748621978207871582785931564238930E-0017
   1.96042171331890673112547844622527383E-0017
   2.02094894196655705901652854108293858E-0017
   2.07728614419879637288003604689166987E-0017
   2.12716510061315573246599120800236822E-0017
   2.17401424321587312835355725314698293E-0017
   2.21656061080957784797944191744940034E-0017
   2.25406981066684907511596326934089298E-0017
   2.28670798443212283438265718646844465E-0017
   2.31824629563009172285002917464585762E-0017
   2.34487113650877601066380854590425688E-0017
   2.36919544892488059988897827680818673E-0017
   2.39405173903592548874242721676994613E-0017
   2.41761333973152966689631256558639575E-0017
   2.43721348298242055664090735412098920E-0017
   2.45563268808126390344773359782758200E-0017
   2.47480906728449957373514324383875496E-0017
   2.49023347786046598889983768886229140E-0017
   2.50776878382935792864357561277222802E-0017
   2.52219106142129090519569733509466006E-0017
   2.53564394425867209667861114760402120E-0017
   2.54422903637768363844201810940723475E-0017
   2.55872007273981280649317506035090019E-0017
   2.57098953299877164655095837885720775E-0017
   2.57922452458777781691307726812003931E-0017
   2.58533656891097168698568665436485980E-0017
   2.59375432776079702571439319577144367E-0017
   2.60250795411673548143015672124554815E-0017
   2.60554218002559898083003156923524007E-0017
   2.61232398172095645132417793409475260E-0017
   2.61983041446905680123478538883192960E-0017
   2.62440735952943816236825893490632391E-0017
   2.62584755874043357351790712342279361E-0017
   2.63088812696773379652296828981941592E-0017
   2.63529039591300298651102725016637399E-0017
   2.63604909533083287493350122204004390E-0017
   2.63584246798928845480721840558829422E-0017
   2.64287939439152309457646244282098305E-0017
   2.64211487125899334403168954260204909E-0017
   2.64239005084542522348143179542050047E-0017
   2.64295362049669921125400364374132844E-0017
   2.64263087319651884066631029444005831E-0017
