   5340574.65046023820967410289455720653      
   5340574.65046023820967456618343346913      
   5340574.65046023820971824688144503768      
   5340574.65046023821040115493744517688      
   5340574.65046023821476761383042521544      
   5340574.65046023822600124689331595026      
   5340574.65046023819817117989214235478      
   5340574.65046023782797835652136107472      
   5340574.65046023605613212770775681651      
   5340574.65046023022990702995371231873      
   5340574.65046021498869203066932955090      
   5340574.65046018098763024333399322023      
   5340574.65046011356207974888800623760      
   5340574.65045999139148482701047487551      
   5340574.65045978517696752647284734702      
   5340574.65045945631887298633097329432      
   5340574.65045895557359883610120303760      
   5340574.65045822168194616242737936235      
   5340574.65045717998826113515154761326      
   5340574.65045574110174902138428341353      
   5340574.65045379892981269708123970092      
   5340574.65045123219848417899402046904      
   5340574.65044790050643915537586742946      
   5340574.65044364584782143075052369032      
   5340574.65043829224350005477345047556      
   5340574.65043164616538303409536480166      
   5340574.65042349729726608064177680998      
   5340574.65041361955964471712477451529      
   5340574.65040177230539119243930900842      
   5340574.65038770160688880854897791461      
   5340574.65037114153518216745681381541      
   5340574.65035181532297315256238523274      
   5340574.65032943646058250528781716587      
   5340574.65030370951086958277859393019      
   5340574.65027433090153331295190781609      
   5340574.65024098935621271251787480519      
   5340574.65020336596036193411250264218      
   5340574.65016113500528706938489428784      
   5340574.65011396351354315574531655369      
   5340574.65006151059976411733584257031      
   5340574.65000342930364166321446887137      
   5340574.64993936381558987427035983612      
   5340574.64986895197156730087997933180      
   5340574.64979182323621363358400196934      
   5340574.64970759952310913468949072950      
   5340574.64961589502280510399274574450      
   5340574.64951631626663514670993503825      
   5340574.64940846225627937227852275633      
   5340574.64929192465597765772961111277      
   5340574.64916628804995520289493460638      
   5340574.64903113024322320688902365750      
   5340574.64888602261142877287123490132      
   5340574.64873053048341401611134534426      
   5340574.64856421354427229716187098904      
   5340574.64838662589095107000013703949      
   5340574.64819731860655801844563944458      
   5340574.64799583472025882178979802594      
   5340574.64778171644717884909522231585      
   5340574.64755450118481919603017251373      
   5340574.64731372287408232107983877881      
   5340574.64705891222654218841034927610      
   5340574.64678959687288491429569403774      
   5340574.64650530143969481948859188928      
   5340574.64620554755039064373154068232      
   5340574.64588985373027414920595948887      
   5340574.64555773520082755494395617059      
   5340574.64520870357802083301223885156      
   5340574.64484226654109445108085030020      
   5340574.64445792723089123685072065582      
   5340574.64405518373379724722911459223      
   5340574.64363352823427161929477694798      
   5340574.64319244625093258982837781987      
   5340574.64273141573073772360793831857      
   5340574.64224990576717672568508927166      
   5340574.64174737553786854332433206217      
   5340574.64122327294890895758588507693      
   5340574.64067703317072715674130052186      
   5340574.64010807680114863846556441754      
   5340574.63951580896048648778902469078      
   5340574.63889961703926197869767429130      
   5340574.63825886607687871396936320667      
   5340574.63759290219056972225827502138      
   5340574.63690104620815874729852488576      
   5340574.63618259208550251774453356269      
   5340574.63543680491515655834384572685      
   5340574.63466291749453424530978556174      
   5340574.63386012835048566665854352691      
   5340574.63302759835571793214231700274      
   5340574.63216444687849107070473627261      
   5340574.63126975027965086774829076546      
   5340574.63034253714019671290839298566      
   5340574.62938178451877907692333506734      
   5340574.62838641429976143410819824018      
   5340574.62735529131394669895468937778      
   5340574.62628721405057500192457399688      
   5340574.62518091495504755771266258097      
   5340574.62403505418140835505180062206      
   5340574.62284821503203082487302039870      
   5340574.62161889592676575615033078363      
   5340574.62034550984003145497142020064      
   5340574.61902637610611216251011984106      
   5340574.61765971449156369016726258413      
   5340574.61624363871997501387518318955      
   5340574.61477616743614702344952726298      
   5340574.61325511482137966142635286065      
   5340574.61167831863205503496385365670      
   5340574.61004336894415287584044436654      
   5340574.60834774437718289860470243621      
   5340574.60658878297316723653804716596      
   5340574.60476362824521533764455477056      
   5340574.60286928827338221570797909089      
   5340574.60090257828243256939256233037      
   5340574.59886012179640388835426979499      
   5340574.59673828102171308399244766352      
   5340574.59453337359014930928207958564      
   5340574.59224131381241527022479711869      
   5340574.58985785725681693890059925789      
   5340574.58737847965890241309866753820      
   5340574.58479838298697361758200497729      
   5340574.58211248894666459368586769408      
   5340574.57931538170466863797577532993      
   5340574.57640135271508665203098044019      
   5340574.57336433411217249657787035129      
   5340574.57019789406555953343009562627      
   5340574.56689524223132219798875414110      
   5340574.56344902243555855494355367577      
   5340574.55985169988221810082792187679      
   5340574.55609503990998605742848589645      
   5340574.55217040172929048487144719586      
   5340574.54806859934204535047256448022      
   5340574.54377988623245954822698241704      
   5340574.53929391397041505113801594627      
   5340574.53459970755205441611173321155      
   5340574.52968559782849078299522869478      
   5340574.52453921173103967382362842283      
   5340574.51914744367654844099053623234      
   5340574.51349635426838660375844476214      
   5340574.50757117614681221206788389031      
   5340574.50135635815703947055334332343      
   5340574.49483532129930358717231543960      
   5340574.48799064115125909920443397847      
   5340574.48080538279925590063524258252      
   5340574.47325561809988630214033859466      
   5340574.46532428092214860564207023864      
   5340574.45699391481938816379906372773      
   5340574.44823696806461107122916466369      
   5340574.43903283914633401614962185787      
   5340574.42935851114718341542476638356      
   5340574.41919051937279894873288745968      
   5340574.40850583877767202541746312158      
   5340574.39728188971430501376820669717      
   5340574.38549718226396467149826493807      
   5340574.37313186688950615130936890276      
   5340574.36016844073202378565364246426      
   5340574.34659216430407884777837962581      
   5340574.33239143969696638509060188478      
   5340574.31755819159004802521714098004      
   5340574.30208686330419807297598328430      
   5340574.28597453821251351945449690705      
   5340574.26922019203448626367721575195      
   5340574.25182219226042126202644343236      
   5340574.23377893737459885614418778173      
   5340574.21508745791477579373224582620      
   5340574.19574319654743924593519230482      
   5340574.17573998402902043687800954147      
   5340574.15507023144879038667900093501      
   5340574.13372522170013706986291530956      
   5340574.11169535084985348815181932009      
   5340574.08897055928903695695344538408      
   5340574.06554031562000095751525258684      
   5340574.04139416145760686005305484638      
   5340574.01652134576711029653048760966      
   5340573.99091123657215679040519908230      
   5340573.96455317021032275262186439028      
   5340573.93743656233270517619673620880      
   5340573.90955082155677015323173136215      
   5340573.88088576724986952854509177287      
   5340573.85143083218689351917656250959      
   5340573.82117546893290147886637778187      
   5340573.79010941217690656519640063427      
   5340573.75822213791126430026531507875      
   5340573.72550311757045516817975311582      
   5340573.69194185702562331373522209055      
   5340573.65752777807777429001624462732      
   5340573.62225016767951161111995463141      
   5340573.58609831737826986493085774044      
   5340573.54906137344424270168755286438      
   5340573.51112838574396608794019754198      
   5340573.47228833117176936288607148758      
   5340573.43253013290710443834672836665      
   5340573.39184249337795695944813025517      
   5340573.35021405083044210953339825254      
   5340573.30763350287978880333617580624      
   5340573.26408924216871229741621305812      
   5340573.21956965906617337814724903077      
   5340573.17406303550368856439453015039      
   5340573.12755739074219467584745315123      
   5340573.08004094409024381148858806368      
   5340573.03150173004241207794552852490      
   5340572.98192757930034518656150480936      
