   5340574.65046023820967410289455720653      
   5340574.65046023820967456618343346913      
   5340574.65046023820971824688144503768      
   5340574.65046023821040115493744517688      
   5340574.65046023821476761383042521544      
   5340574.65046023822600124689331594864      
   5340574.65046023819817117989214235155      
   5340574.65046023782797835652136107068      
   5340574.65046023605613212770775665252      
   5340574.65046023022990702995370732415      
   5340574.65046021498869203066925398746      
   5340574.65046018098763024333330107443      
   5340574.65046011356207974888369477514      
   5340574.65045999139148482699063266408      
   5340574.65045978517696752640122484013      
   5340574.65045945631887298611913588889      
   5340574.65045895557359883557104251110      
   5340574.65045822168194616127826738774      
   5340574.65045717998826113295978849658      
   5340574.65045574110174901766935458414      
   5340574.65045379892981269144354522096      
   5340574.65045123219848417110605251008      
   5340574.65044790050643914350516430196      
   5340574.65044364584782140288990410739      
   5340574.65043829224349995027764221438      
   5340574.65043164616538260467672416955      
   5340574.65042349729726444955376415744      
   5340574.65041361955963912976645750517      
   5340574.65040177230534975463416821721      
   5340574.65038770160675949654433666162      
   5340574.65037114153493144219464796026      
   5340574.65035181532242619542384471234      
   5340574.65032943645937482234124048752      
   5340574.65030370955281376595508982547      
   5340574.65027433088634710495698978130      
   5340574.65024098922859697714843295667      
   5340574.65020336592119722795717051838      
   5340574.65016113512874395780902297558      
   5340574.65011396329960520218288484128      
   5340574.65006151061256268790716039842      
   5340574.65000342902482293303438811211      
   5340574.64993936416288181189269212452      
   5340574.64986895175706631420526140270      
   5340574.64979182294600633077922933111      
   5340574.64970759914917556908705387572      
   5340574.64961589456804183147975648874      
   5340574.64951631575504240190950513483      
   5340574.64940846174731453949805295596      
   5340574.64929192426480671025639934643      
   5340574.64916628797505469759073935512      
   5340574.64903113080302240423981619470      
   5340574.64888602429184346057117668055      
   5340574.64873053399827053494450007303      
   5340574.64856421991082457309604034208      
   5340574.64838663652279407511697886135      
   5340574.64819733542595722133857126439      
   5340574.64799586029326807216743202145      
   5340574.64778175414272801135383742604      
   5340574.64755455536124362069324927979      
   5340574.64731379909535478740860338418      
   5340574.64705901751046347922916065681      
   5340574.64678973997385202490513209441      
   5340574.64650549316865108616476619023      
   5340574.64620580113321509967309748341      
   5340574.64589018520857744337389317973      
   5340574.64555816387610222404030194722      
   5340574.64520925250213388033170032008      
   5340574.64484296305239921987279924672      
   5340574.64445880354344361151489191037      
   5340574.64405627757465758048798253098      
   5340574.64363488354067117892419803025      
   5340574.64319411391374879090509252293      
   5340574.64273345439615927491146516682      
   5340574.64225238270817776053303060621      
   5340574.64175036757812090145122859823      
   5340574.64122686744933236525305342102      
   5340574.64068132908504884122438385850      
   5340574.64011318579634965292241318192      
   5340574.63952185662300792762875901200      
   5340574.63890674413874743861468938595      
   5340574.63826722985408141046634772455      
   5340574.63760267785788852576384682433      
   5340574.63691242837014055265725013419      
   5340574.63619579640558172496731041062      
   5340574.63545206973627132213640123668      
   5340574.63468050562881715928769932909      
   5340574.63388032893410417398377456149      
   5340574.63305072880185832909289362362      
   5340574.63219085502955463077265897482      
   5340574.63129981649256578653433385012      
   5340574.63037667665787657982566837485      
   5340574.62942044981727815642999788722      
   5340574.62843009776996678871718244091      
   5340574.62740452785483934091378966895      
   5340574.62634258424578042225309375726      
   5340574.62524304762929278429912697474      
   5340574.62410462955479429849007326625      
   5340574.62292596910376183286058194062      
   5340574.62170562192259333231984625401      
   5340574.62044206466220544261393086294      
   5340574.61913368251638383699709890332      
   5340574.61777876512791087028130702055      
   5340574.61637550179486018646755789474      
   5340574.61492198938187971202276949589      
   5340574.61341613061001503129946748237      
   5340574.61185584853481508913560284345      
   5340574.61023882985597346488300191630      
   5340574.60856265438532495805494333842      
   5340574.60682476784539550015365021329      
   5340574.60502242795818812022887985099      
   5340574.60315276355805721986618110928      
   5340574.60121271813340707376429360250      
   5340574.59919905164327996722985440280      
   5340574.59710832953940310386003105113      
   5340574.59493685256964003164688787870      
   5340574.59268087368629874566464287798      
   5340574.59033623354549181265969830075      
   5340574.58789862265930356444359661287      
   5340574.58536342888461531659275984595      
   5340574.58272577044825210075770435801      
   5340574.57998047952433200249716513521      
   5340574.57712204826713998010286764421      
   5340574.57414466529476359740204785731      
   5340574.57104215630265209112398108940      
   5340574.56780797476422587894718654106      
   5340574.56443520608344688824063793408      
   5340574.56091634993899376488062553588      
   5340574.55724374161144427871964109681      
   5340574.55340898547420634232853316208      
   5340574.54940327632050191296508167289      
   5340574.54521725027346552555461874380      
   5340574.54084096710223755003896912579      
   5340574.53626386775247281137798427486      
   5340574.53147475769920811512252090865      
   5340574.52646171804849617775330225408      
   5340574.52121213045664662108081429768      
   5340574.51571258966727810385161588339      
   5340574.50994885111221490835609384282      
   5340574.50390582259876896886503952789      
   5340574.49756764579094652483590915474      
   5340574.49091731413770380302079191159      
   5340574.48393705146566394962386840741      
   5340574.47660847954627396766983732813      
   5340574.46890926244432768297568104538      
   5340574.46082376229170975410284693181      
   5340574.45232625753460433020381470791      
   5340574.44339558949487145257668616528      
   5340574.43400876045834750615797944568      
   5340574.42414220258175446296985959850      
   5340574.41377209852121750520973453429      
   5340574.40287505364879207739653643693      
   5340574.39142824375727134418325219901      
   5340574.37940987957331770494773500877      
   5340574.36680005574626774393592979124      
   5340574.35358121338669729000320046221      
   5340574.33973864389551024768776280415      
   5340574.32526085026064028203178808106      
   5340574.31013999027942180017247021123      
   5340574.29437048725136557840621449553      
   5340574.27794971382055812842990898425      
   5340574.26087613160631910641951063988      
   5340574.24314849979352797885508791414      
   5340574.22476493242377333638408981188      
   5340574.20572230874062069424951668288      
   5340574.18601591968558979015424820458      
   5340574.16563949523317630639421665816      
   5340574.14458538714409514649331287813      
   5340574.12284475594741661324438225110      
   5340574.10040815265012485534400008877      
   5340574.07726543131721074818165982011      
   5340574.05340626568363696542663848786      
   5340574.02882013103179815803412021073      
   5340574.00349642353056348321265147131      
   5340573.97742456491653988921393902491      
   5340573.95059394327997048215848046862      
   5340573.92299415462257529703033632400      
   5340573.89461454519005214229741065660      
   5340573.86544510660774546648876048702      
   5340573.83547506085926277845790583972      
   5340573.80469419591024482475485134062      
   5340573.77309209608554704035234976046      
   5340573.74065819576961251133673859314      
   5340573.70738202596970812591390108770      
   5340573.67325307176921481217938519591      
   5340573.63826071575296956004442664277      
   5340573.60239423458723954855928543322      
   5340573.56564279632769110715379708285      
   5340573.52799557133428445227731697275      
   5340573.48944151406099665503688956081      
   5340573.44996957905751022832131419629      
   5340573.40956858367728073958782628889      
   5340573.36822717672857363918208572676      
   5340573.32593393190238278906747889976      
   5340573.28267748490619298001493969031      
   5340573.23844615628116160603479190610      
   5340573.19322830708275980966805453102      
   5340573.14701198029857116391853287955      
   5340573.09978533883408368739366597416      
   5340573.05153642898148047168570866246      
   5340573.00225319728383469746981648439      
