   5340574.65046023820967410289455720653      
   5340574.65046023820967456618343346913      
   5340574.65046023820971824688144503768      
   5340574.65046023821040115493744517688      
   5340574.65046023821476761383042521544      
   5340574.65046023822600124689331594864      
   5340574.65046023819817117989214235317      
   5340574.65046023782797835652136107068      
   5340574.65046023605613212770775651520      
   5340574.65046023022990702995370276981      
   5340574.65046021498869203066917652248      
   5340574.65046018098763024333251684581      
   5340574.65046011356207974887836581914      
   5340574.65045999139148482696416760845      
   5340574.65045978517696752629906700939      
   5340574.65045945631887298579847264479      
   5340574.65045895557359883472488584054      
   5340574.65045822168194615935533408850      
   5340574.65045717998826112913347773622      
   5340574.65045574110174901093952047375      
   5340574.65045379892981268095705628609      
   5340574.65045123219848415664133069016      
   5340574.65044790050643912528652701560      
   5340574.65044364584782137637491785333      
   5340574.65043829224349987828430454881      
   5340574.65043164616538230596002877332      
   5340574.65042349729726321990355827773      
   5340574.65041361955963460194471869327      
   5340574.65040177230949994544411356175      
   5340574.65038770162158735746809325237      
   5340574.65037114156306295247199725186      
   5340574.65035181532189187411944403754      
   5340574.65032943639317660901809968984      
   5340574.65030370950598261677333451771      
   5340574.65027433088123015520721161092      
   5340574.65024098930683177147788942390      
   5340574.65020336614771482539825517399      
   5340574.65016113496072159975054305330      
   5340574.65011396304872067956757028729      
   5340574.65006151022126373000679678814      
   5340574.65000342907913828248091754264      
   5340574.64993936346015804324750710864      
   5340574.64986895204086454964391440240      
   5340574.64979182254107250947151379663      
   5340574.64970759936095296438972865149      
   5340574.64961589390590456380347844849      
   5340574.64951631499517509816423091241      
   5340574.64940846097682019323382089031      
   5340574.64929192366164478899429203922      
   5340574.64916628785740278020005028841      
   5340574.64903113169631038601703679092      
   5340574.64888602701785672608171584400      
   5340574.64873053979099370092008927237      
   5340574.64856423056430263101754955922      
   5340574.64838665457671307054541729324      
   5340574.64819736439439537383703069070      
   5340574.64799590494461248564932964563      
   5340574.64778182083522699601063808152      
   5340574.64755465244277888898889070504      
   5340574.64731393737413840178852234277      
   5340574.64705921080346253893263913867      
   5340574.64679000574057525439865481238      
   5340574.64650585323793883891386885286      
   5340574.64620628252835645947851895313      
   5340574.64589082108109885441610725817      
   5340574.64555899455303319547065149423      
   5340574.64521032665546240099064970637      
   5340574.64484433899197362350445603418      
   5340574.64446055065104890821755116823      
   5340574.64405847787211695965355585527      
   5340574.64363763341777441122900466859      
   5340574.64319752599313116083840242424      
   5340574.64273765955763077583794145058      
   5340574.64225753230452886102920541522      
   5340574.64175663580158076789567374245      
   5340574.64123445388355201514996807133      
   5340574.64069046144665864072992113938      
   5340574.64012412286156737781999918771      
   5340574.63953489139899569867114903958      
   5340574.63892220720048881107393146157      
   5340574.63828549279939004984818691541      
   5340574.63762415726394832863230263453      
   5340574.63693758964685458793888520592      
   5340574.63622515825214108474179524251      
   5340574.63548620851959316278418406478      
   5340574.63472006025612295475983873510      
   5340574.63392600588516652460423131088      
   5340574.63310330747269484618579540768      
   5340574.63225119356841471884320199292      
   5340574.63136885758380601800449374874      
   5340574.63045545395490106178182340263      
   5340574.62951009466409198432736494452      
   5340574.62853184680134765272500031828      
   5340574.62751972789346565137427022361      
   5340574.62647270478375263730109985567      
   5340574.62538968494410710771507365773      
   5340574.62426951803302712444324450936      
   5340574.62311098829361496518022832766      
   5340574.62191281231017700434430916791      
   5340574.62067362951788845048020142889      
   5340574.61939200406032764678398213326      
   5340574.61806641566826089735901782690      
   5340574.61669525556240332590395503207      
   5340574.61527681899063083746248282850      
   5340574.61380931831525808941206310563      
   5340574.61229078181059096742459377676      
   5340574.61071925755025047251845148039      
   5340574.60909257436863608673749135865      
   5340574.60740845796331547939820263712      
   5340574.60566451114918837927888622145      
   5340574.60385816348782650013612924840      
   5340574.60198671945112552478114480401      
   5340574.60004731419847278079536514829      
   5340574.59803691020388883354841129022      
   5340574.59595228920305447414776811008      
   5340574.59379004122256432123529776711      
   5340574.59154655178546501904419973552      
   5340574.58921798911580507426586087014      
   5340574.58680021393620549841991572610      
   5340574.58428906657761057850754608662      
   5340574.58167990800878086959512756023      
   5340574.57896789580671276510500989864      
   5340574.57614789396223479167029210325      
   5340574.57321444349474438743337142799      
   5340574.57016177261264776489151807993      
   5340574.56698374914415074188490290709      
   5340574.56367389966645653338107572694      
   5340574.56022520800874474992316306239      
   5340574.55663048761739297368664772605      
   5340574.55288185990622629458910594901      
   5340574.54897107727001355987645477670      
   5340574.54488935345952956241425738591      
   5340574.54062735228265751697473402649      
   5340574.53617515339704966476795037902      
   5340574.53152222161723396971194994813      
   5340574.52665734608278175326242847935      
   5340574.52156859494961266441959982800      
   5340574.51624331390729076447199236604      
   5340574.51066804760860958379836283750      
   5340574.50482845699766735275085438032      
   5340574.49870934153469237591839263432      
   5340574.49229471106484104016565452822      
   5340574.48556736367543942736493299421      
   5340574.47850976508098756775134209592      
   5340574.47110035915779923486115496929      
   5340574.46332309033744513763458169972      
   5340574.45515372364323264253937232792      
   5340574.44657074211832540756931942226      
   5340574.43755133549578084214014300449      
   5340574.42807140868441628218998472083      
   5340574.41810641690822949009195814096      
   5340574.40763124575622762758066166637      
   5340574.39662088858472132053153560587      
   5340574.38505071492749835442007589692      
   5340574.37289691051661843147973991345      
   5340574.36013708907156408564915747578      
   5340574.34675106694850052587461401597      
   5340574.33272126408776630297943807844      
   5340574.31803342263415459996590981267      
   5340574.30267691857401988897943171242      
   5340574.28664384437348949499923693109      
   5340574.26992988999837708585440880453      
   5340574.25253273789762210321104184937      
   5340574.23445100548041261699033646844      
   5340574.21568337453083201466121996193      
   5340574.19622766747724909833406137799      
   5340574.17608035454871175460757970684      
   5340574.15523628747332602226990475955      
   5340574.13368887264486750199824603194      
   5340574.11143022555651666982720034084      
   5340574.08845152596741511763221924355      
   5340574.06474322812256760108077294984      
   5340574.04029541493821707007936271038      
   5340574.01509787640829013049464928671      
   5340573.98914027568896128861682886474      
   5340573.96241228465755797748853817031      
   5340573.93490362147415894777404794514      
   5340573.90660392497631777671780787587      
   5340573.87750266541632651771018734147      
   5340573.84758990162405442082488483744      
   5340573.81685513291650341436222101140      
   5340573.78528817366795246608054615030      
   5340573.75287844391202187757407797361      
   5340573.71961567684488187903978238306      
   5340573.68548937315916281761401360716      
   5340573.65048889621613671925809495512      
   5340573.61460367846769943459615285837      
   5340573.57782293814888780900885142580      
   5340573.54013580381849106397007281258      
   5340573.50153131153937375384069196912      
   5340573.46199850855866492093807091515      
   5340573.42152614655510038767709622392      
   5340573.38010294860379800253020888429      
   5340573.33771750702543307360409156622      
   5340573.29435826145979926002223323740      
   5340573.25001373485563528320762169491      
   5340573.20467216746921464510288872583      
   5340573.15832177582600127160612402807      
   5340573.11095056708683115973793416283      
   5340573.06254643592247558430890453357      
