   5340574.65046023820967410289455720653      
   5340574.65046023820967456618343346913      
   5340574.65046023820971824688144503768      
   5340574.65046023821040115493744517688      
   5340574.65046023821476761383042521544      
   5340574.65046023822600124689331594864      
   5340574.65046023819817117989214235317      
   5340574.65046023782797835652136106502      
   5340574.65046023605613212770775652893      
   5340574.65046023022990702995370325933      
   5340574.65046021498869203066918599709      
   5340574.65046018098763024333262418865      
   5340574.65046011356207974887916591201      
   5340574.65045999139148482696845908690      
   5340574.65045978517696752631674174427      
   5340574.65045945631887298585709426110      
   5340574.65045895557359883488705641636      
   5340574.65045822168194615973921841966      
   5340574.65045717998826112992488214832      
   5340574.65045574110174901237475707861      
   5340574.65045379892981268324929343728      
   5340574.65045123219848415983013439125      
   5340574.65044790050643912904850129401      
   5340574.65044364584782138013132823706      
   5340574.65043829224349988316312784019      
   5340574.65043164616538232452144902374      
   5340574.65042349729726331301489541854      
   5340574.65041361955963499896155611838      
   5340574.65040177230950139328851125540      
   5340574.65038770162159204020429932288      
   5340574.65037114153472574111485069798      
   5340574.65035181529786030528178907234      
   5340574.65032943644921586615598824342      
   5340574.65030370950629686515029874458      
   5340574.65027433091138388271915959708      
   5340574.65024098939268339171403281276      
   5340574.65020336592960642849286522018      
   5340574.65016113484580802528556079132      
   5340574.65011396313352361878922696390      
   5340574.65006151064694406570841923383      
   5340574.65000342891090341161441473595      
   5340574.64993936382131537513535549201      
   5340574.64986895151268278654380703262      
   5340574.64979182330380618873610172304      
   5340574.64970759870813924600189105640      
   5340574.64961589402263998312563410820      
   5340574.64951631513171795403519768163      
   5340574.64940846111768760696393684930      
   5340574.64929192377376406678301463557      
   5340574.64916628787963547529321588750      
   5340574.64903113152513274384540866376      
   5340574.64888602648793728551639695187      
   5340574.64873053864949726890347865167      
   5340574.64856422843756052911396456877      
   5340574.64838665092776036185170067786      
   5340574.64819735846987574644344314467      
   5340574.64799589570898431283453405182      
   5340574.64778180689086943407792402566      
   5340574.64755463193371693716633755934      
   5340574.64731390787144124549602759757      
   5340574.64705916917032003307912334430      
   5340574.64678994797484428507163563255      
   5340574.64650577428992844318392002815      
   5340574.64620617609209292359190181796      
   5340574.64589067935620961466766626950      
   5340574.64555880797557600761097414297      
   5340574.64521008359515420950253440982      
   5340574.64484402541497519635665956904      
   5340574.64446014974368784323299462608      
   5340574.64405796962660306706073583495      
   5340574.64363699417348276156267321042      
   5340574.64319672793796751579490963734      
   5340574.64273667018428074327182647025      
   5340574.64225631381284792732677191889      
   5340574.64175514445711668718577192922      
   5340574.64123263932215780680243988020      
   5340574.64068826592507179119184050790      
   5340574.64012148045449827662517196271      
   5340574.63953172712615423609050530650      
   5340574.63891843610487341883626853428      
   5340574.63828101898522047342579542211      
   5340574.63761887280378090594955410567      
   5340574.63693137350136002318426222441      
   5340574.63621787502945484139579330798      
   5340574.63547770725036229673691878525      
   5340574.63471017302146154290202238723      
   5340574.63391454640531840344303472710      
   5340574.63309006959957214004325161410      
   5340574.63223594964629930701771071730      
   5340574.63135135680652667000706338424      
   5340574.63043542057081719548017912849      
   5340574.62948722598418347106445301167      
   5340574.62850581146767268163521003698      
   5340574.62749016325648423821676611489      
   5340574.62643921514101862876107261112      
   5340574.62535183911586011612142190212      
   5340574.62422684644216384451935176562      
   5340574.62306298062555134002365026035      
   5340574.62185891475547873868762581027      
   5340574.62061324148209503868822824351      
   5340574.61932447550113905169892039470      
   5340574.61799104326059426054193182317      
   5340574.61661127953650551943264756431      
   5340574.61518341922962806240393046468      
   5340574.61370561106387343843476579832      
   5340574.61217581208522540025022913806      
   5340574.61059200071995736781940999590      
   5340574.60895192633977329714384745184      
   5340574.60725323403029528689100005425      
   5340574.60549343680952163066623441745      
   5340574.60366987080827899933674315025      
   5340574.60177974134047601762926206545      
   5340574.59982007744047456278801842996      
   5340574.59778772906088719850808507422      
   5340574.59567935816146813236741221316      
   5340574.59349142790712447324059982093      
   5340574.59122018966107428473115911735      
   5340574.58886159725850712117823038459      
   5340574.58641155368699304879535866708      
   5340574.58386555194164784675905843867      
   5340574.58121883777696926580603948585      
   5340574.57846638405352828978331908879      
   5340574.57560285962640204411433648728      
   5340574.57262260014489105758997244558      
   5340574.56951961202416033841177339106      
   5340574.56628753183120580154124892796      
   5340574.56291963448338100061030333156      
   5340574.55940863532134238908305206196      
   5340574.55574707728108842335223730745      
   5340574.55192678077092891436501064630      
   5340574.54793918267234669875654923903      
   5340574.54377516403098207954180106720      
   5340574.53942503422878536987627085721      
   5340574.53487850041168849535450457207      
   5340574.53012464200171409744497457444      
   5340574.52515182089385150206416053159      
   5340574.51994767641758055112301827070      
   5340574.51449910604492090035597575229      
   5340574.50879215715282720334143350085      
   5340574.50281198320363181829375882694      
   5340574.49654302690333809850655783998      
   5340574.48996853831437662779085017786      
   5340574.48307239667715864150873101904      
   5340574.47583174729141769743693622153      
   5340574.46822960689744442938871741662      
   5340574.46024833088738222321134327221      
   5340574.45186191119442003246268917198      
   5340574.44304945788241214188773231944      
   5340574.43378748036293360071672770164      
   5340574.42405199672665908843297373044      
   5340574.41381836737100415124540558157      
   5340574.40306194133763746117059921558      
   5340574.39175843918124019447480977874      
   5340574.37988420671463259101801849855      
   5340574.36741690341126247353293880371      
   5340574.35433610909919927226508744288      
   5340574.34062393251347540653839833497      
   5340574.32626561920445125686450125200      
   5340574.31124983622153690613815386139      
   5340574.29556821095577308359682411743      
   5340574.27921584989406484833516894128      
   5340574.26219006565956259523828932843      
   5340574.24448931000698063983344213972      
   5340574.22611230729577735708356414826      
   5340574.20705707843657215918117059918      
   5340574.18732037136949910664660994712      
   5340574.16689734823631655947750614825      
   5340574.14578164647828826934438082092      
   5340574.12396559293391377571018678817      
   5340574.10144043683740113793349250476      
   5340574.07819676752366331212234430167      
   5340574.05422457734998592247983114109      
   5340574.02951371829101799327438138729      
   5340574.00405373460411569742838734919      
   5340573.97783425343179862130684890048      
   5340573.95084485868889579582123122469      
   5340573.92307517801974456995893775360      
   5340573.89451483035148772293754890226      
   5340573.86515330757172875666557012254      
   5340573.83498052814135966400121738363      
   5340573.80398611518362342439174586219      
   5340573.77215967602251062752811315722      
   5340573.73949071707669619900545981659      
   5340573.70596880650807014792448416127      
   5340573.67158350188402381330037675513      
   5340573.63632408081548235086640209873      
   5340573.60017993075039035111264727459      
   5340573.56314023301954428771244289628      
   5340573.52519401723150913053218402180      
   5340573.48633042767609825741241590107      
   5340573.44653829462461520402423333227      
   5340573.40580642131651349044824088585      
   5340573.36412348112990587738184841334      
   5340573.32147794732837013502150572979      
   5340573.27785838816690255756125029958      
   5340573.23325322925834892983333920494      
   5340573.18765067583635815731414356460      
   5340573.14103884861943717370942187639      
   5340573.09340571182322807865125423671      
   5340573.04473938056872574345530514719      
