   5340574.65046023820967410289455720653      
   5340574.65046023820967456618343346913      
   5340574.65046023820971824688144503768      
   5340574.65046023821040115493744517688      
   5340574.65046023821476761383042521544      
   5340574.65046023822600124689331594783      
   5340574.65046023819817117989214235317      
   5340574.65046023782797835652136106987      
   5340574.65046023605613212770775660244      
   5340574.65046023022990702995370577480      
   5340574.65046021498869203066922923828      
   5340574.65046018098763024333306419946      
   5340574.65046011356207974888216349258      
   5340574.65045999139148482698335871808      
   5340574.65045978517696752637424167944      
   5340574.65045945631887298603740671156      
   5340574.65045895557359883536218548185      
   5340574.65045822168194616081715039993      
   5340574.65045717998826113206583474205      
   5340574.65045574110174901613300575169      
   5340574.65045379892981268909270207780      
   5340574.65045123219848416786458066923      
   5340574.65044790050643913909241902622      
   5340574.65044364584782139449520676890      
   5340574.65043829224349992175524337155      
   5340574.65043164616538248577285592325      
   5340574.65042349729726398247646658996      
   5340574.65041361955963748046001842866      
   5340574.65040177230950962934475658506      
   5340574.65038770161024281983392393641      
   5340574.65037114153484947358712140882      
   5340574.65035181532691508289192968965      
   5340574.65032943647354956699851094153      
   5340574.65030370950771517317565765606      
   5340574.65027433086403938516871774303      
   5340574.65024098925502744091153523402      
   5340574.65020336603700138732514377218      
   5340574.65016113498303086415142677009      
   5340574.65011396331889138966313411813      
   5340574.65006151050703391959361105608      
   5340574.65000342936709091044805109286      
   5340574.64993936360748203697586251985      
   5340574.64986895198917652884200962903      
   5340574.64979182283799377468959005089      
   5340574.64970760021501204782366518562      
   5340574.64961589439568156923315307553      
   5340574.64951631555901089850283998562      
   5340574.64940846155094404972217012773      
   5340574.64929192411278069698910338288      
   5340574.64916628794573100176462634204      
   5340574.64903113102353715552012096531      
   5340574.64888602495806626674705648456      
   5340574.64873053540038828646925217747      
   5340574.64856422246557083554945287390      
   5340574.64838664081340119733103236526      
   5340574.64819734225081045583672508555      
   5340574.64799587072480556441467613280      
   5340574.64778176959725884990410065399      
   5340574.64755457768129754923139190150      
   5340574.64731383064569914473107617250      
   5340574.64705906128892656067755098887      
   5340574.64678979973825531379909513734      
   5340574.64650557358114360167517896686      
   5340574.64620590792275691048750525917      
   5340574.64589032535344499982068135332      
   5340574.64555834580703161617760631986      
   5340574.64520948632757960731611889015      
   5340574.64484326080578190115969112846      
   5340574.64445917945580026252808037867      
   5340574.64405674837073688522044324800      
   5340574.64363546876367493573337112025      
   5340574.64319483627323336830515910669      
   5340574.64273434014400875588994692090      
   5340574.64225346204839945112318029298      
   5340574.64175167510234146873477919130      
   5340574.64122844260375678190374497879      
   5340574.64068321667049860290276001241      
   5340574.64011543650033795817165331324      
   5340574.63952452759387497234888377503      
   5340574.63890989958794495410715910306      
   5340574.63827094167400967627446805909      
   5340574.63760702633631973143957304633      
   5340574.63691750287439026236632697427      
   5340574.63620169618027553058396356409      
   5340574.63545890468298589835088275033      
   5340574.63468839716750765032877555249      
   5340574.63388941089675669004958236544      
   5340574.63306114837535886924378234548      
   5340574.63220277379088447979128633310      
   5340574.63131341142130269706804208934      
   5340574.63039214128036690588679102311      
   5340574.62943799534512436836757685488      
   5340574.62844995439321531328541598903      
   5340574.62742694600188155435862854789      
   5340574.62636783611867330118688753002      
   5340574.62527142836160488938403321065      
   5340574.62413645902537204589476399527      
   5340574.62296159344398405709310075789      
   5340574.62174541555479904574835101123      
   5340574.62048643158450316751851689369      
   5340574.61918305850965768992330469231      
   5340574.61783361984050989949636053381      
   5340574.61643634082482323189017032552      
   5340574.61498935604522964901719287298      
   5340574.61349061072978698651410122257      
   5340574.61193806905375671237184449547      
   5340574.61032946426813246862019740820      
   5340574.60866242486674314426318565625      
   5340574.60693444851231510294905219114      
   5340574.60514284804698052665280804345      
   5340574.60328481061845020589413453618      
   5340574.60135734165623949127172462673      
   5340574.59935726709912493948706565903      
   5340574.59728122212816096848700339544      
   5340574.59512564059547594761646853651      
   5340574.59288668078073185377869846156      
   5340574.59056043891820229818976353037      
   5340574.58814263352290767808523808283      
   5340574.58562875069772913167425025034      
   5340574.58301400864590503028492729475      
   5340574.58029334472652172957747825578      
   5340574.57746136401629440814417558598      
   5340574.57451237425996576163507643364      
   5340574.57144032686159356301583899934      
   5340574.56823880860280828696104439358      
   5340574.56490104664540563766722806845      
   5340574.56141969673587207179367781508      
   5340574.55778724727112838231384316273      
   5340574.55399547356473581546729260606      
   5340574.55003574818469081392610659042      
   5340574.54589889661626016001996332625      
   5340574.54157517764475745207992595054      
   5340574.53705423848938469651375310900      
   5340574.53232511135697971945046050424      
   5340574.52737610953517839867593982369      
   5340574.52219485120302455885173821444      
   5340574.51676818284653748757724579296      
   5340574.51108214550564610905959129929      
   5340574.50512187910507331404649908191      
   5340574.49887181952192411687992439827      
   5340574.49231524786151311118618398373      
   5340574.48543466225718794454283233496      
   5340574.47821223137124398122217633069      
   5340574.47062552546426931688535818556      
   5340574.46265868539712383294038714928      
   5340574.45428691333214384128487318047      
   5340574.44548913046845096572238034326      
   5340574.43624223508914963987985590653      
   5340574.42652274809386542907390478808      
   5340574.41630659548495774780893245544      
   5340574.40556997956784332823186205406      
   5340574.39428957795398861695550513597      
   5340574.38244284697681660834054417853      
   5340574.37000881138588422717019350330      
   5340574.35696859930104509781500381996      
   5340574.34330606374483255990710691668      
   5340574.32900810477182639099143477026      
   5340574.31406533413854994449629835911      
   5340574.29847077854655156406188027395      
   5340574.28222102668426480614889765959      
   5340574.26531357013569753684021514946      
   5340574.24774759088953720382996666015      
   5340574.22952143143853990345522485622      
   5340574.21063258875123715287484087229      
   5340574.19107708687374369952813161346      
   5340574.17084935017208213183109130674      
   5340574.14994234744814557612078106628      
   5340574.12834774920813550593202563495      
   5340574.10605641573294206019603281572      
   5340574.08305849295666921641587033915      
   5340574.05934375283136358417317641007      
   5340574.03490182434027666296670711122      
   5340574.00972211708806562537440809338      
   5340573.98379407653483001492367290994      
   5340573.95710719124137198952464588706      
   5340573.92965098482131549779794485012      
   5340573.90141484296535391583966221550      
   5340573.87238871375701694066475973136      
   5340573.84256197388680963268678543492      
   5340573.81192427131311571108579203745      
   5340573.78046528224329177199478001954      
   5340573.74817447431829663553796779514      
   5340573.71504134523407057797680278169      
   5340573.68105542854012356752942072957      
   5340573.64620612663089611719745204077      
   5340573.61048274983043694567760054104      
   5340573.57387450301292789609566604564      
   5340573.53637050394143282230603321579      
   5340573.49795980419874577472167077457      
   5340573.45863134957908773665809015872      
   5340573.41837399022708534679847656838      
   5340573.37717639943280359285884423327      
   5340573.33502714478286996781617209936      
   5340573.29191482585724808741294660286      
   5340573.24782791989292550797525524959      
   5340573.20275468586393346057913846400      
   5340573.15668328960198241556996298843      
   5340573.10960176779139233909161578141      
   5340573.06149822430876052802317148392      
   5340573.01236068637992141299360467209      
