   5340574.65046023820967410289455720653      
   5340574.65046023820967456618343346913      
   5340574.65046023820971824688144503768      
   5340574.65046023821040115493744517688      
   5340574.65046023821476761383042521544      
   5340574.65046023822600124689331595268      
   5340574.65046023819817117989214235074      
   5340574.65046023782797835652136107957      
   5340574.65046023605613212770775722040      
   5340574.65046023022990702995372318760      
   5340574.65046021498869203066948347515      
   5340574.65046018098763024333532652713      
   5340574.65046011356207974889592899451      
   5340574.65045999139148482704549366206      
   5340574.65045978517696752659490843416      
   5340574.65045945631887298668113332166      
   5340574.65045895557359883695429178300      
   5340574.65045822168194616423293705422      
   5340574.65045717998826113852390343867      
   5340574.65045574110174902700330970338      
   5340574.65045379892981270556030433240      
   5340574.65045123219848419136396602298      
   5340574.65044790050643917762987891123      
   5340574.65044364584782149699587123182      
   5340574.65043829224350032080447346122      
   5340574.65043164616538410128467583698      
   5340574.65042349729726998469286497651      
   5340574.65041361955833438963646477383      
   5340574.65040177230436351807886503944      
   5340574.65038770161058977825303734785      
   5340574.65037114153566686517972952832      
   5340574.65035181532880928710552591091      
   5340574.65032943647761549715839500336      
   5340574.65030370951568063599293271152      
   5340574.65027433088074206561993681816      
   5340574.65024098928848851231094204588      
   5340574.65020336609948524389940352988      
   5340574.65016113506735161108613791490      
   5340574.65011396342175903364574691210      
   5340574.65006151072302136626550472370      
   5340574.65000342931397518067200801632      
   5340574.64993936408410852854544411234      
   5340574.64986895234587893596502216292      
   5340574.64979182373623515006761919175      
   5340574.64970760016036334899446958651      
   5340574.64961589578961230724468000441      
   5340574.64951631712053213056192473224      
   5340574.64940846309754452237481275944      
   5340574.64929192529650870223961494053      
   5340574.64916628817144171136633335788      
   5340574.64903112934232836147409848247      
   5340574.64888601992951994603899281666      
   5340574.64873052491823033791779363214      
   5340574.64856420354067459649014220331      
   5340574.64838660930782458257302146307      
   5340574.64819729255744564248067114835      
   5340574.64799579538327080280131917892      
   5340574.64778165884318142332604739433      
   5340574.64755441891940628006706536169      
   5340574.64731360784075423774930034065      
   5340574.64705875426853426105300399827      
   5340574.64678938340060104341612034088      
   5340574.64650501700067689998606671480      
   5340574.64620517335085496097940513827      
   5340574.64588936710314704233929698093      
   5340574.64555710901973726485192417244      
   5340574.64520790561370518658747797578      
   5340574.64484125876193058259948247314      
   5340574.64445666503758766955727637848      
   5340574.64405361513619405845739760289      
   5340574.64363159292850028075209440652      
   5340574.64319007476949062619848760090      
   5340574.64272852826869896530413431877      
   5340574.64224641117499973755468607626      
   5340574.64174317012598340745224943630      
   5340574.64121823924545952591167879211      
   5340574.64067103859307012095077682512      
   5340574.64010097225036152272848230260      
   5340574.63950742731410000082315580099      
   5340574.63888977156056224025407925529      
   5340574.63824734887407136306731167828      
   5340574.63757948226334302366625299412      
   5340574.63688546775244138433755715659      
   5340574.63616457241214742036302293292      
   5340574.63541603245171653653529101577      
   5340574.63463904958222755684075011514      
   5340574.63383278896260652243619476416      
   5340574.63299637570297007545832125408      
   5340574.63212889075279736747416031403      
   5340574.63122936952064341473369071926      
   5340574.63029679672883533543278498727      
   5340574.62933010291192661423611957149      
   5340574.62832815929354030621918588768      
   5340574.62728977804426758900566262597      
   5340574.62621370069787507617455318193      
   5340574.62509859940306848474336457040      
   5340574.62394307158906459735047338972      
   5340574.62274562727536548096133216491      
   5340574.62150469671780827289403707804      
   5340574.62021861411858272383239609447      
   5340574.61888561683998909674241018908      
   5340574.61750383747035979473402407757      
   5340574.61607131344330575452119239814      
   5340574.61458588256705000126623898585      
   5340574.61304540221252256378908911433      
   5340574.61144748659565083238672654915      
   5340574.60978963979106828951075654893      
   5340574.60806922857902785226980921697      
   5340574.60628342166805646678040410682      
   5340574.60442925908314069778901894888      
   5340574.60250358903790480089652052896      
   5340574.60050301592910333556601148863      
   5340574.59842409443183561915209223567      
   5340574.59626302410634402202156770616      
   5340574.59401581467714544554249311973      
   5340574.59167825910323387703692570389      
   5340574.58924588324878602975699294523      
   5340574.58671393825124773263316939842      
   5340574.58407740245563827754660325699      
   5340574.58133091327334884668072312584      
   5340574.57846882522295610942311065748      
   5340574.57548513446842479388046902894      
   5340574.57237347830728400173130073457      
   5340574.56912714122809892695852481875      
   5340574.56573884571309961281321304728      
   5340574.56220115404093989892533509619      
   5340574.55850592368663772072277280942      
   5340574.55464462200301669739607624382      
   5340574.55060817444577654921233109148      
   5340574.54638695260620960966146430274      
   5340574.54197074580354563149712611344      
   5340574.53734873279259689674785162357      
   5340574.53250940400962936678627566550      
   5340574.52744055453538866459471602316      
   5340574.52212925342572603292247428493      
   5340574.51656183871437382702725741963      
   5340574.51072370696415018588370340776      
   5340574.50459953739806318818883109232      
   5340574.49817306895988783366939239532      
   5340574.49142714543638618623445561955      
   5340574.48434369966727914706536519663      
   5340574.47690436873846511052155974572      
   5340574.46908623460549304101333992185      
   5340574.46087380694986217833769980538      
   5340574.45224164948100690920913109290      
   5340574.44316867225112569790258163868      
   5340574.43363234549630903216604067708      
   5340574.42360957467118390721781061526      
   5340574.41307789647355952093816981150      
   5340574.40201512729141638259771337885      
   5340574.39040024870840074863368438040      
   5340574.37821393300424598214525798081      
   5340574.36543910345843220883357916685      
   5340574.35206154698749235638308916958      
   5340574.33807014132358531641059557430      
   5340574.32345720486564792559756464302      
   5340574.30821763837532032359918911249      
   5340574.29234894845760873823295168941      
   5340574.27584991517435080865665493717      
   5340574.25871945822666185057886061706      
   5340574.24095586204015684684453724303      
   5340574.22255606853224321144687963523      
   5340574.20351543409821863197665878156      
   5340574.18382763973027480864836370810      
   5340574.16348494721862489535143407552      
   5340574.14247855088965027840909524074      
   5340574.12079864139823982250721788443      
   5340574.09843508145103354592753704354      
   5340574.07537719909766949725649745825      
   5340574.05161444141502948968036250901      
   5340574.02713594537259068274531902513      
   5340574.00193102487754758854442384870      
   5340573.97598898971913780805660040719      
   5340573.94929906013089622945807189163      
   5340573.92185063456817449124879888917      
   5340573.89363343338438558418781698225      
   5340573.86463697209572602586419026789      
   5340573.83485060139425936531806188003      
   5340573.80426399792944018071902008376      
   5340573.77286665338337277721462282618      
   5340573.74064807640248025474998477666      
   5340573.70759776557919430073381941149      
   5340573.67370510851602094937497256132      
   5340573.63895956693602781382745587101      
   5340573.60335029013857653412166351645      
   5340573.56686652642798436289294694956      
   5340573.52949739725011777841147050617      
   5340573.49123194534093815132638135093      
   5340573.45205905531642255856273161807      
   5340573.41196761619030259849957177698      
   5340573.37094622678511576672519053733      
   5340573.32898369361884593712013143043      
   5340573.28606848374619866814275865034      
   5340573.24218900810648238005472799174      
   5340573.19733366625673920508586554875      
   5340573.15149049694316624094458237183      
   5340573.10464782411523074454842986615      
   5340573.05679371698172034429431292225      
   5340573.00791610052393155801675585329      
   5340572.95800284135970809051430024976      
