 0.17184577227701E+01
 0.17184982704763E+01
 0.17185186393002E+01
 0.17185792565418E+01
 0.17186612523549E+01
 0.17186620244549E+01
 0.17186651504446E+01
 0.17186667224443E+01
 0.17186714478862E+01
 0.17186776559280E+01
 0.17186786932109E+01
 0.17186800235438E+01
 0.17186839985455E+01
 0.17186893704833E+01
 0.17186922317931E+01
 0.17186936837732E+01
 0.17186980484343E+01
 0.17187037825096E+01
 0.17187066817436E+01
 0.17187081081173E+01
 0.17187123872395E+01
 0.17187181113287E+01
 0.17187210008392E+01
 0.17187224492427E+01
 0.17187267944548E+01
 0.17187326069694E+01
 0.17187366736110E+01
 0.17187387152472E+01
 0.17187447789360E+01
 0.17187530739959E+01
 0.17187567634281E+01
 0.17187586671933E+01
 0.17187643556074E+01
 0.17187720430801E+01
 0.17187759027986E+01
 0.17187778684276E+01
 0.17187837299239E+01
 0.17187916926656E+01
 0.17187954212769E+01
 0.17187973330001E+01
 0.17188030796440E+01
 0.17188106789642E+01
 0.17188154916560E+01
 0.17188178880633E+01
 0.17188249767318E+01
 0.17188347729221E+01
 0.17188391438329E+01
 0.17188414077320E+01
 0.17188482267269E+01
 0.17188573117649E+01
 0.17188620830817E+01
 0.17188644730754E+01
 0.17188716287218E+01
 0.17188811889235E+01
 0.17188874485889E+01
 0.17188905855566E+01
 0.17188999964630E+01
 0.17189125445741E+01
 0.17189186045113E+01
 0.17189216322630E+01
 0.17189307701819E+01
 0.17189427267691E+01
 0.17189485114520E+01
 0.17189513353264E+01
 0.17189599260044E+01
 0.17189708990866E+01
 0.17189731594584E+01
 0.17189802105149E+01
 0.17189893602288E+01
 0.17189942176130E+01
 0.17189965817237E+01
 0.17190036315888E+01
 0.17190131471514E+01
 0.17190177899597E+01
 0.17190201424155E+01
 0.17190272422294E+01
 0.17190365321059E+01
 0.17190411054053E+01
 0.17190433336073E+01
 0.17190500182156E+01
 0.17190589022620E+01
 0.17190643186291E+01
 0.17190670147732E+01
 0.17190750708606E+01
 0.17190859229060E+01
 0.17190932859038E+01
 0.17190970015840E+01
 0.17191080374470E+01
 0.17191231337064E+01
 0.17191303311373E+01
 0.17191340454775E+01
 0.17191451662778E+01
 0.17191598800772E+01
 0.17191667372465E+01
 0.17191700937657E+01
 0.17191802645250E+01
 0.17191936937516E+01
 0.17192007521101E+01
 0.17192042607999E+01
 0.17192147448110E+01
 0.17192288673698E+01
 0.17192365432507E+01
 0.17192403937288E+01
 0.17192521540413E+01
 0.17192672160818E+01
 0.17192756559824E+01
 0.17192797120536E+01
 0.17192920509326E+01
 0.17193079185002E+01
 0.17193162849140E+01
 0.17193203087565E+01
 0.17193325010699E+01
 0.17193482391226E+01
 0.17193559942647E+01
 0.17193596983335E+01
 0.17193709667116E+01
 0.17193856454741E+01
 0.17193937253229E+01
 0.17193976692061E+01
 0.17194096431726E+01
 0.17194251701922E+01
 0.17194344872005E+01
 0.17194390210928E+01
 0.17194527043716E+01
 0.17194706683577E+01
 0.17194790973275E+01
 0.17194832426808E+01
 0.17194955797677E+01
 0.17195123183043E+01
 0.17195213113634E+01
 0.17195258762937E+01
 0.17195396804347E+01
 0.17195575360270E+01
 0.17195648827605E+01
 0.17195707905906E+01
 0.17195884434219E+01
 0.17196122989276E+01
 0.17196240543494E+01
 0.17196300339055E+01
 0.17196477228921E+01
 0.17196720874123E+01
 0.17196834105498E+01
 0.17196892385232E+01
 0.17197067573606E+01
 0.17197301452875E+01
 0.17197447102423E+01
 0.17197519665022E+01
 0.17197739093043E+01
 0.17198026601316E+01
 0.17198195354570E+01
 0.17198278432191E+01
 0.17198529651491E+01
 0.17198855701132E+01
 0.17198936547037E+01
 0.17199165247758E+01
 0.17199479675070E+01
 0.17199620260164E+01
 0.17199693078455E+01
 0.17199909795544E+01
 0.17200207512544E+01
 0.17200333500829E+01
 0.17200399018164E+01
 0.17200595179039E+01
 0.17200859729343E+01
 0.17200994322872E+01
 0.17201062595687E+01
 0.17201266600192E+01
 0.17201542275418E+01
 0.17201684190894E+01
 0.17201756266607E+01
 0.17201973352819E+01
 0.17202258025654E+01
 0.17202409821314E+01
 0.17202484096758E+01
 0.17202706480233E+01
 0.17203005435738E+01
 0.17203203062545E+01
 0.17203302699140E+01
 0.17203599833388E+01
 0.17204002148439E+01
 0.17204201737150E+01
 0.17204303081696E+01
 0.17204605304288E+01
 0.17205018336038E+01
 0.17205148510474E+01
 0.17205268449584E+01
 0.17205623297728E+01
 0.17206110542148E+01
 0.17206346657346E+01
 0.17206468233476E+01
 0.17206836582251E+01
 0.17207313765641E+01
 0.17207427662225E+01
 0.17207545976468E+01
 0.17207900919321E+01
 0.17208375728031E+01
 0.17208426678833E+01
 0.17208725700918E+01
 0.17209131360866E+01
 0.17209367314211E+01
 0.17209487229016E+01
 0.17209844128498E+01
 0.17210332814111E+01
 0.17210550800213E+01
 0.17210663604126E+01
 0.17211002683685E+01
 0.17211448270800E+01
 0.17211665274596E+01
 0.17211771285439E+01
 0.17212091206128E+01
 0.17212511295303E+01
 0.17212782097913E+01
 0.17212916081764E+01
 0.17213318826226E+01
 0.17213851511328E+01
 0.17214170510826E+01
 0.17214328776907E+01
 0.17214803575320E+01
 0.17215434678615E+01
 0.17215770418610E+01
 0.17215937172281E+01
 0.17216441392356E+01
 0.17217102208093E+01
 0.17217452324466E+01
 0.17217623439672E+01
 0.17218136785782E+01
 0.17218829901215E+01
 0.17219147500408E+01
 0.17219309126262E+01
 0.17219789244526E+01
 0.17220451962005E+01
 0.17220500288524E+01
 0.17220650063253E+01
 0.17221104706019E+01
 0.17221696473745E+01
 0.17222196524504E+01
 0.17222444754149E+01
 0.17223179263303E+01
 0.17224190738084E+01
 0.17224724778128E+01
 0.17225497102108E+01
 0.17225915009234E+01
 0.17226119499365E+01
 0.17226728166515E+01
 0.17227561408970E+01
 0.17227926743624E+01
 0.17228115306628E+01
 0.17228679887568E+01
 0.17229446014347E+01
 0.17229654311823E+01
 0.17229874693290E+01
 0.17230538425502E+01
 0.17231420276112E+01
 0.17231912248132E+01
 0.17232157940528E+01
 0.17232897895954E+01
 0.17233871717388E+01
 0.17234374557043E+01
 0.17234623172854E+01
 0.17235357438778E+01
 0.17236376390775E+01
 0.17236815767548E+01
 0.17237045598973E+01
 0.17237739125286E+01
 0.17238650077908E+01
 0.17239201869688E+01
 0.17239474727330E+01
 0.17240294887818E+01
 0.17241376473022E+01
 0.17241943187627E+01
 0.17242223653808E+01
 0.17243066681532E+01
 0.17244171410623E+01
 0.17244390039839E+01
 0.17244645151254E+01
 0.17245416433265E+01
 0.17246424412183E+01
 0.17246981415826E+01
 0.17247252987464E+01
 0.17248070863749E+01
 0.17249164137196E+01
 0.17249652684401E+01
 0.17249899450578E+01
 0.17250645469713E+01
 0.17251614604714E+01
 0.17252145378683E+01
 0.17252403463322E+01
 0.17253179211678E+01
 0.17254211703038E+01
 0.17255047397258E+01
 0.17255465004634E+01
 0.17256713007761E+01
 0.17258388682430E+01
 0.17258479585566E+01
 0.17258823840715E+01
 0.17259850665410E+01
 0.17261236223002E+01
 0.17262546123161E+01
 0.17263205060389E+01
 0.17265189449451E+01
 0.17267810490382E+01
 0.17269126388739E+01
 0.17269780042467E+01
 0.17271737267003E+01
 0.17274352933002E+01
 0.17275699671209E+01
 0.17276373787217E+01
 0.17278415388064E+01
 0.17281072584379E+01
 0.17281221260040E+01
 0.17283157836669E+01
 0.17285715966191E+01
 0.17287169586923E+01
 0.17287889448164E+01
 0.17290053115093E+01
 0.17292942594096E+01
 0.17294272914480E+01
 0.17294939669777E+01
 0.17296966327338E+01
 0.17299571074512E+01
 0.17299681874972E+01
 0.17301148392937E+01
 0.17303076045028E+01
 0.17304130772528E+01
 0.17304651256026E+01
 0.17306198150595E+01
 0.17308304975190E+01
 0.17309514844647E+01
 0.17310135356468E+01
 0.17311965825640E+01
 0.17314499382435E+01
 0.17315708139694E+01
 0.17316337162708E+01
 0.17318213748698E+01
 0.17320730259738E+01
 0.17322049934689E+01
 0.17322712751824E+01
 0.17324701204104E+01
 0.17327345598730E+01
 0.17328994202600E+01
 0.17329818297095E+01
 0.17332286032922E+01
 0.17335574254658E+01
 0.17337307200760E+01
 0.17338174161100E+01
 0.17340770285185E+01
 0.17344229688597E+01
 0.17346131641050E+01
 0.17347081355939E+01
 0.17349940895067E+01
 0.17353709089840E+01
 0.17355601919884E+01
 0.17356534135171E+01
 0.17359346020942E+01
 0.17363055820910E+01
 0.17365408091265E+01
 0.17366569964394E+01
 0.17370093427478E+01
 0.17374678053839E+01
 0.17377282348327E+01
 0.17381295055236E+01
 0.17383351246646E+01
 0.17384365882055E+01
 0.17387404363911E+01
 0.17391453692882E+01
 0.17393522120645E+01
 0.17394559803110E+01
 0.17397634374208E+01
 0.17401845330885E+01
 0.17403955380214E+01
 0.17405038395397E+01
 0.17408316124353E+01
 0.17412590864072E+01
 0.17414753015737E+01
 0.17415805902928E+01
 0.17418986766072E+01
 0.17423165865048E+01
 0.17425713334009E+01
 0.17426971653540E+01
 0.17430733470312E+01
 0.17435812058663E+01
 0.17438350203618E+01
 0.17439641956249E+01
 0.17443490490105E+01
 0.17448718129939E+01
 0.17451111025327E+01
 0.17452334671121E+01
 0.17456018207637E+01
 0.17460903737786E+01
 0.17463828578622E+01
 0.17465292366932E+01
 0.17469653914938E+01
 0.17475545203843E+01
 0.17479032156932E+01
 0.17480797183674E+01
 0.17486056548405E+01
 0.17493217629573E+01
 0.17493968304143E+01
 0.17495583577313E+01
 0.17500437531772E+01
 0.17506887290385E+01
 0.17510092913013E+01
 0.17511689311189E+01
 0.17516422998483E+01
 0.17522939284997E+01
 0.17523976655637E+01
 0.17525527016960E+01
 0.17530162795242E+01
 0.17536418882255E+01
 0.17539457964895E+01
 0.17541001142611E+01
 0.17545615569444E+01
 0.17551841655600E+01
 0.17555168728994E+01
 0.17556857244120E+01
 0.17561914603334E+01
 0.17568640147593E+01
 0.17571906327442E+01
 0.17573525766212E+01
 0.17578368512446E+01
 0.17584909484348E+01
 0.17588494514492E+01
 0.17590312247298E+01
 0.17595752473018E+01
 0.17603049189204E+01
 0.17607174829366E+01
 0.17609253825741E+01
 0.17615495709264E+01
 0.17623812060956E+01
 0.17630455425477E+01
 0.17633778014320E+01
 0.17643753548978E+01
 0.17657103104023E+01
 0.17663458508893E+01
 0.17666653117557E+01
 0.17676273454237E+01
 0.17689030822665E+01
 0.17696132252698E+01
 0.17699682287344E+01
 0.17710268874117E+01
 0.17724547371625E+01
 0.17731652062720E+01
 0.17735238998615E+01
 0.17746023506961E+01
 0.17760368360785E+01
 0.17768561260519E+01
 0.17772654207478E+01
 0.17784977224110E+01
 0.17801295601733E+01
 0.17804056193816E+01
 0.17807697705258E+01
 0.17818606894381E+01
 0.17833202512963E+01
 0.17840822087182E+01
 0.17844642862789E+01
 0.17856105229225E+01
 0.17871421988964E+01
 0.17882568077602E+01
 0.17888176844103E+01
 0.17904901215346E+01
 0.17927598384590E+01
 0.17933550008386E+01
 0.17949264339423E+01
 0.17958678789270E+01
 0.17963420777830E+01
 0.17977619137222E+01
 0.17996696560545E+01
 0.18006086348490E+01
 0.18010835174932E+01
 0.18025018669474E+01
 0.18044159350635E+01
 0.18053512498250E+01
 0.18058253104155E+01
 0.18072457456500E+01
 0.18091544935972E+01
 0.18100950907741E+01
 0.18105704185452E+01
 0.18119912587142E+01
 0.18139066266269E+01
 0.18148499840322E+01
 0.18153271148908E+01
 0.18167593611822E+01
 0.18186729938167E+01
 0.18206810643247E+01
 0.18216906020599E+01
 0.18247296588310E+01
 0.18287652281894E+01
 0.18298362276467E+01
 0.18329048197577E+01
 0.18336579709399E+01
 0.18344290633008E+01
 0.18367374349395E+01
 0.18398505029845E+01
 0.18399667903560E+01
 0.18408070094545E+01
 0.18433303420366E+01
 0.18467095503247E+01
 0.18485341302466E+01
 0.18494524543750E+01
 0.18522074891058E+01
 0.18558991807595E+01
 0.18581521528854E+01
 0.18592871209913E+01
 0.18626921430953E+01
 0.18672633577548E+01
 0.18693400738677E+01
 0.18703861039025E+01
 0.18735292475962E+01
 0.18777294326972E+01
 0.18799427045762E+01
 0.18810544750120E+01
 0.18843891784822E+01
 0.18888624801469E+01
 0.18913578836726E+01
 0.18926161418183E+01
 0.18963918519237E+01
 0.19014614781077E+01
 0.19038389551219E+01
 0.19050388299272E+01
 0.19086344256164E+01
 0.19134711060136E+01
 0.19142661562351E+01
 0.19152906420447E+01
 0.19183613455882E+01
 0.19224808318161E+01
 0.19255609007673E+01
 0.19271166462290E+01
 0.19317850094217E+01
 0.19380575692806E+01
 0.19409175981197E+01
 0.19423602813729E+01
 0.19466928562342E+01
 0.19524998018393E+01
 0.19569832841959E+01
 0.19592548076473E+01
 0.19660692353602E+01
 0.19752565526231E+01
 0.19790315952492E+01
 0.19825352891007E+01
 0.19843053505419E+01
 0.19896211649909E+01
 0.19967553019151E+01
 0.20017742277337E+01
 0.20043182369119E+01
 0.20119579491938E+01
 0.20222487441391E+01
 0.20231187103293E+01
 0.20296281440825E+01
 0.20327135809706E+01
 0.20342729710836E+01
 0.20389495351335E+01
 0.20452366994880E+01
 0.20484149912101E+01
 0.20500208293651E+01
 0.20548391962371E+01
 0.20613122682626E+01
 0.20647852811220E+01
 0.20665399517094E+01
 0.20718057460293E+01
 0.20788779863289E+01
 0.20831177211569E+01
 0.20852623116395E+01
 0.20916981044747E+01
 0.21003620013284E+01
 0.21011400163111E+01
 0.21030949831101E+01
 0.21089604780026E+01
 0.21168508973366E+01
 0.21207118226872E+01
 0.21226640057911E+01
 0.21285216722073E+01
 0.21363978459129E+01
 0.21406586173904E+01
 0.21428142518380E+01
 0.21492830661283E+01
 0.21579901667606E+01
 0.21621521266924E+01
 0.21642577516505E+01
 0.21705749986522E+01
 0.21790805747208E+01
 0.21832164458759E+01
 0.21853098843393E+01
 0.21915906421979E+01
 0.22000474533620E+01
 0.22042813726906E+01
 0.22064254407130E+01
 0.22128583335891E+01
 0.22215218922928E+01
 0.22259501785390E+01
 0.22281939494374E+01
 0.22349265874884E+01
 0.22439989103300E+01
 0.22485512769333E+01
 0.22508593160985E+01
 0.22577840816388E+01
 0.22671215978650E+01
 0.22717790359033E+01
 0.22741418669874E+01
 0.22812317512993E+01
 0.22907946733129E+01
 0.22956506847411E+01
 0.22981159513463E+01
 0.23055132316692E+01
 0.23154982999616E+01
 0.23204462254656E+01
 0.23229596749783E+01
 0.23305015555773E+01
 0.23406846149423E+01
 0.23458628485744E+01
 0.23484951458738E+01
 0.23563941819756E+01
 0.23670646458298E+01
 0.23724829529142E+01
 0.23752389705483E+01
 0.23835090141759E+01
 0.23946877111950E+01
 0.24002552503973E+01
 0.24030883763553E+01
 0.24115892076809E+01
 0.24230837007123E+01
 0.24287968517423E+01
 0.24317049084415E+01
 0.24404307196892E+01
 0.24522299008487E+01
 0.24581759415187E+01
 0.24612032891726E+01
 0.24702873412694E+01
 0.24825721774626E+01
 0.24887957439704E+01
 0.24919650121234E+01
 0.25014749287981E+01
 0.25143381539147E+01
 0.25207997699409E+01
 0.25240904816073E+01
 0.25339644655277E+01
 0.25473213486761E+01
 0.25539793967478E+01
 0.25573698983570E+01
 0.25675433178876E+01
 0.25813029410596E+01
 0.25882414341540E+01
 0.25917746616597E+01
 0.26023766342484E+01
 0.26167151176769E+01
 0.26239304867269E+01
 0.26276043626331E+01
 0.26386280376449E+01
 0.26535368798472E+01
 0.26609771469831E+01
 0.26647648128423E+01
 0.26761300664829E+01
 0.26914980769679E+01
 0.26991821387016E+01
 0.27030932202714E+01
 0.27148285723458E+01
 0.27306947945346E+01
 0.27386348685890E+01
 0.27426755626355E+01
 0.27547998486971E+01
 0.27711891314342E+01
 0.27794101364864E+01
 0.27835930445651E+01
 0.27961440404891E+01
 0.28131081941280E+01
 0.28215819185328E+01
 0.28258924736897E+01
 0.28388264203528E+01
 0.28563048883432E+01
 0.28650453238755E+01
 0.28694905616161E+01
 0.28828284508457E+01
 0.29008500028870E+01
 0.29098309291320E+01
 0.29143972706363E+01
 0.29280985646692E+01
 0.29466062703715E+01
 0.29558748739298E+01
 0.29605862839775E+01
 0.29747226267979E+01
 0.29938146148701E+01
 0.30033417858756E+01
 0.30081831910356E+01
 0.30227094643934E+01
 0.30423228074802E+01
 0.30521287699342E+01
 0.30571102375100E+01
 0.30720566396519E+01
 0.30922319779618E+01
 0.31023031107999E+01
 0.31074173957227E+01
 0.31227620997056E+01
 0.31434687334557E+01
 0.31538099574243E+01
 0.31590593137366E+01
 0.31748090754243E+01
 0.31960552831429E+01
 0.32066619006261E+01
 0.32120436189589E+01
 0.32281901802823E+01
 0.32499639671346E+01
 0.32608260595900E+01
 0.32663347643389E+01
 0.32828620575376E+01
 0.33051402816954E+01
 0.33162603254372E+01
 0.33218969025095E+01
 0.33388075993711E+01
 0.33615927571106E+01
 0.33729716740908E+01
 0.33787362448176E+01
 0.33960305950184E+01
 0.34193223072432E+01
 0.34309383941932E+01
 0.34368195688885E+01
 0.34544634338568E+01
 0.34782140357363E+01
 0.34900664722142E+01
 0.34960634786380E+01
 0.35140543921910E+01
 0.35382598372140E+01
 0.35503284389630E+01
 0.35564306807371E+01
 0.35747369268402E+01
 0.35993528244790E+01
 0.36116367663575E+01
 0.36178434145616E+01
 0.36364623749323E+01
 0.36614844590650E+01
 0.36739534933822E+01
 0.36802488400896E+01
 0.36991335059982E+01
 0.37244965071382E+01
 0.37371481784567E+01
 0.37435304931749E+01
 0.37626755558316E+01
 0.37883713623245E+01
 0.38011974531276E+01
 0.38076621943185E+01
 0.38270539621938E+01
 0.38530627956947E+01
 0.38660394253186E+01
 0.38725740230011E+01
 0.38921747437054E+01
 0.39184441261443E+01
 0.39315574906822E+01
 0.39381544131893E+01
 0.39579414493521E+01
 0.39844391366493E+01
 0.39976563193317E+01
 0.40042983146355E+01
 0.40242198479424E+01
 0.40508742570036E+01
 0.40641721191990E+01
 0.40708468552643E+01
 0.40908658666065E+01
 0.41176251079668E+01
 0.41309788208918E+01
 0.41376730345767E+01
 0.41577496685183E+01
 0.41845579819396E+01
 0.41979351445258E+01
 0.42046317415051E+01
 0.42247146528868E+01
 0.42515007852188E+01
 0.42648662723061E+01
 0.42715467555243E+01
 0.42915804244713E+01
 0.43182673794369E+01
 0.43315823158351E+01
 0.43382262666709E+01
 0.43581493994538E+01
 0.43846524598445E+01
 0.43978752195265E+01
 0.44044608306184E+01
 0.44242079773220E+01
 0.44504368667365E+01
 0.44635214974866E+01
 0.44700247961683E+01
 0.44895240305988E+01
 0.45153798658804E+01
 0.45282772408565E+01
 0.45346726755913E+01
 0.45538473284299E+01
 0.45792250129663E+01
 0.45918803624005E+01
 0.45981396118263E+01
 0.46169047322476E+01
 0.46416882951713E+01
 0.46540434173584E+01
 0.46601364864540E+01
 0.46784021093982E+01
 0.47024690849990E+01
 0.47144617706101E+01
 0.47203567248832E+01
 0.47380270796547E+01
 0.47612474967273E+01
 0.47728115856748E+01
 0.47784745888995E+01
 0.47954482082342E+01
 0.48176847770721E+01
 0.48287501046828E+01
 0.48341454058206E+01
 0.48503150828427E+01
 0.48714231703331E+01
 0.48819155049619E+01
 0.48870054159931E+01
 0.49022581463843E+01
 0.49220856939383E+01
 0.49319271803737E+01
 0.49366722815532E+01
 0.49508898523005E+01
 0.49692782022210E+01
 0.49783863845493E+01
 0.49827450843755E+01
 0.49958027801968E+01
 0.50125849319049E+01
 0.50208740719013E+01
 0.50248031755782E+01
 0.50365714593946E+01
 0.50515741901761E+01
 0.50589540771298E+01
 0.50624082211920E+01
 0.50727510364376E+01
 0.50857926630438E+01
 0.50921683636203E+01
 0.50950998384991E+01
 0.51038740837111E+01
 0.51147635407345E+01
 0.51200350604352E+01
 0.51223934915882E+01
 0.51294480001307E+01
 0.51379832627303E+01
 0.51420427792022E+01
 0.51437736967388E+01
 0.51489449988806E+01
 0.51549069122834E+01
 0.51576366053073E+01
 0.51586797822608E+01
 0.51617870078438E+01
 0.51649312270505E+01
 0.51661939541543E+01
 0.51664781010029E+01
 0.51673069843658E+01
 0.51673405620408E+01
 0.51669601950416E+01
 0.51663909665779E+01
 0.51646576157314E+01
 0.51611846354783E+01
 0.51588855185914E+01
 0.51573085030259E+01
 0.51525474683429E+01
 0.51449011761368E+01
 0.51400332338090E+01
 0.51370604901444E+01
 0.51280994112469E+01
 0.51145445431831E+01
 0.51058812108164E+01
 0.51008342897916E+01
 0.50856218058829E+01
 0.50632483090956E+01
 0.50544999816447E+01
 0.50349981651679E+01
 0.50347836492884E+01
 0.50302317422649E+01
 0.50165512803247E+01
 0.49974143857327E+01
 0.49940846464295E+01
 0.49894651357252E+01
 0.49755846646023E+01
 0.49563521008685E+01
 0.49473461537321E+01
 0.49426512784592E+01
 0.49285453560127E+01
 0.49091290343835E+01
 0.48998484457494E+01
 0.48950368183997E+01
 0.48805797034705E+01
 0.48607590830369E+01
 0.48511648692693E+01
 0.48462082074414E+01
 0.48313148149240E+01
 0.48109483623937E+01
 0.48009435072395E+01
 0.47957860915017E+01
 0.47802898220035E+01
 0.47591347929006E+01
 0.47485175689725E+01
 0.47430514083457E+01
 0.47266294198210E+01
 0.47042365299381E+01
 0.46926685312653E+01
 0.46867168717202E+01
 0.46688405982139E+01
 0.46444861888421E+01
 0.46314487313316E+01
 0.46247438123227E+01
 0.46046124694440E+01
 0.45772089048058E+01
 0.45619566579014E+01
 0.45541170970142E+01
 0.45305905266296E+01
 0.44985990390109E+01
 0.44801757759977E+01
 0.44707186012413E+01
 0.44423541755481E+01
 0.44038462097617E+01
 0.43812036926013E+01
 0.43696117340849E+01
 0.43348654602664E+01
 0.42878126170035E+01
 0.42595201197959E+01
 0.42450944646601E+01
 0.42018771718209E+01
 0.41435602207994E+01
 0.41058043314591E+01
 0.40866516388707E+01
 0.40293077394313E+01
 0.39522959038693E+01
 0.38977092393084E+01
 0.38702634020556E+01
 0.37881594753946E+01
 0.36788243984530E+01
 0.35903896426532E+01
 0.35468218204962E+01
 0.34166181282528E+01
 0.32465818163857E+01
 0.31566531522078E+01
 0.31134032662952E+01
 0.29837160732261E+01
 0.28172030896607E+01
 0.27219662782998E+01
 0.26772586962958E+01
 0.25428293948915E+01
 0.23732958532032E+01
 0.22921739761482E+01
 0.22545520677313E+01
 0.21412620694171E+01
 0.19990901255359E+01
 0.19309597701798E+01
 0.18995131451755E+01
 0.18047586263369E+01
 0.16861051269996E+01
 0.16287700918390E+01
 0.16023731851487E+01
 0.15228065056677E+01
 0.14233072872437E+01
 0.13749683496072E+01
 0.13527506182420E+01
 0.12857656693964E+01
 0.12020807779321E+01
 0.11612810724094E+01
 0.11425512490570E+01
 0.10860728995041E+01
 0.10155642848966E+01
 0.98110511922982E+00
 0.96530028021830E+00
 0.91763622486000E+00
 0.85816345160804E+00
 0.82904798879063E+00
 0.81570311321720E+00
 0.77545411037695E+00
 0.72525380905963E+00
 0.70064763209152E+00
 0.68937531974000E+00
 0.65537494967684E+00
 0.61298116993272E+00
 0.59218303909764E+00
 0.58265888584830E+00
 0.55392994029258E+00
 0.51811711352126E+00
 0.50053629999812E+00
 0.49248777355005E+00
 0.46820900033255E+00
 0.43794882497768E+00
 0.42308697844565E+00
 0.41628464787636E+00
 0.39576448353083E+00
 0.37019212838589E+00
 0.35762846519359E+00
 0.35187892122976E+00
 0.33453425527907E+00
 0.31292121606039E+00
 0.30230025887188E+00
 0.29744031022932E+00
 0.28277905541747E+00
 0.26451099894396E+00
 0.25553234497182E+00
 0.25142421254984E+00
 0.23903085728255E+00
 0.22358933928170E+00
 0.21599907836189E+00
 0.21252638915951E+00
 0.20204994439315E+00
 0.18899721236006E+00
 0.18258070650924E+00
 0.17964513934159E+00
 0.17078904010946E+00
 0.15975533695443E+00
 0.15433113382850E+00
 0.15184960239565E+00
 0.14436322287396E+00
 0.13503614293286E+00
 0.13045083909590E+00
 0.12835312150856E+00
 0.12202463210858E+00
 0.11414017609375E+00
 0.11026407874875E+00
 0.10849081996223E+00
 0.10314116631206E+00
 0.96476211172493E-01
 0.93199672629460E-01
 0.91700699490512E-01
 0.87178522529973E-01
 0.81544474679542E-01
 0.78774794340077E-01
 0.77507693311661E-01
 0.73685040582732E-01
 0.68922481661139E-01
 0.66581287073982E-01
 0.65510203059762E-01
 0.62278906262449E-01
 0.58253073511751E-01
 0.56274106805479E-01
 0.55368728744657E-01
 0.52637344247179E-01
 0.49234315281592E-01
 0.47561561906150E-01
 0.46796265775256E-01
 0.44487489561781E-01
 0.41610959586419E-01
 0.40199585439308E-01
 0.39553777003707E-01
 0.37605519558602E-01
 0.35177799702427E-01
 0.33982494136635E-01
 0.33435585438582E-01
 0.31785655070460E-01
 0.29729937806852E-01
 0.28719628561837E-01
 0.28257379927895E-01
 0.26862857392216E-01
 0.25125339266079E-01
 0.24271470909302E-01
 0.23880790393729E-01
 0.22702178965630E-01
 0.21233654237802E-01
 0.20512011484056E-01
 0.20181822217947E-01
 0.19185704121903E-01
 0.17944542680273E-01
 0.17334656674384E-01
 0.17055595626609E-01
 0.16213723605078E-01
 0.15164736098904E-01
 0.14649305574240E-01
 0.14413458516933E-01
 0.13701956236585E-01
 0.12815398048029E-01
 0.12379799284482E-01
 0.12180476661099E-01
 0.11579162521349E-01
 0.10829891475912E-01
 0.10461764051986E-01
 0.10293311514827E-01
 0.97851270536308E-02
 0.91518914255979E-02
 0.88407880460759E-02
 0.86984263018733E-02
 0.82689530212076E-02
 0.77337896847669E-02
 0.74708801704475E-02
 0.73505695996407E-02
 0.69876205304279E-02
 0.65353462103966E-02
 0.63131672699672E-02
 0.62114934850571E-02
 0.59047679237871E-02
 0.55225491325695E-02
 0.53347928427085E-02
 0.52488699490387E-02
 0.49896616010772E-02
 0.46666510983721E-02
 0.45079861075559E-02
 0.44353749295123E-02
 0.42163252025692E-02
 0.39433546897732E-02
 0.38092750764871E-02
 0.37479140303289E-02
 0.35628034819065E-02
 0.33321238204204E-02
 0.32188213426872E-02
 0.31669680063763E-02
 0.30105400645340E-02
 0.28156016886266E-02
 0.27198577943872E-02
 0.26760395141644E-02
 0.25438514610768E-02
 0.23791187495609E-02
 0.22982132912716E-02
 0.22611854275586E-02
 0.21494824317904E-02
 0.20102767867255E-02
 0.19419108731760E-02
 0.19106215114646E-02
 0.18162301626785E-02
 0.16985973840763E-02
 0.16408281695296E-02
 0.16143882917040E-02
 0.15346266116430E-02
 0.14352247874496E-02
 0.13864103379120E-02
 0.13640686008286E-02
 0.12966699530857E-02
 0.12126746701247E-02
 0.11714273765758E-02
 0.11525488015383E-02
 0.10955975999562E-02
 0.10246218452960E-02
 0.98976905191853E-03
 0.97381701213959E-03
 0.92569437984918E-03
 0.86572083906941E-03
 0.83627155021937E-03
 0.82279253985326E-03
 0.78213035969217E-03
 0.73145417091364E-03
 0.70657090745062E-03
 0.69518166669884E-03
 0.66082373831157E-03
 0.61800410218104E-03
 0.59697915794390E-03
 0.58735580962909E-03
 0.55832507840809E-03
 0.52214441727920E-03
 0.50437972809363E-03
 0.49624856657288E-03
 0.47171933426969E-03
 0.44114867455326E-03
 0.42613884932829E-03
 0.41926857689520E-03
 0.39854307948498E-03
 0.37271286984152E-03
 0.36003084258479E-03
 0.35422600507574E-03
 0.33671460969988E-03
 0.31489004354492E-03
 0.30417492090081E-03
 0.29927034688679E-03
 0.28447477832117E-03
 0.26603489009837E-03
 0.25698172276562E-03
 0.25283784220243E-03
 0.24033705512336E-03
 0.22475712615526E-03
 0.21710820517576E-03
 0.21360706875954E-03
 0.20304524661829E-03
 0.18988183455549E-03
 0.18341943475191E-03
 0.18046138894504E-03
 0.17153790322725E-03
 0.16041635410406E-03
 0.15495646809278E-03
 0.15245729510649E-03
 0.14491808626430E-03
 0.13552177247067E-03
 0.13090894385932E-03
 0.12879748975477E-03
 0.12242790841850E-03
 0.11448931209640E-03
 0.11059215576141E-03
 0.10880828415904E-03
 0.10342691483065E-03
 0.96719949480988E-04
 0.93427450492127E-04
 0.91920350343710E-04
 0.87373914619141E-04
 0.81707538585138E-04
 0.78925939959907E-04
 0.77652692535753E-04
 0.73811719370218E-04
 0.69024569478905E-04
 0.67280623316150E-04
 0.66467879886324E-04
 0.64022388126023E-04
 0.60914806257420E-04
