 0.16432730420240E+00
 0.16432730420236E+00
 0.16432730420183E+00
 0.16432730419992E+00
 0.16432730418737E+00
 0.16432730411546E+00
 0.16432730225395E+00
 0.16432729422799E+00
 0.16432726668429E+00
 0.16432719381690E+00
 0.16432703279757E+00
 0.16432672136642E+00
 0.16432618659274E+00
 0.16432532260232E+00
 0.16432403833449E+00
 0.16432217518375E+00
 0.16431961438323E+00
 0.16431618706229E+00
 0.16431168471981E+00
 0.16430585076211E+00
 0.16429825459757E+00
 0.16428859505346E+00
 0.16427615546347E+00
 0.16426012260977E+00
 0.16423941840614E+00
 0.16421272853351E+00
 0.16417835753366E+00
 0.16413458167264E+00
 0.16407909044824E+00
 0.16400929726450E+00
 0.16392233729668E+00
 0.16381562507688E+00
 0.16368517554331E+00
 0.16352894444624E+00
 0.16334391095080E+00
 0.16312660995740E+00
 0.16287454603636E+00
 0.16258488188906E+00
 0.16225600744779E+00
 0.16188608253469E+00
 0.16147218845697E+00
 0.16101436398554E+00
 0.16051144286996E+00
 0.15996207220578E+00
 0.15936502004372E+00
 0.15872020933700E+00
 0.15802818523590E+00
 0.15728687949850E+00
 0.15649523418662E+00
 0.15565251614319E+00
 0.15475827883628E+00
 0.15381061056276E+00
 0.15280817382115E+00
 0.15174867801877E+00
 0.15062948938310E+00
 0.14944946327020E+00
 0.14820519070251E+00
 0.14689125558132E+00
 0.14550673655475E+00
 0.14405045454574E+00
 0.14250637687515E+00
 0.14088359987529E+00
 0.13916922529052E+00
 0.13735094697430E+00
 0.13543230787688E+00
 0.13338837989562E+00
 0.13121918834936E+00
 0.12891551256635E+00
 0.12644199182163E+00
 0.12378759851512E+00
 0.12089495520946E+00
 0.11773401724982E+00
 0.11422547729785E+00
 0.11016639387476E+00
 0.10500952062198E+00
