 0.10000000133514E-09
 0.10000000133514E-09
 0.10000000133514E-09
 0.10000000133514E-09
 0.10000000133514E-09
 0.10000000133514E-09
 0.10000000133514E-09
 0.10000000133514E-09
 0.10000000133514E-09
 0.10000000133514E-09
 0.10000000133514E-09
 0.10000000133514E-09
 0.10000000133514E-09
 0.10000000133514E-09
 0.10000000133514E-09
 0.10000000133514E-09
 0.10000000133514E-09
 0.10000000133514E-09
 0.46626619627449E-08
 0.46626619627449E-08
 0.76972345637435E-07
 0.18350425578556E-06
 0.34483852338118E-06
 0.61587008722781E-06
 0.10519586956571E-05
 0.17275500571576E-05
 0.27397308491928E-05
 0.42117320946953E-05
 0.62965344919729E-05
 0.91804444891761E-05
 0.13085643272405E-04
 0.18272173717461E-04
 0.25043274941403E-04
 0.33743768494418E-04
 0.44761941938827E-04
 0.58537157345794E-04
 0.75550806397684E-04
 0.96337318785089E-04
 0.12147562204667E-03
 0.15159172422857E-03
 0.18737762205318E-03
 0.22956081101824E-03
 0.27891138770655E-03
 0.33626580145439E-03
 0.40251721677461E-03
 0.47859189422553E-03
 0.56545289750384E-03
 0.66415280799065E-03
 0.77578609413730E-03
 0.90149051744534E-03
 0.10465453908343E-02
 0.12043581339399E-02
 0.13798760604428E-02
 0.15745758649194E-02
 0.17898586504565E-02
 0.20271960332511E-02
 0.22878233345002E-02
 0.25735904551562E-02
 0.28864194619297E-02
 0.32268909931802E-02
 0.35984559084040E-02
 0.40014344172641E-02
 0.44376528945899E-02
 0.49102650912840E-02
 0.54196756053147E-02
 0.59700681923410E-02
 0.65616442356691E-02
 0.71953169686275E-02
 0.78775740669126E-02
 0.86063959177851E-02
 0.93880090706979E-02
 0.10222370036483E-01
 0.11111712459247E-01
 0.12060273598823E-01
 0.13069703274932E-01
 0.14142850324280E-01
 0.15284010718741E-01
 0.16495375630554E-01
 0.17775911374645E-01
 0.19136885208708E-01
 0.20575604375307E-01
 0.22099118413297E-01
 0.23704553601434E-01
 0.25401980580761E-01
 0.27199350175426E-01
 0.29089299642589E-01
 0.31083246111611E-01
 0.33186203191087E-01
 0.35399012337111E-01
 0.37728828828103E-01
 0.40172478733899E-01
 0.42742759998691E-01
 0.45450870293963E-01
 0.48296731804780E-01
 0.51278580951689E-01
 0.54398691136692E-01
 0.57692283342204E-01
 0.61134687183354E-01
 0.64745097588833E-01
 0.68530117923662E-01
 0.72511847061342E-01
 0.76665643350034E-01
 0.81014667055405E-01
 0.85583036262327E-01
 0.90376384528693E-01
 0.95386899256611E-01
 0.10062336320271E+00
 0.10614238618838E+00
 0.11191503837085E+00
 0.11794922403284E+00
 0.12427729902227E+00
 0.13093640401855E+00
 0.13793296324423E+00
 0.14530389344971E+00
 0.15309373133853E+00
 0.16129712790407E+00
 0.16995735652301E+00
 0.17912996543000E+00
 0.18882917342483E+00
 0.19895753092379E+00
 0.20933350819006E+00
 0.21969526024821E+00
 0.22970544445789E+00
 0.23901915324056E+00
 0.24750737266230E+00
 0.25524570807351E+00
 0.26237741527484E+00
 0.26905277323159E+00
 0.27534766944814E+00
 0.28136711246120E+00
 0.28718675466107E+00
 0.29285794565151E+00
 0.29840244745800E+00
 0.30386935737928E+00
 0.30927101134389E+00
 0.31461574586402E+00
 0.31992648391934E+00
 0.32520862963775E+00
 0.33046552734956E+00
 0.33569965180585E+00
 0.34091592566965E+00
 0.34611991135288E+00
 0.35130883650333E+00
 0.35648470772290E+00
 0.36164735084073E+00
 0.36679298303841E+00
 0.37192524910429E+00
 0.37703995880310E+00
 0.38213528638448E+00
 0.38721515939711E+00
 0.39227157750539E+00
 0.39730407970852E+00
 0.40231694045710E+00
 0.40730090682553E+00
 0.41225796026987E+00
 0.41718661857907E+00
 0.42208408171702E+00
 0.42694972919294E+00
 0.43178319275274E+00
 0.43658158873280E+00
 0.44134390068285E+00
 0.44606901529964E+00
 0.45075708767964E+00
 0.45540714706087E+00
 0.46001542883409E+00
 0.46458349791683E+00
 0.46911139880889E+00
 0.47359804679549E+00
 0.47804153343840E+00
 0.48244212731957E+00
 0.48679909660406E+00
 0.49111452518164E+00
 0.49538543954493E+00
 0.49961165456095E+00
 0.50379463139049E+00
 0.50793426549725E+00
 0.51202829013670E+00
 0.51607993584286E+00
 0.52008644324761E+00
 0.52405041866987E+00
 0.52797047329694E+00
 0.53184694246916E+00
 0.53568134037687E+00
 0.53947251073995E+00
 0.54322114689487E+00
 0.54692769150267E+00
 0.55059171933570E+00
 0.55421486427121E+00
 0.55779729114484E+00
 0.56133880197323E+00
 0.56484010165134E+00
 0.56830185744144E+00
 0.57172399360144E+00
 0.57510742293080E+00
 0.57845220731931E+00
 0.58175902180250E+00
 0.58502834530036E+00
 0.58826081841519E+00
 0.59145670560878E+00
 0.59461638178819E+00
 0.59774050824294E+00
 0.60082925351385E+00
 0.60388403856436E+00
 0.60690384884879E+00
 0.60989047605692E+00
 0.61284338228102E+00
 0.61576377972114E+00
 0.61865183423743E+00
 0.62150806494099E+00
 0.62433269777870E+00
 0.62712670120270E+00
 0.62989016607504E+00
 0.63262361804131E+00
 0.63532725578413E+00
 0.63800173787763E+00
 0.64064757922841E+00
 0.64326508156708E+00
 0.64585459618871E+00
 0.64841656879936E+00
 0.65095166379878E+00
 0.65345985284853E+00
 0.65594198363766E+00
 0.65839818860919E+00
 0.66082892146500E+00
 0.66323446987059E+00
 0.66561488064057E+00
 0.66797132084560E+00
 0.67030350731757E+00
 0.67261208475404E+00
 0.67489728138465E+00
 0.67715948400549E+00
 0.67939921170513E+00
 0.68161650898605E+00
 0.68381181825046E+00
 0.68598559257177E+00
 0.68813769550063E+00
 0.69026897414277E+00
 0.69237954644146E+00
 0.69446960871124E+00
 0.69653952188657E+00
 0.69858961048692E+00
 0.70062006493086E+00
 0.70263124118332E+00
 0.70462342871009E+00
 0.70659689377424E+00
 0.70855185673748E+00
 0.71048870381348E+00
 0.71240758598743E+00
 0.71430865184149E+00
 0.71619234916096E+00
 0.71805861168546E+00
 0.71990819469973E+00
 0.72174088482455E+00
 0.72355714658386E+00
 0.72535705727744E+00
 0.72714101371900E+00
 0.72890913639844E+00
 0.73066158115765E+00
 0.73239850763443E+00
 0.73412038695084E+00
 0.73582721730265E+00
 0.73751927841497E+00
 0.73919677230322E+00
 0.74085976836850E+00
 0.74250855743321E+00
 0.74414332782411E+00
 0.74576437302159E+00
 0.74737171558650E+00
 0.74896545969855E+00
 0.75054599999252E+00
 0.75211346056020E+00
 0.75366798664344E+00
 0.75520945774903E+00
 0.75673843404379E+00
 0.75825493508972E+00
 0.75975923457564E+00
 0.76125126620109E+00
 0.76273124370459E+00
 0.76419948828935E+00
 0.76565599771987E+00
 0.76710076787863E+00
 0.76853432859849E+00
 0.76995650244960E+00
 0.77136757575408E+00
 0.77276762106022E+00
 0.77415691509201E+00
 0.77553520618229E+00
 0.77690308185485E+00
 0.77826035116222E+00
 0.77960728804214E+00
 0.78094419031792E+00
 0.78227063322187E+00
 0.78358726340661E+00
 0.78489415821293E+00
 0.78619101088151E+00
 0.78747847255120E+00
 0.78875627673828E+00
 0.79002446923758E+00
 0.79128370267377E+00
 0.79253340266730E+00
