 0.16432730420240E+00
 0.16432730420236E+00
 0.16432730420183E+00
 0.16432730419992E+00
 0.16432730418737E+00
 0.16432730411556E+00
 0.16432730225332E+00
 0.16432729422964E+00
 0.16432726668586E+00
 0.16432719381834E+00
 0.16432703280102E+00
 0.16432672136132E+00
 0.16432618676871E+00
 0.16432532434233E+00
 0.16432404580192E+00
 0.16432220009804E+00
 0.16431968649075E+00
 0.16431637669956E+00
 0.16431213382491E+00
 0.16430683271295E+00
 0.16430025887556E+00
 0.16429244501789E+00
 0.16428316855965E+00
 0.16427230779772E+00
 0.16425971455754E+00
 0.16424527551974E+00
 0.16422878755362E+00
 0.16421032139729E+00
 0.16418966200139E+00
 0.16416658535774E+00
 0.16414084403107E+00
 0.16411260614539E+00
 0.16408145438536E+00
 0.16404712302782E+00
 0.16400996822254E+00
 0.16396936868644E+00
 0.16392536056863E+00
 0.16387748468939E+00
 0.16382605880551E+00
 0.16377109897509E+00
 0.16371113916973E+00
 0.16364733251373E+00
 0.16357941078005E+00
 0.16350694206618E+00
 0.16342923781371E+00
 0.16334701604233E+00
 0.16326066665452E+00
 0.16316946093224E+00
 0.16307291793037E+00
 0.16297120479511E+00
 0.16286502473103E+00
 0.16275343126245E+00
 0.16263708568204E+00
 0.16251552020673E+00
 0.16238833939364E+00
 0.16225608710104E+00
 0.16211906124426E+00
 0.16197579987385E+00
 0.16182794148555E+00
 0.16167601450229E+00
 0.16151493558402E+00
 0.16135223929524E+00
 0.16118387143395E+00
 0.16100768131941E+00
 0.16082901727965E+00
 0.16064073506432E+00
 0.16044888016389E+00
 0.16025565233044E+00
 0.16005248496734E+00
 0.15984643529592E+00
 0.15962973060439E+00
 0.15940888327233E+00
 0.15918715770297E+00
 0.15895128027226E+00
 0.15871492709904E+00
 0.15846835694745E+00
 0.15821652838345E+00
 0.15795450459956E+00
 0.15769338009844E+00
 0.15741745154717E+00
 0.15713685975415E+00
 0.15684894583562E+00
 0.15655436272905E+00
 0.15625073407661E+00
 0.15593177498132E+00
 0.15561045508187E+00
 0.15528053179004E+00
 0.15493561150007E+00
 0.15458136016912E+00
 0.15421362931222E+00
 0.15384356215676E+00
 0.15346264443428E+00
 0.15306196774782E+00
 0.15264566140826E+00
 0.15222738003329E+00
 0.15179776708494E+00
 0.15134097163720E+00
 0.15087998829160E+00
 0.15039909303787E+00
 0.14990489931527E+00
 0.14938714691942E+00
 0.14886008852415E+00
 0.14831572063316E+00
 0.14774637900005E+00
 0.14715300121519E+00
 0.14654391292637E+00
 0.14592111974983E+00
 0.14525891279977E+00
 0.14457880045116E+00
 0.14388081055392E+00
 0.14316000309682E+00
 0.14240367578588E+00
 0.14162056309640E+00
 0.14080352753960E+00
 0.13994807839316E+00
 0.13906974004670E+00
 0.13815600185319E+00
 0.13720374948805E+00
 0.13620588864509E+00
 0.13517074314682E+00
 0.13409676317010E+00
 0.13298232969477E+00
 0.13179985287216E+00
 0.13056413299697E+00
 0.12928806886781E+00
 0.12796116249148E+00
 0.12657641333880E+00
 0.12510435280263E+00
 0.12356997715760E+00
 0.12197562500540E+00
 0.12030035845067E+00
 0.11852675671631E+00
 0.11669077993752E+00
 0.11474853210667E+00
 0.11269063157028E+00
 0.11055854601088E+00
 0.10828167222585E+00
 0.10589175706172E+00
 0.10337584749607E+00
 0.10073831814704E+00
 0.97969442613007E-01
 0.95038714833150E-01
 0.91956692633611E-01
 0.88726577337475E-01
 0.85329950141500E-01
 0.81795309920313E-01
 0.78089068486526E-01
 0.74255027276280E-01
 0.70280476415757E-01
 0.66188264318615E-01
 0.62073633936568E-01
 0.57886102929708E-01
 0.53677179448894E-01
 0.49563848367929E-01
 0.45535744410779E-01
 0.41679868269126E-01
 0.38012028914246E-01
 0.34585512304326E-01
 0.31394814427748E-01
 0.28480551902479E-01
 0.25830348254231E-01
 0.23427034843539E-01
 0.21266966144071E-01
 0.19334636604456E-01
 0.17611799652427E-01
 0.16067520458658E-01
 0.14692133909986E-01
 0.13463357404157E-01
 0.12363729654811E-01
 0.11381307533898E-01
 0.10504284060674E-01
 0.97109125717324E-02
 0.89975185208155E-02
 0.83597065699931E-02
 0.77784384485471E-02
 0.72512755685127E-02
 0.67770743363517E-02
 0.63418521770081E-02
 0.59466821701744E-02
 0.55822351357172E-02
 0.52541855909708E-02
 0.49494387952809E-02
 0.46712232752668E-02
 0.44112573746518E-02
 0.41743827984900E-02
 0.39533210959124E-02
 0.37511117570718E-02
 0.35618512548366E-02
 0.33864966856835E-02
 0.32225411724613E-02
 0.30706596647711E-02
 0.29276689685438E-02
 0.27941901011798E-02
 0.26695588398552E-02
 0.25529599787095E-02
 0.24440549744359E-02
 0.23412084723902E-02
 0.22439478396774E-02
 0.21525964651800E-02
 0.20668964182271E-02
 0.19857226485373E-02
 0.19093946459901E-02
 0.18365103642862E-02
 0.17681531437324E-02
 0.17027670799220E-02
 0.16414458930031E-02
 0.15828031715895E-02
 0.15270723468147E-02
 0.14742134463594E-02
 0.14240813149367E-02
 0.13760893584957E-02
 0.13304519348636E-02
 0.12866509120908E-02
 0.12452686132350E-02
 0.12057380536146E-02
 0.11678031593761E-02
 0.11315955944211E-02
 0.10968785888521E-02
 0.10639003759948E-02
 0.10320619160044E-02
 0.10016698607178E-02
 0.97241104874233E-03
 0.94422725424350E-03
 0.91739960916027E-03
 0.89148026083726E-03
 0.86679454845186E-03
 0.84294298034579E-03
 0.82006678909393E-03
 0.79790746104405E-03
 0.77666906987558E-03
 0.75636797308981E-03
 0.73658123707156E-03
 0.71756190943699E-03
 0.69928135375800E-03
 0.68152262790688E-03
 0.66455719031775E-03
 0.64805856428846E-03
 0.63225696150788E-03
 0.61679475081969E-03
 0.60197220806136E-03
 0.58769405137603E-03
 0.57376795593846E-03
 0.56039655698805E-03
 0.54740270517920E-03
 0.53480654218896E-03
 0.52267248238558E-03
 0.51084731043428E-03
 0.49941780362342E-03
 0.48836987726406E-03
 0.47759702914576E-03
 0.46726499224418E-03
 0.45710356207652E-03
 0.44734104749202E-03
 0.43782765521279E-03
 0.42857613417140E-03
 0.41963233515885E-03
 0.41091479154754E-03
 0.40243424038510E-03
 0.39428241613919E-03
 0.38622322984319E-03
 0.37850317368928E-03
 0.37090588058754E-03
 0.36356540919165E-03
 0.35643696859566E-03
 0.34948657081548E-03
 0.34271475318633E-03
 0.33609639966059E-03
 0.32967454796023E-03
 0.32343202344609E-03
 0.31735696414922E-03
 0.31141929890684E-03
 0.30564238218039E-03
 0.29999319323526E-03
 0.29449143308865E-03
 0.28915498107231E-03
 0.28391935966093E-03
 0.27883167141133E-03
 0.27389431922096E-03
 0.26902283112326E-03
 0.26427672037655E-03
 0.25966148368449E-03
 0.25515487946157E-03
 0.25074984454924E-03
 0.24645688921921E-03
 0.24225850477077E-03
 0.23813747898962E-03
 0.23415432701751E-03
 0.23023027850652E-03
 0.22641519456954E-03
 0.22268511644374E-03
 0.21901200146834E-03
 0.21546593243002E-03
 0.21194463857104E-03
 0.20854574004660E-03
 0.20519641308212E-03
 0.20192207710993E-03
 0.19872510905594E-03
 0.19558998826695E-03
 0.19252463356792E-03
 0.18952135597847E-03
