 0.98445526788544E+00
 0.98445526788544E+00
 0.98445526788544E+00
 0.98445526788544E+00
 0.98445526788544E+00
 0.98445526788544E+00
 0.98445526788544E+00
 0.98445526788544E+00
 0.98445526788544E+00
 0.98445524117202E+00
 0.98445644462219E+00
 0.98445474659539E+00
 0.98445353785076E+00
 0.98445434386831E+00
 0.98445270496311E+00
 0.98445338818560E+00
 0.98445295250129E+00
 0.98445486664520E+00
 0.98445416196184E+00
 0.98445289072232E+00
 0.98445355309864E+00
 0.98445475728037E+00
 0.98445432953585E+00
 0.98445154454734E+00
 0.98445078510554E+00
 0.98445297348158E+00
 0.98445380260766E+00
 0.98445206462217E+00
 0.98445047489668E+00
 0.98445320736475E+00
 0.98445662707265E+00
 0.98444969497622E+00
 0.98446178583262E+00
 0.98446177620486E+00
 0.98445745732020E+00
 0.98446518248468E+00
 0.98445887102791E+00
 0.98445884853461E+00
 0.98447079847937E+00
 0.98446112089213E+00
 0.98445120119345E+00
 0.98446609227454E+00
 0.98445820974471E+00
 0.98447200058542E+00
 0.98448014931885E+00
 0.98448026902678E+00
 0.98447943428786E+00
 0.98447176456069E+00
 0.98446298093345E+00
 0.98447959841853E+00
 0.98446132736841E+00
 0.98448439188346E+00
 0.98447319496065E+00
 0.98446884011893E+00
 0.98446904543901E+00
 0.98448560985315E+00
 0.98443809272825E+00
 0.98445864098775E+00
 0.98448464928372E+00
 0.98447615940063E+00
 0.98448537274832E+00
 0.98448317813314E+00
 0.98444188071962E+00
 0.98447783218695E+00
 0.98442774867971E+00
 0.98448130624245E+00
 0.98448318477847E+00
 0.98440168393321E+00
 0.98448531387204E+00
 0.98442610834421E+00
 0.98447777241564E+00
 0.98446623939794E+00
 0.98445426659660E+00
 0.98447508261285E+00
 0.98442918498171E+00
 0.98448435356212E+00
 0.98446656810452E+00
 0.98443371133113E+00
 0.98442324346045E+00
 0.98442770094922E+00
 0.98443917191601E+00
 0.98444899567438E+00
 0.98447358756738E+00
 0.98443481910550E+00
 0.98444236650188E+00
 0.98447521428496E+00
 0.98443387657857E+00
 0.98440841658531E+00
 0.98442766405504E+00
 0.98443106786059E+00
 0.98446797700095E+00
 0.98446269590421E+00
 0.98442670325834E+00
 0.98447655740478E+00
 0.98442486404966E+00
 0.98443801186971E+00
 0.98443227661486E+00
 0.98442572283948E+00
 0.98448231795481E+00
 0.98448301889449E+00
 0.98444385446710E+00
 0.98443944063341E+00
 0.98444784875797E+00
 0.98444829632542E+00
 0.98446792193392E+00
 0.98448813022962E+00
 0.98444492939467E+00
 0.98441717375866E+00
 0.98442721051996E+00
 0.98446585277275E+00
 0.98451501171162E+00
 0.98448127426062E+00
 0.98453002900614E+00
 0.98450178862106E+00
 0.98450659022455E+00
 0.98451158425918E+00
 0.98450414717594E+00
 0.98452811526456E+00
 0.98454375281373E+00
 0.98456622972279E+00
 0.98456597096755E+00
 0.98459578482532E+00
 0.98460920492218E+00
 0.98465652984967E+00
 0.98469255101276E+00
 0.98469384280867E+00
 0.98472853936845E+00
 0.98476395652910E+00
 0.98483373817391E+00
 0.98487926297589E+00
 0.98485097423251E+00
 0.98491288843956E+00
 0.98496989209408E+00
 0.98500639875727E+00
 0.98503999186602E+00
 0.98509627415927E+00
 0.98520297251219E+00
 0.98518971478954E+00
 0.98529440561163E+00
 0.98527685096405E+00
 0.98532469929931E+00
 0.98536190568732E+00
 0.98547245536038E+00
 0.98546424077173E+00
 0.98549892992299E+00
 0.98554905050164E+00
 0.98555531714164E+00
 0.98563306249341E+00
 0.98563452864278E+00
 0.98564254706074E+00
 0.98565913492545E+00
 0.98569916796841E+00
 0.98570189076903E+00
 0.98576083809292E+00
 0.98571640031321E+00
 0.98576297457518E+00
 0.98575029650870E+00
 0.98568682892084E+00
 0.98564066871694E+00
 0.98564382250445E+00
 0.98561434285280E+00
 0.98559055579550E+00
 0.98555288569364E+00
 0.98548873375839E+00
 0.98544027996781E+00
 0.98537335122906E+00
 0.98529292625482E+00
 0.98524368104172E+00
 0.98512000723503E+00
 0.98502930310809E+00
 0.98488589303349E+00
 0.98480125759510E+00
 0.98458506733643E+00
 0.98450737626527E+00
 0.98435329051127E+00
 0.98417765906102E+00
 0.98396458805879E+00
 0.98381303815617E+00
 0.98357219914476E+00
 0.98338440333666E+00
 0.98311385702831E+00
 0.98282064304309E+00
 0.98265168595742E+00
 0.98233032696159E+00
 0.98208118813689E+00
 0.98176232190877E+00
 0.98149921415928E+00
 0.98115218964922E+00
 0.98082704482000E+00
 0.98040694256170E+00
 0.98004937460687E+00
 0.97963592943166E+00
 0.97928397153634E+00
 0.97888019950430E+00
 0.97841923722181E+00
 0.97799696735856E+00
 0.97749420589776E+00
 0.97712641512269E+00
 0.97656062401553E+00
 0.97609620489492E+00
 0.97558233422232E+00
 0.97503630991927E+00
 0.97451374361308E+00
 0.97398497069364E+00
 0.97334568617751E+00
 0.97286632125707E+00
 0.97225481792677E+00
 0.97162932110917E+00
 0.97094387109636E+00
 0.97033667872903E+00
 0.96963901316068E+00
 0.96895478050775E+00
 0.96835392559571E+00
 0.96755797783783E+00
 0.96694092696533E+00
 0.96612203357367E+00
 0.96547665111030E+00
 0.96462124544153E+00
 0.96393651115654E+00
 0.96309493706407E+00
 0.96231559081353E+00
 0.96148952906599E+00
 0.96073625964812E+00
 0.95983605788753E+00
 0.95899126766782E+00
 0.95811297086548E+00
 0.95726675576291E+00
 0.95633541465952E+00
 0.95550335254410E+00
 0.95459798871458E+00
 0.95363114654667E+00
 0.95277908415833E+00
 0.95184548819998E+00
 0.95078714023376E+00
 0.94979349320012E+00
 0.94886859779228E+00
 0.94792619539263E+00
 0.94685001580244E+00
 0.94588155132527E+00
 0.94485039491634E+00
 0.94383122534205E+00
 0.94276413378773E+00
 0.94170610695136E+00
 0.94065432656406E+00
 0.93956535215572E+00
 0.93859988354914E+00
 0.93749619438155E+00
 0.93640456180253E+00
 0.93522720072609E+00
 0.93416612098902E+00
 0.93302343762026E+00
 0.93190428858183E+00
 0.93071033550719E+00
 0.92963208266743E+00
 0.92835041517823E+00
 0.92723671232889E+00
 0.92604373366070E+00
 0.92486715995784E+00
 0.92364320466058E+00
 0.92256648233551E+00
 0.92128535530998E+00
 0.92007412374886E+00
 0.91878254077512E+00
 0.91769369430270E+00
 0.91644304330230E+00
 0.91517161583311E+00
 0.91388917550171E+00
 0.91263541525924E+00
 0.91141256613095E+00
 0.91023776025702E+00
 0.90894241551430E+00
 0.90761884775139E+00
 0.90631048331813E+00
 0.90503439389493E+00
 0.90369707580634E+00
 0.90244598714353E+00
 0.90117251619038E+00
 0.89994571751383E+00
 0.89853858731233E+00
 0.89729770909878E+00
 0.89601018346278E+00
 0.89462025528555E+00
 0.89337137296362E+00
 0.89199404841296E+00
 0.89061502666259E+00
 0.88927074883651E+00
 0.88803311096949E+00
 0.88660390602229E+00
 0.88526198689186E+00
 0.88392831186034E+00
 0.88264190863423E+00
 0.88117041887461E+00
 0.87985810363847E+00
 0.87857790909874E+00
 0.87719599029708E+00
 0.87568725434064E+00
 0.87444619344753E+00
 0.87301194238844E+00
 0.87172279871824E+00
 0.87028381077064E+00
