 0.16434232347461E+00
 0.16434232347457E+00
 0.16434232347403E+00
 0.16434232346865E+00
 0.16434232342544E+00
 0.16434232326739E+00
 0.16434232175710E+00
 0.16434231349438E+00
 0.16434228584599E+00
 0.16434221352161E+00
 0.16434205373785E+00
 0.16434174413459E+00
 0.16434121096726E+00
 0.16434035131285E+00
 0.16433905604203E+00
 0.16433723119784E+00
 0.16433470195068E+00
 0.16433137207520E+00
 0.16432714998067E+00
 0.16432183687825E+00
 0.16431528526181E+00
 0.16430742556251E+00
 0.16429813745513E+00
 0.16428727848836E+00
 0.16427466951785E+00
 0.16426026012432E+00
 0.16424385619504E+00
 0.16422526991270E+00
 0.16420454717865E+00
 0.16418146259390E+00
 0.16415578796731E+00
 0.16412746603068E+00
 0.16409637553246E+00
 0.16406220035357E+00
 0.16402494661714E+00
 0.16398415641389E+00
 0.16394033970500E+00
 0.16389238302097E+00
 0.16384067341078E+00
 0.16378528236500E+00
 0.16372558743240E+00
 0.16366168466342E+00
 0.16359413119070E+00
 0.16352121024164E+00
 0.16344418161744E+00
 0.16336204776772E+00
 0.16327525041503E+00
 0.16318365452175E+00
 0.16308722872455E+00
 0.16298520290525E+00
 0.16287868215537E+00
 0.16276695491325E+00
 0.16265013131229E+00
 0.16252874005787E+00
 0.16239976033513E+00
 0.16226721854964E+00
 0.16212963090587E+00
 0.16198748299030E+00
 0.16183847992868E+00
 0.16168320973900E+00
 0.16152422808135E+00
 0.16135936071141E+00
 0.16118914640719E+00
 0.16101267165495E+00
 0.16083166971140E+00
 0.16064476544410E+00
 0.16044921865084E+00
 0.16025383658912E+00
 0.16004390553294E+00
 0.15983722147211E+00
 0.15961635292396E+00
 0.15939405454160E+00
 0.15915825435136E+00
 0.15892261556722E+00
 0.15867958454171E+00
 0.15842776236102E+00
 0.15816940175046E+00
 0.15790276031146E+00
 0.15762626295294E+00
 0.15734965301191E+00
 0.15705413139022E+00
 0.15675310968339E+00
 0.15644975354615E+00
 0.15613069750881E+00
 0.15580134959613E+00
 0.15545873616169E+00
 0.15511263399505E+00
 0.15475363116863E+00
 0.15437638076106E+00
 0.15399411091818E+00
 0.15360073953634E+00
 0.15318307870448E+00
 0.15276521296624E+00
 0.15232699605882E+00
 0.15187176461060E+00
 0.15139681443037E+00
 0.15091237265764E+00
 0.15040819122162E+00
 0.14988554335719E+00
 0.14934339611234E+00
 0.14877987759377E+00
 0.14819849326937E+00
 0.14759657106974E+00
 0.14696481222821E+00
 0.14631243691191E+00
 0.14563769108804E+00
 0.14493637170658E+00
 0.14420305027145E+00
 0.14343388266306E+00
 0.14264825684269E+00
 0.14181978458813E+00
 0.14095626791178E+00
 0.14006169101156E+00
 0.13912294856645E+00
 0.13814184829349E+00
 0.13714332118056E+00
 0.13606075825634E+00
 0.13494944526624E+00
 0.13378976897603E+00
 0.13258157194384E+00
 0.13130862770569E+00
 0.12998396899067E+00
 0.12858453518411E+00
 0.12714256902620E+00
 0.12560311648472E+00
 0.12402078029577E+00
 0.12235122415157E+00
 0.12056502452391E+00
 0.11869614807999E+00
 0.11676345297152E+00
 0.11470420266985E+00
 0.11254536950893E+00
 0.11030679466417E+00
 0.10790147882978E+00
 0.10537814349303E+00
 0.10274440076557E+00
 0.99964363228554E-01
 0.97008423398390E-01
 0.93924476545881E-01
 0.90709111654319E-01
 0.87293391605359E-01
 0.83734720543540E-01
 0.80022650695155E-01
 0.76177112602697E-01
 0.72145613053550E-01
 0.68036506754555E-01
 0.63885385460977E-01
 0.59642131832094E-01
 0.55396243742650E-01
 0.51196489184695E-01
 0.47183138577598E-01
 0.43243989025514E-01
 0.39566151536160E-01
 0.36091332679388E-01
 0.32864732360238E-01
 0.29920812564087E-01
 0.27218919275021E-01
 0.24776420138161E-01
 0.22571688215564E-01
 0.20578189147724E-01
 0.18799395188497E-01
 0.17203696514252E-01
 0.15768587128101E-01
 0.14488235252011E-01
 0.13338184841477E-01
 0.12298552179856E-01
 0.11373927373464E-01
 0.10532055482210E-01
 0.97757767213199E-02
 0.90883658489249E-02
 0.84679851851274E-02
 0.78999427574453E-02
 0.73898246757183E-02
 0.69195865299767E-02
 0.64930180715874E-02
 0.60992698183454E-02
 0.57386815438670E-02
 0.54070957656203E-02
 0.51033508746230E-02
 0.48234357672012E-02
 0.45636238915414E-02
 0.43224988922433E-02
 0.40991149132949E-02
 0.38924939560940E-02
 0.37007954236236E-02
 0.35210985169726E-02
 0.33537574524888E-02
 0.31974938927950E-02
 0.30522801499502E-02
 0.29150575823921E-02
 0.27873293365801E-02
 0.26668664429174E-02
 0.25531339942738E-02
 0.24470736990352E-02
 0.23469309105994E-02
 0.22523596534060E-02
 0.21631411254797E-02
 0.20791577071557E-02
 0.19994072551739E-02
 0.19237899498370E-02
