 0.10000000133514E-09
 0.10000000133514E-09
 0.10000000133514E-09
 0.10000000133514E-09
 0.10000000133514E-09
 0.10000000133514E-09
 0.10000000133514E-09
 0.10000000133514E-09
 0.10000000133514E-09
 0.10000000133514E-09
 0.10000000133514E-09
 0.10000000133514E-09
 0.10000000133514E-09
 0.10000000133514E-09
 0.10000000133514E-09
 0.10000000133514E-09
 0.10000000133514E-09
 0.10000000133514E-09
 0.10000000133514E-09
 0.10000000133514E-09
 0.10000000133514E-09
 0.10000000133514E-09
 0.10000000133514E-09
 0.10000000133514E-09
 0.10000000133514E-09
 0.10000000133514E-09
 0.41654172834286E-07
 0.41654172834286E-07
 0.13286593560587E-06
 0.22290201995382E-06
 0.35916762418742E-06
 0.56254942620024E-06
 0.85863450826343E-06
 0.12800238971011E-05
 0.18674759304774E-05
 0.26710941341559E-05
 0.37514676924608E-05
 0.51810951219813E-05
 0.70453099829771E-05
 0.94432286723231E-05
 0.12489882457858E-04
 0.16315705267686E-04
 0.21067905136797E-04
 0.26914528608454E-04
 0.34038388792074E-04
 0.42646074935314E-04
 0.52961310299478E-04
 0.65230436688654E-04
 0.79721209602182E-04
 0.96723997684931E-04
 0.11654907326839E-03
 0.13953254456216E-03
 0.16603012165716E-03
 0.19641951181764E-03
 0.23112300821331E-03
 0.27054889157265E-03
 0.31515183699499E-03
 0.36540808607771E-03
 0.42183028428448E-03
 0.48494836624387E-03
 0.55528996022339E-03
 0.63343902264186E-03
 0.71997811544158E-03
 0.81562827789722E-03
 0.92092786168692E-03
 0.10365540784659E-02
 0.11633132224844E-02
 0.13018417684750E-02
 0.14530846258725E-02
 0.16174296957561E-02
 0.17978458483017E-02
 0.19917593506266E-02
 0.22015983211764E-02
 0.24282197080599E-02
 0.26725450566504E-02
 0.29358180211129E-02
 0.32188199450551E-02
 0.35225334385276E-02
 0.38485151088391E-02
 0.41970794363557E-02
 0.45706263868514E-02
 0.49696503861280E-02
 0.53943987622398E-02
 0.58482707890140E-02
 0.63318484427436E-02
 0.68460041152919E-02
 0.73923266237979E-02
 0.79730125328358E-02
 0.85896907743274E-02
 0.92427690805295E-02
 0.99344382661269E-02
 0.10668555862687E-01
 0.11443374672097E-01
 0.12264609037047E-01
 0.13131898937943E-01
 0.14049219586979E-01
 0.15017199077008E-01
 0.16038224285971E-01
 0.17115974129580E-01
 0.18252470207837E-01
 0.19450208016160E-01
 0.20712854472587E-01
 0.22040278100697E-01
 0.23441667487349E-01
 0.24913604879117E-01
 0.26464488132580E-01
 0.28094531890090E-01
 0.29808598543303E-01
 0.31614220725502E-01
 0.33508272775246E-01
 0.35500445235053E-01
 0.37596752809815E-01
 0.39795187079636E-01
 0.42108042171230E-01
 0.44538134421586E-01
 0.47079677450058E-01
 0.49764923370811E-01
 0.52580423461637E-01
 0.55531374529006E-01
 0.58626621891664E-01
 0.61883650008523E-01
 0.65296970750821E-01
 0.68886046625778E-01
 0.72642451672380E-01
 0.76595733063444E-01
 0.80726882447368E-01
 0.85071258939134E-01
 0.89638811477451E-01
 0.94430839310252E-01
 0.99440176710984E-01
 0.10469843863734E+00
 0.11021245070774E+00
 0.11595892460825E+00
 0.12201132702739E+00
 0.12833629010256E+00
 0.13493288489685E+00
 0.14182506306233E+00
 0.14903270409877E+00
 0.15653449417128E+00
 0.16430165088695E+00
 0.17239175954356E+00
 0.18075578052100E+00
 0.18938003927712E+00
 0.19823171454448E+00
 0.20733565693425E+00
 0.21657887011797E+00
 0.22591405438673E+00
 0.23535030451054E+00
 0.24479434956901E+00
 0.25418462530874E+00
 0.26340758214093E+00
 0.27252143616927E+00
 0.28139269821595E+00
 0.29005576481155E+00
 0.29848303976080E+00
 0.30665765343627E+00
 0.31461240043801E+00
 0.32234415293481E+00
 0.32987280554834E+00
 0.33722150681239E+00
 0.34439303557767E+00
 0.35140947400265E+00
 0.35828529370955E+00
 0.36502568932682E+00
 0.37164397106439E+00
 0.37814925095802E+00
 0.38454149338105E+00
 0.39083345632333E+00
 0.39702501493937E+00
 0.40312110164709E+00
 0.40912223578393E+00
 0.41503471690258E+00
 0.42085630242779E+00
 0.42659122450969E+00
 0.43224039759406E+00
 0.43780564213728E+00
 0.44328871525810E+00
 0.44868947834872E+00
 0.45400871931826E+00
 0.45924944386724E+00
 0.46441167946111E+00
 0.46949732360669E+00
 0.47450672663754E+00
 0.47944145548704E+00
 0.48430216734349E+00
 0.48909125460056E+00
 0.49380862834423E+00
 0.49845604320353E+00
 0.50303456197452E+00
 0.50754550687103E+00
 0.51198968668056E+00
 0.51636903163854E+00
 0.52068447096810E+00
 0.52493657948425E+00
 0.52912696993765E+00
 0.53325673917743E+00
 0.53732741760440E+00
 0.54133950044796E+00
 0.54529464317489E+00
 0.54919356660277E+00
