 0.25955948765236E+10
 0.25957148730912E+10
 0.25959148576897E+10
 0.25961948734867E+10
 0.25965548504590E+10
 0.25969948552159E+10
 0.25975148633276E+10
 0.25981148473157E+10
 0.25987948407824E+10
 0.25995548376198E+10
 0.26003948332224E+10
 0.26013148306996E+10
 0.26023148149527E+10
 0.26033948131411E+10
 0.26045548067875E+10
 0.26057948126351E+10
 0.26071148140219E+10
 0.26085148447805E+10
 0.26099948660251E+10
 0.26115549210877E+10
 0.26131949849423E+10
 0.26149150706697E+10
 0.26167152034626E+10
 0.26185953500363E+10
 0.26205555648262E+10
 0.26225958083069E+10
 0.26247161592741E+10
 0.26269165808295E+10
 0.26291970352597E+10
 0.26315575860228E+10
 0.26339982518134E+10
 0.26365189795386E+10
 0.26391198532898E+10
 0.26418008033684E+10
 0.26445617950563E+10
 0.26474029478871E+10
 0.26503240908844E+10
 0.26533253219922E+10
 0.26564065598934E+10
 0.26595677515598E+10
 0.26628089988292E+10
 0.26661301682677E+10
 0.26695309869785E+10
 0.26730119771123E+10
 0.26765724577218E+10
 0.26802126877209E+10
 0.26839324868069E+10
 0.26877317326855E+10
 0.26916104122352E+10
 0.26955683437856E+10
 0.26996051653841E+10
 0.27037209413617E+10
 0.27079154287001E+10
 0.27121885917102E+10
 0.27165399669418E+10
 0.27209694951387E+10
 0.27254766462095E+10
 0.27300614112769E+10
 0.27347233300770E+10
 0.27394621238236E+10
 0.27442776674906E+10
 0.27491690861496E+10
 0.27541359023452E+10
 0.27591782414857E+10
 0.27642947459670E+10
 0.27694854966364E+10
 0.27747499002592E+10
 0.27800880614889E+10
 0.27854978567659E+10
 0.27909790866081E+10
 0.27965312336966E+10
 0.28021540371763E+10
 0.28078463894002E+10
 0.28136058190023E+10
 0.28194338577343E+10
 0.28253278517610E+10
 0.28312891809735E+10
 0.28373152449323E+10
 0.28434030843598E+10
 0.28495561617611E+10
 0.28557697791777E+10
 0.28620409065352E+10
 0.28683751534438E+10
 0.28747656127382E+10
 0.28812116978305E+10
 0.28877167132608E+10
 0.28942717894806E+10
 0.29008828815209E+10
 0.29075415067489E+10
 0.29142511856239E+10
 0.29210085368476E+10
 0.29278136807891E+10
 0.29346629166110E+10
 0.29415513646221E+10
 0.29484846607544E+10
 0.29554605090375E+10
 0.29624683398287E+10
 0.29695131143097E+10
 0.29765922617365E+10
 0.29837027094993E+10
 0.29908424612697E+10
 0.29980120746355E+10
 0.30052033027748E+10
 0.30124203409209E+10
 0.30196548662038E+10
 0.30269125327800E+10
 0.30341778816746E+10
 0.30414591319387E+10
 0.30487583218846E+10
 0.30560678668179E+10
 0.30633701363656E+10
 0.30706740577039E+10
 0.30779923968520E+10
 0.30852991805897E+10
 0.30925969453290E+10
 0.30998970236803E+10
 0.31071674761447E+10
 0.31144405077991E+10
 0.31216804123679E+10
 0.31289072047526E+10
 0.31361102823671E+10
 0.31432879764497E+10
 0.31504280808458E+10
 0.31575498006127E+10
 0.31646217911526E+10
 0.31716438534555E+10
 0.31786528119736E+10
 0.31855955570174E+10
 0.31924860058388E+10
 0.31993605791346E+10
 0.32061819314890E+10
 0.32129341784485E+10
 0.32196572902976E+10
 0.32263134772935E+10
 0.32329582206917E+10
 0.32395465677456E+10
 0.32461234842341E+10
 0.32526586849420E+10
 0.32591936585574E+10
 0.32657568705459E+10
 0.32723214752671E+10
 0.32789224850976E+10
 0.32856222716198E+10
 0.32924004289937E+10
 0.32992890187276E+10
 0.33063403781668E+10
 0.33135915006500E+10
 0.33210272109973E+10
 0.33287061283641E+10
 0.33366252535095E+10
 0.33448176102252E+10
 0.33532432627077E+10
 0.33619153821859E+10
 0.33707866989722E+10
 0.33798651463484E+10
 0.33891448846312E+10
 0.33985893201006E+10
 0.34082051330181E+10
 0.34179720394245E+10
 0.34278879190965E+10
 0.34379500914927E+10
 0.34481630981299E+10
 0.34585256137390E+10
 0.34690007191953E+10
 0.34796474193470E+10
 0.34904399488155E+10
 0.35013509350055E+10
 0.35124137758293E+10
 0.35236065396888E+10
 0.35349261656889E+10
 0.35463796961845E+10
 0.35579682292659E+10
 0.35696794227709E+10
 0.35815234711745E+10
 0.35934913988769E+10
 0.36055706176843E+10
 0.36177702562318E+10
 0.36300983831902E+10
 0.36425350568160E+10
 0.36550802208105E+10
 0.36677329719687E+10
 0.36805243199228E+10
 0.36934093052400E+10
 0.37063907464578E+10
 0.37195009947512E+10
 0.37327027828016E+10
 0.37460179691282E+10
 0.37594303698479E+10
 0.37729380651948E+10
 0.37865756609365E+10
 0.38002915386098E+10
 0.38141142941120E+10
 0.38280468803551E+10
 0.38420593149285E+10
 0.38561753080607E+10
 0.38703940344446E+10
 0.38847043479047E+10
 0.38991202236229E+10
 0.39136215659967E+10
 0.39282229945592E+10
