 0.77828127914593E+07
 0.77828127914647E+07
 0.77828127915301E+07
 0.77828127918517E+07
 0.77828127940319E+07
 0.77828128089108E+07
 0.77828129398257E+07
 0.77828135132704E+07
 0.77828154248333E+07
 0.77828204368787E+07
 0.77828314347382E+07
 0.77828523524244E+07
 0.77828883628843E+07
 0.77829457172102E+07
 0.77830307447645E+07
 0.77831519138758E+07
 0.77833160628891E+07
 0.77835309938815E+07
 0.77838042128794E+07
 0.77841429600979E+07
 0.77845564955088E+07
 0.77850463965741E+07
 0.77856213414123E+07
 0.77862860926671E+07
 0.77870461377486E+07
 0.77879049962031E+07
 0.77888682427902E+07
 0.77899322951711E+07
 0.77911022434090E+07
 0.77923825064267E+07
 0.77937778722358E+07
 0.77952793087830E+07
 0.77968960226496E+07
 0.77986317684048E+07
 0.78004706835256E+07
 0.78024269063737E+07
 0.78044937380125E+07
 0.78066798997645E+07
 0.78089681132909E+07
 0.78113522217220E+07
 0.78138708421863E+07
 0.78164803180110E+07
 0.78191805696931E+07
 0.78219758321723E+07
 0.78248790227942E+07
 0.78278571689891E+07
 0.78308837348526E+07
 0.78339715187566E+07
 0.78371214718489E+07
 0.78403120029174E+07
 0.78435035856470E+07
 0.78467071995666E+07
 0.78498810612530E+07
 0.78530185637012E+07
 0.78560987130266E+07
 0.78590864254734E+07
 0.78619465479862E+07
 0.78646840517998E+07
 0.78672161567680E+07
 0.78694864247484E+07
 0.78716148423600E+07
 0.78733227975699E+07
 0.78746885782208E+07
 0.78757358541520E+07
 0.78762351774916E+07
 0.78763678686486E+07
 0.78758718683678E+07
 0.78746270717162E+07
 0.78728272641634E+07
 0.78701904697263E+07
 0.78668817817321E+07
 0.78626210652389E+07
 0.78572439965033E+07
 0.78510491729791E+07
 0.78435562667584E+07
 0.78349546010650E+07
 0.78249961922057E+07
 0.78137286712041E+07
 0.78007825558819E+07
 0.77863990214166E+07
 0.77702532062478E+07
 0.77522677708547E+07
 0.77323514781935E+07
 0.77103975392129E+07
 0.76863903550119E+07
 0.76599504977814E+07
 0.76310511203474E+07
 0.75996564705642E+07
 0.75655088752204E+07
 0.75284980553220E+07
 0.74883423676984E+07
 0.74449253523791E+07
 0.73981646030529E+07
 0.73478154234770E+07
 0.72935657687194E+07
 0.72353854593567E+07
 0.71728470601746E+07
 0.71058816441043E+07
 0.70341776916731E+07
 0.69574533238199E+07
 0.68753111357908E+07
 0.67877019751085E+07
 0.66942196347101E+07
 0.65943273154025E+07
 0.64876086273754E+07
 0.63740221398581E+07
 0.62532620331854E+07
 0.61239228429605E+07
 0.59864554313904E+07
 0.58403941972055E+07
 0.56851130326815E+07
 0.55193566135025E+07
 0.53431668964762E+07
 0.51554037315532E+07
 0.49549362333488E+07
 0.47425621948165E+07
 0.45167026369636E+07
 0.42762667601932E+07
 0.40199578132007E+07
 0.37481436599953E+07
 0.34601320958366E+07
 0.31556908176940E+07
 0.28314977497891E+07
 0.24899925097152E+07
 0.21344083142376E+07
 0.17666325573835E+07
 0.13905763365648E+07
 0.10078925112102E+07
 0.63154404042079E+06
 0.27234281084227E+06
-0.62854935206507E+05
-0.36785320417581E+06
-0.63313209217094E+06
-0.86112806891219E+06
-0.10521736006381E+07
-0.12053675319243E+07
-0.13278592687412E+07
-0.14211910554826E+07
-0.14894452758132E+07
-0.15359311358816E+07
-0.15643952132793E+07
-0.15782531085582E+07
-0.15797058185542E+07
-0.15709529655218E+07
-0.15540889134782E+07
-0.15304926764160E+07
-0.15017646999936E+07
-0.14688972445291E+07
-0.14329102477271E+07
-0.13945579292077E+07
-0.13545198064038E+07
-0.13133468726203E+07
-0.12714369326311E+07
-0.12292834743053E+07
-0.11870908930823E+07
-0.11452012030062E+07
-0.11037666357814E+07
-0.10629944296192E+07
-0.10229638572465E+07
-0.98385038323666E+06
-0.94572864663863E+06
-0.90858163585077E+06
-0.87252441904792E+06
-0.83756452995758E+06
-0.80379198006617E+06
-0.77109135636419E+06
-0.73954213967056E+06
-0.70912167541510E+06
-0.67981602752056E+06
-0.65162043604607E+06
-0.62456812736839E+06
-0.59847735340552E+06
-0.57345240415732E+06
-0.54950285920957E+06
-0.52646543540309E+06
-0.50435967094900E+06
-0.48327445280011E+06
-0.46299646986797E+06
-0.44360416202733E+06
-0.42498057903295E+06
-0.40729711881161E+06
-0.39028671971675E+06
-0.37405537261475E+06
-0.35842348131970E+06
-0.34359312186590E+06
-0.32932633675035E+06
-0.31578261955211E+06
-0.30278646448809E+06
-0.29037680914240E+06
-0.27849659754608E+06
-0.26717798132772E+06
-0.25631353512202E+06
-0.24593990054203E+06
-0.23605121350716E+06
-0.22660171997096E+06
-0.21760602027761E+06
-0.20899297411930E+06
-0.20073441050837E+06
-0.19285406447876E+06
-0.18535788468964E+06
-0.17816995606002E+06
-0.17133709941636E+06
-0.16475271729952E+06
-0.15851040710718E+06
-0.15250206017643E+06
-0.14681352191193E+06
-0.14134513734533E+06
-0.13612013612684E+06
-0.13113015356712E+06
-0.12637945254406E+06
-0.12180582097563E+06
-0.11745761250337E+06
-0.11327022677015E+06
-0.10930690164774E+06
-0.10550677319712E+06
-0.10186652350502E+06
-0.98390741141302E+05
-0.95056326684279E+05
-0.91891348401227E+05
-0.88838403904906E+05
-0.85937874970883E+05
-0.83148030829908E+05
-0.80464899946390E+05
-0.77920226393900E+05
-0.75469194893376E+05
-0.73149754467300E+05
-0.70915141240627E+05
-0.68776522795261E+05
-0.66718669997276E+05
-0.64760296389003E+05
-0.62890278748770E+05
-0.61079973053184E+05
-0.59352552846785E+05
-0.57705800289537E+05
-0.56106632260810E+05
-0.54596969474140E+05
-0.53140202681456E+05
-0.51744266172069E+05
-0.50395319134228E+05
-0.49110668021159E+05
-0.47888055231389E+05
-0.46697841052224E+05
-0.45568667053926E+05
-0.44478666287875E+05
-0.43425653323755E+05
-0.42425848519374E+05
-0.41455389208221E+05
-0.40523847414808E+05
-0.39632321943587E+05
-0.38768483991595E+05
-0.37951910929038E+05
-0.37152478367065E+05
-0.36392172155018E+05
-0.35653431772689E+05
-0.34945998196947E+05
-0.34265056167835E+05
-0.33607567643827E+05
-0.32974867270711E+05
-0.32370856063610E+05
-0.31776226836543E+05
-0.31215920289808E+05
-0.30660199014727E+05
-0.30135315017339E+05
-0.29627226246483E+05
-0.29138982750132E+05
-0.28656206305394E+05
-0.28197205792619E+05
-0.27753396652676E+05
-0.27326055873040E+05
-0.26908602990101E+05
-0.26505850887042E+05
-0.26121234466513E+05
-0.25740084658998E+05
-0.25371758846400E+05
-0.25019663327164E+05
-0.24675320038351E+05
-0.24339882353326E+05
-0.24024880561454E+05
-0.23705679563685E+05
-0.23399631106647E+05
-0.23106514852638E+05
-0.22816432712420E+05
-0.22537880956153E+05
-0.22266572216929E+05
-0.22002121955813E+05
-0.21741848068934E+05
-0.21494573675054E+05
-0.21249606979107E+05
-0.21013074278212E+05
-0.20782469259946E+05
-0.20551903540173E+05
-0.20336272556957E+05
-0.20116077343489E+05
-0.19908995283531E+05
-0.19702654056072E+05
-0.19500929418051E+05
-0.19304064138991E+05
-0.19112026255169E+05
-0.18923227541845E+05
-0.18738156819054E+05
