 0.61503569054433E+01
 0.61503569442521E+01
 0.61503571242289E+01
 0.61503576334659E+01
 0.61503587495692E+01
 0.61503608442607E+01
 0.61503643810685E+01
 0.61503698960625E+01
 0.61503779716016E+01
 0.61503891933016E+01
 0.61504041437240E+01
 0.61504233830912E+01
 0.61504477070900E+01
 0.61504776393813E+01
 0.61505143221394E+01
 0.61505580924866E+01
 0.61506105724900E+01
 0.61506729807172E+01
 0.61507467201019E+01
 0.61508335474903E+01
 0.61509339088477E+01
 0.61510520809770E+01
 0.61511884992499E+01
 0.61513448542071E+01
 0.61515225387254E+01
 0.61517230577318E+01
 0.61519461776030E+01
 0.61521950258176E+01
 0.61524686096946E+01
 0.61527648192690E+01
 0.61530809124891E+01
 0.61534189880299E+01
 0.61537726911286E+01
 0.61541369170960E+01
 0.61545145229540E+01
 0.61548947215560E+01
 0.61552746201986E+01
 0.61556445207615E+01
 0.61560048146288E+01
 0.61563517369842E+01
 0.61566607712958E+01
 0.61569431222667E+01
 0.61571902471167E+01
 0.61573925867299E+01
 0.61575362406915E+01
 0.61576267993529E+01
 0.61576657921897E+01
 0.61576391224274E+01
 0.61575377448988E+01
 0.61573622371933E+01
 0.61571192851701E+01
 0.61567946688725E+01
 0.61563969781098E+01
 0.61559200043880E+01
 0.61553576097418E+01
 0.61547227855374E+01
 0.61540149624689E+01
 0.61532231075528E+01
 0.61523697741959E+01
 0.61514662536491E+01
 0.61504512578239E+01
 0.61494282950021E+01
 0.61483520152699E+01
 0.61471978135957E+01
 0.61460462019966E+01
 0.61448101320187E+01
 0.61435791587746E+01
 0.61423889715921E+01
 0.61411344145720E+01
 0.61399229689590E+01
 0.61386611031911E+01
 0.61374454390084E+01
 0.61363257124300E+01
 0.61351415504091E+01
 0.61340824174735E+01
 0.61330299993383E+01
 0.61320636085444E+01
 0.61311282094407E+01
 0.61303667540496E+01
 0.61296026759637E+01
 0.61289632910942E+01
 0.61284200646142E+01
 0.61279906411756E+01
 0.61276488565578E+01
 0.61273235388988E+01
 0.61271615395122E+01
 0.61270793166374E+01
 0.61270045547007E+01
 0.61269764903173E+01
 0.61269306374225E+01
 0.61269311248010E+01
 0.61268680808143E+01
 0.61265790367738E+01
 0.61260349258165E+01
 0.61252622137072E+01
 0.61240302808597E+01
 0.61220319846443E+01
 0.61192383755232E+01
 0.61152189002486E+01
 0.61096213588022E+01
 0.61017774500406E+01
 0.60910727243718E+01
 0.60762952772866E+01
 0.60556263134656E+01
 0.60264011360366E+01
 0.59847617509259E+01
 0.59249360270348E+01
 0.58387742294554E+01
 0.57236638499654E+01
 0.55872175999043E+01
 0.54443045765123E+01
 0.53067222256015E+01
 0.51815785322304E+01
 0.50693825235561E+01
 0.49691630090793E+01
 0.48801313642000E+01
 0.47998663941896E+01
 0.47267361948684E+01
 0.46594329294512E+01
 0.45972341677720E+01
 0.45394134467959E+01
 0.44853273284842E+01
 0.44338780793248E+01
 0.43851888478493E+01
 0.43392462192229E+01
 0.42956002377856E+01
 0.42539321737490E+01
 0.42136854970431E+01
 0.41751498183030E+01
 0.41383363398587E+01
 0.41028497384268E+01
 0.40684211324468E+01
 0.40355284791884E+01
 0.40036118406455E+01
 0.39725932104123E+01
 0.39428862409904E+01
 0.39138110574890E+01
 0.38856547818454E+01
 0.38583741018755E+01
 0.38320060200588E+01
 0.38064593924207E+01
 0.37815408365813E+01
 0.37572911085688E+01
 0.37337636220252E+01
 0.37108291771696E+01
 0.36885903363405E+01
 0.36668439130024E+01
 0.36457316375987E+01
 0.36250761742546E+01
 0.36048886478748E+01
 0.35854461240627E+01
 0.35663215151764E+01
 0.35474988026317E+01
 0.35293135113143E+01
 0.35114487576048E+01
 0.34940911584006E+01
 0.34770824031878E+01
 0.34605195473080E+01
 0.34442319204215E+01
 0.34283974982174E+01
 0.34128995183575E+01
 0.33976722592217E+01
 0.33827973955806E+01
 0.33682233788853E+01
 0.33540146444460E+01
 0.33400399768056E+01
 0.33263556372738E+01
 0.33129558886877E+01
 0.32998017533839E+01
 0.32869234528582E+01
 0.32743374377721E+01
 0.32619279995404E+01
 0.32497671435330E+01
 0.32379181094788E+01
 0.32262044107687E+01
 0.32146963474787E+01
 0.32035022664130E+01
 0.31924223804298E+01
 0.31815770710554E+01
 0.31708612343227E+01
 0.31604775203344E+01
 0.31501883392498E+01
 0.31401224983379E+01
 0.31301035220547E+01
 0.31203912960710E+01
 0.31107427106785E+01
 0.31013684511407E+01
 0.30920672219633E+01
 0.30829702713399E+01
 0.30739662650869E+01
 0.30651554122499E+01
 0.30564339184182E+01
 0.30478466410721E+01
 0.30394185364254E+01
 0.30311350155178E+01
 0.30230174887430E+01
 0.30149845276686E+01
 0.30070499132632E+01
 0.29992377641470E+01
 0.29915780011962E+01
