 0.11076108624053E+04
 0.11076108624053E+04
 0.11076108624053E+04
 0.11076108624053E+04
 0.11076108624053E+04
 0.11076108624053E+04
 0.11076108624053E+04
 0.11076108624053E+04
 0.11076108624053E+04
 0.11076069849429E+04
 0.11077207589677E+04
 0.11075620357473E+04
 0.11074536527897E+04
 0.11075278816512E+04
 0.11073768013985E+04
 0.11074388962902E+04
 0.11074004255882E+04
 0.11075722226820E+04
 0.11075073314257E+04
 0.11073908208067E+04
 0.11074505137451E+04
 0.11075634452914E+04
 0.11075230248308E+04
 0.11072735383435E+04
 0.11072083062127E+04
 0.11074034957076E+04
 0.11074802993500E+04
 0.11073194081377E+04
 0.11071830621956E+04
 0.11074200282617E+04
 0.11077478399200E+04
 0.11071085734730E+04
 0.11081314682334E+04
 0.11081048703026E+04
 0.11076820361345E+04
 0.11087045485546E+04
 0.11079100914821E+04
 0.11077158438607E+04
 0.11090649971223E+04
 0.11082217984850E+04
 0.11074289425686E+04
 0.11087119891200E+04
 0.11079316943902E+04
 0.11095167712882E+04
 0.11109610486506E+04
 0.11108813958311E+04
 0.11106691103813E+04
 0.11093908169856E+04
 0.11084016853289E+04
 0.11107115762152E+04
 0.11080970460299E+04
 0.11123298174527E+04
 0.11095519278755E+04
 0.11087932215737E+04
 0.11090887695302E+04
 0.11128506017343E+04
 0.11122151492426E+04
 0.11079230439271E+04
 0.11144495382504E+04
 0.11100449131769E+04
 0.11130099980687E+04
 0.11114665328390E+04
 0.11065079191800E+04
 0.11106492521828E+04
 0.11097046097873E+04
 0.11109373568958E+04
 0.11120742356450E+04
 0.11198960820384E+04
 0.11140288939118E+04
 0.11088917875018E+04
 0.11164693170364E+04
 0.11179502595487E+04
 0.11074030541661E+04
 0.11164804866520E+04
 0.11107350575623E+04
 0.11141143421061E+04
 0.11086204414239E+04
 0.11117378245798E+04
 0.11184818592842E+04
 0.11171136112805E+04
 0.11155044481731E+04
 0.11073357956283E+04
 0.11169875601802E+04
 0.11203847079691E+04
 0.11135324100635E+04
 0.11156981559867E+04
 0.11166786323269E+04
 0.11194276486729E+04
 0.11178132496991E+04
 0.11155513310156E+04
 0.11165953090434E+04
 0.11094869960308E+04
 0.11179510429546E+04
 0.11114993828217E+04
 0.11115041652286E+04
 0.11207186475632E+04
 0.11125455481118E+04
 0.11176444024863E+04
 0.11137671346889E+04
 0.11119077449462E+04
 0.11112222291338E+04
 0.11152858031633E+04
 0.11122668532822E+04
 0.11121087589755E+04
 0.11178001226140E+04
 0.11101557126095E+04
 0.11200957786531E+04
 0.11078631039679E+04
 0.11083358217867E+04
 0.11135572523230E+04
 0.11122041802791E+04
 0.11118841285664E+04
 0.11167635956401E+04
 0.11192747578949E+04
 0.11209507301131E+04
 0.11072668973572E+04
 0.11212723248665E+04
 0.11218379286534E+04
 0.11079121567471E+04
 0.11087092679809E+04
 0.11100708333098E+04
 0.11113986365612E+04
 0.11101810615124E+04
 0.11177037953505E+04
 0.11139639173073E+04
 0.11113021328778E+04
 0.11101789620328E+04
 0.11164801154994E+04
 0.11112804610004E+04
 0.11194326011467E+04
 0.11215079992250E+04
 0.11091315842265E+04
 0.11137495583448E+04
 0.11209811872055E+04
 0.11173128488712E+04
 0.11177138826110E+04
 0.11161230993726E+04
 0.11146318018753E+04
 0.11122736095321E+04
 0.11239023849120E+04
 0.11162540697896E+04
 0.11195119957377E+04
 0.11128443986703E+04
 0.11131462694302E+04
 0.11174183172599E+04
 0.11116328593632E+04
 0.11209710784358E+04
 0.11113046733087E+04
 0.11246694721437E+04
 0.11168158201739E+04
 0.11189850546052E+04
 0.11180184161465E+04
 0.11195059915614E+04
 0.11208869049320E+04
 0.11184343822389E+04
 0.11249470158575E+04
 0.11257105946797E+04
 0.11242459204203E+04
 0.11274777044425E+04
 0.11264089946649E+04
 0.11278398828838E+04
 0.11241451383518E+04
 0.11240168077321E+04
 0.11240817807846E+04
 0.11272066313318E+04
 0.11356000573172E+04
 0.11366780559038E+04
 0.11328465171858E+04
 0.11305957778600E+04
 0.11288839967630E+04
 0.11336233910848E+04
 0.11262868980712E+04
 0.11358648272493E+04
 0.11375089188065E+04
 0.11327682457335E+04
 0.11303546207760E+04
 0.11432015901057E+04
 0.11415780243882E+04
 0.11350808369021E+04
 0.11441234688411E+04
 0.11404364988266E+04
 0.11474410866581E+04
 0.11445072859387E+04
 0.11473059422037E+04
 0.11497708485690E+04
 0.11498424060141E+04
 0.11465614234311E+04
 0.11497855450480E+04
 0.11529585045361E+04
 0.11542168182522E+04
 0.11565944506795E+04
 0.11545907478789E+04
 0.11611841601214E+04
 0.11646766293327E+04
 0.11689442809281E+04
 0.11656636440764E+04
 0.11684073817622E+04
 0.11633500451990E+04
 0.11704380017240E+04
 0.11719072753608E+04
 0.11804618960356E+04
 0.11686117634014E+04
 0.11844490500979E+04
 0.11828895516443E+04
 0.11828036527251E+04
 0.11772234359137E+04
 0.11880829267834E+04
 0.11883529654324E+04
 0.11837438796291E+04
 0.11936709946981E+04
 0.11922092040048E+04
 0.11962687347163E+04
 0.12008792914345E+04
 0.11912436731580E+04
 0.12037417582438E+04
 0.11990237843548E+04
 0.12041935667667E+04
 0.12032825750420E+04
 0.12098206117076E+04
 0.12071713556541E+04
 0.12173850304330E+04
 0.12127067053571E+04
 0.12262438380426E+04
 0.12160619511049E+04
 0.12222021521860E+04
 0.12276625070724E+04
 0.12225586265285E+04
 0.12370843639307E+04
 0.12265850646486E+04
 0.12413457152083E+04
 0.12448991592091E+04
 0.12413609718319E+04
 0.12370254824618E+04
 0.12421262475441E+04
 0.12456177896623E+04
 0.12576129590459E+04
 0.12568392198223E+04
 0.12537927208033E+04
 0.12524839797526E+04
 0.12585130406198E+04
 0.12591858223548E+04
 0.12700113123627E+04
 0.12629865330938E+04
 0.12738142372675E+04
 0.12716399292696E+04
 0.12692901145546E+04
 0.12832408171744E+04
 0.12764402672554E+04
 0.12833718261723E+04
 0.12878911761421E+04
 0.12947505649184E+04
 0.12997388519846E+04
 0.12978753000879E+04
 0.13001203983625E+04
 0.12970310059206E+04
 0.12975956322161E+04
 0.13027563130711E+04
 0.13101134480411E+04
 0.13077539367744E+04
 0.13065905216361E+04
 0.13206724653528E+04
 0.13100507823686E+04
 0.13196375953433E+04
 0.13195612913348E+04
 0.13323810310292E+04
 0.13379123339897E+04
 0.13390165975939E+04
 0.13353629081080E+04
 0.13465958039675E+04
 0.13490411946739E+04
 0.13441963311025E+04
 0.13501558862364E+04
 0.13417635280096E+04
 0.13571420017643E+04
 0.13643752263267E+04
 0.13501459071460E+04
 0.13606594692236E+04
 0.13676121626255E+04
 0.13666411738357E+04
 0.13676188677904E+04
 0.13764931581085E+04
 0.13744730685182E+04
 0.13793237699908E+04
 0.13816868862450E+04
 0.13888149980491E+04
 0.13965147519733E+04
 0.13872805240712E+04
 0.13982921313416E+04
 0.13915869096732E+04
 0.13977465748357E+04
 0.14025991279734E+04
 0.14109299118435E+04
 0.14074811496911E+04
 0.14037348104249E+04
 0.14142021330763E+04
 0.14105306540154E+04
 0.14147471683370E+04
 0.14167784874870E+04
 0.14176227704241E+04
 0.14321825673682E+04
