 0.67197792076794E+03
 0.67197792076794E+03
 0.67197792076794E+03
 0.67197792076794E+03
 0.67197792076794E+03
 0.67197823877565E+03
 0.67197734998231E+03
 0.67197756846389E+03
 0.67197660663052E+03
 0.67195495340662E+03
 0.67205188985754E+03
 0.67192827157642E+03
 0.67949582194605E+03
 0.67190633634510E+03
 0.67942965274651E+03
 0.67947477267217E+03
 0.67945972969675E+03
 0.67194404236533E+03
 0.67189493495517E+03
 0.67943914507355E+03
 0.67948071329734E+03
 0.67193495829407E+03
 0.67190470754046E+03
 0.67935253530545E+03
 0.67931080776140E+03
 0.67946942908067E+03
 0.67952494645371E+03
 0.67938655386447E+03
 0.68185766607219E+03
 0.67948466559800E+03
 0.67206390805787E+03
 0.68178501758768E+03
 0.67236357190117E+03
 0.67233625814859E+03
 0.67202510146678E+03
 0.67280125270283E+03
 0.67219231419418E+03
 0.67206001189487E+03
 0.67308134933567E+03
 0.67242346558784E+03
 0.67946479374071E+03
 0.67280051888165E+03
 0.67221712014252E+03
 0.67343049684446E+03
 0.67454300861369E+03
 0.67447489185941E+03
 0.67431751461707E+03
 0.67334353638279E+03
 0.67257969947566E+03
 0.67434860157997E+03
 0.67234918217952E+03
 0.67557798832365E+03
 0.67345548656382E+03
 0.67287955927379E+03
 0.67310215475537E+03
 0.67597215502658E+03
 0.68060905887621E+03
 0.67220160923712E+03
 0.67719535297227E+03
 0.67382487460011E+03
 0.67609155192075E+03
 0.67491191426410E+03
 0.68133602218451E+03
 0.67428222387115E+03
 0.67868977266137E+03
 0.67451098894077E+03
 0.67537673699247E+03
 0.67625958578229E+03
 0.67686254443508E+03
 0.67307819760570E+03
 0.67872650815304E+03
 0.67984457862771E+03
 0.68203059023141E+03
 0.67874637043327E+03
 0.67947994669472E+03
 0.67695341917860E+03
 0.68296326661475E+03
 0.68023647912278E+03
 0.67520654510656E+03
 0.67416361909191E+03
 0.67294251754915E+03
 0.68197403733893E+03
 0.67913969718844E+03
 0.68169582841819E+03
 0.67662378656288E+03
 0.67813700301057E+03
 0.67900868548880E+03
 0.67591656876858E+03
 0.67985362121866E+03
 0.67813812960753E+03
 0.67881538907348E+03
 0.68361640314728E+03
 0.67995091451260E+03
 0.68513593465685E+03
 0.68003064436193E+03
 0.68192504308883E+03
 0.68081869471069E+03
 0.67969310399571E+03
 0.68681315863271E+03
 0.68541461297460E+03
 0.68492833890030E+03
 0.68791689734481E+03
 0.68559806676631E+03
 0.68546159215536E+03
 0.68980214987175E+03
 0.68912748541778E+03
 0.69150009193887E+03
 0.69230244961597E+03
 0.69263744783949E+03
 0.69664707523070E+03
 0.69054661236024E+03
 0.69528715343289E+03
 0.69392823690560E+03
 0.69580762037001E+03
 0.69701438815539E+03
 0.69661390831441E+03
 0.69716631496041E+03
 0.69752691595725E+03
 0.70207478993995E+03
 0.70774669173321E+03
 0.70873266063752E+03
 0.70455089245314E+03
 0.70866036723068E+03
 0.71442664897156E+03
 0.71143541619745E+03
 0.70921529210414E+03
 0.71866314052515E+03
 0.71301900162744E+03
 0.71413889670963E+03
 0.71507653829118E+03
 0.72436376676048E+03
 0.72761797147122E+03
 0.72064902450677E+03
 0.72095959356427E+03
 0.72307763808131E+03
 0.72854415475690E+03
 0.72701464310492E+03
 0.73618604347554E+03
 0.73415380948763E+03
 0.73247252946081E+03
 0.73680518232836E+03
 0.73916631951255E+03
 0.73905454904116E+03
 0.74427673670771E+03
 0.74744647835555E+03
 0.74787552337676E+03
 0.74969135973391E+03
 0.74697598799766E+03
 0.74667229400050E+03
 0.75089028106217E+03
 0.75229986607938E+03
 0.75114387959441E+03
 0.75732100340304E+03
 0.76355819800496E+03
 0.76116823473577E+03
 0.76610992127121E+03
 0.76633201263337E+03
 0.76474504425907E+03
 0.76694326971363E+03
 0.77683970837343E+03
 0.77763486465449E+03
 0.77418572535397E+03
 0.77924873850626E+03
 0.77887218742368E+03
 0.78119726071915E+03
 0.78758798255150E+03
 0.78807909696810E+03
 0.78447063965005E+03
 0.79360351322992E+03
 0.78604680083204E+03
 0.79527710692862E+03
 0.80020496995596E+03
 0.79632336775369E+03
 0.79723588729646E+03
 0.80442463687203E+03
 0.80773514236395E+03
 0.80658590946283E+03
 0.81053013996652E+03
 0.81040464172266E+03
 0.81759594504775E+03
 0.81416501993506E+03
 0.81951550685586E+03
 0.81667419896963E+03
 0.81859153510659E+03
 0.82021408257248E+03
 0.83162592142452E+03
 0.82835019896493E+03
 0.83064317440623E+03
 0.83287366203197E+03
 0.83341518736299E+03
 0.83505627761793E+03
 0.83899458434435E+03
 0.85023412740531E+03
 0.84046949707683E+03
 0.84356293867783E+03
 0.84651828012772E+03
 0.84834443237767E+03
 0.86206797747793E+03
 0.86139477242379E+03
 0.86221607157153E+03
 0.86282720164547E+03
 0.87087623803423E+03
 0.87158388718852E+03
 0.86981551004442E+03
 0.86897687974750E+03
 0.86995212087688E+03
 0.87265160938251E+03
 0.88507155558766E+03
 0.88063294035946E+03
 0.88875159279971E+03
 0.88685970035039E+03
 0.88984039398901E+03
 0.89331278562809E+03
 0.89103421392015E+03
 0.89479205875384E+03
 0.89670468489465E+03
 0.90084422363655E+03
 0.89941694542295E+03
 0.90456984125315E+03
 0.90809941127810E+03
 0.91016628641592E+03
 0.91868611542646E+03
 0.92345833661511E+03
 0.92047642419636E+03
 0.91860171205086E+03
 0.92958136455406E+03
 0.92457429894280E+03
 0.93021601612137E+03
 0.93388217975724E+03
 0.93264768783942E+03
 0.94212584076119E+03
 0.93842532237890E+03
 0.94091757266494E+03
 0.94487276244889E+03
 0.95439277101186E+03
 0.95042442764615E+03
 0.94918195361888E+03
 0.96028615176100E+03
 0.95824600617701E+03
 0.96299128287971E+03
 0.96303144340020E+03
 0.97219383202568E+03
 0.96533703194479E+03
 0.97436837765566E+03
 0.97192106376278E+03
 0.98360330242665E+03
 0.98113682350061E+03
 0.98165799235319E+03
 0.97988819544141E+03
 0.98322428537741E+03
 0.98891028991101E+03
 0.99256104031446E+03
 0.99027965195196E+03
 0.10064341418115E+04
 0.99593474172033E+03
 0.10028513130003E+04
 0.10070309735183E+04
 0.10133031131066E+04
 0.10178200589820E+04
 0.10162061348831E+04
 0.10206421105555E+04
 0.10257563858024E+04
 0.10183808974539E+04
 0.10256839409027E+04
 0.10290111146265E+04
 0.10257865932909E+04
 0.10337060789137E+04
 0.10373465637240E+04
 0.10467138336162E+04
 0.10408704252588E+04
 0.10436705143826E+04
 0.10479656764329E+04
 0.10481676484766E+04
 0.10535211237610E+04
 0.10589722875875E+04
 0.10536449458571E+04
 0.10546462598413E+04
 0.10599784544711E+04
 0.10747610244938E+04
 0.10752183624345E+04
 0.10663119269357E+04
 0.10721080430017E+04
 0.10840046814267E+04
 0.10851474933057E+04
 0.10912560503091E+04
 0.10814135987503E+04
 0.10885137700165E+04
 0.10980510949626E+04
 0.10915580181427E+04
 0.10959535997278E+04
 0.11000930107984E+04
 0.11067110255645E+04
 0.11028430842964E+04
 0.11076814034319E+04
 0.11077092045737E+04
 0.11208300549365E+04
 0.11242613233011E+04
 0.11254844413063E+04
 0.11170280077820E+04
 0.11211205141307E+04
