 0.10000000133514E-09
 0.10000000133514E-09
 0.10000000133514E-09
 0.10000000133514E-09
 0.10000000133514E-09
 0.10000000133514E-09
 0.10000000133514E-09
 0.10000000133514E-09
 0.10000000133514E-09
 0.10000000133514E-09
 0.10000000133514E-09
 0.10000000133514E-09
 0.10000000133514E-09
 0.10000000133514E-09
 0.10000000133514E-09
 0.10000000133514E-09
 0.10000000133514E-09
 0.10000000133514E-09
 0.10000000133514E-09
 0.10000000133514E-09
 0.10000000133514E-09
 0.10000000133514E-09
 0.64353640949545E-04
 0.64353640949545E-04
 0.13104108162093E-03
 0.17993654381925E-03
 0.24172456769741E-03
 0.31842418517250E-03
 0.41213952656311E-03
 0.52503423638812E-03
 0.65930047031471E-03
 0.81710871739545E-03
 0.10007259059933E-02
 0.12122872325148E-02
 0.14539190770446E-02
 0.17277852711906E-02
 0.20358825019399E-02
 0.23802417136345E-02
 0.27627432723361E-02
 0.31852019842541E-02
 0.36495181275729E-02
 0.41573264424150E-02
 0.47101862811365E-02
 0.53097032957497E-02
 0.59574375498466E-02
 0.66547564385575E-02
 0.74028682416638E-02
 0.82032089441557E-02
 0.90570656366492E-02
 0.99654556837009E-02
 0.10929589062980E-01
 0.11950472094114E-01
 0.13029084122594E-01
 0.14166647936937E-01
 0.15364133907468E-01
 0.16622433524095E-01
 0.17942425419329E-01
 0.19325340818746E-01
 0.20771867328478E-01
 0.22281271765391E-01
 0.23858281538484E-01
 0.25499705468781E-01
 0.27208931111487E-01
 0.28985820424269E-01
 0.30831349700534E-01
 0.32747087333466E-01
 0.34733627634639E-01
 0.36789168508906E-01
 0.38920905592249E-01
 0.41124069117439E-01
 0.43404416224576E-01
 0.45759818036333E-01
 0.48189840633313E-01
 0.50699772180020E-01
 0.53289930107647E-01
 0.55958895906214E-01
 0.58712817278054E-01
 0.61552909605226E-01
 0.64463628087945E-01
 0.67476177688456E-01
 0.70572539269631E-01
 0.73762091404971E-01
 0.77035121896465E-01
 0.80406372262250E-01
 0.83881750990753E-01
 0.87448111786598E-01
 0.91118484447962E-01
 0.94895628233797E-01
 0.98779489829648E-01
 0.10277633233174E+00
 0.10687409609506E+00
 0.11109751697688E+00
 0.11544359032899E+00
 0.11991568882917E+00
 0.12451150265911E+00
 0.12922782215727E+00
 0.13411269247665E+00
 0.13912052015142E+00
 0.14428217988969E+00
 0.14960283315411E+00
 0.15509804928513E+00
 0.16074606563958E+00
 0.16657065376249E+00
 0.17259235922150E+00
 0.17881421383808E+00
 0.18523335800183E+00
 0.19184909675834E+00
 0.19871933157504E+00
 0.20579657153015E+00
 0.21310151281372E+00
 0.22064770954599E+00
 0.22845492697232E+00
 0.23651283114495E+00
 0.24483350840853E+00
 0.25342252052945E+00
 0.26225401651741E+00
 0.27131044878835E+00
 0.28061164134921E+00
 0.29014161221449E+00
 0.29985174105339E+00
 0.30972337501639E+00
 0.31971379322126E+00
 0.32983316912494E+00
 0.34000738289623E+00
 0.35015913039551E+00
 0.36023913451703E+00
 0.37020964847090E+00
 0.38004471438546E+00
 0.38964508182950E+00
 0.39893976480096E+00
 0.40790889406996E+00
 0.41653725198689E+00
 0.42476542892469E+00
 0.43262951084509E+00
 0.44013835881763E+00
 0.44729466495314E+00
 0.45415597573888E+00
 0.46073660145409E+00
 0.46707116306115E+00
 0.47318121933231E+00
 0.47909718074342E+00
 0.48484235259770E+00
 0.49043603631550E+00
 0.49588573193559E+00
 0.50121457659848E+00
 0.50642311360525E+00
 0.51152749392479E+00
 0.51653169091098E+00
 0.52144421426601E+00
 0.52627022171121E+00
 0.53100826671305E+00
 0.53567078524827E+00
 0.54025665744889E+00
 0.54476813727073E+00
 0.54921120846438E+00
 0.55358400567983E+00
 0.55789064924526E+00
 0.56213295699849E+00
 0.56631289986806E+00
 0.57043096179556E+00
 0.57448911060613E+00
 0.57848868815765E+00
 0.58243155867248E+00
 0.58631933390327E+00
 0.59015087026877E+00
 0.59392954688979E+00
 0.59765491239659E+00
 0.60133049675370E+00
 0.60495446928451E+00
 0.60852878497043E+00
 0.61205455973475E+00
 0.61553317383078E+00
 0.61896461411441E+00
 0.62235049001544E+00
 0.62569146036019E+00
 0.62898801795605E+00
 0.63224118199600E+00
 0.63545230543678E+00
 0.63862145250901E+00
 0.64175008072192E+00
 0.64483753184039E+00
 0.64788616846380E+00
 0.65089594895632E+00
 0.65386806948657E+00
 0.65680215067119E+00
 0.65970014724587E+00
 0.66256170153323E+00
 0.66538818035769E+00
 0.66817978791048E+00
 0.67093741554228E+00
 0.67366157735712E+00
 0.67635295959946E+00
 0.67901194514050E+00
 0.68163925134168E+00
 0.68423529231532E+00
 0.68680060160232E+00
 0.68933587134720E+00
 0.69184176320253E+00
 0.69431862871083E+00
 0.69676685947449E+00
