 0.67197792076794E+03
 0.67197792076794E+03
 0.67197792076794E+03
 0.67197792076794E+03
 0.67197792076794E+03
 0.67197823877565E+03
 0.67197734998231E+03
 0.67197756846389E+03
 0.67197660663052E+03
 0.67195495340662E+03
 0.67205188985754E+03
 0.67192827157642E+03
 0.67949582194605E+03
 0.67190633634510E+03
 0.67942960830913E+03
 0.67947411728921E+03
 0.67945959667406E+03
 0.67194384231718E+03
 0.67189738909593E+03
 0.67944239460564E+03
 0.67948107293806E+03
 0.67194077700936E+03
 0.67190209181234E+03
 0.67932963167620E+03
 0.67937130261311E+03
 0.67944748011881E+03
 0.67949519201955E+03
 0.67947091283482E+03
 0.67948833028950E+03
 0.67943568679947E+03
 0.67226027059728E+03
 0.67934034569669E+03
 0.67233697935102E+03
 0.67251525233521E+03
 0.67197115774778E+03
 0.67271519923868E+03
 0.67231627686010E+03
 0.67214476815342E+03
 0.67319879078204E+03
 0.67235822287164E+03
 0.67932931870677E+03
 0.67287726650832E+03
 0.67210448011818E+03
 0.67338928293850E+03
 0.67433623901890E+03
 0.67458167262456E+03
 0.67419826378222E+03
 0.67337850499579E+03
 0.67244585314950E+03
 0.67418701504214E+03
 0.67230309750192E+03
 0.67535565282916E+03
 0.67311581022967E+03
 0.67293894267963E+03
 0.67287586185779E+03
 0.67546826520718E+03
 0.68022194394276E+03
 0.67207510278927E+03
 0.67682623657352E+03
 0.67322932742568E+03
 0.67524897620017E+03
 0.67412926574920E+03
 0.68052531849150E+03
 0.67325957048364E+03
 0.67739914611321E+03
 0.67327301340192E+03
 0.67392988340634E+03
 0.67460605676782E+03
 0.67498630688316E+03
 0.67061801331874E+03
 0.67600547828668E+03
 0.67659566674411E+03
 0.67874269551404E+03
 0.67520549699057E+03
 0.67549850411412E+03
 0.67215492528661E+03
 0.67784075436020E+03
 0.67434473089430E+03
 0.67372927710845E+03
 0.67267173547498E+03
 0.66912755072375E+03
