 0.10813086768930E+04
 0.10813086768930E+04
 0.10813086768930E+04
 0.10813086768930E+04
 0.10813086768930E+04
 0.10813086768930E+04
 0.10813086768930E+04
 0.10813086768930E+04
 0.10813086768930E+04
 0.10813001936183E+04
 0.10814168631599E+04
 0.10812570832628E+04
 0.10811551961542E+04
 0.10812320685437E+04
 0.10810722137684E+04
 0.10811364702020E+04
 0.10811003400226E+04
 0.10812669424037E+04
 0.10812031220861E+04
 0.10810840125707E+04
 0.10811366249169E+04
 0.10812648701833E+04
 0.10812255984835E+04
 0.10809585605697E+04
 0.10809979920964E+04
 0.10810891997019E+04
 0.10811493285010E+04
 0.10811262185789E+04
 0.10811400889536E+04
 0.10810708077559E+04
 0.10816806487081E+04
 0.10809661997816E+04
 0.10817810367811E+04
 0.10820029432429E+04
 0.10813268531379E+04
 0.10822508044145E+04
 0.10817393369294E+04
 0.10815264051886E+04
 0.10763788201817E+04
 0.10818149225872E+04
 0.10809603352201E+04
 0.10824877458113E+04
 0.10814884452800E+04
 0.10766328148413E+04
 0.10778555226478E+04
 0.10781822486937E+04
 0.10776866453641E+04
 0.10766643286561E+04
 0.10820125707393E+04
 0.10777484949508E+04
 0.10818881423703E+04
 0.10792751774537E+04
 0.10764771555419E+04
 0.10762940991282E+04
 0.10762758840145E+04
 0.10796350641988E+04
 0.10792191399692E+04
 0.10819946517920E+04
 0.10816043615224E+04
 0.10771480949647E+04
 0.10798399767165E+04
 0.10785537808668E+04
 0.10802550985825E+04
 0.10777880976979E+04
 0.10766584998179E+04
 0.10782451174986E+04
 0.10793060012014E+04
 0.10868989813267E+04
 0.10811978489847E+04
 0.10889439479130E+04
 0.10831608228425E+04
 0.10842888308836E+04
 0.10808240730140E+04
 0.10835341679840E+04
 0.10778495530015E+04
 0.10809804480972E+04
 0.10819262755405E+04
 0.10784595535882E+04
 0.10848297068760E+04
 0.10844977584042E+04
 0.10814828642499E+04
