 0.10000000133514E-09
 0.10000000133514E-09
 0.10000000133514E-09
 0.10000000133514E-09
 0.10000000133514E-09
 0.10000000133514E-09
 0.10000000133514E-09
 0.10000000133514E-09
 0.10000000133514E-09
 0.10000000133514E-09
 0.10000000133514E-09
 0.10000000133514E-09
 0.10000000133514E-09
 0.27773327075900E-07
 0.27773327075900E-07
 0.65511467999221E-06
 0.17871464254631E-05
 0.35458725819357E-05
 0.65547878787413E-05
 0.11417455994944E-04
 0.18930690899640E-04
 0.30037152584560E-04
 0.45904146323159E-04
 0.67905876148040E-04
 0.97629024165319E-04
 0.13687595792312E-03
 0.18766395750313E-03
 0.25221825198930E-03
 0.33298773261708E-03
 0.43263108390741E-03
 0.55404731200001E-03
 0.70025905673218E-03
 0.87467557463481E-03
 0.10807785553576E-02
 0.13222503002170E-02
 0.16033087057677E-02
 0.19421111358345E-02
 0.23170151874326E-02
 0.27453648655052E-02
 0.32315666753783E-02
 0.37823536070571E-02
 0.44019776395407E-02
 0.50976514576970E-02
 0.58744013229021E-02
 0.67396602252475E-02
 0.77009027073739E-02
 0.87623369429919E-02
 0.99325794494849E-02
 0.11219363352282E-01
 0.12631086952248E-01
 0.14173073836666E-01
 0.15856944846438E-01
 0.17685719990571E-01
 0.19670342685231E-01
 0.21817496916612E-01
 0.24135859649885E-01
 0.26637326278173E-01
 0.29327935109173E-01
 0.32213480463972E-01
 0.35309378276265E-01
 0.38621303131273E-01
 0.42157854998613E-01
 0.45928344227668E-01
 0.49944090103869E-01
 0.54220993130956E-01
 0.58773835726663E-01
 0.63590826503005E-01
 0.68700174269277E-01
 0.74110676313310E-01
 0.79840055636990E-01
 0.85920416747315E-01
 0.92346653957828E-01
 0.99133842187611E-01
 0.10633030528852E+00
 0.11395264218305E+00
 0.12203892019655E+00
 0.13065205270979E+00
 0.13989309885471E+00
 0.14979542708438E+00
 0.16065967424866E+00
 0.17283497139948E+00
