 0.25955948765236E+10
 0.25957148730912E+10
 0.25959148576897E+10
 0.25961948734867E+10
 0.25965548504590E+10
 0.25969948552159E+10
 0.25975148633276E+10
 0.25981148604465E+10
 0.25987948399679E+10
 0.25995548262894E+10
 0.26003948341960E+10
 0.26013148312411E+10
 0.26023148213868E+10
 0.26033948154044E+10
 0.26045548183068E+10
 0.26057948162057E+10
 0.26071148295691E+10
 0.26085148225291E+10
 0.26099948674845E+10
 0.26115549142724E+10
 0.26131949808780E+10
 0.26149150658416E+10
 0.26167152093555E+10
 0.26185953569054E+10
 0.26205555709894E+10
 0.26225958068001E+10
 0.26247161214657E+10
 0.26269165314504E+10
 0.26291969137287E+10
 0.26315573934888E+10
 0.26339978863370E+10
 0.26365183478396E+10
 0.26391188090378E+10
 0.26417991277177E+10
 0.26445591662060E+10
 0.26473989576123E+10
 0.26503180805675E+10
 0.26533165101863E+10
 0.26563938553775E+10
 0.26595497613660E+10
 0.26627839467376E+10
 0.26660957983775E+10
 0.26694845172514E+10
 0.26729499059409E+10
 0.26764906397357E+10
 0.26801060370374E+10
 0.26837950014255E+10
 0.26875562898005E+10
 0.26913886825692E+10
 0.26952901386378E+10
 0.26992597172770E+10
 0.27032954864396E+10
 0.27073953758064E+10
 0.27115573886112E+10
 0.27157789847077E+10
 0.27200581334092E+10
 0.27243918607786E+10
 0.27287780232784E+10
 0.27332127860538E+10
 0.27376935671177E+10
 0.27422174955647E+10
 0.27467807022023E+10
 0.27513794944419E+10
 0.27560110216866E+10
 0.27606705106864E+10
 0.27653544746669E+10
 0.27700581850741E+10
 0.27747807738328E+10
 0.27795120554064E+10
 0.27842537128973E+10
 0.27889955223615E+10
 0.27937380349383E+10
 0.27984714605470E+10
 0.28031948538865E+10
 0.28079031737124E+10
 0.28125887785466E+10
 0.28172501202049E+10
 0.28218796464239E+10
 0.28264688275430E+10
 0.28310251103529E+10
 0.28355248020110E+10
 0.28399713590150E+10
 0.28443683045951E+10
 0.28486964932376E+10
 0.28529516613386E+10
 0.28571352525101E+10
 0.28612382545913E+10
 0.28652593261552E+10
 0.28691760053952E+10
 0.28730073811306E+10
 0.28767339950221E+10
 0.28803422084546E+10
 0.28838503316844E+10
 0.28872312723140E+10
 0.28904861363314E+10
 0.28936057081982E+10
 0.28965975929619E+10
 0.28994435689233E+10
 0.29021474804202E+10
 0.29047002359017E+10
 0.29070965895516E+10
 0.29093477404179E+10
 0.29114405467718E+10
 0.29133596592457E+10
 0.29151246197236E+10
 0.29167373957118E+10
 0.29181889571976E+10
 0.29194804560402E+10
 0.29206107116315E+10
 0.29216416501176E+10
 0.29225157149988E+10
 0.29232804081663E+10
 0.29239995829788E+10
 0.29246702309512E+10
 0.29253641434825E+10
 0.29262786349834E+10
 0.29273660845588E+10
 0.29290701618952E+10
 0.29316617330078E+10
 0.29355120495992E+10
 0.29407534127211E+10
 0.29472308501209E+10
 0.29545395341965E+10
 0.29623109781140E+10
 0.29702766274569E+10
 0.29782948691899E+10
 0.29863776782985E+10
 0.29944892987901E+10
 0.30026717100992E+10
 0.30109827797367E+10
 0.30194275475215E+10
 0.30280097757762E+10
 0.30367651334951E+10
 0.30456887038168E+10
 0.30548152141915E+10
 0.30640925683843E+10
 0.30735619125767E+10
 0.30831923326622E+10
 0.30929891183982E+10
 0.31029517400714E+10
 0.31130651837566E+10
 0.31233137732576E+10
 0.31337312964478E+10
 0.31442648208352E+10
 0.31549402880209E+10
 0.31657366941338E+10
 0.31766569036711E+10
 0.31876924563230E+10
 0.31988564358211E+10
 0.32101283534342E+10
 0.32215063659433E+10
 0.32330038931288E+10
 0.32445958688871E+10
 0.32562785352959E+10
 0.32680644075194E+10
 0.32799536958276E+10
 0.32919353697202E+10
 0.33040157303941E+10
 0.33161838593265E+10
 0.33284451182308E+10
 0.33407894397328E+10
 0.33532271571503E+10
 0.33657570652022E+10
 0.33783424634554E+10
 0.33910399420637E+10
 0.34038317107523E+10
 0.34166784410828E+10
 0.34296288266621E+10
 0.34426535141846E+10
 0.34557533968103E+10
 0.34689342602785E+10
 0.34822062977624E+10
 0.34955467643323E+10
 0.35089784248524E+10
 0.35224867717426E+10
 0.35360665829618E+10
 0.35497269649493E+10
 0.35634738529277E+10
 0.35772908044598E+10
 0.35911775312509E+10
 0.36051399125034E+10
 0.36192067759863E+10
 0.36333340340256E+10
 0.36475248519997E+10
 0.36618139029257E+10
 0.36761677870492E+10
 0.36906057680021E+10
 0.37051118000760E+10
 0.37196853386124E+10
 0.37343660132966E+10
 0.37490961172518E+10
 0.37639137666678E+10
 0.37788158913774E+10
 0.37937762431700E+10
 0.38088179152606E+10
 0.38239402915486E+10
 0.38391343793292E+10
 0.38544145610635E+10
 0.38697608719574E+10
 0.38851886262101E+10
