 0.22011922627266E+01
 0.22011922627266E+01
 0.22011922627266E+01
 0.22011922627266E+01
 0.22011922627266E+01
 0.22011922627266E+01
 0.22011922627266E+01
 0.22011922627266E+01
 0.22011922627267E+01
 0.22011923551161E+01
 0.22011908614886E+01
 0.22011931150223E+01
 0.22011934974270E+01
 0.22011928652037E+01
 0.22011921756102E+01
 0.22011911158884E+01
 0.22011946089907E+01
 0.22011932666055E+01
 0.22011933886501E+01
 0.22011923158391E+01
 0.22011923946291E+01
 0.22011942799733E+01
 0.22011923729731E+01
 0.22011925604193E+01
 0.22011928683141E+01
 0.22011936024511E+01
 0.22011934045048E+01
 0.22011923682609E+01
 0.22011920041574E+01
 0.22011963395807E+01
 0.22011943015285E+01
 0.22011948909268E+01
 0.22011934375349E+01
 0.22011985101529E+01
 0.22011894635823E+01
 0.22011973102937E+01
 0.22011938513611E+01
 0.22011969856264E+01
 0.22011997662158E+01
 0.22011947103533E+01
 0.22012010215137E+01
 0.22012016493115E+01
 0.22011940019385E+01
 0.22012015825723E+01
 0.22011966911495E+01
 0.22011982740894E+01
 0.22011961024015E+01
 0.22011939613530E+01
 0.22012423876791E+01
 0.22012240167846E+01
 0.22012503815351E+01
 0.22012004307354E+01
 0.22012011732420E+01
 0.22012041052708E+01
 0.22012315037343E+01
 0.22012369356859E+01
 0.22012319037908E+01
 0.22011951867501E+01
 0.22012045723157E+01
 0.22012056867260E+01
 0.22011879549138E+01
 0.22012662844930E+01
 0.22012520055965E+01
 0.22012576202207E+01
 0.22012007593540E+01
 0.22012386733364E+01
 0.22012666822620E+01
 0.22012085591100E+01
 0.22012151062872E+01
 0.22011542251789E+01
 0.22012463993811E+01
 0.22011887263286E+01
 0.22011945984316E+01
 0.22012522119154E+01
 0.22012171779414E+01
 0.22012445631646E+01
 0.22012652723555E+01
 0.22012075744083E+01
 0.22012602196442E+01
 0.22012691605156E+01
 0.22012529442261E+01
 0.22012586784667E+01
 0.22012117260414E+01
 0.22012469539558E+01
 0.22011569193036E+01
 0.22012597408787E+01
 0.22011984976888E+01
 0.22011873660929E+01
 0.22011667863138E+01
 0.22012229885917E+01
 0.22011839130267E+01
 0.22012884140437E+01
 0.22012139784163E+01
 0.22012401228200E+01
 0.22012688897148E+01
 0.22013079039491E+01
 0.22012547233990E+01
 0.22012488877434E+01
 0.22012487532051E+01
 0.22013180669712E+01
 0.22013523711505E+01
 0.22013215098161E+01
 0.22013577493874E+01
 0.22013302748288E+01
 0.22013977783484E+01
 0.22013610789897E+01
 0.22013716169596E+01
 0.22013913618971E+01
 0.22014203141231E+01
 0.22014247610558E+01
 0.22014563803962E+01
 0.22015029600474E+01
 0.22015587434874E+01
 0.22015996308307E+01
 0.22016573865657E+01
 0.22016945244956E+01
 0.22017346757276E+01
 0.22017998912774E+01
 0.22018827232155E+01
 0.22019911726078E+01
 0.22020673411514E+01
 0.22021506490635E+01
 0.22021475328674E+01
 0.22022982587262E+01
 0.22023218208316E+01
 0.22024016747517E+01
 0.22024866150941E+01
 0.22025225583021E+01
 0.22026587221105E+01
 0.22027561888342E+01
 0.22028271972161E+01
 0.22029242425199E+01
 0.22030323163370E+01
 0.22030777212710E+01
 0.22032236757705E+01
 0.22032215033353E+01
 0.22033207645371E+01
 0.22034367638008E+01
 0.22035491839791E+01
 0.22037062728695E+01
 0.22037287768408E+01
 0.22038419720855E+01
 0.22039299970427E+01
 0.22040096060183E+01
 0.22041398267249E+01
 0.22042068508379E+01
 0.22043139364351E+01
 0.22044321800911E+01
 0.22045382689745E+01
 0.22046589644959E+01
 0.22047076268482E+01
 0.22047816901481E+01
 0.22049110780149E+01
 0.22049489424944E+01
 0.22050349057862E+01
 0.22050469397779E+01
 0.22051435310996E+01
 0.22051866690733E+01
 0.22052447213407E+01
 0.22052952345302E+01
 0.22053423053839E+01
 0.22053597939323E+01
 0.22053337127710E+01
 0.22054445404013E+01
 0.22054087254143E+01
 0.22053867155454E+01
 0.22054745319295E+01
 0.22054169752433E+01
 0.22054163763772E+01
 0.22053852989036E+01
 0.22052387513353E+01
 0.22052669372684E+01
 0.22051199515083E+01
 0.22050222805001E+01
 0.22048633828439E+01
 0.22047995740547E+01
 0.22047255251523E+01
 0.22045864645484E+01
 0.22043768464581E+01
 0.22042783962068E+01
 0.22039657253123E+01
 0.22038629700186E+01
 0.22035940942234E+01
 0.22034399956969E+01
 0.22030686238121E+01
 0.22028807764563E+01
 0.22024959830013E+01
 0.22022292527877E+01
 0.22019499602526E+01
 0.22016070251195E+01
 0.22012492156072E+01
 0.22008477499971E+01
 0.22004943066126E+01
 0.22001494355423E+01
 0.21997494500962E+01
 0.21992713677101E+01
 0.21987125879146E+01
 0.21983587944596E+01
 0.21977763050820E+01
 0.21972250079737E+01
