 0.21139157607065E+08
 0.21139157607060E+08
 0.21139157606989E+08
 0.21139157606494E+08
 0.21139157605725E+08
 0.21139157609289E+08
 0.21139157687105E+08
 0.21139158197546E+08
 0.21139159926710E+08
 0.21139164496010E+08
 0.21139174531639E+08
 0.21139194305546E+08
 0.21139228284566E+08
 0.21139282392677E+08
 0.21139363335910E+08
 0.21139477459219E+08
 0.21139633743919E+08
 0.21139837638539E+08
 0.21140095165234E+08
 0.21140416079732E+08
 0.21140808102095E+08
 0.21141274415474E+08
 0.21141821253239E+08
 0.21142455611119E+08
 0.21143184708079E+08
 0.21144011491186E+08
 0.21144944120417E+08
 0.21145991379668E+08
 0.21147151117483E+08
 0.21148431024377E+08
 0.21149843514065E+08
 0.21151389959504E+08
 0.21153075782606E+08
 0.21154916529219E+08
 0.21156911048600E+08
 0.21159082893739E+08
 0.21161403604534E+08
 0.21163934165162E+08
 0.21166650539928E+08
 0.21169550622110E+08
 0.21172664482453E+08
 0.21175986865221E+08
 0.21179485854967E+08
 0.21183252333944E+08
 0.21187214332914E+08
 0.21191423665497E+08
 0.21195847020811E+08
 0.21200487284896E+08
 0.21205335365222E+08
 0.21210420583604E+08
 0.21215674898241E+08
 0.21221119741659E+08
 0.21226732856429E+08
 0.21232457787353E+08
 0.21238457508366E+08
 0.21244467059099E+08
 0.21250545347261E+08
 0.21256633021453E+08
 0.21262831596965E+08
 0.21269071746678E+08
 0.21275166775798E+08
 0.21281197723518E+08
 0.21287106460003E+08
 0.21292881881476E+08
 0.21298392562216E+08
 0.21303656877599E+08
 0.21308797162257E+08
 0.21313228960957E+08
 0.21317772984292E+08
 0.21321333405448E+08
 0.21324869296561E+08
 0.21327576988211E+08
 0.21330096840774E+08
 0.21331589362590E+08
 0.21332428793919E+08
 0.21332617992374E+08
 0.21331977985428E+08
 0.21330544846546E+08
 0.21328365687910E+08
 0.21324795495307E+08
 0.21320835050285E+08
 0.21315689878352E+08
 0.21309111299180E+08
 0.21301778023761E+08
 0.21293306875977E+08
 0.21283789189626E+08
 0.21272708425670E+08
 0.21260463058762E+08
 0.21247219527234E+08
 0.21232335489147E+08
 0.21216019923390E+08
 0.21198809158796E+08
 0.21179606018253E+08
 0.21159258066551E+08
 0.21137559817197E+08
 0.21114573025944E+08
 0.21089899785738E+08
 0.21063915433076E+08
 0.21036573036535E+08
 0.21007964311771E+08
 0.20978176903190E+08
 0.20947166389716E+08
 0.20915180980803E+08
 0.20882620331522E+08
 0.20849501090249E+08
 0.20816184492023E+08
 0.20783262405906E+08
 0.20751490805264E+08
 0.20721796935716E+08
 0.20694965956917E+08
 0.20673359139204E+08
 0.20659212497169E+08
 0.20655987021184E+08
 0.20669488175494E+08
 0.20707995811845E+08
 0.20782646181779E+08
 0.20918360068271E+08
 0.21140673557509E+08
 0.21488994271718E+08
 0.21995803398120E+08
 0.22671574666395E+08
 0.23474822260729E+08
 0.24357684653359E+08
 0.25252475442952E+08
 0.26144170938580E+08
 0.26988963232139E+08
 0.27791230506892E+08
 0.28557122838850E+08
 0.29269308303049E+08
 0.29925523546952E+08
 0.30543041741984E+08
 0.31115281015224E+08
 0.31640048706564E+08
 0.32135279018929E+08
 0.32591520525795E+08
 0.33009595927635E+08
 0.33395092425391E+08
 0.33752029016897E+08
 0.34075496424265E+08
 0.34367457815974E+08
 0.34635088657481E+08
 0.34874606032830E+08
 0.35088040317552E+08
 0.35276458907311E+08
 0.35443282131466E+08
 0.35585700522491E+08
 0.35704879850611E+08
 0.35805172753661E+08
 0.35885085470705E+08
 0.35945736344121E+08
 0.35986422546453E+08
 0.36010726847038E+08
 0.36017400753116E+08
 0.36008110891069E+08
 0.35983311289767E+08
 0.35943759341519E+08
 0.35890033395574E+08
 0.35822790960978E+08
 0.35742778757814E+08
 0.35650021669069E+08
 0.35545918117790E+08
 0.35430813505808E+08
 0.35304851215278E+08
 0.35169300550583E+08
 0.35024290407842E+08
 0.34869302963736E+08
 0.34707731569359E+08
 0.34536518874505E+08
 0.34358603432549E+08
 0.34172917856484E+08
 0.33981406124281E+08
 0.33781871644031E+08
 0.33578952195713E+08
 0.33368698230058E+08
 0.33154845822153E+08
 0.32934573536664E+08
 0.32710108492196E+08
 0.32481547658863E+08
 0.32250074973529E+08
 0.32015777384791E+08
 0.31777237288833E+08
 0.31534584419449E+08
 0.31289906470568E+08
 0.31043743802060E+08
 0.30795687407907E+08
 0.30544376741517E+08
 0.30291467449998E+08
 0.30037642694351E+08
 0.29783641374100E+08
 0.29526856482375E+08
 0.29270741860374E+08
 0.29012213163102E+08
 0.28752764150301E+08
 0.28494379190292E+08
 0.28235629017088E+08
 0.27976330019931E+08
 0.27717252738145E+08
 0.27458850815619E+08
 0.27200279931632E+08
 0.26941169929547E+08
