 0.10813086768930E+04
 0.10813086768930E+04
 0.10813086768930E+04
 0.10813086768930E+04
 0.10813086768930E+04
 0.10813086768930E+04
 0.10813086768930E+04
 0.10813086768930E+04
 0.10813086768930E+04
 0.10813001936183E+04
 0.10814168631599E+04
 0.10812570832628E+04
 0.10811551961542E+04
 0.10812320685437E+04
 0.10810722137684E+04
 0.10811364702020E+04
 0.10811003400226E+04
 0.10812669424037E+04
 0.10812031220861E+04
 0.10810840125707E+04
 0.10811366249169E+04
 0.10812648701833E+04
 0.10812242502846E+04
 0.10809762595047E+04
 0.10809137327792E+04
 0.10811161062353E+04
 0.10811856459128E+04
 0.10810086898520E+04
 0.10808888165124E+04
 0.10811227935650E+04
 0.10814336296952E+04
 0.10807923037913E+04
 0.10818275501891E+04
 0.10817462019909E+04
 0.10812426881161E+04
 0.10760258727784E+04
 0.10816858595258E+04
 0.10815642300187E+04
 0.10764265962353E+04
 0.10817933278514E+04
 0.10809911701250E+04
 0.10761195193037E+04
 0.10814569188315E+04
 0.10765170846674E+04
 0.10779450865945E+04
 0.10779466704757E+04
 0.10777660691498E+04
 0.10764868305811E+04
 0.10820805800453E+04
 0.10776604071118E+04
 0.10816963473568E+04
 0.10791572440289E+04
 0.10766965204286E+04
 0.10765003198139E+04
 0.10761418111428E+04
 0.10797979769032E+04
 0.10794605200783E+04
 0.10814932741349E+04
 0.10814639403243E+04
 0.10770488029310E+04
 0.10800324694967E+04
 0.10787507656587E+04
 0.10802938900562E+04
 0.10778844381124E+04
 0.10768343571449E+04
 0.10777641260071E+04
 0.10792660275516E+04
 0.10866129504061E+04
 0.10809560406748E+04
 0.10891066830744E+04
 0.10835315414267E+04
 0.10844079939217E+04
 0.10810555789503E+04
 0.10836286372081E+04
 0.10774410877066E+04
 0.10815912363775E+04
 0.10819074149975E+04
 0.10785988094856E+04
 0.10854262102037E+04
 0.10846635594619E+04
 0.10827728593922E+04
 0.10807449311466E+04
 0.10839093960648E+04
 0.10872913371009E+04
 0.10803711823562E+04
 0.10836159605621E+04
 0.10841026157468E+04
 0.10858473474087E+04
 0.10840317582545E+04
 0.10822456937747E+04
 0.10830731887119E+04
 0.10760102455986E+04
 0.10839971956116E+04
 0.10791757352640E+04
 0.10778817140152E+04
 0.10865578043520E+04
 0.10802296721300E+04
 0.10843027063781E+04
 0.10797884702188E+04
 0.10788662056212E+04
 0.10785133694394E+04
 0.10825880009338E+04
 0.10796826960791E+04
 0.10793484678039E+04
 0.10843377848909E+04
 0.10775383922178E+04
 0.10859431766407E+04
 0.10862555450348E+04
 0.10880069810013E+04
 0.10797941945222E+04
 0.10802985432581E+04
 0.10795913346363E+04
 0.10825076039119E+04
 0.10882402106320E+04
 0.10865318839237E+04
 0.10811217426338E+04
 0.10896387589092E+04
 0.10782410736478E+04
 0.10768876398502E+04
 0.10894053995923E+04
 0.10884421143219E+04
 0.10775929176903E+04
 0.10902513778157E+04
 0.10851925981632E+04
 0.10852422850897E+04
 0.10878982283598E+04
 0.10897875036432E+04
 0.10845324376058E+04
 0.10783992331184E+04
 0.10822832472780E+04
 0.10882999172540E+04
 0.10775982299762E+04
 0.10826547335323E+04
 0.10904894663312E+04
 0.10878860173180E+04
 0.10834567838720E+04
 0.10861776895396E+04
 0.10854014284401E+04
 0.10813250570944E+04
 0.10893451957626E+04
 0.10887997206142E+04
 0.10878037723438E+04
 0.10781653734190E+04
 0.10781994576373E+04
 0.10867018157787E+04
 0.10780459127332E+04
 0.10794367867852E+04
 0.10841497480048E+04
 0.10896495476716E+04
 0.10820342951345E+04
 0.10812897459670E+04
 0.10896721754745E+04
 0.10833547812948E+04
 0.10863580751423E+04
 0.10874513567707E+04
 0.10867445639776E+04
 0.10879566452794E+04
 0.10885849750002E+04
 0.10888460677843E+04
 0.10827219462011E+04
 0.10837149295779E+04
 0.10893304274075E+04
 0.10885136658115E+04
 0.10896909953778E+04
 0.10877517165125E+04
 0.10963419516294E+04
 0.10891355640155E+04
 0.10884380203286E+04
 0.10924778332809E+04
 0.10879925959443E+04
 0.10975080331518E+04
 0.10929458634977E+04
 0.10891342741878E+04
 0.10998523263422E+04
 0.10968609352026E+04
 0.10996923336794E+04
 0.10926180199350E+04
 0.10964702035573E+04
 0.10952405344784E+04
 0.10951953246956E+04
 0.11076734900993E+04
 0.10997610665781E+04
 0.10990642711644E+04
 0.11036945109435E+04
 0.11033656704465E+04
 0.11049608073340E+04
 0.11109550939143E+04
 0.11066995051578E+04
 0.11132848152703E+04
 0.11108485889646E+04
 0.11133661341459E+04
 0.11100401322896E+04
 0.11107134564423E+04
 0.11179866247797E+04
 0.11103680966633E+04
 0.11154361482167E+04
 0.11146917073262E+04
 0.11161909381962E+04
 0.11207090016279E+04
 0.11231695965430E+04
 0.11231952368852E+04
 0.11300471096523E+04
 0.11253178716260E+04
 0.11352494772165E+04
 0.11289220585752E+04
 0.11343457138493E+04
 0.11309627613866E+04
 0.11327002607613E+04
 0.11438236254274E+04
 0.11366874435678E+04
 0.11450705132490E+04
 0.11384336676084E+04
 0.11505595724423E+04
 0.11396785592079E+04
 0.11438295929337E+04
 0.11443096214491E+04
 0.11551870201380E+04
 0.11599198379579E+04
 0.11498817713358E+04
 0.11575194879440E+04
 0.11560081376712E+04
 0.11582350594898E+04
 0.11671158067432E+04
 0.11558001906273E+04
 0.11605229747209E+04
 0.11731353680542E+04
 0.11672907113926E+04
 0.11789146144277E+04
 0.11682710262250E+04
 0.11685724052988E+04
 0.11729527030169E+04
 0.11842017968246E+04
 0.11737897456532E+04
 0.11819503686160E+04
 0.11831992972002E+04
 0.11810315190739E+04
 0.11869842120182E+04
 0.11983221374418E+04
 0.11957674072393E+04
 0.11937934001422E+04
 0.11936090262203E+04
 0.11983474680155E+04
 0.12036117844797E+04
 0.12016926011143E+04
 0.12040751941777E+04
 0.12009499889494E+04
 0.12107940708904E+04
 0.12136107781766E+04
 0.12128114891960E+04
 0.12145958950593E+04
 0.12226316420544E+04
 0.12141945252087E+04
 0.12193139119738E+04
 0.12228979811188E+04
 0.12339707232069E+04
 0.12270209879077E+04
 0.12309432925402E+04
 0.12360249376555E+04
 0.12392077956958E+04
 0.12450527748481E+04
 0.12513541927736E+04
 0.12527210815981E+04
 0.12447687636741E+04
 0.12591981229080E+04
 0.12532410165126E+04
 0.12510670018172E+04
 0.12523876470070E+04
 0.12643342497598E+04
 0.12632035359576E+04
 0.12693127745408E+04
 0.12751585912437E+04
 0.12628442645631E+04
 0.12775981618918E+04
 0.12811688452040E+04
 0.12819501778100E+04
 0.12860817327536E+04
 0.12840267330190E+04
 0.12794385160197E+04
 0.12814976952117E+04
 0.12914592999046E+04
 0.12986781630045E+04
 0.12943789144825E+04
 0.13005425147652E+04
 0.13106691894124E+04
 0.13105890420266E+04
 0.13118609611587E+04
 0.13016195600275E+04
 0.13071871809801E+04
 0.13085705647806E+04
 0.13229897018593E+04
 0.13293030917088E+04
 0.13133074013619E+04
 0.13213357837043E+04
 0.13226757463700E+04
 0.13212517537416E+04
 0.13308509185947E+04
 0.13310050353562E+04
 0.13424805710090E+04
 0.13469253194938E+04
 0.13521435191224E+04
