 0.11076108624053E+04
 0.11076108624053E+04
 0.11076108624053E+04
 0.11076108624053E+04
 0.11076108624053E+04
 0.11076108624053E+04
 0.11076108624053E+04
 0.11076108624053E+04
 0.11076108624053E+04
 0.11076069849429E+04
 0.11077207589677E+04
 0.11075620357473E+04
 0.11074536527897E+04
 0.11075278816512E+04
 0.11073768013985E+04
 0.11074388962902E+04
 0.11074004255882E+04
 0.11075722226820E+04
 0.11075073314257E+04
 0.11073908208067E+04
 0.11074505137451E+04
 0.11075634452914E+04
 0.11075230248308E+04
 0.11072735383435E+04
 0.11072083062127E+04
 0.11074034957076E+04
 0.11074802993500E+04
 0.11073194081377E+04
 0.11071830621956E+04
 0.11074200282617E+04
 0.11077312171292E+04
 0.11070903600941E+04
 0.11080936446587E+04
 0.11080676285883E+04
 0.11074722733400E+04
 0.11088791416650E+04
 0.11080719519815E+04
 0.11078690850519E+04
 0.11091080503325E+04
 0.11080890287792E+04
 0.11071802237194E+04
 0.11088492853783E+04
 0.11076992329128E+04
 0.11095466707462E+04
 0.11107623658067E+04
 0.11110497275465E+04
 0.11106920913970E+04
 0.11092686454452E+04
 0.11083833777475E+04
 0.11106892676650E+04
 0.11079663476873E+04
 0.11120933246915E+04
 0.11097009725649E+04
 0.11089810066763E+04
 0.11092642336556E+04
 0.11127231015008E+04
 0.11123658414904E+04
 0.11079151720990E+04
 0.11146879748066E+04
 0.11100432188513E+04
 0.11130402394310E+04
 0.11114729098140E+04
 0.11067037342988E+04
 0.11106912665692E+04
 0.11097999268210E+04
 0.11109872166063E+04
 0.11122269821209E+04
 0.11198270139684E+04
 0.11140861808102E+04
 0.11085180779670E+04
 0.11164213263124E+04
 0.11174881730614E+04
 0.11072624314213E+04
 0.11167028999465E+04
 0.11101306486575E+04
 0.11142562379068E+04
 0.11083269651402E+04
 0.11114885157732E+04
 0.11180572258539E+04
 0.11178861469789E+04
 0.11156270612040E+04
 0.11065188306625E+04
 0.11166286440725E+04
 0.11200344402702E+04
 0.11127280544402E+04
 0.11164296417161E+04
 0.11164892007270E+04
 0.11196188008262E+04
 0.11172538196681E+04
 0.11160794612180E+04
 0.11164984925102E+04
 0.11100398834454E+04
 0.11174082482627E+04
 0.11118198777544E+04
 0.11112799770973E+04
 0.11200048673006E+04
 0.11125871848715E+04
 0.11168619768897E+04
 0.11137701707716E+04
 0.11113387261232E+04
 0.11116356508665E+04
 0.11146716768559E+04
 0.11124993880596E+04
 0.11115396206749E+04
 0.11182320735547E+04
 0.11092685794368E+04
 0.11204811805620E+04
 0.11077002687134E+04
 0.11083742909659E+04
 0.11128472864412E+04
 0.11124930707077E+04
 0.11116170933045E+04
 0.11140291759381E+04
 0.11208269741171E+04
 0.11214650240316E+04
 0.11128729671948E+04
 0.11089311950689E+04
 0.11216788980069E+04
 0.11095242158521E+04
 0.11095958417330E+04
 0.11211112323842E+04
 0.11095255817373E+04
 0.11111763115388E+04
 0.11193141051352E+04
 0.11157971112512E+04
 0.11091941362119E+04
 0.11124564761214E+04
 0.11167213088631E+04
 0.11130893080651E+04
 0.11152238704544E+04
 0.11102520147768E+04
 0.11110371206571E+04
 0.11131821663663E+04
 0.11092248435843E+04
 0.11174647070975E+04
 0.11188895038803E+04
 0.11149447290311E+04
 0.11207823538431E+04
 0.11127456318547E+04
 0.11217316594431E+04
 0.11103933803254E+04
 0.11172267253184E+04
 0.11108710427588E+04
 0.11102447059385E+04
 0.11209320849228E+04
 0.11138752496202E+04
 0.11109449551152E+04
 0.11134415355089E+04
 0.11139761865055E+04
 0.11237613701299E+04
 0.11092102941285E+04
 0.11154906795441E+04
 0.11128897456649E+04
 0.11116478592638E+04
 0.11154900024143E+04
 0.11183733110205E+04
 0.11229139897900E+04
 0.11238728418343E+04
 0.11156157064352E+04
 0.11173411970820E+04
 0.11157988096944E+04
 0.11169373261216E+04
 0.11170762127317E+04
 0.11182282542291E+04
 0.11293367086368E+04
 0.11276660854438E+04
 0.11229462669581E+04
 0.11246480639331E+04
 0.11323156215736E+04
 0.11308930880198E+04
 0.11229728751487E+04
 0.11227056070991E+04
 0.11298582197399E+04
 0.11245527271367E+04
 0.11350564994682E+04
 0.11328692912199E+04
 0.11279486845748E+04
 0.11414200451470E+04
 0.11289519703593E+04
 0.11353146392645E+04
 0.11341717848481E+04
 0.11347481611992E+04
 0.11437222272539E+04
 0.11373439237941E+04
 0.11411287929260E+04
 0.11492305230695E+04
 0.11450722606466E+04
 0.11553950861649E+04
 0.11484181937088E+04
 0.11485960955597E+04
 0.11462611156960E+04
 0.11492741486335E+04
 0.11500948939518E+04
 0.11568867303123E+04
 0.11576584930097E+04
 0.11666730815034E+04
 0.11581457525678E+04
 0.11614200083181E+04
 0.11650854687216E+04
 0.11650566822095E+04
 0.11756094948726E+04
 0.11661472176238E+04
 0.11725175004981E+04
 0.11671873292839E+04
 0.11759872026553E+04
 0.11722300028070E+04
 0.11820859520186E+04
 0.11848792731553E+04
 0.11914597698696E+04
 0.11923072480098E+04
 0.11842163636196E+04
 0.11928424972671E+04
 0.11913780475948E+04
 0.11934503831464E+04
 0.11898153549588E+04
 0.11935773907874E+04
 0.11995559357696E+04
 0.12094912248602E+04
 0.12074576062063E+04
 0.12025648252105E+04
 0.12066087216676E+04
 0.12176121597604E+04
 0.12214726177406E+04
 0.12160760737651E+04
 0.12265643949119E+04
 0.12243259652595E+04
 0.12310161059504E+04
 0.12353907012923E+04
 0.12247683026458E+04
 0.12330845441383E+04
 0.12314491695603E+04
 0.12275975356837E+04
 0.12347990906712E+04
 0.12383462798381E+04
 0.12479261741446E+04
 0.12391189817490E+04
 0.12474885404268E+04
 0.12572459246925E+04
 0.12504941391830E+04
 0.12576540670724E+04
 0.12538005880981E+04
 0.12577947465670E+04
 0.12595346462644E+04
 0.12748360948006E+04
 0.12731408587113E+04
 0.12710215433861E+04
 0.12835293739960E+04
 0.12732019625994E+04
 0.12775900464440E+04
 0.12849358690592E+04
 0.12938820305075E+04
 0.12903584752853E+04
 0.12911674383636E+04
 0.12952287167399E+04
 0.12907288222889E+04
 0.12972840241140E+04
 0.12926228361697E+04
 0.12971076483290E+04
 0.13117755140991E+04
 0.13082572569444E+04
 0.13168714383322E+04
 0.13195381753270E+04
 0.13270016545308E+04
 0.13178210102709E+04
 0.13215416377636E+04
 0.13210402179131E+04
 0.13225176239720E+04
 0.13336415309394E+04
 0.13359797162937E+04
 0.13430073419396E+04
 0.13373401761495E+04
 0.13528444153244E+04
 0.13459796424924E+04
 0.13563862686681E+04
 0.13432684391197E+04
 0.13499763981760E+04
 0.13565956072061E+04
 0.13679491608223E+04
 0.13642978189717E+04
 0.13653526959442E+04
