 0.10000000133514E-09
 0.10000000133514E-09
 0.10000000133514E-09
 0.10000000133514E-09
 0.10000000133514E-09
 0.10000000133514E-09
 0.10000000133514E-09
 0.10000000133514E-09
 0.10000000133514E-09
 0.10000000133514E-09
 0.10000000133514E-09
 0.10000000133514E-09
 0.10000000133514E-09
 0.10000000133514E-09
 0.10000000133514E-09
 0.10000000133514E-09
 0.10000000133514E-09
 0.10000000133514E-09
 0.10000000133514E-09
 0.10000000133514E-09
 0.10000000133514E-09
 0.50919534094681E-04
 0.50919534094681E-04
 0.10639828063629E-03
 0.14747220826258E-03
 0.19961099520093E-03
 0.26453532973630E-03
 0.34400772657771E-03
 0.43982257610371E-03
 0.55378219704692E-03
 0.68766520287118E-03
 0.84318154256909E-03
 0.10220939900420E-02
 0.12259953168885E-02
 0.14564346490786E-02
 0.17149499636393E-02
 0.20029195679718E-02
 0.23217045252266E-02
 0.26725103949546E-02
 0.30564512527358E-02
 0.34747212478423E-02
 0.39282762410342E-02
 0.44179210939970E-02
 0.49445422424107E-02
 0.55089823304837E-02
 0.61118830641550E-02
 0.67537593688735E-02
 0.74353027545146E-02
 0.81571037810996E-02
 0.89194674819635E-02
 0.97228983609930E-02
 0.10567737030242E-01
 0.11454251250006E-01
 0.12382976094375E-01
 0.13354193863905E-01
 0.14368144042229E-01
 0.15424908637093E-01
 0.16524901696859E-01
 0.17669019084010E-01
 0.18855137266029E-01
 0.20087046482129E-01
 0.21361541454198E-01
 0.22680900516991E-01
 0.24044455056976E-01
 0.25452221476507E-01
 0.26905951216849E-01
 0.28404561960315E-01
 0.29946367888017E-01
 0.31535997161432E-01
 0.33170979867486E-01
 0.34853470170439E-01
 0.36581928021539E-01
 0.38355213806859E-01
 0.40177261414699E-01
 0.42047225263626E-01
 0.43963719627373E-01
 0.45930867361732E-01
 0.47948835840234E-01
 0.50005902899956E-01
 0.52120919617568E-01
 0.54287918620884E-01
 0.56504515412782E-01
 0.58767902968814E-01
 0.61086203117907E-01
 0.63463024667633E-01
 0.65888966877953E-01
 0.68370705119279E-01
 0.70910494475113E-01
 0.73507183617821E-01
 0.76163152664310E-01
 0.78868766820440E-01
 0.81640223329194E-01
 0.84476079220037E-01
 0.87374344389244E-01
 0.90333079665902E-01
 0.93348165218378E-01
 0.96450874247359E-01
 0.99607477202079E-01
 0.10283555210521E+00
 0.10613870499940E+00
 0.10952338913419E+00
 0.11297318415936E+00
 0.11650136295306E+00
 0.12011719217685E+00
 0.12382085553570E+00
 0.12760744905887E+00
 0.13147512484736E+00
 0.13545837239764E+00
 0.13952707021659E+00
 0.14368106699183E+00
 0.14794195353532E+00
 0.15231947396455E+00
 0.15680648537978E+00
 0.16141533284478E+00
 0.16615394804211E+00
 0.17101013901575E+00
 0.17599243142344E+00
 0.18111921367953E+00
 0.18640105048676E+00
 0.19182206692908E+00
 0.19739891761216E+00
 0.20313984172531E+00
 0.20906098097550E+00
 0.21516817201094E+00
 0.22144061293630E+00
 0.22788885129832E+00
 0.23452055452137E+00
 0.24137206389705E+00
 0.24840446968924E+00
 0.25558243774019E+00
 0.26293658546245E+00
 0.27041705467317E+00
 0.27796452456682E+00
 0.28555484668003E+00
 0.29312767550356E+00
 0.30057042106102E+00
 0.30788164548386E+00
 0.31497873747474E+00
 0.32184515003875E+00
 0.32846595788316E+00
 0.33485933149564E+00
 0.34105936004527E+00
 0.34707981534897E+00
 0.35294422526046E+00
 0.35868154049885E+00
 0.36430605299636E+00
 0.36984193708745E+00
 0.37529715401078E+00
 0.38068414859251E+00
 0.38601652392117E+00
 0.39128839572718E+00
 0.39651673212041E+00
 0.40170295207801E+00
 0.40684352339699E+00
 0.41194518041737E+00
 0.41700702598049E+00
 0.42203185933843E+00
 0.42701660108669E+00
 0.43196248982830E+00
 0.43686977067015E+00
 0.44173641352913E+00
 0.44656436576184E+00
 0.45135045595360E+00
 0.45609574902512E+00
 0.46079779578333E+00
 0.46545750362175E+00
 0.47007343571052E+00
 0.47464420691969E+00
 0.47917241744147E+00
 0.48365446110599E+00
 0.48809067723952E+00
 0.49248153369699E+00
 0.49682611904991E+00
 0.50112403865262E+00
 0.50537622544724E+00
 0.50958185956080E+00
 0.51374024084503E+00
 0.51785357423340E+00
 0.52191982617372E+00
 0.52594030610781E+00
 0.52991395280747E+00
 0.53384266115627E+00
 0.53772574957449E+00
 0.54156421777075E+00
 0.54535735428894E+00
 0.54910641872841E+00
 0.55281119533156E+00
 0.55647234092980E+00
 0.56009027683092E+00
 0.56366594392363E+00
 0.56719898992467E+00
 0.57069063753606E+00
 0.57414108070083E+00
 0.57755039658021E+00
 0.58091976394195E+00
 0.58424908570269E+00
 0.58753930398192E+00
 0.59079133106316E+00
 0.59400511862410E+00
 0.59718083775854E+00
 0.60031990764449E+00
 0.60342210808535E+00
 0.60648860097567E+00
 0.60951936116487E+00
 0.61251545092916E+00
 0.61547688517853E+00
 0.61840460728782E+00
 0.62129866407127E+00
 0.62416003466050E+00
 0.62698883159389E+00
 0.62978559517731E+00
 0.63255115104134E+00
 0.63528580917393E+00
 0.63799001389283E+00
 0.64066411829037E+00
 0.64330872586553E+00
 0.64592412148780E+00
 0.64851099402115E+00
 0.65106958208378E+00
 0.65360064014171E+00
 0.65610419183417E+00
 0.65858113996568E+00
 0.66103153261031E+00
 0.66345576421819E+00
 0.66585449220260E+00
 0.66822779408731E+00
 0.67057623526474E+00
 0.67290009390768E+00
 0.67520009111722E+00
 0.67747624531522E+00
 0.67972888613494E+00
 0.68195874533166E+00
 0.68416576872381E+00
 0.68635052902688E+00
 0.68851331214820E+00
 0.69065435559366E+00
 0.69277409125493E+00
 0.69487280800446E+00
 0.69695093578280E+00
 0.69900874072540E+00
 0.70104613600015E+00
 0.70306423318829E+00
 0.70506237997899E+00
 0.70704141097876E+00
 0.70900172174088E+00
 0.71094300442308E+00
 0.71286634818974E+00
 0.71477151353123E+00
 0.71665848506760E+00
 0.71852831812172E+00
 0.72038034253995E+00
 0.72221553465214E+00
 0.72403386688422E+00
 0.72583564066308E+00
 0.72762097836857E+00
 0.72939020072360E+00
 0.73114334009240E+00
 0.73288101324167E+00
 0.73460295476288E+00
 0.73630987122335E+00
 0.73800162606797E+00
 0.73967851345008E+00
 0.74134074385810E+00
 0.74298869069599E+00
 0.74462202011086E+00
 0.74624165175538E+00
 0.74784704807129E+00
 0.74943917189073E+00
 0.75101745070430E+00
 0.75258256958222E+00
 0.75413458002157E+00
 0.75567339478220E+00
 0.75719968132485E+00
 0.75871328356081E+00
 0.76021418342652E+00
 0.76170269094288E+00
 0.76317954840584E+00
 0.76464381603820E+00
 0.76609641620230E+00
 0.76753747281970E+00
 0.76896704183411E+00
 0.77038507798181E+00
 0.77179170591157E+00
 0.77318731690936E+00
 0.77457203375035E+00
 0.77594581461259E+00
 0.77730882751943E+00
 0.77866127224070E+00
 0.78000318420616E+00
 0.78133482742368E+00
 0.78265632086806E+00
 0.78396782055887E+00
 0.78526910568410E+00
 0.78656063411638E+00
 0.78784239510327E+00
 0.78911468044060E+00
 0.79037742311998E+00
 0.79163081073515E+00
 0.79287479376722E+00
 0.79410950556704E+00
