 0.20941382915855E+01
 0.20941382915855E+01
 0.20941382915855E+01
 0.20941382915855E+01
 0.20941382915855E+01
 0.20941382992905E+01
 0.20941382692321E+01
 0.20941382760857E+01
 0.20941382460806E+01
 0.20941374377408E+01
 0.20941410070969E+01
 0.20941363943827E+01
 0.20941366056762E+01
 0.20941355605136E+01
 0.20941393009926E+01
 0.20941374629281E+01
 0.20941380850365E+01
 0.20941370950334E+01
 0.20941352996515E+01
 0.20941391373862E+01
 0.20941372202511E+01
 0.20941368319017E+01
 0.20941358018956E+01
 0.20941426106503E+01
 0.20941442366489E+01
 0.20941378566632E+01
 0.20941352162090E+01
 0.20941412134790E+01
 0.20941453157867E+01
 0.20941382812891E+01
 0.20941413402863E+01
 0.20941444704168E+01
 0.20941519986937E+01
 0.20941555990724E+01
 0.20941352662802E+01
 0.20941601463236E+01
 0.20941510452151E+01
 0.20941451106962E+01
 0.20941720751363E+01
 0.20941508839652E+01
 0.20941406620291E+01
 0.20941640057301E+01
 0.20941329320954E+01
 0.20941758805796E+01
 0.20941911147247E+01
 0.20941899204815E+01
 0.20941862384278E+01
 0.20941667087242E+01
 0.20941419774982E+01
 0.20941783783793E+01
 0.20941328962928E+01
 0.20941783238733E+01
 0.20941518909288E+01
 0.20941351697002E+01
 0.20941277150613E+01
 0.20941501582144E+01
 0.20941542493307E+01
 0.20940628627591E+01
 0.20940996617346E+01
 0.20940787537854E+01
 0.20940711970276E+01
 0.20940497869045E+01
 0.20940176616224E+01
 0.20939845813990E+01
 0.20940711914937E+01
 0.20939202550109E+01
 0.20938836540281E+01
 0.20940006634181E+01
 0.20938017193083E+01
 0.20937415553991E+01
 0.20936599781177E+01
 0.20935528068753E+01
 0.20935412462054E+01
 0.20934391602253E+01
 0.20934986698563E+01
 0.20932850589371E+01
 0.20931104365015E+01
 0.20931366630553E+01
 0.20930753994796E+01
 0.20928965140982E+01
 0.20926863473029E+01
 0.20925481238256E+01
 0.20922992149687E+01
 0.20920454234960E+01
 0.20918957271192E+01
 0.20916602091723E+01
 0.20914526453243E+01
 0.20912190423185E+01
 0.20908704927905E+01
 0.20905225814906E+01
 0.20901542320516E+01
 0.20899435408629E+01
 0.20894400828218E+01
 0.20890337096754E+01
 0.20886705910625E+01
 0.20880625100400E+01
 0.20876668800954E+01
 0.20869632757208E+01
 0.20865592136035E+01
 0.20859838124994E+01
 0.20851900704303E+01
 0.20844665869681E+01
 0.20837557549566E+01
 0.20829373426755E+01
 0.20823203503292E+01
 0.20813442289567E+01
 0.20806040205630E+01
 0.20794776094521E+01
 0.20784861146172E+01
 0.20776173612774E+01
 0.20763882781967E+01
 0.20754934623172E+01
 0.20741575596726E+01
 0.20729865472755E+01
 0.20716522779215E+01
 0.20703390345255E+01
 0.20689961862410E+01
 0.20676503595476E+01
 0.20664220234527E+01
 0.20646327900343E+01
 0.20632579897705E+01
 0.20618073176451E+01
 0.20600612015478E+01
 0.20585363871126E+01
 0.20568545014664E+01
 0.20550514447600E+01
 0.20532714517215E+01
 0.20512921998979E+01
 0.20494647906125E+01
 0.20475670077527E+01
 0.20455776860772E+01
 0.20435997165783E+01
 0.20417345826664E+01
 0.20394519981718E+01
 0.20374340681671E+01
 0.20352967186697E+01
 0.20329658987445E+01
 0.20305775807322E+01
 0.20285016005313E+01
 0.20258822207140E+01
 0.20234484878066E+01
 0.20208770257460E+01
 0.20182220729213E+01
 0.20156745706981E+01
 0.20130584137948E+01
 0.20101334262015E+01
 0.20074544033441E+01
 0.20045620627176E+01
 0.20013913070280E+01
 0.19983064916853E+01
 0.19953085840584E+01
 0.19921259331199E+01
 0.19886895162271E+01
 0.19855884493079E+01
 0.19822514189163E+01
 0.19788841619967E+01
 0.19755398325122E+01
 0.19720418515041E+01
 0.19685322561972E+01
 0.19651072517324E+01
 0.19615079112421E+01
 0.19575936978368E+01
 0.19540939317990E+01
 0.19500693438968E+01
 0.19463488665501E+01
 0.19424865413521E+01
 0.19386022688597E+01
 0.19347923658649E+01
 0.19305860298649E+01
 0.19265879638055E+01
 0.19225408718693E+01
 0.19184744259165E+01
 0.19142652093475E+01
 0.19103830178527E+01
 0.19061357370970E+01
 0.19015877815905E+01
 0.18976466256538E+01
 0.18931461900069E+01
 0.18887232809319E+01
 0.18843442010767E+01
 0.18799066811746E+01
 0.18755057122324E+01
 0.18709919908409E+01
 0.18663696462511E+01
 0.18622120667367E+01
 0.18573650283298E+01
 0.18527892634523E+01
 0.18483207781763E+01
 0.18434745471694E+01
 0.18388544584893E+01
 0.18342551976814E+01
 0.18295139077815E+01
 0.18247690919118E+01
 0.18201052394062E+01
 0.18152626201766E+01
 0.18104154688974E+01
 0.18057129266317E+01
 0.18010801395618E+01
 0.17962459007191E+01
 0.17913797294583E+01
 0.17863232926829E+01
 0.17815184604521E+01
 0.17765758790393E+01
 0.17716913911999E+01
 0.17667960930882E+01
 0.17617743121890E+01
 0.17569778231592E+01
 0.17522308527239E+01
 0.17469408859862E+01
 0.17421144857823E+01
 0.17373335153465E+01
 0.17320768114286E+01
 0.17270911236486E+01
 0.17221101036073E+01
 0.17172266102476E+01
 0.17123377467826E+01
 0.17071369075462E+01
 0.17022761021299E+01
 0.16973500007558E+01
 0.16923260259091E+01
 0.16873363500398E+01
 0.16822230916720E+01
 0.16775400750860E+01
 0.16725653488640E+01
 0.16673353711556E+01
 0.16622931232714E+01
 0.16574428953547E+01
 0.16524225735374E+01
 0.16473742451960E+01
 0.16426350945291E+01
 0.16377665902393E+01
 0.16324984987972E+01
 0.16277915672201E+01
 0.16227672756243E+01
 0.16178696889999E+01
 0.16127415491287E+01
 0.16078145315246E+01
 0.16028665821249E+01
 0.15978640531500E+01
 0.15931096366014E+01
 0.15881053998936E+01
 0.15833186046326E+01
 0.15785306472898E+01
 0.15735699645927E+01
 0.15686204952870E+01
 0.15638344290564E+01
 0.15589788348650E+01
 0.15540543598617E+01
 0.15496201245389E+01
 0.15445380727106E+01
 0.15397672331258E+01
 0.15352292957649E+01
 0.15303215390691E+01
 0.15257242355815E+01
 0.15210068824992E+01
 0.15162915397967E+01
 0.15113252535102E+01
 0.15066711653307E+01
 0.15022087728572E+01
 0.14973509335731E+01
 0.14925937366343E+01
 0.14879897990229E+01
 0.14833627113927E+01
 0.14789805505325E+01
 0.14743919627624E+01
 0.14696152440221E+01
 0.14651924833475E+01
 0.14604559070357E+01
 0.14559288573220E+01
 0.14513353813768E+01
 0.14469489184094E+01
 0.14424445379875E+01
 0.14380715087697E+01
 0.14333794856766E+01
 0.14289788008384E+01
 0.14246741741088E+01
 0.14203640493522E+01
 0.14159661889754E+01
 0.14112570879906E+01
 0.14070533396154E+01
 0.14026642641260E+01
 0.13982360739993E+01
 0.13940321253389E+01
 0.13899686526785E+01
 0.13853401746576E+01
 0.13812107794709E+01
 0.13769339894900E+01
 0.13727919949964E+01
 0.13686009058725E+01
 0.13643913300911E+01
 0.13603875792195E+01
 0.13560939262974E+01
 0.13519297790662E+01
 0.13477931443167E+01
 0.13436245076055E+01
 0.13397680074370E+01
 0.13357294736833E+01
 0.13316336269694E+01
 0.13275017519272E+01
 0.13232956475601E+01
