 0.34789878279465E+03
 0.34789878498954E+03
 0.34789879516805E+03
 0.34789882399173E+03
 0.34789888833281E+03
 0.34789901844543E+03
 0.34789926911766E+03
 0.34789971834525E+03
 0.34790045074435E+03
 0.34790153429244E+03
 0.34790300891379E+03
 0.34790487227352E+03
 0.34790711090041E+03
 0.34790965280917E+03
 0.34791243558516E+03
 0.34791542614427E+03
 0.34791845041348E+03
 0.34792149493259E+03
 0.34792456813154E+03
 0.34792747059351E+03
 0.34791417173275E+03
 0.34791249302535E+03
 0.34791036292259E+03
 0.34790771303910E+03
 0.34790439737512E+03
 0.34790049773010E+03
 0.34789580203608E+03
 0.34789009404498E+03
 0.34788356404559E+03
 0.34787584325197E+03
 0.34786654581051E+03
 0.34785555720055E+03
 0.34784260636814E+03
 0.34782702399914E+03
 0.34780869315275E+03
 0.34778660435004E+03
 0.34776150430140E+03
 0.34773110538725E+03
 0.34769585384296E+03
 0.34765561066936E+03
 0.34760887668018E+03
 0.34755550267871E+03
 0.34749617050183E+03
 0.34742734551395E+03
 0.34735091789847E+03
 0.34726471292406E+03
 0.34716910689681E+03
 0.34706350304533E+03
 0.34694731008880E+03
 0.34681884812722E+03
 0.34667969758974E+03
 0.34652810472076E+03
 0.34636390880329E+03
 0.34618766993051E+03
 0.34599363031099E+03
 0.34578851189334E+03
 0.34556953192599E+03
 0.34533710062547E+03
 0.34508671112778E+03
 0.34481928806680E+03
 0.34453901536176E+03
 0.34424188078940E+03
 0.34392832883765E+03
 0.34359667349281E+03
 0.34324984490117E+03
 0.34288501749897E+03
 0.34249721955806E+03
 0.34210237837221E+03
 0.34167352918058E+03
 0.34124289684496E+03
 0.34077850733063E+03
 0.34030379388009E+03
 0.33979661035889E+03
 0.33928226933684E+03
 0.33874633905574E+03
 0.33818682965346E+03
 0.33760752268197E+03
 0.33700578137461E+03
 0.33637837036235E+03
 0.33574381708133E+03
 0.33506741671290E+03
 0.33437430035322E+03
 0.33366986344168E+03
 0.33293037452143E+03
 0.33216690655413E+03
 0.33137314815570E+03
 0.33056703501698E+03
 0.32973274470141E+03
 0.32886023317601E+03
 0.32797513583597E+03
 0.32706622770533E+03
 0.32610923455948E+03
 0.32514989464204E+03
 0.32415249075913E+03
 0.32312167832118E+03
 0.32205529962902E+03
 0.32097107295265E+03
 0.31985237647644E+03
 0.31870359108470E+03
 0.31752086812035E+03
 0.31630365652003E+03
 0.31505950395027E+03
 0.31378395093422E+03
 0.31246136606248E+03
 0.31111016754929E+03
 0.30972777514390E+03
 0.30830967422622E+03
 0.30684688537755E+03
 0.30533335794960E+03
 0.30380550327693E+03
 0.30221839847728E+03
 0.30058903638678E+03
 0.29892515392582E+03
 0.29720522519155E+03
 0.29543884165914E+03
 0.29366470863430E+03
 0.29177470260966E+03
 0.28986675304987E+03
 0.28790777683258E+03
 0.28590382450224E+03
 0.28382676435354E+03
 0.28170394382933E+03
 0.27949770698571E+03
 0.27727021003765E+03
 0.27493086059459E+03
 0.27257217765317E+03
 0.27012944456237E+03
 0.26755499279041E+03
 0.26491246435296E+03
 0.26223266142577E+03
 0.25942500797959E+03
 0.25653177850641E+03
 0.25358814144655E+03
 0.25046828340356E+03
 0.24725114773032E+03
 0.24394412860086E+03
 0.24050106072803E+03
 0.23687919729263E+03
 0.23314628226301E+03
 0.22929263234946E+03
 0.22523104188707E+03
 0.22098004475207E+03
 0.21653446153529E+03
 0.21193858342448E+03
 0.20703613823305E+03
 0.20195237945550E+03
 0.19668246364589E+03
 0.19107491728316E+03
 0.18520199796702E+03
 0.17904581006845E+03
 0.17275546993523E+03
 0.16607561963488E+03
 0.15927856636652E+03
 0.15223228464399E+03
 0.14503362811981E+03
 0.13778688358616E+03
 0.13048325724552E+03
 0.12325364531378E+03
 0.11616245302782E+03
 0.10924388526923E+03
 0.10265514381094E+03
 0.96393214758081E+02
 0.90477351174859E+02
 0.84979647141839E+02
 0.79862377386029E+02
 0.75102273357103E+02
 0.70763278536208E+02
 0.66736839528475E+02
 0.63047540157448E+02
 0.59649487305164E+02
 0.56533509794942E+02
 0.53648713298763E+02
 0.51023791112796E+02
 0.48584294364859E+02
 0.46343958761345E+02
 0.44257643454037E+02
 0.42329060591278E+02
 0.40537475507081E+02
 0.38879634697439E+02
 0.37338594555645E+02
 0.35895148379978E+02
 0.34542653659875E+02
 0.33276968987520E+02
 0.32098678839666E+02
 0.30988535310190E+02
 0.29941197407756E+02
 0.28956403554804E+02
 0.28027470922047E+02
 0.27156276607574E+02
 0.26324267918495E+02
 0.25542314491356E+02
 0.24797040883572E+02
 0.24088160459845E+02
 0.23417209776576E+02
 0.22779999630681E+02
 0.22171105921722E+02
 0.21590983054124E+02
 0.21039363240387E+02
 0.20510246910576E+02
 0.20004446245243E+02
