 0.83175735907662E+02
 0.83175735907670E+02
 0.83175735907921E+02
 0.83175735963491E+02
 0.83175737895137E+02
 0.83175756057593E+02
 0.83175836474229E+02
 0.83176061515861E+02
 0.83176532197262E+02
 0.83177345150254E+02
 0.83178578681401E+02
 0.83180289341619E+02
 0.83182513304743E+02
 0.83185272535455E+02
 0.83188576383066E+02
 0.83192422997177E+02
 0.83196809932255E+02
 0.83201722276786E+02
 0.83207140699606E+02
 0.83213050485494E+02
 0.83195008260417E+02
 0.83195544420951E+02
 0.83196182254135E+02
 0.83196933089256E+02
 0.83197812295801E+02
 0.83198823829103E+02
 0.83199984372196E+02
 0.83201309102698E+02
 0.83202795138612E+02
 0.83204463316321E+02
 0.83206331374243E+02
 0.83208405765262E+02
 0.83210697672334E+02
 0.83213233021744E+02
 0.83216013888294E+02
 0.83219076376305E+02
 0.83222385289763E+02
 0.83226024366359E+02
 0.83229969063678E+02
 0.83234214546633E+02
 0.83238811651010E+02
 0.83243754827393E+02
 0.83249004429514E+02
 0.83254688170726E+02
 0.83260718924950E+02
 0.83267167271516E+02
 0.83274007522278E+02
 0.83281247244298E+02
 0.83288897088537E+02
 0.83297008784151E+02
 0.83305507547413E+02
 0.83314448580598E+02
 0.83323825929727E+02
 0.83333606806969E+02
 0.83343998315787E+02
 0.83354736849431E+02
 0.83365916033143E+02
 0.83377514219187E+02
 0.83389694929865E+02
 0.83402412267782E+02
 0.83415507763873E+02
 0.83429123396304E+02
 0.83443243518381E+02
 0.83457927267281E+02
 0.83473065201450E+02
 0.83488763512672E+02
 0.83505209503682E+02
 0.83521806972767E+02
 0.83539578477496E+02
 0.83557311614540E+02
 0.83576222966195E+02
 0.83595432734328E+02
 0.83615792023491E+02
 0.83636352336545E+02
 0.83657673184578E+02
 0.83679842618883E+02
 0.83702739532433E+02
 0.83726475729769E+02
 0.83751191865548E+02
 0.83776211094891E+02
 0.83802874023007E+02
 0.83830241629470E+02
 0.83858139025776E+02
 0.83887501100958E+02
 0.83917931182142E+02
 0.83949710692805E+02
 0.83982171007268E+02
 0.84015963771845E+02
 0.84051521464996E+02
 0.84087881765404E+02
 0.84125513406563E+02
 0.84165441843219E+02
 0.84205887214396E+02
 0.84248318417223E+02
 0.84292612066965E+02
 0.84338919562909E+02
 0.84386567363345E+02
 0.84436296773781E+02
 0.84488001654060E+02
 0.84541908649321E+02
 0.84598118743712E+02
 0.84656395328142E+02
 0.84716992127486E+02
 0.84780698419884E+02
 0.84846788217436E+02
 0.84915503290517E+02
 0.84987109076082E+02
 0.85062140865826E+02
 0.85141028878397E+02
 0.85222205810675E+02
 0.85307878482537E+02
 0.85397435993573E+02
 0.85490656208728E+02
 0.85588754050860E+02
 0.85691449049225E+02
 0.85796983561489E+02
 0.85911047211026E+02
 0.86028934052561E+02
 0.86152526280666E+02
 0.86281760358737E+02
 0.86418519608475E+02
 0.86561562307978E+02
 0.86713406513033E+02
 0.86870816033442E+02
 0.87039520236166E+02
 0.87214398356364E+02
 0.87399890005248E+02
 0.87599595032787E+02
 0.87810142831041E+02
 0.88030121491693E+02
 0.88266254359821E+02
 0.88516567663085E+02
 0.88779223093650E+02
 0.89064579715807E+02
 0.89367990588922E+02
 0.89689950672408E+02
 0.90035547092456E+02
 0.90410144888247E+02
 0.90809753357859E+02
 0.91237002588593E+02
 0.91720672523540E+02
 0.92207564078857E+02
 0.92738109823834E+02
 0.93343755640112E+02
 0.93996069431369E+02
 0.94702264301244E+02
 0.95467523846892E+02
 0.96317737215169E+02
 0.97251847209859E+02
 0.98281411723619E+02
 0.99392806254235E+02
 0.10063855601579E+03
 0.10198599048356E+03
 0.10347289812333E+03
 0.10509778748549E+03
 0.10685518502339E+03
 0.10876488369660E+03
 0.11081283287480E+03
 0.11299745219779E+03
 0.11532422864690E+03
 0.11775213147155E+03
 0.12028541049703E+03
 0.12291806171174E+03
 0.12561270633189E+03
 0.12837521026822E+03
 0.13120541743088E+03
 0.13404473922497E+03
 0.13693912715684E+03
 0.13984913086675E+03
 0.14278416799848E+03
 0.14572565987778E+03
 0.14869568258275E+03
 0.15163687528201E+03
 0.15460369664875E+03
 0.15755545522964E+03
 0.16052661969176E+03
 0.16349008877770E+03
 0.16645422869570E+03
 0.16940153858390E+03
 0.17233908577640E+03
 0.17528394659058E+03
 0.17823281024916E+03
 0.18117738105257E+03
 0.18409731342264E+03
 0.18702258229908E+03
 0.18995334941870E+03
 0.19287609028068E+03
 0.19579605789919E+03
 0.19869247069244E+03
 0.20161411138782E+03
 0.20451182577460E+03
 0.20742236763337E+03
 0.21033744085143E+03
 0.21323987370534E+03
 0.21613612592615E+03
 0.21904117245404E+03
 0.22194417793005E+03
 0.22483669643299E+03
 0.22774131601681E+03
 0.23064617653899E+03
