 0.25955948765236E+10
 0.25957148730912E+10
 0.25959148576897E+10
 0.25961948734867E+10
 0.25965548504590E+10
 0.25969948552159E+10
 0.25975148633276E+10
 0.25981148473157E+10
 0.25987948407824E+10
 0.25995548376198E+10
 0.26003948332224E+10
 0.26013148405619E+10
 0.26023148236811E+10
 0.26033948163565E+10
 0.26045548026313E+10
 0.26057948161464E+10
 0.26071148301277E+10
 0.26085148309242E+10
 0.26099948679299E+10
 0.26115549226222E+10
 0.26131949905840E+10
 0.26149150685991E+10
 0.26167152074153E+10
 0.26185953461466E+10
 0.26205555692035E+10
 0.26225958137935E+10
 0.26247161700778E+10
 0.26269165847764E+10
 0.26291970308003E+10
 0.26315575923547E+10
 0.26339982614160E+10
 0.26365189819852E+10
 0.26391198540397E+10
 0.26418007856512E+10
 0.26445617876490E+10
 0.26474029700370E+10
 0.26503240907740E+10
 0.26533253298410E+10
 0.26564065659028E+10
 0.26595677671996E+10
 0.26628090117931E+10
 0.26661301996189E+10
 0.26695310279531E+10
 0.26730120372782E+10
 0.26765725582481E+10
 0.26802128356287E+10
 0.26839326976037E+10
 0.26877320375144E+10
 0.26916108861788E+10
 0.26955690052997E+10
 0.26996060979807E+10
 0.27037222110543E+10
 0.27079171720884E+10
 0.27121909366098E+10
 0.27165431024183E+10
 0.27209735976811E+10
 0.27254819782083E+10
 0.27300683216857E+10
 0.27347321857842E+10
 0.27394733816575E+10
 0.27442918504668E+10
 0.27491868212626E+10
 0.27541579727186E+10
 0.27592054540266E+10
 0.27643281172522E+10
 0.27695261418230E+10
 0.27747991133098E+10
 0.27801473601181E+10
 0.27855688536464E+10
 0.27910637274259E+10
 0.27966316963416E+10
 0.28022726220338E+10
 0.28079857157903E+10
 0.28137688292064E+10
 0.28196237052480E+10
 0.28255481374757E+10
 0.28315438399400E+10
 0.28376084269675E+10
 0.28437395499726E+10
 0.28499409500943E+10
 0.28562082949589E+10
 0.28625392045712E+10
 0.28689395173224E+10
 0.28754031791498E+10
 0.28819299018722E+10
 0.28885235888837E+10
 0.28951756685197E+10
 0.29018929204304E+10
 0.29086680749750E+10
 0.29155039845122E+10
 0.29223985458473E+10
 0.29293534460566E+10
 0.29363640358428E+10
 0.29434274500113E+10
 0.29505495768047E+10
 0.29577292774815E+10
 0.29649561997382E+10
 0.29722362839710E+10
 0.29795680079688E+10
 0.29869491778700E+10
 0.29943786069642E+10
 0.30018578490782E+10
 0.30093786224332E+10
 0.30169480822246E+10
 0.30245570646942E+10
 0.30322129891155E+10
 0.30399009189758E+10
 0.30476308806109E+10
 0.30554063084942E+10
 0.30632181957891E+10
 0.30710526130829E+10
 0.30789192451839E+10
 0.30868299179598E+10
 0.30947624033826E+10
 0.31027190149002E+10
 0.31107074290014E+10
 0.31187085934584E+10
 0.31267455965982E+10
 0.31347846660088E+10
 0.31428479532460E+10
 0.31509278073364E+10
 0.31590194972350E+10
 0.31671152243693E+10
 0.31752276994262E+10
 0.31833356134403E+10
 0.31914249996660E+10
 0.31995441524490E+10
 0.32076406010076E+10
 0.32157219360098E+10
 0.32238144558200E+10
 0.32318912687502E+10
 0.32399263594243E+10
 0.32479475609318E+10
 0.32559336015758E+10
 0.32639191889996E+10
 0.32718459200349E+10
 0.32797575862818E+10
 0.32876155113249E+10
 0.32954405573481E+10
 0.33032378580141E+10
 0.33109818037160E+10
 0.33186699272918E+10
 0.33263472984265E+10
 0.33339705811568E+10
 0.33415538845420E+10
 0.33491140534163E+10
 0.33566716902813E+10
 0.33641998807354E+10
 0.33717500689038E+10
 0.33793206847246E+10
 0.33869686757401E+10
 0.33946701917599E+10
 0.34024848859576E+10
 0.34103959256921E+10
 0.34184555291929E+10
 0.34266953764050E+10
 0.34351019172731E+10
 0.34437055603508E+10
 0.34524966658625E+10
 0.34614743607199E+10
 0.34706416225058E+10
 0.34799955781448E+10
 0.34895292482459E+10
 0.34992039465828E+10
 0.35090742870231E+10
 0.35191111939812E+10
 0.35292896373099E+10
 0.35396379094872E+10
 0.35501374838542E+10
 0.35607823485931E+10
 0.35715824650899E+10
 0.35825357907541E+10
 0.35936349000997E+10
 0.36048845694967E+10
 0.36162800243228E+10
 0.36278021887728E+10
 0.36394648681251E+10
 0.36512738999841E+10
 0.36632092006707E+10
 0.36752691996101E+10
 0.36874523784153E+10
 0.36997893190053E+10
 0.37122342221188E+10
 0.37247887721633E+10
 0.37374873722953E+10
 0.37502898104931E+10
 0.37632172531500E+10
 0.37762529627653E+10
 0.37893972898729E+10
 0.38026807621466E+10
 0.38160536886667E+10
 0.38295418954235E+10
 0.38431476918972E+10
 0.38568460277694E+10
 0.38706560921477E+10
 0.38845759095720E+10
 0.38985960073446E+10
 0.39127282655529E+10
 0.39269554284908E+10
 0.39412880996118E+10
