 0.10189891284960E+00
 0.10189891284961E+00
 0.10189891284978E+00
 0.10189891285078E+00
 0.10189891285480E+00
 0.10189891286596E+00
 0.10189891261479E+00
 0.10189891145547E+00
 0.10189890729659E+00
 0.10189889613321E+00
 0.10189887143589E+00
 0.10189882427316E+00
 0.10189874178952E+00
 0.10189860972008E+00
 0.10189841188193E+00
 0.10189812543957E+00
 0.10189772759151E+00
 0.10189718842629E+00
 0.10189646993604E+00
 0.10189552173947E+00
 0.10189427015180E+00
 0.10189264776671E+00
 0.10189053693073E+00
 0.10188781013224E+00
 0.10188431098373E+00
 0.10187987089974E+00
 0.10187430401714E+00
 0.10186746207690E+00
 0.10185918035478E+00
 0.10184933291436E+00
 0.10183784962313E+00
 0.10182480307191E+00
 0.10181029302093E+00
 0.10179456621831E+00
 0.10177808479765E+00
 0.10176132784643E+00
 0.10174501041274E+00
 0.10172991608976E+00
 0.10171707705918E+00
 0.10170754464275E+00
 0.10170232144297E+00
 0.10170278275544E+00
 0.10171017946683E+00
 0.10172574185461E+00
 0.10175074409291E+00
 0.10178658258719E+00
 0.10183456204939E+00
 0.10189606030793E+00
 0.10197223024176E+00
 0.10206452892297E+00
 0.10217423833836E+00
 0.10230277417354E+00
 0.10245174350170E+00
 0.10262250292688E+00
 0.10281709391164E+00
 0.10303729263250E+00
 0.10328576849382E+00
 0.10356499004282E+00
 0.10387871192450E+00
 0.10423048861140E+00
 0.10462698865870E+00
 0.10507468884872E+00
 0.10558685863935E+00
 0.10618734298201E+00
