 0.67197792076794E+03
 0.67197792076794E+03
 0.67197792076794E+03
 0.67197792076794E+03
 0.67197792076794E+03
 0.67197823877565E+03
 0.67197734998231E+03
 0.67197756846389E+03
 0.67197660663052E+03
 0.67195495340662E+03
 0.67205188985754E+03
 0.67192827157642E+03
 0.67949582194605E+03
 0.67190633634510E+03
 0.67942965274651E+03
 0.67947477267217E+03
 0.67945972969675E+03
 0.67194404236533E+03
 0.67189493495517E+03
 0.67943914507355E+03
 0.67948071329734E+03
 0.67193495829407E+03
 0.67190470754046E+03
 0.67935253530545E+03
 0.67931080776140E+03
 0.67946942908067E+03
 0.67952494645371E+03
 0.67938655386447E+03
 0.68185759825455E+03
 0.67948466244123E+03
 0.67206423441876E+03
 0.68178511115391E+03
 0.67237635429936E+03
 0.67235293525305E+03
 0.67205605806621E+03
 0.67282216143999E+03
 0.67221233025631E+03
 0.67216907491345E+03
 0.67333374208093E+03
 0.67231788314669E+03
 0.67951489754546E+03
 0.67290400161665E+03
 0.67205322038872E+03
 0.67334025761633E+03
 0.67449134836044E+03
 0.67452221018915E+03
 0.67427845783698E+03
 0.67341448277919E+03
 0.67253916397738E+03
 0.67434940058278E+03
 0.67227579583431E+03
 0.67544590701722E+03
 0.67355745375709E+03
 0.67298239890878E+03
 0.67295097147218E+03
 0.67586019955671E+03
 0.68038382954263E+03
 0.67221891640104E+03
 0.67735333466288E+03
 0.67359381306166E+03
 0.67591385758830E+03
 0.67493811099143E+03
 0.68127529720475E+03
 0.67422615248804E+03
 0.67875526488880E+03
 0.67438269441435E+03
 0.67535862038705E+03
 0.67630215668582E+03
 0.67693686776273E+03
 0.67296272991191E+03
 0.67863634653411E+03
 0.67954991729948E+03
 0.68202329463700E+03
 0.67876729942707E+03
 0.67893472263998E+03
 0.67723979024266E+03
 0.68283374312141E+03
 0.68040985614127E+03
 0.67492788041644E+03
 0.67465300754677E+03
 0.67306355834063E+03
 0.68135381810548E+03
 0.67917054256294E+03
 0.68131733835533E+03
 0.67651910203921E+03
 0.67865508227989E+03
 0.67884270451121E+03
 0.67561090794297E+03
 0.67942159076166E+03
 0.67806310080036E+03
 0.67875246382153E+03
 0.68298922936897E+03
 0.67933101185298E+03
 0.68519600407136E+03
 0.67912063852131E+03
 0.68102176181289E+03
 0.68153864448037E+03
 0.67946205661537E+03
 0.68724643391160E+03
 0.68558413350502E+03
 0.68535566707727E+03
 0.68766871725629E+03
 0.68577291164685E+03
 0.68473137505968E+03
 0.68938845620812E+03
 0.68871146428266E+03
 0.69221857575365E+03
 0.69123535386228E+03
 0.69337559988978E+03
 0.69561315536105E+03
 0.69004478391906E+03
 0.69661009513783E+03
 0.69315437700082E+03
 0.69647350155785E+03
 0.69585569613674E+03
 0.70620759187552E+03
 0.69766552519956E+03
 0.69820801473401E+03
 0.70340413925271E+03
 0.70847680915672E+03
 0.70878976827435E+03
 0.70359820690410E+03
 0.70859588136434E+03
 0.71513599233861E+03
 0.71388317594831E+03
 0.71927495443486E+03
 0.72009753738555E+03
 0.71257771370007E+03
 0.71485877281375E+03
 0.71691578010348E+03
 0.72606081714902E+03
 0.72251368228114E+03
 0.72112387478394E+03
 0.72209547408068E+03
 0.72515946867186E+03
 0.72843652204089E+03
 0.72782288285385E+03
 0.72855445411077E+03
 0.73513370103225E+03
 0.73418166801265E+03
 0.73589758123537E+03
 0.74051132343303E+03
 0.73799011445730E+03
 0.74593466821809E+03
 0.74893728044088E+03
 0.74858403432481E+03
 0.74485719620280E+03
 0.74712702315367E+03
 0.74853354300066E+03
 0.74826454572570E+03
 0.75070696169461E+03
 0.75555854389312E+03
 0.75930544877051E+03
 0.76363238867574E+03
 0.76697918107998E+03
 0.76736782604274E+03
 0.76698449822313E+03
 0.76581359124767E+03
 0.77074356167203E+03
 0.77702398694497E+03
 0.77761636762798E+03
 0.77555131593012E+03
 0.77625939515166E+03
 0.77806447771799E+03
 0.78129597810569E+03
 0.78331920218418E+03
 0.79045193134634E+03
 0.79185852677698E+03
 0.79563900283558E+03
 0.78800076114337E+03
 0.79139570824326E+03
 0.79569321550118E+03
 0.80284490087390E+03
 0.79955271063184E+03
 0.80190092201617E+03
 0.80190023047444E+03
 0.80541721405468E+03
 0.80824803324795E+03
 0.80781525627819E+03
 0.81808161367846E+03
 0.81330409771097E+03
 0.82429123608872E+03
 0.81993242159400E+03
 0.82027870012494E+03
 0.82345329707767E+03
 0.82684625523495E+03
 0.82750397888313E+03
 0.83198475660867E+03
 0.83872470008069E+03
 0.83144227932132E+03
 0.83479456454514E+03
 0.84847268458452E+03
 0.84926526064512E+03
 0.85065279846764E+03
 0.85512935618118E+03
 0.85502033894132E+03
 0.84965652941283E+03
 0.85393714329476E+03
 0.86090489856924E+03
 0.85996080552354E+03
 0.86091770537668E+03
 0.86363087734539E+03
 0.87259852911193E+03
 0.87080832261317E+03
 0.87654939603079E+03
 0.88177509945546E+03
 0.87994591939220E+03
 0.88087596086646E+03
 0.88124141514349E+03
 0.88707318736244E+03
 0.88116816149807E+03
 0.89000975492203E+03
 0.89485922513534E+03
 0.89415430525766E+03
 0.89507233566871E+03
 0.90146946784212E+03
 0.90683467682668E+03
 0.91107870856892E+03
 0.90099854484187E+03
 0.90720235971190E+03
 0.90905278742577E+03
 0.92312834010026E+03
 0.91855922343771E+03
 0.92637646714302E+03
 0.92864595610868E+03
 0.91924384609524E+03
 0.93062115228663E+03
 0.92916441343743E+03
 0.93734757571152E+03
 0.93600268279795E+03
 0.93751355919366E+03
 0.93962402773586E+03
 0.94709124468223E+03
 0.94857606530443E+03
 0.94515482829544E+03
 0.94816802307052E+03
 0.95506025178964E+03
 0.95695883638328E+03
 0.95468668928934E+03
 0.95765393670123E+03
 0.96495368398653E+03
 0.97615364463354E+03
 0.97627191268073E+03
 0.97307040648476E+03
 0.98130021304013E+03
 0.97369439127926E+03
 0.97564125517793E+03
 0.97805397272861E+03
 0.99136460186389E+03
 0.99293937968007E+03
 0.98686665136522E+03
 0.99550463648861E+03
 0.99802930209508E+03
 0.99455128865547E+03
 0.10040698637164E+04
 0.10051781036476E+04
 0.10036062767945E+04
 0.10172095339295E+04
 0.10069208214399E+04
 0.10182302388754E+04
 0.10157045837582E+04
 0.10170592995336E+04
 0.10236394158966E+04
 0.10241199163741E+04
 0.10278383302266E+04
 0.10302186851388E+04
 0.10359148584686E+04
 0.10299148485197E+04
 0.10401676751795E+04
 0.10482289215611E+04
 0.10434761180584E+04
 0.10452484235537E+04
 0.10611082484721E+04
 0.10499571277653E+04
 0.10549429198151E+04
 0.10570222574150E+04
 0.10723215328028E+04
 0.10671071623021E+04
 0.10752274562189E+04
 0.10697678702415E+04
 0.10658124330598E+04
 0.10728711646032E+04
 0.10759205130795E+04
 0.10792920786303E+04
 0.10803950670912E+04
 0.10858434000514E+04
 0.10863406038305E+04
 0.10873528581759E+04
 0.10939229144802E+04
 0.11039145393398E+04
 0.11057141618891E+04
 0.11050408648418E+04
 0.11104514335390E+04
 0.11157589733198E+04
 0.11119967044992E+04
 0.11103976455876E+04
 0.11260696159847E+04
 0.11148368363894E+04
 0.11234747409225E+04
 0.11224869949392E+04
