 0.10813086768930E+04
 0.10813086768930E+04
 0.10813086768930E+04
 0.10813086768930E+04
 0.10813086768930E+04
 0.10813086768930E+04
 0.10813086768930E+04
 0.10813086768930E+04
 0.10813086768930E+04
 0.10813001936183E+04
 0.10814168631599E+04
 0.10812570832628E+04
 0.10811551961542E+04
 0.10812320685437E+04
 0.10810722137684E+04
 0.10811364702020E+04
 0.10811003400226E+04
 0.10812669424037E+04
 0.10812031220861E+04
 0.10810840125707E+04
 0.10811366249169E+04
 0.10812648701833E+04
 0.10812242502846E+04
 0.10809762595047E+04
 0.10809137327792E+04
 0.10811161062353E+04
 0.10811856459128E+04
 0.10810086898520E+04
 0.10808888165124E+04
 0.10811227935650E+04
 0.10814332628242E+04
 0.10808064921138E+04
 0.10818247551388E+04
 0.10817925469104E+04
 0.10814121999289E+04
 0.10823981693787E+04
 0.10816123941359E+04
 0.10815550458229E+04
 0.10765420362909E+04
 0.10817494239302E+04
 0.10811871070868E+04
 0.10824982296921E+04
 0.10814025713511E+04
 0.10765426717020E+04
 0.10780016412482E+04
 0.10780546582532E+04
 0.10777488099346E+04
 0.10766484469433E+04
 0.10820322070348E+04
 0.10778431455904E+04
 0.10817002748130E+04
 0.10792364968997E+04
 0.10768398346057E+04
 0.10760871878594E+04
 0.10760500847236E+04
 0.10797596009643E+04
 0.10790139452622E+04
 0.10816235156750E+04
 0.10816657856264E+04
 0.10768836065426E+04
 0.10798311281372E+04
 0.10785901808270E+04
 0.10801572933025E+04
 0.10776749205321E+04
 0.10769318681157E+04
 0.10778795778947E+04
 0.10791293130128E+04
 0.10868025492593E+04
 0.10811294054365E+04
 0.10889423296744E+04
 0.10833115959064E+04
 0.10844863442817E+04
 0.10811087881295E+04
 0.10834820387855E+04
 0.10771567457419E+04
 0.10815181211681E+04
 0.10821466346116E+04
 0.10790381055814E+04
 0.10850304504625E+04
 0.10846812897455E+04
 0.10826447523767E+04
 0.10802413883456E+04
 0.10839825534451E+04
 0.10867297310739E+04
 0.10804442493628E+04
 0.10833291255067E+04
 0.10834134961203E+04
 0.10859019393989E+04
 0.10841562879206E+04
 0.10824262098188E+04
 0.10834698194097E+04
 0.10823563222010E+04
 0.10840583851090E+04
 0.10786611085360E+04
 0.10774095493129E+04
 0.10864159799839E+04
 0.10805193203326E+04
 0.10842657100256E+04
 0.10813238201638E+04
 0.10792169332943E+04
 0.10788558116627E+04
 0.10819499320467E+04
 0.10795270028610E+04
 0.10782421188819E+04
 0.10841726703846E+04
 0.10767414889251E+04
 0.10878465130913E+04
 0.10866842055243E+04
 0.10764307577481E+04
 0.10792580952561E+04
 0.10786272893704E+04
 0.10805995777066E+04
 0.10826828752665E+04
 0.10869622420026E+04
 0.10862346890010E+04
 0.10799947336472E+04
 0.10886912385777E+04
 0.10894769279171E+04
 0.10766869864052E+04
 0.10897444952202E+04
 0.10902424629280E+04
 0.10772041354581E+04
 0.10901673686561E+04
 0.10854509978555E+04
 0.10839854160614E+04
 0.10876292968355E+04
 0.10789877639187E+04
 0.10827647250269E+04
 0.10791263132305E+04
 0.10818417026818E+04
 0.10870130983489E+04
 0.10827928208860E+04
 0.10811911923947E+04
 0.10890472726752E+04
 0.10866032945386E+04
 0.10842751991067E+04
 0.10838444654571E+04
 0.10848355551968E+04
 0.10802606683885E+04
 0.10793717362305E+04
 0.10817350472502E+04
 0.10876671874756E+04
 0.10848193930015E+04
 0.10818363134604E+04
 0.10857273708687E+04
 0.10791149312282E+04
 0.10813863158444E+04
 0.10845426663804E+04
 0.10930733586313E+04
 0.10931094395747E+04
 0.10899866747231E+04
 0.10895707283176E+04
 0.10814745816396E+04
 0.10870764667254E+04
 0.10915394777484E+04
 0.10924098310915E+04
 0.10923586819207E+04
 0.10847136943085E+04
 0.10845851049242E+04
 0.10924489019949E+04
 0.10837552506959E+04
 0.10981392324373E+04
 0.10863295780912E+04
 0.10889336325109E+04
 0.10930432926539E+04
 0.10959019808904E+04
 0.10915319839801E+04
 0.10936712483363E+04
 0.10985198858708E+04
 0.10899810854802E+04
 0.10945554115946E+04
 0.10932124549561E+04
 0.10954690495824E+04
 0.10921394215499E+04
 0.10952602051383E+04
 0.11023836774840E+04
 0.11003144412939E+04
 0.10973798575539E+04
 0.11040752906419E+04
 0.10961354818195E+04
 0.11047208350823E+04
 0.11041813588550E+04
 0.10997105553649E+04
 0.11006480966222E+04
 0.11047497514142E+04
 0.11091473512564E+04
 0.11103795543775E+04
 0.11160031252763E+04
 0.11105275819956E+04
 0.11095118063454E+04
 0.11138262233822E+04
 0.11092661639572E+04
 0.11106618226062E+04
 0.11127209802007E+04
 0.11182533654204E+04
 0.11256234471609E+04
 0.11199285566296E+04
 0.11253082188326E+04
 0.11198830931870E+04
 0.11333122521646E+04
 0.11208822574955E+04
 0.11244345801621E+04
 0.11349806866238E+04
 0.11335018548509E+04
 0.11404340503447E+04
 0.11326078138130E+04
 0.11312314448618E+04
 0.11327863170954E+04
 0.11406548210929E+04
 0.11335819330869E+04
 0.11416968001931E+04
 0.11449633698393E+04
 0.11508209443697E+04
 0.11433107532006E+04
 0.11450791392966E+04
 0.11526592397605E+04
 0.11517652384451E+04
 0.11497867458442E+04
 0.11536509446314E+04
 0.11612291210617E+04
 0.11564883568314E+04
 0.11650557558797E+04
 0.11605899883108E+04
 0.11696475890696E+04
 0.11727198033930E+04
 0.11629458851408E+04
 0.11760496013589E+04
 0.11750718450457E+04
 0.11696413748581E+04
 0.11834742456055E+04
 0.11857672208533E+04
 0.11810547585067E+04
 0.11822599802014E+04
 0.11844803129017E+04
 0.11813545761128E+04
 0.11851317402267E+04
 0.11856078970850E+04
 0.11882387456793E+04
 0.11939553830953E+04
 0.11976180970441E+04
 0.12061754198001E+04
 0.11956119306652E+04
 0.12118156325158E+04
 0.12012195541308E+04
 0.12027115535548E+04
 0.12029580432368E+04
 0.12134303847740E+04
 0.12164544521884E+04
 0.12196731022968E+04
 0.12178250350857E+04
 0.12278807571825E+04
 0.12217711450604E+04
 0.12250344300601E+04
 0.12218726017634E+04
 0.12325719027979E+04
 0.12344790101821E+04
 0.12332802162230E+04
 0.12323710410518E+04
 0.12378732679445E+04
 0.12344496846507E+04
 0.12484092561294E+04
 0.12423140232112E+04
 0.12417737478077E+04
 0.12594920918904E+04
 0.12554786242274E+04
 0.12585523970088E+04
 0.12570547793702E+04
 0.12594710210539E+04
 0.12627450027745E+04
 0.12635676403080E+04
 0.12675837785297E+04
 0.12699505322716E+04
 0.12703962555024E+04
 0.12841538773988E+04
 0.12818238506616E+04
 0.12760901323656E+04
 0.12759819912687E+04
 0.12795770456261E+04
 0.12884944037402E+04
 0.12920566349324E+04
 0.13009759407248E+04
 0.12966555554629E+04
 0.13000937431880E+04
 0.13038640957270E+04
 0.13058590699387E+04
 0.13121518991449E+04
 0.13133745436960E+04
 0.13146480685715E+04
 0.13229244097281E+04
 0.13161903054015E+04
 0.13182527990176E+04
 0.13185157927063E+04
 0.13245434113844E+04
 0.13308232397851E+04
 0.13276350264000E+04
 0.13264651681528E+04
 0.13433995828807E+04
 0.13318249054221E+04
 0.13413714919805E+04
 0.13411521580670E+04
