 0.98445526788544E+00
 0.98445526788544E+00
 0.98445526788544E+00
 0.98445526788544E+00
 0.98445526788544E+00
 0.98445526788544E+00
 0.98445526788544E+00
 0.98445526788544E+00
 0.98445526788544E+00
 0.98445524117202E+00
 0.98445644462219E+00
 0.98445474659539E+00
 0.98445353785076E+00
 0.98445434386831E+00
 0.98445270496311E+00
 0.98445338818560E+00
 0.98445295250129E+00
 0.98445486664520E+00
 0.98445416196184E+00
 0.98445289072232E+00
 0.98445355309864E+00
 0.98445475728037E+00
 0.98445432953585E+00
 0.98445154454734E+00
 0.98445078510554E+00
 0.98445297348158E+00
 0.98445380260766E+00
 0.98445206462217E+00
 0.98445047440052E+00
 0.98445318926220E+00
 0.98445672790872E+00
 0.98444929096593E+00
 0.98446061547333E+00
 0.98446058618276E+00
 0.98445512788167E+00
 0.98446622400826E+00
 0.98445991565833E+00
 0.98445861415784E+00
 0.98447078671991E+00
 0.98445846881458E+00
 0.98445313733699E+00
 0.98446632426769E+00
 0.98445709674688E+00
 0.98447183331559E+00
 0.98447904113564E+00
 0.98448093692282E+00
 0.98447895215931E+00
 0.98447160709198E+00
 0.98446020188901E+00
 0.98447987806184E+00
 0.98446220645232E+00
 0.98448461073781E+00
 0.98447285844578E+00
 0.98446898659983E+00
 0.98447008291891E+00
 0.98448563050895E+00
 0.98443815935409E+00
 0.98445910053818E+00
 0.98448399991215E+00
 0.98447652382201E+00
 0.98448528932510E+00
 0.98448351416728E+00
 0.98444370141907E+00
 0.98447927025634E+00
 0.98442702476072E+00
 0.98448139126980E+00
 0.98448244898673E+00
 0.98440737472118E+00
 0.98448522486379E+00
 0.98442319095731E+00
 0.98447508754114E+00
 0.98446659002087E+00
 0.98445100337329E+00
 0.98447462068942E+00
 0.98443047584676E+00
 0.98448436750600E+00
 0.98446649607290E+00
 0.98443189517953E+00
 0.98442432117654E+00
 0.98442432502276E+00
 0.98443957831016E+00
 0.98444590662178E+00
 0.98446832690283E+00
 0.98443674756545E+00
 0.98444151863081E+00
 0.98447541222039E+00
 0.98442629061387E+00
 0.98440463717723E+00
 0.98441929327964E+00
 0.98443320218684E+00
 0.98447089611803E+00
 0.98446470130622E+00
 0.98441877678019E+00
 0.98447332120223E+00
 0.98442130791421E+00
 0.98444465567347E+00
 0.98442539204923E+00
 0.98441945142867E+00
 0.98447249561123E+00
 0.98447252410265E+00
 0.98442110605979E+00
 0.98442865592132E+00
 0.98443027528163E+00
 0.98442421593014E+00
 0.98445689734523E+00
 0.98446028507503E+00
 0.98443608752925E+00
 0.98438693731859E+00
 0.98440065184077E+00
 0.98442880460641E+00
 0.98447317161055E+00
 0.98443096198375E+00
 0.98447395083914E+00
 0.98443541119358E+00
 0.98442546162605E+00
 0.98444520439742E+00
 0.98442612124661E+00
 0.98444704643090E+00
 0.98443558332100E+00
 0.98445932454496E+00
 0.98446889032117E+00
 0.98447585899619E+00
 0.98448673857160E+00
 0.98453026816359E+00
 0.98454450085683E+00
 0.98451097894464E+00
 0.98455610821241E+00
 0.98457172788870E+00
 0.98463515716870E+00
 0.98465860463506E+00
 0.98462976520483E+00
 0.98467158174022E+00
 0.98470117715742E+00
 0.98473454198980E+00
 0.98476536866039E+00
 0.98480523228011E+00
 0.98490283319084E+00
 0.98488288440211E+00
 0.98495051607081E+00
 0.98497656986363E+00
 0.98502475803612E+00
 0.98506380947193E+00
 0.98514280869212E+00
 0.98517475957138E+00
 0.98514749381678E+00
 0.98520990138015E+00
 0.98523046388969E+00
 0.98526414723114E+00
 0.98530120530774E+00
 0.98529292753815E+00
 0.98531428105331E+00
 0.98534638980389E+00
 0.98535020527501E+00
 0.98537157693900E+00
 0.98534889167061E+00
 0.98538201759143E+00
 0.98531571691716E+00
 0.98528756415434E+00
 0.98523066195792E+00
 0.98521697463915E+00
 0.98516113779920E+00
 0.98513635585398E+00
 0.98509881557947E+00
 0.98505577247754E+00
 0.98493824945447E+00
 0.98486965258864E+00
 0.98474763882761E+00
 0.98465266680353E+00
 0.98453755151487E+00
 0.98436946406582E+00
 0.98427430910498E+00
 0.98418156063754E+00
 0.98397928053034E+00
 0.98387169049629E+00
 0.98364321851054E+00
 0.98350253341858E+00
 0.98321086367447E+00
 0.98302713418366E+00
 0.98281059522365E+00
 0.98256262405696E+00
 0.98230221931127E+00
 0.98210846533690E+00
 0.98180784472432E+00
 0.98146551689769E+00
 0.98125342609587E+00
 0.98085060603158E+00
 0.98057849877176E+00
 0.98023390501515E+00
 0.97984663792326E+00
 0.97947686205959E+00
 0.97915372669792E+00
 0.97868194340524E+00
 0.97827764170169E+00
 0.97788541959209E+00
 0.97745315802785E+00
 0.97702918215892E+00
 0.97655376310438E+00
 0.97604642454833E+00
 0.97550770700694E+00
 0.97498381822805E+00
