 0.61503569054433E+01
 0.61503569442521E+01
 0.61503571242289E+01
 0.61503576334659E+01
 0.61503587495692E+01
 0.61503608442607E+01
 0.61503643810685E+01
 0.61503698960624E+01
 0.61503779716234E+01
 0.61503891932745E+01
 0.61504041437638E+01
 0.61504233830926E+01
 0.61504477073913E+01
 0.61504776390001E+01
 0.61505143217481E+01
 0.61505580921535E+01
 0.61506105723784E+01
 0.61506729811257E+01
 0.61507467199641E+01
 0.61508335464645E+01
 0.61509339073551E+01
 0.61510520823333E+01
 0.61511884999103E+01
 0.61513448527341E+01
 0.61515225348453E+01
 0.61517230440238E+01
 0.61519461388630E+01
 0.61521949598636E+01
 0.61524684938822E+01
 0.61527645714441E+01
 0.61530804113418E+01
 0.61534180699224E+01
 0.61537710312925E+01
 0.61541339898666E+01
 0.61545097587532E+01
 0.61548869801684E+01
 0.61552624288954E+01
 0.61556258504962E+01
 0.61559768147292E+01
 0.61563104085887E+01
 0.61566009533240E+01
 0.61568584939953E+01
 0.61570726533405E+01
 0.61572308667548E+01
 0.61573170389983E+01
 0.61573337406504E+01
 0.61572793749998E+01
 0.61571363063291E+01
 0.61568909442932E+01
 0.61565376161580E+01
 0.61560792388896E+01
 0.61554956451889E+01
 0.61547872678716E+01
 0.61539429430730E+01
 0.61529475167523E+01
 0.61518043239522E+01
 0.61505081548232E+01
 0.61490344385275E+01
 0.61473990090939E+01
 0.61456035478634E+01
 0.61435705926785E+01
 0.61413995046721E+01
 0.61390309472962E+01
 0.61364268342162E+01
 0.61336596494143E+01
 0.61306227702271E+01
 0.61273998617924E+01
 0.61240168490862E+01
 0.61203470382431E+01
 0.61164919464772E+01
 0.61123343716699E+01
 0.61079670989004E+01
 0.61034365355825E+01
 0.60985451325988E+01
 0.60934915923167E+01
 0.60881355657010E+01
 0.60825435019190E+01
 0.60766513597568E+01
 0.60706101644691E+01
 0.60642026335217E+01
 0.60575658239759E+01
 0.60506731608434E+01
 0.60435299427334E+01
 0.60361048057169E+01
 0.60283028404996E+01
 0.60203235069045E+01
 0.60120763723770E+01
 0.60034704618594E+01
 0.59945956178007E+01
 0.59853874854993E+01
 0.59760200807531E+01
 0.59663670135272E+01
 0.59563057076829E+01
 0.59459086579909E+01
 0.59353789289232E+01
 0.59245793169362E+01
 0.59132916534529E+01
 0.59018528758410E+01
 0.58900394989064E+01
 0.58779723284845E+01
 0.58654847710023E+01
 0.58528115489378E+01
 0.58398383099374E+01
 0.58264582613262E+01
 0.58126885624838E+01
 0.57986858013825E+01
 0.57844685872913E+01
 0.57696763075870E+01
 0.57546200166645E+01
 0.57393377958551E+01
 0.57237529065701E+01
 0.57076705786718E+01
 0.56912586340511E+01
 0.56744051818499E+01
 0.56570531511661E+01
 0.56394531234242E+01
 0.56214031805766E+01
 0.56028786818139E+01
 0.55837947011546E+01
 0.55642141256326E+01
 0.55441731039899E+01
 0.55235920782922E+01
 0.55020975343346E+01
 0.54798861733370E+01
 0.54570764930126E+01
 0.54335324275951E+01
 0.54090810493168E+01
 0.53832915135108E+01
 0.53564411231661E+01
 0.53285225562215E+01
 0.52991809382432E+01
 0.52680916553324E+01
 0.52357015480247E+01
 0.52014017077173E+01
 0.51649699416553E+01
 0.51269434180959E+01
 0.50863572750942E+01
 0.50435888050105E+01
 0.49985120070213E+01
 0.49512336573437E+01
 0.49017387950316E+01
 0.48496336763552E+01
 0.47951935435134E+01
 0.47387308892482E+01
 0.46802095023613E+01
 0.46203538217662E+01
 0.45589467102186E+01
 0.44970532822350E+01
 0.44346814041326E+01
 0.43723360999487E+01
 0.43115498836847E+01
 0.42514965532938E+01
 0.41926878394659E+01
 0.41363392027068E+01
 0.40818057107764E+01
 0.40298462350758E+01
 0.39800713055487E+01
 0.39327791721743E+01
 0.38875555520991E+01
 0.38447662152200E+01
 0.38041575729366E+01
 0.37654092600110E+01
 0.37286465077524E+01
 0.36936524558602E+01
 0.36605101964655E+01
 0.36288349653555E+01
 0.35986648658756E+01
 0.35699063889253E+01
 0.35423918484052E+01
 0.35161231990250E+01
 0.34910975828445E+01
 0.34669379930676E+01
 0.34438315661554E+01
 0.34217923445556E+01
 0.34005042548460E+01
 0.33799736968776E+01
 0.33603893475456E+01
 0.33413795567531E+01
 0.33231026947870E+01
 0.33053412833496E+01
 0.32884488552978E+01
 0.32719526746187E+01
 0.32560679620264E+01
 0.32404867407961E+01
 0.32256046733755E+01
 0.32110227639968E+01
 0.31970383363301E+01
 0.31833504009567E+01
 0.31700939384776E+01
 0.31571688963737E+01
 0.31446425762037E+01
 0.31323740802397E+01
 0.31204415757507E+01
 0.31088384537184E+01
 0.30975486615880E+01
 0.30865832497566E+01
 0.30758401883538E+01
 0.30653043565238E+01
 0.30550246306049E+01
 0.30450571147413E+01
