 0.67197792076794E+03
 0.67197792076794E+03
 0.67197792076794E+03
 0.67197792076794E+03
 0.67197792076794E+03
 0.67197823877565E+03
 0.67197734998231E+03
 0.67197756846389E+03
 0.67197660663052E+03
 0.67195495340662E+03
 0.67205188985754E+03
 0.67192827157642E+03
 0.67949582194605E+03
 0.67190633634510E+03
 0.67942965274651E+03
 0.67947477267217E+03
 0.67945972969675E+03
 0.67194404236533E+03
 0.67189493495517E+03
 0.67943914507355E+03
 0.67948071329734E+03
 0.67193495829407E+03
 0.67190470754046E+03
 0.67935253530545E+03
 0.67931080776140E+03
 0.67946942908067E+03
 0.67952499787166E+03
 0.67938660719694E+03
 0.68186251885522E+03
 0.67948299818233E+03
 0.67207243182049E+03
 0.68178154847093E+03
 0.67237032319593E+03
 0.67236721801421E+03
 0.67195551993912E+03
 0.67283631535781E+03
 0.67230230844841E+03
 0.67222189448263E+03
 0.67326954695165E+03
 0.67219999173334E+03
 0.67947027223226E+03
 0.67282812023600E+03
 0.67209722803786E+03
 0.67337175712886E+03
 0.67428135947286E+03
 0.67463692658524E+03
 0.67427256174640E+03
 0.67333133964799E+03
 0.67233077204596E+03
 0.67440212954108E+03
 0.67249122257018E+03
 0.67549100597560E+03
 0.67344828646602E+03
 0.67304556405428E+03
 0.67315153017392E+03
 0.67585326594907E+03
 0.68077468927962E+03
 0.67225021424256E+03
 0.67736399628027E+03
 0.67380543718477E+03
 0.67593522576770E+03
 0.67505918040360E+03
 0.68140508160267E+03
 0.67430627500887E+03
 0.67871954015981E+03
 0.67476864514715E+03
 0.67511549754177E+03
 0.67606880187579E+03
 0.67681063653365E+03
 0.67268580056854E+03
 0.67876790225703E+03
 0.67959775848555E+03
 0.68182158698486E+03
 0.67877881189048E+03
 0.67918455439523E+03
 0.67692053888368E+03
 0.68056921723203E+03
 0.67980851095785E+03
 0.67476713581479E+03
 0.67463424482972E+03
 0.67786467750948E+03
 0.68167669922149E+03
 0.67938609702713E+03
 0.68169115077285E+03
 0.67628694227740E+03
 0.67828406721672E+03
 0.67435742761559E+03
 0.67591500307815E+03
 0.67989521662914E+03
 0.67779616669088E+03
 0.67834001695343E+03
 0.68345444875464E+03
 0.67961395751166E+03
 0.68629162359970E+03
 0.67937780903518E+03
 0.68059109341554E+03
 0.68075839724174E+03
 0.67918093764820E+03
 0.68683447267241E+03
 0.68577997383062E+03
 0.68523166092655E+03
 0.68729529703846E+03
 0.68512683948194E+03
 0.69179485457410E+03
 0.68875536532202E+03
 0.68897379807561E+03
 0.69060504631309E+03
 0.69090056779633E+03
 0.69271314850190E+03
 0.69589701265392E+03
 0.69036304828897E+03
 0.69434588954974E+03
 0.69223671289673E+03
 0.69582437141428E+03
 0.69620663943322E+03
 0.69562569203616E+03
 0.69684620074110E+03
 0.69841123209275E+03
 0.70221709026849E+03
 0.70866606564843E+03
 0.70508703968000E+03
 0.70346146474410E+03
 0.70785033633183E+03
 0.71225471666667E+03
 0.71207824636852E+03
 0.71569473873705E+03
 0.71861719761910E+03
 0.72021596842995E+03
 0.71287436827458E+03
 0.71512386323659E+03
 0.71488378642443E+03
 0.71713658703697E+03
 0.72033829575672E+03
 0.71784299770051E+03
 0.72005311255624E+03
 0.72541988498776E+03
 0.73260176005543E+03
 0.72411137504274E+03
 0.72659149341759E+03
 0.72904200245595E+03
 0.72992912926089E+03
 0.73091780962746E+03
 0.73329394450635E+03
 0.74268678087899E+03
 0.74436884859430E+03
 0.73886852353395E+03
 0.74256189411927E+03
 0.74752553013534E+03
 0.74954247833846E+03
 0.75069474128937E+03
 0.74519072998923E+03
 0.75726147002518E+03
 0.75415333963294E+03
 0.75518932560559E+03
 0.75606936324674E+03
 0.75744965060380E+03
 0.76024439677387E+03
 0.76149819365529E+03
 0.77157399394883E+03
 0.76941137169857E+03
 0.77056606985813E+03
 0.76818053687607E+03
 0.77775845858751E+03
 0.78018823537362E+03
 0.77657215930043E+03
 0.77661401792040E+03
 0.78689085839948E+03
 0.78081022969344E+03
 0.79011945092304E+03
 0.79021560143553E+03
 0.78808147148097E+03
 0.78790883610692E+03
 0.79640383646214E+03
 0.79309909452358E+03
 0.79621499487010E+03
 0.80387847095331E+03
 0.80420623532851E+03
 0.80898729675966E+03
 0.80343707328394E+03
 0.81130268663127E+03
 0.81408402719952E+03
 0.82230656261763E+03
 0.81446636447753E+03
 0.81593231078082E+03
 0.81995976209892E+03
 0.82648170084902E+03
 0.82403985605690E+03
 0.82819417618057E+03
 0.83450961118531E+03
 0.83557564986968E+03
 0.84183170251168E+03
 0.84299381008015E+03
 0.83718130235212E+03
 0.84247586866888E+03
 0.85202881419526E+03
 0.85003487783998E+03
 0.84723398105045E+03
 0.85918471623209E+03
 0.85794148341565E+03
 0.85556574577613E+03
