 0.11076108624053E+04
 0.11076108624053E+04
 0.11076108624053E+04
 0.11076108624053E+04
 0.11076108624053E+04
 0.11076108624053E+04
 0.11076108624053E+04
 0.11076108624053E+04
 0.11076108624053E+04
 0.11076069849429E+04
 0.11077207589677E+04
 0.11075620357473E+04
 0.11074536527897E+04
 0.11075278816512E+04
 0.11073768013985E+04
 0.11074388962902E+04
 0.11074004255882E+04
 0.11075722226820E+04
 0.11075073314257E+04
 0.11073908208067E+04
 0.11074505137451E+04
 0.11075634452914E+04
 0.11075230248308E+04
 0.11072735383435E+04
 0.11072083062127E+04
 0.11074034957076E+04
 0.11074802993500E+04
 0.11073194081377E+04
 0.11071830621956E+04
 0.11074200282617E+04
 0.11077478399200E+04
 0.11071085734730E+04
 0.11081293524773E+04
 0.11080535369869E+04
 0.11076014862773E+04
 0.11087649755884E+04
 0.11080778386257E+04
 0.11078901941006E+04
 0.11092598292984E+04
 0.11080363705676E+04
 0.11070537774230E+04
 0.11088047124879E+04
 0.11077898572026E+04
 0.11094051193091E+04
 0.11107921838949E+04
 0.11109194217421E+04
 0.11104621986087E+04
 0.11094020058651E+04
 0.11083901222774E+04
 0.11107537860657E+04
 0.11082202231468E+04
 0.11120697268829E+04
 0.11096058377150E+04
 0.11090054590192E+04
 0.11091402044822E+04
 0.11128496723070E+04
 0.11124252318041E+04
 0.11080477510172E+04
 0.11144646307654E+04
 0.11102305190921E+04
 0.11130335797298E+04
 0.11115618542856E+04
 0.11064997322372E+04
 0.11107787658605E+04
 0.11099943314261E+04
 0.11112163780011E+04
 0.11121994408218E+04
 0.11195799140956E+04
 0.11138470033389E+04
 0.11090283827671E+04
 0.11164961547160E+04
 0.11177892599759E+04
 0.11073685294927E+04
 0.11163531777115E+04
 0.11107254496977E+04
 0.11141851323507E+04
 0.11087903943283E+04
 0.11116681850796E+04
 0.11179540847696E+04
 0.11177041035752E+04
 0.11154995984710E+04
 0.11074019279155E+04
 0.11161461444782E+04
 0.11205707887138E+04
 0.11126994962423E+04
 0.11155431580812E+04
 0.11174159568557E+04
 0.11194676380259E+04
 0.11174292506188E+04
 0.11151443183103E+04
 0.11169859696052E+04
 0.11096728873068E+04
 0.11167990224961E+04
 0.11120473137413E+04
 0.11106308860623E+04
 0.11197277492863E+04
 0.11127743835940E+04
 0.11170289793650E+04
 0.11135425960147E+04
 0.11132001471986E+04
 0.11109058280912E+04
 0.11156935632437E+04
 0.11117699709368E+04
 0.11103722260122E+04
 0.11181805321798E+04
 0.11092993097197E+04
 0.11196971931669E+04
 0.11078472522873E+04
 0.11203371783546E+04
 0.11130548262051E+04
 0.11123145622633E+04
 0.11120178982880E+04
 0.11168015845787E+04
 0.11189880764041E+04
 0.11205717372180E+04
 0.11068921429597E+04
 0.11093264223571E+04
 0.11213784722149E+04
 0.11100705148111E+04
 0.11211870897964E+04
 0.11209657463535E+04
 0.11110261634550E+04
 0.11105060205930E+04
 0.11165251525429E+04
 0.11151078360104E+04
 0.11213870343927E+04
 0.11109217062241E+04
 0.11130231706366E+04
 0.11118420202684E+04
 0.11152829843580E+04
 0.11093749342611E+04
 0.11103998359872E+04
 0.11145068560903E+04
 0.11099417279936E+04
 0.11169118422737E+04
 0.11173303379664E+04
 0.11180641520357E+04
 0.11073789767638E+04
 0.11086644121860E+04
 0.11198970625274E+04
 0.11182724424665E+04
 0.11161904877903E+04
 0.11146496319887E+04
 0.11084746809667E+04
 0.11203667746167E+04
 0.11092405356260E+04
 0.11122410324749E+04
 0.11141218452731E+04
 0.11212752337534E+04
 0.11139661217041E+04
 0.11204152471099E+04
 0.11135004207168E+04
 0.11109660286600E+04
 0.11110930296937E+04
 0.11189100204900E+04
 0.11243328109811E+04
 0.11215672868626E+04
 0.11157225927876E+04
 0.11168200698039E+04
 0.11190821497836E+04
 0.11146051206487E+04
 0.11260983130460E+04
 0.11262465267580E+04
 0.11248865003109E+04
 0.11246457069949E+04
 0.11283152920990E+04
 0.11227529397599E+04
 0.11201724769951E+04
 0.11247099654685E+04
 0.11213721690029E+04
 0.11317429939639E+04
 0.11359592624121E+04
 0.11294965682017E+04
 0.11288810152159E+04
 0.11321984746356E+04
 0.11306499106798E+04
 0.11286622084555E+04
 0.11281171371600E+04
 0.11335486399855E+04
 0.11380251877350E+04
 0.11395735426178E+04
 0.11388006665821E+04
 0.11347709908743E+04
 0.11363338231399E+04
 0.11471101035215E+04
 0.11478948255255E+04
 0.11550852066449E+04
 0.11507351707993E+04
 0.11532824767247E+04
 0.11456490456821E+04
 0.11581641462402E+04
 0.11568772842033E+04
 0.11555436689767E+04
 0.11614214277085E+04
 0.11546675510155E+04
 0.11557271558781E+04
 0.11584315963516E+04
 0.11636083745597E+04
 0.11600859570226E+04
 0.11655382799409E+04
