 0.10000000133514E-09
 0.10000000133514E-09
 0.10000000133514E-09
 0.10000000133514E-09
 0.10000000133514E-09
 0.10000000133514E-09
 0.10000000133514E-09
 0.10000000133514E-09
 0.10000000133514E-09
 0.10000000133514E-09
 0.10000000133514E-09
 0.10000000133514E-09
 0.10000000133514E-09
 0.10000000133514E-09
 0.10000000133514E-09
 0.10000000133514E-09
 0.10000000133514E-09
 0.10000000133514E-09
 0.10000000133514E-09
 0.10000000133514E-09
 0.10000000133514E-09
 0.10000000133514E-09
 0.10000000133514E-09
 0.10000000133514E-09
 0.10000000133514E-09
 0.10000000133514E-09
 0.10000000133514E-09
 0.10000000133514E-09
 0.10000000133514E-09
 0.10000000133514E-09
 0.10000000133514E-09
 0.10000000133514E-09
 0.96026400246949E-05
 0.96026400246949E-05
 0.18196674140244E-04
 0.24424588290913E-04
 0.32293396443556E-04
 0.42109546029566E-04
 0.54209631012852E-04
 0.68962022311880E-04
 0.86770383618784E-04
 0.10806603024021E-03
 0.13331009125051E-03
 0.16299715511776E-03
 0.19765212712445E-03
 0.23782440413964E-03
 0.28408701402882E-03
 0.33704974472069E-03
 0.39734459404455E-03
 0.46561677952827E-03
 0.54255012590160E-03
 0.62883785645521E-03
 0.72520042766156E-03
 0.83238708722341E-03
 0.95116642425460E-03
 0.10823156955766E-02
 0.12266384844988E-02
 0.13849487142443E-02
 0.15580900500661E-02
 0.17469004342886E-02
 0.19524318398892E-02
 0.21753293097156E-02
 0.24166185209009E-02
 0.26774284043511E-02
 0.29584623182261E-02
 0.32609852334708E-02
 0.35858422054261E-02
 0.39337028524241E-02
 0.43065434599626E-02
 0.47048380813623E-02
 0.51301101437363E-02
 0.55832988965784E-02
 0.60654392668479E-02
 0.65783947737695E-02
 0.71231063529417E-02
 0.77006707930377E-02
 0.83133153091188E-02
 0.89625906282155E-02
 0.96475546681843E-02
 0.10375335501780E-01
 0.11142244912716E-01
 0.11951926729711E-01
 0.12804858435137E-01
 0.13705530064949E-01
 0.14655668719852E-01
 0.15655345917924E-01
 0.16707865782032E-01
 0.17817185026923E-01
 0.18984106552489E-01
 0.20213332225743E-01
 0.21502914323108E-01
 0.22860238077861E-01
 0.24288481468330E-01
 0.25790539576142E-01
 0.27368132788500E-01
 0.29023510064791E-01
 0.30770856903713E-01
 0.32601285365502E-01
 0.34527613216199E-01
 0.36553177573754E-01
 0.38687450950814E-01
 0.40927504667734E-01
 0.43283353686446E-01
 0.45765938108848E-01
 0.48381082386357E-01
 0.51134209538557E-01
 0.54029862001715E-01
 0.57093754423983E-01
 0.60319358305628E-01
 0.63717508342387E-01
 0.67303527897922E-01
 0.71098789945973E-01
 0.75106553250438E-01
 0.79349688774959E-01
 0.83847734868551E-01
 0.88608278361358E-01
 0.93646963069227E-01
 0.98995619962389E-01
 0.10468517392787E+00
 0.11071498244753E+00
 0.11712713802855E+00
 0.12394647270997E+00
 0.13120404612373E+00
 0.13893309108241E+00
 0.14714008615316E+00
 0.15585409007552E+00
 0.16510103973546E+00
 0.17492476617634E+00
 0.18530890331414E+00
 0.19622766112540E+00
 0.20768630327532E+00
 0.21966758815806E+00
 0.23206838578721E+00
 0.24486318282757E+00
 0.25796038345507E+00
 0.27124216097506E+00
 0.28463669435889E+00
 0.29802507061989E+00
 0.31132918638118E+00
 0.32444720550482E+00
 0.33731260939281E+00
 0.34990137843770E+00
 0.36215405048303E+00
 0.37402437350446E+00
 0.38550861175313E+00
 0.39656591224055E+00
 0.40721775292760E+00
 0.41742813474522E+00
 0.42721728038993E+00
 0.43658801570109E+00
 0.44551897750039E+00
 0.45406079900616E+00
 0.46222746520236E+00
 0.47001578255296E+00
 0.47747023751251E+00
 0.48460376454067E+00
 0.49145115790172E+00
 0.49803190555336E+00
 0.50437464978305E+00
 0.51049612186948E+00
 0.51641718788611E+00
 0.52215812101843E+00
 0.52773169744591E+00
 0.53315077332907E+00
 0.53842750132581E+00
 0.54357246763947E+00
 0.54859415639744E+00
 0.55349966532890E+00
 0.55829663657684E+00
 0.56299053742469E+00
 0.56758617305181E+00
 0.57208943483773E+00
 0.57650326021105E+00
 0.58083199721019E+00
 0.58507940016683E+00
 0.58924860414584E+00
 0.59334191212139E+00
 0.59736294862841E+00
 0.60131340976596E+00
 0.60519648369844E+00
 0.60901306958605E+00
 0.61276654308236E+00
 0.61645811066781E+00
 0.62009048417631E+00
 0.62366435920771E+00
 0.62718172443655E+00
 0.63064403226154E+00
 0.63405298291401E+00
 0.63740989291800E+00
 0.64071655056893E+00
 0.64397359299751E+00
 0.64718280221008E+00
 0.65034508735530E+00
 0.65346177163977E+00
 0.65653393118429E+00
 0.65956214156504E+00
 0.66254814099311E+00
 0.66549281585243E+00
 0.66839692178886E+00
 0.67126128353487E+00
