 0.61503569054433E+01
 0.61503569442521E+01
 0.61503571242289E+01
 0.61503576334659E+01
 0.61503587495692E+01
 0.61503608442607E+01
 0.61503643810685E+01
 0.61503698960624E+01
 0.61503779716234E+01
 0.61503891932745E+01
 0.61504041437638E+01
 0.61504233830926E+01
 0.61504477073913E+01
 0.61504776390012E+01
 0.61505143217701E+01
 0.61505580921030E+01
 0.61506105723853E+01
 0.61506729811776E+01
 0.61507467197694E+01
 0.61508335462761E+01
 0.61509339075974E+01
 0.61510520820940E+01
 0.61511884996408E+01
 0.61513448528200E+01
 0.61515225347889E+01
 0.61517230442199E+01
 0.61519461384787E+01
 0.61521949600797E+01
 0.61524684929091E+01
 0.61527645696747E+01
 0.61530804055814E+01
 0.61534180677237E+01
 0.61537710321508E+01
 0.61541339967107E+01
 0.61545097672518E+01
 0.61548869550595E+01
 0.61552624246175E+01
 0.61556258538831E+01
 0.61559767609518E+01
 0.61563103811762E+01
 0.61566009018152E+01
 0.61568583657639E+01
 0.61570725823251E+01
 0.61572307729573E+01
 0.61573167606726E+01
 0.61573335063572E+01
 0.61572789792820E+01
 0.61571355831088E+01
 0.61568898241128E+01
 0.61565365139236E+01
 0.61560774738717E+01
 0.61554925552278E+01
 0.61547842154495E+01
 0.61539384750926E+01
 0.61529418561775E+01
 0.61517961150589E+01
 0.61504986240042E+01
 0.61490225833848E+01
 0.61473845264733E+01
 0.61455841550595E+01
 0.61435477159320E+01
 0.61413713944101E+01
 0.61389962926784E+01
 0.61363846945514E+01
 0.61336087564005E+01
 0.61305608480301E+01
 0.61273253179298E+01
 0.61239276184888E+01
 0.61202424925687E+01
 0.61163668949907E+01
 0.61121901932078E+01
 0.61077980154087E+01
 0.61032378593642E+01
 0.60983160184472E+01
 0.60932260587854E+01
 0.60878291492317E+01
 0.60821937019630E+01
 0.60762491868549E+01
 0.60701525782945E+01
 0.60636819466976E+01
 0.60569764021284E+01
 0.60500071425021E+01
 0.60427818166223E+01
 0.60352636731093E+01
 0.60273619715126E+01
 0.60192755903478E+01
 0.60109064492046E+01
 0.60021696029977E+01
 0.59931527128728E+01
 0.59837926945566E+01
 0.59742601170904E+01
 0.59644337356757E+01
 0.59541873478097E+01
 0.59435876311650E+01
 0.59328432182769E+01
 0.59218112574981E+01
 0.59102802205948E+01
 0.58985855783396E+01
 0.58865097573526E+01
 0.58741486987432E+01
 0.58613736654547E+01
 0.58483895663117E+01
 0.58350828718966E+01
 0.58213788337967E+01
 0.58072678150750E+01
 0.57929188735263E+01
 0.57783392325457E+01
 0.57631811107054E+01
 0.57477755798730E+01
 0.57321390547644E+01
 0.57162115328777E+01
 0.56998036002313E+01
 0.56830907511469E+01
 0.56659636311254E+01
 0.56483803936208E+01
 0.56305988049715E+01
 0.56124457689680E+01
 0.55939025304950E+01
 0.55748953034010E+01
 0.55555490242428E+01
 0.55358968474017E+01
 0.55159138830038E+01
 0.54952499948704E+01
 0.54741662521613E+01
 0.54528363284764E+01
 0.54311757042645E+01
 0.54091165054637E+01
 0.53862890718531E+01
 0.53630700394445E+01
 0.53395347746207E+01
 0.53154333887073E+01
 0.52906048070630E+01
 0.52655218904371E+01
 0.52397002638901E+01
 0.52130831162352E+01
 0.51861690574583E+01
 0.51581663068558E+01
 0.51294925381943E+01
 0.51000170946802E+01
 0.50698396208096E+01
 0.50388524497898E+01
 0.50066337470694E+01
 0.49733793759352E+01
 0.49390298092981E+01
 0.49032829266665E+01
 0.48663696382690E+01
 0.48277494368325E+01
 0.47876338496193E+01
 0.47456416340445E+01
 0.47015501080037E+01
 0.46562315637515E+01
 0.46084324765709E+01
 0.45582055720751E+01
 0.45065320282582E+01
 0.44526392799535E+01
 0.43974695762705E+01
 0.43408539678675E+01
 0.42835873518520E+01
 0.42256920671918E+01
 0.41682575613450E+01
 0.41116126218858E+01
 0.40559356567991E+01
 0.40019162610722E+01
 0.39497325408258E+01
 0.38999042945963E+01
 0.38521159009623E+01
 0.38066887818557E+01
 0.37635089060773E+01
 0.37224946866381E+01
 0.36836636190971E+01
 0.36470386205577E+01
 0.36120928693937E+01
 0.35790012146561E+01
 0.35478649067786E+01
 0.35180737926851E+01
 0.34897131070451E+01
 0.34630092216518E+01
 0.34373521169625E+01
 0.34130033632725E+01
 0.33895497049046E+01
 0.33674927891541E+01
 0.33461588920256E+01
 0.33258527211617E+01
 0.33060922538077E+01
 0.32873958010096E+01
 0.32692331203224E+01
 0.32519700085230E+01
 0.32352191477269E+01
 0.32191025819963E+01
 0.32035037801161E+01
 0.31885093243051E+01
 0.31739031734180E+01
 0.31597805110239E+01
 0.31461290250981E+01
 0.31329489225915E+01
 0.31202197842775E+01
 0.31077967969897E+01
 0.30956690022337E+01
 0.30839361367827E+01
 0.30725683397850E+01
 0.30614614574972E+01
 0.30507160848336E+01
 0.30401283810088E+01
 0.30299171928987E+01
 0.30198463179353E+01
 0.30101465909194E+01
 0.30005988343006E+01
 0.29912744063052E+01
 0.29821785847559E+01
 0.29733039165957E+01
 0.29646052268085E+01
 0.29560936351301E+01
 0.29477099654840E+01
 0.29395887729784E+01
 0.29316117479263E+01
 0.29237682660465E+01
 0.29161086466599E+01
 0.29085736168062E+01
 0.29012346931506E+01
 0.28939692728896E+01
 0.28868827427658E+01
 0.28798860197266E+01
 0.28729930761629E+01
 0.28662864306079E+01
 0.28596465323457E+01
 0.28531656804559E+01
 0.28467840678245E+01
 0.28405048038564E+01
 0.28343054611763E+01
 0.28282372648803E+01
 0.28222928144086E+01
 0.28163804472357E+01
 0.28105716544240E+01
 0.28048710799070E+01
 0.27992176649556E+01
 0.27937035902362E+01
 0.27882428814871E+01
 0.27828846428182E+01
 0.27775515808391E+01
 0.27723446841177E+01
 0.27672057736221E+01
 0.27621113960159E+01
 0.27571138632978E+01
 0.27521761819759E+01
 0.27472895530517E+01
 0.27424987186230E+01
 0.27377358977655E+01
 0.27330461715540E+01
 0.27284282573253E+01
 0.27238499305504E+01
 0.27193568534747E+01
 0.27148855644895E+01
 0.27104969605520E+01
 0.27061461278686E+01
 0.27018475979124E+01
 0.26976057063505E+01
 0.26934142187326E+01
 0.26892591431703E+01
 0.26851898287328E+01
 0.26811164967795E+01
 0.26771282635485E+01
 0.26731467824285E+01
 0.26692358961597E+01
 0.26653702590767E+01
 0.26615522312251E+01
 0.26577492251587E+01
 0.26539926877917E+01
 0.26502813616584E+01
 0.26466210383449E+01
 0.26429890872312E+01
 0.26393934976437E+01
 0.26358440131021E+01
 0.26323140736992E+01
 0.26288178586338E+01
 0.26253774382795E+01
 0.26219572292602E+01
 0.26185721135654E+01
 0.26152417687672E+01
 0.26119058421321E+01
 0.26086139001173E+01
 0.26053589989752E+01
 0.26021403282983E+01
 0.25989410910288E+01
 0.25957726161500E+01
 0.25926452732229E+01
 0.25895246168846E+01
 0.25864666418714E+01
 0.25834073753289E+01
 0.25803911924328E+01
 0.25774025554007E+01
 0.25744202732646E+01
 0.25714863295172E+01
 0.25685611690456E+01
 0.25656721524431E+01
 0.25628082087745E+01
 0.25599615766518E+01
 0.25571365615283E+01
 0.25543362299963E+01
 0.25515637889512E+01
 0.25488099389934E+01
