 0.83176571363982E+02
 0.83176571363993E+02
 0.83176571364246E+02
 0.83176571419259E+02
 0.83176573347217E+02
 0.83176591494077E+02
 0.83176671867343E+02
 0.83176896760619E+02
 0.83177367131976E+02
 0.83178179585701E+02
 0.83179412468727E+02
 0.83181122434615E+02
 0.83183345317745E+02
 0.83186103500893E+02
 0.83189404508047E+02
 0.83193251398626E+02
 0.83197635365240E+02
 0.83202544242821E+02
 0.83207962298097E+02
 0.83213869148570E+02
 0.83195984912777E+02
 0.83196517300334E+02
 0.83197154021735E+02
 0.83197905674708E+02
 0.83198783679534E+02
 0.83199797366447E+02
 0.83200963927694E+02
 0.83202280112831E+02
 0.83203762272358E+02
 0.83205429930781E+02
 0.83207302856392E+02
 0.83209371224756E+02
 0.83211667927679E+02
 0.83214215642382E+02
 0.83216989405625E+02
 0.83220037665163E+02
 0.83223361108650E+02
 0.83226994669176E+02
 0.83230920008907E+02
 0.83235136327627E+02
 0.83239754163183E+02
 0.83244689989661E+02
 0.83249966900205E+02
 0.83255620808846E+02
 0.83261701600202E+02
 0.83268159514275E+02
 0.83274970237681E+02
 0.83282189894264E+02
 0.83289852592737E+02
 0.83297949851705E+02
 0.83306436900944E+02
 0.83315383006812E+02
 0.83324742235160E+02
 0.83334550469058E+02
 0.83344848165092E+02
 0.83355593831291E+02
 0.83366770540412E+02
 0.83378487328903E+02
 0.83390632348011E+02
 0.83403185040687E+02
 0.83416492206542E+02
 0.83430049319703E+02
 0.83444130207036E+02
 0.83458911057281E+02
 0.83474012761554E+02
 0.83489960169915E+02
 0.83506319186669E+02
 0.83522956594154E+02
 0.83540489148056E+02
 0.83558429394920E+02
 0.83577323731254E+02
 0.83596747976730E+02
 0.83616467259488E+02
 0.83637446475540E+02
 0.83658736436398E+02
 0.83681028891103E+02
 0.83703998559437E+02
 0.83728011354688E+02
 0.83752300958956E+02
 0.83777991037786E+02
 0.83804410639782E+02
 0.83831727470283E+02
 0.83859929599028E+02
 0.83889224074800E+02
 0.83920102864218E+02
 0.83951607843544E+02
 0.83984258708852E+02
 0.84018531539273E+02
 0.84054022727714E+02
 0.84091105812270E+02
 0.84128962368152E+02
 0.84168262732793E+02
 0.84209700158884E+02
 0.84253004678177E+02
 0.84297172374536E+02
 0.84342994037125E+02
 0.84391655093450E+02
 0.84441473333344E+02
 0.84493683819271E+02
 0.84547861706263E+02
 0.84604796053411E+02
 0.84663481303644E+02
 0.84724632607043E+02
 0.84788774802002E+02
 0.84856082965780E+02
 0.84925772826697E+02
 0.84997908774011E+02
 0.85074616467960E+02
 0.85154178898714E+02
 0.85236648256125E+02
 0.85322538731613E+02
 0.85413172508524E+02
 0.85507695086600E+02
 0.85607018671136E+02
 0.85711653386970E+02
 0.85820246234020E+02
 0.85934112856266E+02
 0.86053710986792E+02
 0.86179865037690E+02
 0.86312043430519E+02
 0.86450438550249E+02
 0.86595604683402E+02
 0.86750417250020E+02
 0.86913622630467E+02
 0.87084430021140E+02
 0.87263970452012E+02
 0.87453339885798E+02
 0.87656270903180E+02
 0.87870488896794E+02
 0.88096124093225E+02
 0.88336264821435E+02
 0.88593370406081E+02
 0.88864202475322E+02
 0.89154592871808E+02
 0.89466599143908E+02
 0.89796690046585E+02
 0.90154842008760E+02
 0.90538680929684E+02
 0.90951868548681E+02
 0.91395419616252E+02
 0.91886265041778E+02
 0.92391168636555E+02
 0.92958523059559E+02
 0.93571272309934E+02
 0.94241145136283E+02
 0.94969280025312E+02
 0.95769621643170E+02
 0.96644695887921E+02
 0.97607821689019E+02
 0.98671040461943E+02
 0.99823413160105E+02
 0.10109991333810E+03
 0.10250988912733E+03
 0.10403847034302E+03
 0.10571507522528E+03
 0.10752385286289E+03
 0.10947959813556E+03
 0.11156774113336E+03
 0.11379785191037E+03
 0.11614069359929E+03
 0.11859066395935E+03
 0.12114733807042E+03
 0.12378541222588E+03
 0.12649773705320E+03
 0.12925603105645E+03
 0.13207210346247E+03
 0.13492162883326E+03
 0.13780237617577E+03
 0.14070979323606E+03
 0.14363148545147E+03
 0.14655237334135E+03
 0.14950120079657E+03
 0.15245269879040E+03
 0.15538347020166E+03
 0.15833697293035E+03
 0.16129530637786E+03
 0.16422204010284E+03
 0.16717101326891E+03
 0.17010307710744E+03
 0.17305766978700E+03
 0.17596172655062E+03
 0.17889208443254E+03
 0.18179962602387E+03
 0.18474550392217E+03
 0.18764550636981E+03
 0.19057265219092E+03
 0.19346114149188E+03
 0.19636761391566E+03
 0.19926550149755E+03
 0.20216958055061E+03
 0.20505767078284E+03
 0.20796614747796E+03
 0.21087176557273E+03
 0.21377157241028E+03
 0.21665984467597E+03
 0.21953536313896E+03
 0.22242681240452E+03
 0.22533403318945E+03
 0.22822881024467E+03
 0.23111365901674E+03
 0.23401161786260E+03
 0.23689217234273E+03
 0.23980816160415E+03
 0.24269483187881E+03
 0.24561728042001E+03
 0.24850367757410E+03
 0.25141729946691E+03
 0.25433394422747E+03
 0.25724886309001E+03
 0.26016148615314E+03
 0.26308445688655E+03
 0.26601175962256E+03
 0.26896270499218E+03
 0.27188535120335E+03
 0.27482075866408E+03
 0.27777148643287E+03
 0.28071559910179E+03
 0.28367479539309E+03
 0.28661718883068E+03
 0.28959260862407E+03
 0.29255413136241E+03
 0.29553891670031E+03
 0.29853983521846E+03
 0.30151652231524E+03
 0.30452319980297E+03
 0.30751398984718E+03
 0.31051597027413E+03
 0.31352623401842E+03
 0.31655507675444E+03
 0.31957423559689E+03
 0.32258516385084E+03
 0.32563665002612E+03
 0.32868862325865E+03
 0.33173648106270E+03
 0.33481437054557E+03
 0.33786667025729E+03
 0.34094289951607E+03
 0.34401200279596E+03
 0.34712113389644E+03
 0.35020541062359E+03
 0.35330021532573E+03
 0.35642018220177E+03
 0.35952935832559E+03
 0.36265138489840E+03
 0.36579155557310E+03
 0.36891711786295E+03
 0.37207550548657E+03
 0.37523323019935E+03
 0.37838988471051E+03
 0.38156872621032E+03
 0.38473378747470E+03
 0.38793333779087E+03
 0.39111857410647E+03
 0.39432425154858E+03
 0.39753802581569E+03
 0.40075508838312E+03
 0.40397974775980E+03
 0.40722334294525E+03
 0.41044157414947E+03
 0.41371301958910E+03
 0.41695729909608E+03
 0.42024473800272E+03
 0.42351578503145E+03
 0.42679284208893E+03
 0.43007262991443E+03
 0.43338639199849E+03
 0.43670280863371E+03
 0.44002220148029E+03
 0.44333753620790E+03
 0.44667119336023E+03
 0.45001434272491E+03
 0.45335595472103E+03
 0.45672366268182E+03
 0.46010188829288E+03
 0.46346522844640E+03
 0.46685245202597E+03
 0.47024636540813E+03
 0.47362324994160E+03
 0.47705281119212E+03
 0.48047661666476E+03
 0.48390202441637E+03
 0.48732895836177E+03
 0.49077749866497E+03
 0.49423325137156E+03
 0.49768216508289E+03
 0.50116777448001E+03
 0.50461680831755E+03
 0.50811240945079E+03
 0.51159528678459E+03
 0.51508534701934E+03
 0.51861121515187E+03
 0.52211469842268E+03
 0.52564992105052E+03
 0.52917804173893E+03
 0.53271405263838E+03
 0.53626856084587E+03
 0.53983518432785E+03
 0.54340881090627E+03
 0.54698387414644E+03
 0.55057407024831E+03
