 0.25955908804632E+10
 0.25957108867719E+10
 0.25959108782898E+10
 0.25961908750767E+10
 0.25965508759658E+10
 0.25969908781553E+10
 0.25975108684409E+10
 0.25981108744504E+10
 0.25987908512540E+10
 0.25995508450152E+10
 0.26003908398451E+10
 0.26013108301255E+10
 0.26023108280701E+10
 0.26033908220535E+10
 0.26045508104828E+10
 0.26057908154397E+10
 0.26071108280613E+10
 0.26085108384564E+10
 0.26099908603552E+10
 0.26115509209422E+10
 0.26131909817768E+10
 0.26149110611861E+10
 0.26167111859343E+10
 0.26185913355364E+10
 0.26205515540174E+10
 0.26225918122952E+10
 0.26247121358892E+10
 0.26269125361392E+10
 0.26291930211046E+10
 0.26315536217320E+10
 0.26339942025664E+10
 0.26365149694042E+10
 0.26391158610577E+10
 0.26417967426474E+10
 0.26445578937605E+10
 0.26473989719675E+10
 0.26503200543271E+10
 0.26533213089120E+10
 0.26564025195482E+10
 0.26595638553895E+10
 0.26628050421681E+10
 0.26661261696023E+10
 0.26695271593884E+10
 0.26730079761667E+10
 0.26765686166266E+10
 0.26802089112364E+10
 0.26839287754681E+10
 0.26877281053028E+10
 0.26916068550621E+10
 0.26955649440857E+10
 0.26996020281425E+10
 0.27037182286663E+10
 0.27079131783153E+10
 0.27121868920122E+10
 0.27165390929708E+10
 0.27209694701559E+10
 0.27254779508859E+10
 0.27300643475130E+10
 0.27347282962931E+10
 0.27394691498162E+10
 0.27442877189231E+10
 0.27491823005008E+10
 0.27541534664901E+10
 0.27592006052286E+10
 0.27643236550655E+10
 0.27695217368729E+10
 0.27747945205238E+10
 0.27801416319511E+10
 0.27855633904351E+10
 0.27910581757160E+10
 0.27966253945510E+10
 0.28022647086379E+10
 0.28079762472585E+10
 0.28137599349996E+10
 0.28196136383726E+10
 0.28255379078652E+10
 0.28315309536164E+10
 0.28375940741449E+10
 0.28437261895747E+10
 0.28499232181487E+10
 0.28561890318759E+10
 0.28625209303190E+10
 0.28689170291519E+10
 0.28753784550525E+10
 0.28819034165899E+10
 0.28884902272094E+10
 0.28951416437576E+10
 0.29018537122856E+10
 0.29086267266908E+10
 0.29154552986457E+10
 0.29223456168498E+10
 0.29292918273260E+10
 0.29362957809862E+10
 0.29433545377185E+10
 0.29504708748352E+10
 0.29576421180716E+10
 0.29648571539524E+10
 0.29721292021055E+10
 0.29794504382845E+10
 0.29868163057551E+10
 0.29942367598945E+10
 0.30016993304408E+10
 0.30092098209989E+10
 0.30167607166799E+10
 0.30243565649272E+10
 0.30319940469744E+10
 0.30396610023629E+10
 0.30473787896548E+10
 0.30551215487007E+10
 0.30629082915623E+10
 0.30707212752703E+10
 0.30785752402948E+10
 0.30864494161781E+10
 0.30943553319091E+10
 0.31022739433499E+10
 0.31102337942528E+10
 0.31182036525468E+10
 0.31261940423735E+10
 0.31342055189171E+10
 0.31422252771769E+10
 0.31502543752848E+10
 0.31583011715103E+10
 0.31663543606416E+10
 0.31744054093719E+10
 0.31824619946291E+10
 0.31905156297952E+10
 0.31985668374296E+10
 0.32066085343183E+10
 0.32146333938351E+10
 0.32226527189147E+10
 0.32306439168101E+10
 0.32386236064123E+10
 0.32465726837337E+10
 0.32545050301555E+10
 0.32624012276748E+10
 0.32702721126375E+10
 0.32780819876043E+10
 0.32858654509087E+10
 0.32936118979307E+10
 0.33013123791341E+10
 0.33089709746467E+10
 0.33165917696332E+10
 0.33241797128481E+10
 0.33317205308219E+10
 0.33392308432480E+10
 0.33467343369596E+10
 0.33542289439434E+10
 0.33617215811094E+10
 0.33692239931015E+10
 0.33767766860290E+10
 0.33843987916734E+10
 0.33921006449199E+10
 0.33999217329838E+10
 0.34078609413730E+10
 0.34159764151205E+10
 0.34242371717466E+10
 0.34327045234400E+10
 0.34413624376225E+10
 0.34502149869780E+10
 0.34592608867768E+10
 0.34684898284526E+10
 0.34779031601626E+10
 0.34874839985843E+10
 0.34972386826271E+10
 0.35071504536780E+10
 0.35172394532328E+10
 0.35274684722749E+10
 0.35378688033185E+10
 0.35484076256440E+10
 0.35591051837582E+10
 0.35699596115982E+10
 0.35809433884733E+10
 0.35920996884396E+10
 0.36033827243059E+10
 0.36147915654184E+10
 0.36263673241704E+10
 0.36380624107342E+10
 0.36498922071971E+10
 0.36618709444888E+10
 0.36739723122949E+10
 0.36861944396103E+10
 0.36985458690525E+10
 0.37110120200890E+10
 0.37236090200079E+10
 0.37363241068804E+10
 0.37491677728756E+10
 0.37621116076049E+10
 0.37751682504074E+10
 0.37883498928161E+10
 0.38016518577760E+10
 0.38150416704157E+10
 0.38285550499666E+10
 0.38421780691809E+10
 0.38559016008238E+10
 0.38697352138011E+10
 0.38836759136557E+10
 0.38977146536732E+10
 0.39118584684559E+10
 0.39260968709875E+10
 0.39404593961156E+10
 0.39549049094178E+10
 0.39694473190943E+10
 0.39841036386746E+10
 0.39988519805423E+10
 0.40137005695437E+10
 0.40286448848466E+10
 0.40436885874610E+10
 0.40588255448407E+10
 0.40740557732350E+10
 0.40893949386215E+10
 0.41048209373771E+10
 0.41203372176240E+10
 0.41359580929383E+10
 0.41516617111001E+10
 0.41674728584498E+10
 0.41833644083782E+10
 0.41993513617179E+10
 0.42154349373862E+10
 0.42316035270322E+10
 0.42478735940529E+10
 0.42642320194312E+10
 0.42806776753247E+10
 0.42972171013108E+10
 0.43138459847397E+10
 0.43305751440366E+10
 0.43473881959155E+10
 0.43642869566151E+10
 0.43812778984759E+10
 0.43983588188708E+10
 0.44155370200910E+10
 0.44328005863275E+10
 0.44501497724008E+10
 0.44675963622084E+10
 0.44851163364687E+10
 0.45027405170040E+10
 0.45204478603103E+10
 0.45382442014622E+10
 0.45561209258410E+10
 0.45740876203997E+10
 0.45921534646778E+10
 0.46103010126704E+10
 0.46285413872867E+10
 0.46468551237318E+10
 0.46652715386465E+10
 0.46837663789684E+10
 0.47023516877947E+10
 0.47210271233500E+10
 0.47397825091350E+10
 0.47586215554101E+10
 0.47775617843535E+10
 0.47965819214006E+10
 0.48156842413894E+10
 0.48348789275921E+10
 0.48541526941192E+10
 0.48735276754576E+10
 0.48929663960431E+10
 0.49125095687168E+10
 0.49321362086615E+10
 0.49518443604177E+10
 0.49716404555623E+10
 0.49915203516366E+10
 0.50114886371442E+10
 0.50315417155760E+10
 0.50516802576856E+10
 0.50718970581954E+10
 0.50922136904766E+10
 0.51126099570477E+10
 0.51330938965201E+10
 0.51536578799402E+10
 0.51743105208375E+10
 0.51950382883230E+10
 0.52158609592253E+10
 0.52367681460215E+10
 0.52577591925593E+10
 0.52788321658656E+10
 0.52999921212444E+10
 0.53212393149514E+10
 0.53425724200551E+10
 0.53639907204753E+10
 0.53854855215794E+10
 0.54070790562414E+10
 0.54287492519810E+10
 0.54504982287484E+10
 0.54723362791402E+10
 0.54942647258425E+10
 0.55162733391572E+10
 0.55383549854279E+10
 0.55605416177407E+10
 0.55828046003795E+10
 0.56051468892389E+10
 0.56275778013916E+10
 0.56500890224459E+10
 0.56726870580384E+10
 0.56953645829748E+10
 0.57181372346062E+10
 0.57409812033811E+10
 0.57639211822606E+10
 0.57869377662213E+10
 0.58100358221160E+10
 0.58332228422297E+10
