 0.20941382915855E+01
 0.20941382915855E+01
 0.20941382915855E+01
 0.20941382915855E+01
 0.20941382915855E+01
 0.20941382992905E+01
 0.20941382692321E+01
 0.20941382760857E+01
 0.20941382460806E+01
 0.20941374377408E+01
 0.20941410070969E+01
 0.20941363943827E+01
 0.20941366056762E+01
 0.20941355605136E+01
 0.20941393009926E+01
 0.20941374629281E+01
 0.20941380850365E+01
 0.20941370950334E+01
 0.20941352996515E+01
 0.20941391389633E+01
 0.20941372014980E+01
 0.20941368112594E+01
 0.20941358490611E+01
 0.20941425220906E+01
 0.20941441784252E+01
 0.20941382705029E+01
 0.20941353828536E+01
 0.20941408778683E+01
 0.20941456292377E+01
 0.20941380163788E+01
 0.20941377972685E+01
 0.20941380583662E+01
 0.20941515430777E+01
 0.20941574635880E+01
 0.20941358103710E+01
 0.20941612951294E+01
 0.20941458241037E+01
 0.20941429139298E+01
 0.20941732035790E+01
 0.20941477015986E+01
 0.20941342077493E+01
 0.20941646122526E+01
 0.20941371466415E+01
 0.20941767737211E+01
 0.20941917914413E+01
 0.20941886371201E+01
 0.20941848829604E+01
 0.20941692933103E+01
 0.20941394602655E+01
 0.20941786198655E+01
 0.20941287610323E+01
 0.20941789160361E+01
 0.20941504858561E+01
 0.20941313935928E+01
 0.20941231758516E+01
 0.20941520597099E+01
 0.20941628468942E+01
 0.20940718812353E+01
 0.20941024269543E+01
 0.20940842379194E+01
 0.20940778044025E+01
 0.20940574041171E+01
 0.20940277568185E+01
 0.20939976315124E+01
 0.20940893437063E+01
 0.20939382113326E+01
 0.20939045305818E+01
 0.20940303428874E+01
 0.20938345765895E+01
 0.20937841189322E+01
 0.20937042718474E+01
 0.20936248057329E+01
 0.20936039756325E+01
 0.20935206266226E+01
 0.20936029141893E+01
 0.20934065309062E+01
 0.20933044489285E+01
 0.20933270551491E+01
 0.20932604448248E+01
 0.20931161279464E+01
 0.20929377030036E+01
 0.20928315674509E+01
 0.20926494813891E+01
 0.20924616983803E+01
 0.20923138683271E+01
 0.20921815940650E+01
 0.20920471285121E+01
 0.20918807556289E+01
 0.20916364776415E+01
 0.20913852841879E+01
 0.20911128882818E+01
 0.20910581588259E+01
 0.20906443566359E+01
 0.20904719169966E+01
 0.20901359203250E+01
 0.20897469292943E+01
 0.20895430993571E+01
 0.20890201808477E+01
 0.20888994993119E+01
 0.20885636999515E+01
 0.20880184463162E+01
 0.20876042127180E+01
 0.20871710808495E+01
 0.20867161066123E+01
 0.20864358558722E+01
 0.20857752757411E+01
 0.20854704299520E+01
 0.20847444321468E+01
 0.20841830619829E+01
 0.20838609939013E+01
 0.20831050249400E+01
 0.20826615874216E+01
 0.20818902379844E+01
 0.20811542378851E+01
 0.20805077644877E+01
 0.20800724818497E+01
 0.20791264455326E+01
 0.20783742812399E+01
 0.20775387064880E+01
 0.20764847901806E+01
 0.20757233573807E+01
 0.20744250413180E+01
 0.20735139958667E+01
 0.20722634713804E+01
 0.20707425076742E+01
 0.20695179348930E+01
 0.20680581776967E+01
 0.20664738234847E+01
 0.20645491633460E+01
 0.20628593527187E+01
 0.20611642669923E+01
 0.20594092696615E+01
 0.20571903803542E+01
 0.20552667980822E+01
 0.20531549986064E+01
 0.20509847117875E+01
 0.20488556177189E+01
 0.20465277561205E+01
 0.20441232028228E+01
 0.20417229627101E+01
 0.20395094858505E+01
 0.20369228434150E+01
 0.20340013332642E+01
 0.20315586510331E+01
 0.20283941251156E+01
 0.20260332613006E+01
 0.20228622498659E+01
 0.20199184708465E+01
 0.20172251812575E+01
 0.20141364983319E+01
 0.20107560073018E+01
 0.20076726726680E+01
 0.20041066370374E+01
 0.20008208025416E+01
 0.19978469527147E+01
 0.19941433746229E+01
 0.19906167039139E+01
 0.19870485169331E+01
 0.19833311405243E+01
 0.19797800169563E+01
 0.19761504774030E+01
 0.19725974581382E+01
 0.19684459516327E+01
 0.19647390978209E+01
 0.19606569867543E+01
 0.19571756872691E+01
 0.19529673144978E+01
 0.19486304685067E+01
 0.19444942797588E+01
 0.19405966097438E+01
 0.19366281087087E+01
 0.19324549330784E+01
 0.19278150562672E+01
 0.19236690218516E+01
 0.19193681713879E+01
 0.19147304134346E+01
 0.19103069031976E+01
 0.19059856521948E+01
 0.19015625190153E+01
 0.18968311046538E+01
 0.18926169836022E+01
 0.18881617490173E+01
 0.18832202297330E+01
 0.18785198730513E+01
 0.18739948558627E+01
 0.18691463180332E+01
 0.18643231675731E+01
 0.18600290442497E+01
 0.18551141482783E+01
 0.18504065560206E+01
 0.18453087288181E+01
 0.18404927519246E+01
 0.18355478144712E+01
 0.18306345962992E+01
 0.18259868461915E+01
 0.18208541842169E+01
 0.18159888880052E+01
 0.18109086173596E+01
 0.18060078094197E+01
 0.18009075698448E+01
