 0.11076108624053E+04
 0.11076108624053E+04
 0.11076108624053E+04
 0.11076108624053E+04
 0.11076108624053E+04
 0.11076108624053E+04
 0.11076108624053E+04
 0.11076108624053E+04
 0.11076108624053E+04
 0.11076069849429E+04
 0.11077207589677E+04
 0.11075620357473E+04
 0.11074536527897E+04
 0.11075278816512E+04
 0.11073768013985E+04
 0.11074388962902E+04
 0.11074004255882E+04
 0.11075722226820E+04
 0.11075073314257E+04
 0.11073908208067E+04
 0.11074505137451E+04
 0.11075634452914E+04
 0.11075230248308E+04
 0.11072735383435E+04
 0.11072083062127E+04
 0.11074034957076E+04
 0.11074802993500E+04
 0.11073223677063E+04
 0.11071665557277E+04
 0.11074060150599E+04
 0.11076160219902E+04
 0.11074060248154E+04
 0.11081155068761E+04
 0.11084157955054E+04
 0.11074717689930E+04
 0.11085659548715E+04
 0.11079480689750E+04
 0.11078711207695E+04
 0.11091712974735E+04
 0.11079837478890E+04
 0.11074581536557E+04
 0.11088191225897E+04
 0.11076993605948E+04
 0.11094728725013E+04
 0.11108866436467E+04
 0.11108575334231E+04
 0.11105280774570E+04
 0.11094960445526E+04
 0.11082270242126E+04
 0.11107242944802E+04
 0.11081023360310E+04
 0.11120801450783E+04
 0.11095149844092E+04
 0.11088359484748E+04
 0.11088661257012E+04
 0.11128226192977E+04
 0.11122058381239E+04
 0.11081007280736E+04
 0.11146313432992E+04
 0.11098630245003E+04
 0.11127214034824E+04
 0.11113231603487E+04
 0.11065949263928E+04
 0.11105263733147E+04
 0.11098985467686E+04
 0.11112204955130E+04
 0.11117648218926E+04
 0.11196553803479E+04
 0.11140799272342E+04
 0.11089103751325E+04
 0.11165821712776E+04
 0.11176213652273E+04
 0.11077699760610E+04
 0.11169715148002E+04
 0.11104738479731E+04
 0.11143257888450E+04
 0.11081311128369E+04
 0.11111738654943E+04
 0.11182755215444E+04
 0.11172671073150E+04
 0.11154316551420E+04
 0.11076252833535E+04
 0.11171146471151E+04
 0.11203078564141E+04
 0.11117088931056E+04
 0.11163185450626E+04
 0.11163860150224E+04
 0.11191007679628E+04
 0.11186926951413E+04
 0.11163954569198E+04
 0.11159532748226E+04
 0.11089871528150E+04
 0.11168385124753E+04
 0.11111676200855E+04
 0.11097065148453E+04
 0.11190345437883E+04
 0.11123470231047E+04
 0.11167999945002E+04
 0.11149714952809E+04
 0.11115289864452E+04
 0.11117451320626E+04
 0.11152647448572E+04
 0.11136281720221E+04
 0.11116508944163E+04
 0.11171838100963E+04
 0.11091931786714E+04
 0.11181633699327E+04
 0.11063907238764E+04
 0.11071985852468E+04
 0.11145773693460E+04
 0.11108296165222E+04
 0.11107859732904E+04
 0.11143923151033E+04
 0.11189183648212E+04
 0.11084922530156E+04
 0.11051359372228E+04
 0.11075325818307E+04
 0.11067878973139E+04
 0.11068557433940E+04
 0.11062021823514E+04
 0.11175213479211E+04
 0.11068201054013E+04
 0.11070775669820E+04
 0.11044223957233E+04
 0.11142150320223E+04
 0.11079079534427E+04
 0.11103518922941E+04
 0.11138501166859E+04
 0.11094573662172E+04
 0.11136575237013E+04
 0.11030058760918E+04
 0.11021775725574E+04
 0.11018329682715E+04
 0.11033847839930E+04
 0.11119964811420E+04
 0.11050050983987E+04
 0.11109705483672E+04
 0.11130792782757E+04
 0.11135020887958E+04
 0.11031763948357E+04
 0.11130634558138E+04
 0.10992226662430E+04
 0.11071588036214E+04
 0.11061799923653E+04
 0.11110941128578E+04
 0.11046831631443E+04
 0.10995800484135E+04
 0.11026903968443E+04
 0.11047746744805E+04
 0.11050201114731E+04
 0.11018317751141E+04
 0.11056401533824E+04
 0.11033610007714E+04
 0.11064788937620E+04
 0.11049858412727E+04
 0.11102127754343E+04
 0.11049969106925E+04
 0.11063848915096E+04
 0.11062221849641E+04
 0.11047588996979E+04
 0.11058950323716E+04
 0.11118779248903E+04
 0.11119524533546E+04
 0.11062950525499E+04
 0.11050455619548E+04
 0.11184065070163E+04
 0.11170565712552E+04
 0.11130394607161E+04
 0.11158917554812E+04
 0.11118516846649E+04
 0.11107605821956E+04
 0.11169753234746E+04
 0.11227567346027E+04
 0.11163616674510E+04
 0.11187143622369E+04
 0.11192074480419E+04
 0.11174292497191E+04
 0.11295400765994E+04
 0.11197395773706E+04
 0.11196186581991E+04
 0.11276501642067E+04
 0.11223204515858E+04
 0.11346379990737E+04
 0.11286411718439E+04
 0.11250043837620E+04
 0.11414542739902E+04
 0.11402954957086E+04
 0.11317213336923E+04
 0.11430207538197E+04
 0.11367943777656E+04
 0.11411921410927E+04
 0.11404226429115E+04
 0.11486107277146E+04
 0.11423716521397E+04
 0.11478384339371E+04
 0.11430611257277E+04
 0.11447976886759E+04
 0.11482048914543E+04
 0.11533486029234E+04
 0.11587413100884E+04
