 0.10000000133514E-09
 0.10000000133514E-09
 0.10000000133514E-09
 0.10000000133514E-09
 0.10000000133514E-09
 0.10000000133514E-09
 0.10000000133514E-09
 0.10000000133514E-09
 0.10000000133514E-09
 0.10000000133514E-09
 0.10000000133514E-09
 0.10000000133514E-09
 0.10000000133514E-09
 0.10000000133514E-09
 0.10000000133514E-09
 0.10000000133514E-09
 0.10000000133514E-09
 0.10000000133514E-09
 0.10000000133514E-09
 0.91277982040239E-04
 0.91277982040239E-04
 0.19608569214172E-03
 0.27414831867420E-03
 0.37342709810849E-03
 0.49712637343784E-03
 0.64849593678152E-03
 0.83078129498080E-03
 0.10471851065102E-02
 0.13008679591240E-02
 0.15949193305967E-02
 0.19322653880603E-02
 0.23156688013584E-02
 0.27478914221361E-02
 0.32313850883689E-02
 0.37684248609335E-02
 0.43613841563338E-02
 0.50121366079964E-02
 0.57227004947190E-02
 0.64947078685255E-02
 0.73296903947171E-02
 0.82293886485092E-02
 0.91950768040199E-02
 0.10227776110782E-01
 0.11328775499631E-01
 0.12499307891662E-01
 0.13740232885021E-01
 0.15052182934982E-01
 0.16436325411172E-01
 0.17893517008971E-01
 0.19424397080960E-01
 0.21030499305254E-01
 0.22711060493364E-01
 0.24466887500117E-01
 0.26299375977362E-01
 0.28209173152831E-01
 0.30196894338681E-01
 0.32261943812410E-01
 0.34406041258622E-01
 0.36632306256908E-01
 0.38933972704400E-01
 0.41322499728522E-01
 0.43787560708659E-01
 0.46338007136172E-01
 0.48971794692449E-01
 0.51686688200346E-01
 0.54490998638753E-01
 0.57378661877073E-01
 0.60346134099978E-01
 0.63410056632366E-01
 0.66557229538919E-01
 0.69797950171562E-01
 0.73128658951837E-01
 0.76548525296917E-01
 0.80063632244322E-01
 0.83671407666006E-01
 0.87375716349898E-01
 0.91184691447639E-01
 0.95091317912209E-01
 0.99086715084931E-01
 0.10319775366093E+00
 0.10741174132001E+00
 0.11173586384128E+00
 0.11615832574561E+00
 0.12070169525286E+00
 0.12536660347558E+00
 0.13014449969572E+00
 0.13504771791935E+00
 0.14008188008795E+00
 0.14523988990460E+00
 0.15053604267068E+00
 0.15595707189022E+00
 0.16152399009961E+00
 0.16724823019291E+00
 0.17312773890260E+00
 0.17916219613756E+00
 0.18534044257757E+00
 0.19172669658573E+00
 0.19825463059833E+00
 0.20498867660937E+00
 0.21190577240792E+00
 0.21902936149769E+00
 0.22634264854301E+00
 0.23386541490802E+00
 0.24161582979761E+00
 0.24959222636697E+00
 0.25778740265043E+00
 0.26618890923713E+00
 0.27486544600731E+00
 0.28375756492593E+00
 0.29286484298554E+00
 0.30219591880548E+00
 0.31174926116721E+00
 0.32151384748691E+00
 0.33146004252366E+00
 0.34156506528255E+00
 0.35172557635564E+00
 0.36185106711547E+00
 0.37188320781695E+00
 0.38162375439740E+00
 0.39092121466990E+00
 0.39967608067025E+00
 0.40784342843974E+00
 0.41548770511825E+00
 0.42263194096177E+00
 0.42933994706201E+00
 0.43570375590825E+00
 0.44178354149488E+00
 0.44764560313036E+00
 0.45331425037742E+00
 0.45882231327709E+00
 0.46420014193691E+00
 0.46946430948034E+00
 0.47462039880949E+00
 0.47969386376208E+00
 0.48468661872148E+00
 0.48960131151028E+00
 0.49445019208529E+00
 0.49923432557603E+00
 0.50395518073304E+00
 0.50861607017441E+00
 0.51321912030940E+00
 0.51776850455517E+00
 0.52226230026774E+00
 0.52670188542398E+00
 0.53108887143685E+00
 0.53542367983237E+00
 0.53970772701709E+00
 0.54394012055087E+00
 0.54812497361065E+00
 0.55225912583413E+00
 0.55634254482536E+00
 0.56037937733797E+00
 0.56436820071661E+00
 0.56830896531732E+00
 0.57220263985508E+00
 0.57604977060508E+00
 0.57985004856535E+00
 0.58360519007076E+00
 0.58731489527781E+00
 0.59097992528199E+00
 0.59460046770217E+00
 0.59817798648890E+00
 0.60171165035494E+00
 0.60520340755629E+00
 0.60865153494101E+00
 0.61205973553584E+00
 0.61542644130696E+00
 0.61875197569960E+00
 0.62203811811258E+00
 0.62528445278565E+00
 0.62849087957981E+00
 0.63166009688257E+00
 0.63479228041610E+00
 0.63788569913048E+00
 0.64094295818179E+00
 0.64396354295695E+00
 0.64694874729589E+00
 0.64989827685547E+00
 0.65281391696757E+00
 0.65569507721727E+00
 0.65854239612329E+00
 0.66135655931040E+00
 0.66413775359135E+00
 0.66688785358955E+00
 0.66960556976590E+00
 0.67229248161010E+00
 0.67494819538382E+00
 0.67757409680085E+00
 0.68017003190332E+00
 0.68273695508269E+00
 0.68527502985822E+00
 0.68778481261214E+00
 0.69026656980551E+00
 0.69272066325405E+00
 0.69514774169219E+00
 0.69754822221578E+00
 0.69992232395522E+00
 0.70227063564572E+00
 0.70459366554237E+00
 0.70689126296318E+00
