 0.16432730420240E+00
 0.16432730420236E+00
 0.16432730420183E+00
 0.16432730419992E+00
 0.16432730418737E+00
 0.16432730411556E+00
 0.16432730225332E+00
 0.16432729422964E+00
 0.16432726668586E+00
 0.16432719381852E+00
 0.16432703280063E+00
 0.16432672136089E+00
 0.16432618676397E+00
 0.16432532434179E+00
 0.16432404580065E+00
 0.16432220007231E+00
 0.16431968649724E+00
 0.16431637669667E+00
 0.16431213384579E+00
 0.16430683264463E+00
 0.16430025887656E+00
 0.16429244481395E+00
 0.16428316836605E+00
 0.16427230725814E+00
 0.16425971379478E+00
 0.16424527317379E+00
 0.16422878199706E+00
 0.16421031041003E+00
 0.16418963921630E+00
 0.16416654235464E+00
 0.16414076487604E+00
 0.16411246777037E+00
 0.16408122070726E+00
 0.16404674078065E+00
 0.16400935932039E+00
 0.16396842549006E+00
 0.16392393435732E+00
 0.16387537877796E+00
 0.16382301455741E+00
 0.16376678403780E+00
 0.16370513723845E+00
 0.16363911055341E+00
 0.16356832266568E+00
 0.16349221396063E+00
 0.16340995165941E+00
 0.16332204126611E+00
 0.16322872843667E+00
 0.16312907368650E+00
 0.16302232810641E+00
 0.16290846282369E+00
 0.16278786006667E+00
 0.16265935423935E+00
 0.16252335283466E+00
 0.16237905151339E+00
 0.16222561426188E+00
 0.16206351954743E+00
 0.16189232927767E+00
 0.16171055558219E+00
 0.16151922314893E+00
 0.16131849493280E+00
 0.16110296307345E+00
 0.16087963496901E+00
 0.16064394519815E+00
 0.16039321146432E+00
 0.16013248306806E+00
 0.15985357961352E+00
 0.15956247617763E+00
 0.15926079539493E+00
 0.15893880136442E+00
 0.15860324490521E+00
 0.15824532483303E+00
 0.15787102730844E+00
 0.15748281280407E+00
 0.15706596635271E+00
 0.15663400714011E+00
 0.15617544998843E+00
 0.15569442972788E+00
 0.15518474292433E+00
 0.15465680053265E+00
 0.15409265874576E+00
 0.15350152422631E+00
 0.15287925692957E+00
 0.15222502118634E+00
 0.15153436877768E+00
 0.15079747106998E+00
 0.15002856078998E+00
 0.14921695512650E+00
 0.14835408426357E+00
 0.14744372675101E+00
 0.14647877500856E+00
 0.14546861964259E+00
 0.14440127297762E+00
 0.14326161882676E+00
 0.14205241709018E+00
 0.14078574246045E+00
 0.13944863197851E+00
 0.13801231899474E+00
 0.13650607846763E+00
 0.13490171278244E+00
 0.13320389015722E+00
 0.13139197619119E+00
 0.12948083411344E+00
 0.12745228713253E+00
 0.12528819260856E+00
 0.12297821044056E+00
 0.12053139255877E+00
 0.11794073791995E+00
 0.11514783093700E+00
 0.11218328685944E+00
 0.10903509639601E+00
 0.10567959356745E+00
 0.10207777814145E+00
 0.98229899722073E-01
 0.94107736631366E-01
 0.89689535647743E-01
 0.85015439304036E-01
 0.80067963933675E-01
 0.74886480167864E-01
 0.69526554392340E-01
 0.64133940863347E-01
 0.58856646852679E-01
 0.53841720897818E-01
 0.49138962219448E-01
 0.44858616952169E-01
 0.41033109409789E-01
 0.37631485409120E-01
 0.34602141218137E-01
 0.31874557365305E-01
 0.29444631422686E-01
 0.27278360952538E-01
 0.25328158364490E-01
 0.23556061273296E-01
 0.21968223128805E-01
 0.20518090127819E-01
 0.19189586913822E-01
 0.17990463047093E-01
 0.16878827160461E-01
 0.15859950750117E-01
 0.14923124614869E-01
 0.14062789336779E-01
 0.13270104361413E-01
 0.12532065685796E-01
 0.11847894320035E-01
 0.11213896770378E-01
 0.10622793340379E-01
 0.10075166388980E-01
 0.95609317725995E-02
 0.90826731752444E-02
 0.86340741930697E-02
 0.82126005979714E-02
 0.78230893040522E-02
 0.74540902281408E-02
 0.71047340107771E-02
 0.67797172846565E-02
 0.64723224947512E-02
 0.61842777234968E-02
 0.59120393478165E-02
 0.56561418611196E-02
 0.54130702158880E-02
 0.51846269561353E-02
 0.49689766788265E-02
 0.47639650337493E-02
 0.45697381644719E-02
 0.43856356393225E-02
 0.42120972576347E-02
 0.40465966893896E-02
 0.38896601850504E-02
 0.37404384829036E-02
 0.35984037077481E-02
 0.34634769854377E-02
 0.33358484808298E-02
 0.32130883890218E-02
 0.30964584883629E-02
 0.29860855731398E-02
 0.28800715154706E-02
 0.27787436450959E-02
 0.26830040819198E-02
 0.25905795253793E-02
 0.25027101496725E-02
 0.24180279066095E-02
 0.23384604003706E-02
 0.22613643899168E-02
 0.21879971556079E-02
 0.21166482571214E-02
 0.20494563197223E-02
 0.19842100954244E-02
 0.19224847459663E-02
 0.18627724468835E-02
 0.18056546257920E-02
 0.17505368987435E-02
 0.16979457188280E-02
 0.16470263198633E-02
 0.15980388100392E-02
 0.15511562613287E-02
 0.15060891910574E-02
 0.14630388948718E-02
 0.14212905050572E-02
 0.13809646431932E-02
 0.13421620983326E-02
 0.13050435157992E-02
