 0.67197792076794E+03
 0.67197792076794E+03
 0.67197792076794E+03
 0.67197792076794E+03
 0.67197792076794E+03
 0.67197823877565E+03
 0.67197734998231E+03
 0.67197756846389E+03
 0.67197660663052E+03
 0.67195495340662E+03
 0.67205188985754E+03
 0.67192827157642E+03
 0.67949582194605E+03
 0.67190633634510E+03
 0.67942965274651E+03
 0.67947477267217E+03
 0.67945972969675E+03
 0.67194404236533E+03
 0.67189493495517E+03
 0.67943922315631E+03
 0.67948046829612E+03
 0.67193431353272E+03
 0.67190379539365E+03
 0.67935170053353E+03
 0.68187744585857E+03
 0.67947090261661E+03
 0.67951536643803E+03
 0.67937147235561E+03
 0.68185478608898E+03
 0.67944983637215E+03
 0.67201779361166E+03
 0.67940700897966E+03
 0.67234902270896E+03
 0.67240418396808E+03
 0.67205281760200E+03
 0.67277167617137E+03
 0.67235375730312E+03
 0.67228865858930E+03
 0.67327809640037E+03
 0.67224847227770E+03
 0.67936367779501E+03
 0.67288985326045E+03
 0.67222340836576E+03
 0.67325413763377E+03
 0.67453695611492E+03
 0.67457632220519E+03
 0.67421882049160E+03
 0.67323376082665E+03
 0.67244512104079E+03
 0.67441779549182E+03
 0.67233793197346E+03
 0.67552025462459E+03
 0.67353665808533E+03
 0.67288747453521E+03
 0.67307842316311E+03
 0.67596576310423E+03
 0.68074078666464E+03
 0.67223470192897E+03
 0.67745058429962E+03
 0.67387049168298E+03
 0.67605704519679E+03
 0.67486222293647E+03
 0.68129694630769E+03
 0.67387766995037E+03
 0.67858855169889E+03
 0.67441287800133E+03
 0.67551187625061E+03
 0.67589886688014E+03
 0.67654124682759E+03
 0.67292170871876E+03
 0.67846545630908E+03
 0.67954401010737E+03
 0.68200368687986E+03
 0.67881317165961E+03
 0.67893099145828E+03
 0.67705947024830E+03
 0.68238639057675E+03
 0.67966046456539E+03
 0.67462052004888E+03
 0.67400562590709E+03
 0.67746141002711E+03
 0.68094652374856E+03
 0.67863499268738E+03
 0.68083171829278E+03
 0.67551006685492E+03
 0.67704973557412E+03
 0.67848100931935E+03
 0.67445386636837E+03
 0.67419347693940E+03
 0.67605212829947E+03
 0.67677300160828E+03
 0.68177125811418E+03
 0.67794218710892E+03
 0.68312028400168E+03
 0.67758433370792E+03
 0.67869040491296E+03
 0.67863355245044E+03
 0.68655732141514E+03
 0.68354244573440E+03
 0.68292923655201E+03
 0.68273975510113E+03
 0.68430595862582E+03
 0.68244100169826E+03
 0.69077670533681E+03
 0.68435686033143E+03
 0.68287400011570E+03
 0.68536065789912E+03
 0.68572560388943E+03
 0.68533465950453E+03
 0.69140673360752E+03
 0.69123234044497E+03
 0.68635838380784E+03
 0.69299660311236E+03
 0.68762553476823E+03
 0.69644098031379E+03
 0.69456700935346E+03
 0.69692807194639E+03
 0.69609253087949E+03
 0.69417824637458E+03
 0.69617920954223E+03
 0.69370260223991E+03
 0.69313206333276E+03
 0.70274540079535E+03
 0.69619282154193E+03
 0.70221495537629E+03
 0.69926969681902E+03
 0.70241447488233E+03
 0.70428043793550E+03
 0.70582681908231E+03
 0.70955332047286E+03
 0.70712355715574E+03
 0.70734734834444E+03
 0.70839733612848E+03
 0.71221606975628E+03
 0.72093720021362E+03
 0.71960187048007E+03
 0.71528978368091E+03
 0.71969553885050E+03
 0.72712007091990E+03
 0.72044124062318E+03
 0.72434768408906E+03
 0.72533191724989E+03
 0.73537586977400E+03
 0.73655413832561E+03
 0.73827975241817E+03
 0.73493252770356E+03
 0.74103122561399E+03
 0.73663419620907E+03
 0.74732436761293E+03
 0.74711389513792E+03
 0.74090167397676E+03
 0.74669952027858E+03
 0.74698187687161E+03
 0.75541023932764E+03
 0.74581268426354E+03
 0.76029338521167E+03
 0.75587914274625E+03
 0.76607272036445E+03
 0.75725203061914E+03
 0.76411154169684E+03
 0.76709293859667E+03
 0.76385432748632E+03
 0.76601015912892E+03
 0.76953055685150E+03
 0.77900075422345E+03
 0.78223188346420E+03
 0.78302653965571E+03
 0.77851862052705E+03
 0.78066971322116E+03
 0.77795634713297E+03
 0.78297198291866E+03
 0.78705525143058E+03
 0.79447576301303E+03
 0.78870749092169E+03
 0.80176616875389E+03
 0.79062360716003E+03
 0.79694366625697E+03
 0.79759910756045E+03
 0.79868468366423E+03
 0.81255627104529E+03
 0.80838486031806E+03
 0.81035263953289E+03
 0.81668958711763E+03
 0.82384553826350E+03
 0.81527983636313E+03
 0.81970669535958E+03
 0.81936173843589E+03
 0.82495365064099E+03
 0.82263004051603E+03
 0.82850853738068E+03
 0.83468930709529E+03
 0.83483280500131E+03
 0.84371746459972E+03
 0.84507399039581E+03
 0.84363153083884E+03
 0.84957333930012E+03
 0.84882096403553E+03
 0.85204840664256E+03
 0.84752623245730E+03
 0.86024481531353E+03
