 0.12287856071230E+01
 0.12287856154771E+01
 0.12287856532512E+01
 0.12287857575042E+01
 0.12287859811654E+01
 0.12287863952375E+01
 0.12287871001449E+01
 0.12287882577229E+01
 0.12287901441676E+01
 0.12287932080141E+01
 0.12287981102369E+01
 0.12288057403494E+01
 0.12288172093716E+01
 0.12288337967896E+01
 0.12288569441833E+01
 0.12288881487498E+01
 0.12289289861501E+01
 0.12289810216765E+01
 0.12290457829211E+01
 0.12291247488512E+01
 0.12292192596401E+01
 0.12293307177212E+01
 0.12294602618154E+01
 0.12296089867999E+01
 0.12297778599560E+01
 0.12299677641226E+01
 0.12301794210154E+01
 0.12304136194673E+01
 0.12306708761676E+01
 0.12309516081527E+01
 0.12312561329400E+01
 0.12315849284738E+01
 0.12319380395288E+01
 0.12323155195571E+01
 0.12327177213811E+01
 0.12331443278738E+01
 0.12335953450851E+01
 0.12340704078716E+01
 0.12345695513883E+01
 0.12350925580457E+01
 0.12356382541773E+01
 0.12362069748456E+01
 0.12367981506636E+01
 0.12374110649340E+01
 0.12380447912745E+01
 0.12386991872945E+01
 0.12393739162208E+01
 0.12400679141859E+01
 0.12407802086284E+01
 0.12415102594178E+01
 0.12422578906155E+01
 0.12430216493133E+01
 0.12438013675684E+01
 0.12445960616323E+01
 0.12454047456982E+01
 0.12462272594891E+01
 0.12470629160054E+01
 0.12479104436411E+01
 0.12487701460816E+01
 0.12496418152165E+01
 0.12505219887153E+01
 0.12514147107017E+01
 0.12523171861032E+01
 0.12532277626852E+01
 0.12541494771975E+01
 0.12550776905121E+01
 0.12560161546596E+01
 0.12569661259852E+01
 0.12579224278597E+01
 0.12588894380681E+01
 0.12598626185678E+01
 0.12608463989070E+01
 0.12618431179874E+01
 0.12628449256442E+01
 0.12638611770185E+01
 0.12648862864034E+01
 0.12659245579625E+01
 0.12669734922986E+01
 0.12680406155037E+01
 0.12691182872269E+01
 0.12702134287500E+01
 0.12713262434671E+01
 0.12724579015645E+01
 0.12736093553834E+01
 0.12747782185021E+01
 0.12759742700111E+01
 0.12771960247931E+01
 0.12784418832798E+01
 0.12797170402260E+01
 0.12810219379820E+01
 0.12823649149163E+01
 0.12837447332781E+01
 0.12851589816637E+01
 0.12866132097075E+01
 0.12881171506294E+01
 0.12896678380112E+01
 0.12912638225784E+01
 0.12929159156188E+01
 0.12946224448923E+01
 0.12963884419691E+01
 0.12982135770485E+01
 0.13001045386154E+01
 0.13020618599772E+01
 0.13040847974673E+01
 0.13061755261929E+01
 0.13083381963933E+01
 0.13105705700939E+01
 0.13128677551791E+01
 0.13152299233375E+01
 0.13176517802259E+01
 0.13201268794237E+01
 0.13226372341132E+01
 0.13251742953827E+01
 0.13277087842277E+01
 0.13302130692026E+01
 0.13326439769579E+01
 0.13349398395527E+01
 0.13370176668366E+01
 0.13387754005314E+01
 0.13400903136276E+01
 0.13408445981509E+01
 0.13409488371950E+01
 0.13403252718309E+01
 0.13390053733502E+01
 0.13370779557731E+01
 0.13346437260163E+01
 0.13318006158612E+01
 0.13286030707721E+01
 0.13252037057091E+01
 0.13216966953786E+01
 0.13181167921689E+01
 0.13144833361524E+01
 0.13109209561932E+01
 0.13073822897387E+01
 0.13038860494426E+01
 0.13005322027844E+01
 0.12972187600229E+01
 0.12940151879336E+01
 0.12909213384240E+01
 0.12879536868048E+01
 0.12851067843843E+01
 0.12823443339509E+01
 0.12796888657863E+01
 0.12771452878060E+01
 0.12746932594557E+01
 0.12723585995857E+01
 0.12700936297266E+01
 0.12679333089891E+01
 0.12658490020234E+01
 0.12638353575147E+01
 0.12619459194333E+01
 0.12601019390699E+01
 0.12583050141109E+01
 0.12566078239695E+01
 0.12549611329716E+01
 0.12533909771127E+01
 0.12518728732992E+01
 0.12504210731209E+01
 0.12490066947065E+01
 0.12476575616216E+01
 0.12463612829246E+01
 0.12450997556679E+01
 0.12438807703774E+01
 0.12427028954105E+01
 0.12415786929644E+01
 0.12404806017741E+01
 0.12394210999030E+01
 0.12383940180923E+01
 0.12373962489664E+01
 0.12364320388324E+01
 0.12355102700176E+01
 0.12345951011624E+01
 0.12337125148726E+01
 0.12328696544650E+01
 0.12320367708032E+01
 0.12312235309261E+01
 0.12304520144570E+01
 0.12296809152528E+01
 0.12289393474679E+01
 0.12282014502841E+01
 0.12275139813762E+01
 0.12268212436997E+01
 0.12261553012498E+01
 0.12254777632178E+01
 0.12248449385318E+01
 0.12242038906584E+01
 0.12235990300355E+01
 0.12229929129319E+01
 0.12224043983815E+01
 0.12218190776527E+01
 0.12212551531787E+01
 0.12206894090787E+01
 0.12201319372676E+01
 0.12195911086128E+01
 0.12190602290194E+01
 0.12185491516837E+01
 0.12180348515868E+01
 0.12175234385602E+01
 0.12170207182401E+01
 0.12165359026802E+01
