 0.21140089951492E+08
 0.21140089951487E+08
 0.21140089951416E+08
 0.21140089951002E+08
 0.21140089949331E+08
 0.21140089944668E+08
 0.21140090048753E+08
 0.21140090529864E+08
 0.21140092253790E+08
 0.21140096868176E+08
 0.21140107191162E+08
 0.21140126663458E+08
 0.21140160645055E+08
 0.21140214944602E+08
 0.21140295299828E+08
 0.21140410022543E+08
 0.21140565507573E+08
 0.21140768968275E+08
 0.21141027355765E+08
 0.21141347827461E+08
 0.21141740617625E+08
 0.21142204982698E+08
 0.21142751686833E+08
 0.21143385309989E+08
 0.21144113870834E+08
 0.21144942289140E+08
 0.21145879343135E+08
 0.21146919288613E+08
 0.21148073420329E+08
 0.21149351030176E+08
 0.21150763716593E+08
 0.21152300074389E+08
 0.21153981136103E+08
 0.21155817741452E+08
 0.21157790370806E+08
 0.21159929529301E+08
 0.21162230689792E+08
 0.21164717929832E+08
 0.21167369599841E+08
 0.21170185048723E+08
 0.21173241460280E+08
 0.21176475707050E+08
 0.21179900194892E+08
 0.21183534324634E+08
 0.21187418492901E+08
 0.21191510695613E+08
 0.21195786404972E+08
 0.21200284925475E+08
 0.21205034565715E+08
 0.21210021563422E+08
 0.21215206491643E+08
 0.21220641276689E+08
 0.21226282874824E+08
 0.21232162162974E+08
 0.21238296658191E+08
 0.21244648861463E+08
 0.21251207675465E+08
 0.21258046490700E+08
 0.21265069982319E+08
 0.21272241372622E+08
 0.21279859863203E+08
 0.21287468385869E+08
 0.21295307407100E+08
 0.21303499901359E+08
 0.21311704353083E+08
 0.21320370225856E+08
 0.21329110165003E+08
 0.21337776983240E+08
 0.21346885047096E+08
 0.21355998982639E+08
 0.21365589251401E+08
 0.21375234645013E+08
 0.21384723648927E+08
 0.21394875999789E+08
 0.21404821713796E+08
 0.21415152444962E+08
 0.21425556042912E+08
 0.21436308793959E+08
 0.21446712940632E+08
 0.21457737981714E+08
 0.21468741824382E+08
 0.21479845530198E+08
 0.21490998514868E+08
 0.21502360683040E+08
 0.21514279597807E+08
 0.21525922421654E+08
 0.21537681525580E+08
 0.21549921457610E+08
 0.21562254347765E+08
 0.21574950801490E+08
 0.21587261295626E+08
 0.21599708087154E+08
 0.21612817712149E+08
 0.21626315980049E+08
 0.21639294324968E+08
 0.21652350876258E+08
 0.21666432597922E+08
 0.21680084805324E+08
 0.21694225285714E+08
 0.21708458103121E+08
 0.21723322896226E+08
 0.21737989846453E+08
 0.21752837566499E+08
 0.21768371073280E+08
 0.21784477716612E+08
 0.21800541012703E+08
 0.21816510234099E+08
 0.21833838247009E+08
 0.21851208533393E+08
 0.21868458413339E+08
 0.21885990336732E+08
 0.21904512851209E+08
 0.21923370042602E+08
 0.21942965778816E+08
 0.21963584445062E+08
 0.21984119990432E+08
 0.22005346888440E+08
 0.22027318907915E+08
 0.22050414450800E+08
 0.22074125368324E+08
 0.22098471962259E+08
 0.22123386630645E+08
 0.22150518397667E+08
 0.22178802331664E+08
 0.22207486715291E+08
 0.22237127457364E+08
 0.22267937570802E+08
 0.22301670927135E+08
 0.22336714690042E+08
 0.22372908422039E+08
 0.22411306378735E+08
 0.22452926510829E+08
 0.22495643217948E+08
 0.22541817893232E+08
 0.22591941643461E+08
 0.22643915852711E+08
 0.22701488335293E+08
 0.22763099834033E+08
 0.22829657832611E+08
 0.22900978095617E+08
 0.22978087969236E+08
 0.23063298566604E+08
 0.23156244900648E+08
 0.23258025253658E+08
 0.23370646193006E+08
 0.23493842599149E+08
 0.23631474702194E+08
 0.23783174400528E+08
 0.23952541963307E+08
 0.24141526694798E+08
 0.24347218173593E+08
 0.24577591988986E+08
 0.24833830713550E+08
 0.25111312387205E+08
 0.25415052566190E+08
 0.25740093791319E+08
 0.26086457682369E+08
 0.26448164786995E+08
 0.26823547631522E+08
 0.27202448726577E+08
 0.27579721245319E+08
 0.27950838727908E+08
 0.28308234750955E+08
 0.28646701789751E+08
 0.28961070444223E+08
 0.29250668557471E+08
 0.29512091561133E+08
 0.29744099205109E+08
 0.29946826113846E+08
 0.30119669746385E+08
 0.30262886485110E+08
 0.30379041814242E+08
 0.30467808825814E+08
 0.30530307984419E+08
 0.30569034752396E+08
 0.30584831607306E+08
 0.30578857757169E+08
 0.30552934756474E+08
 0.30508249205631E+08
 0.30445760985449E+08
 0.30367835171845E+08
 0.30274358577550E+08
 0.30167466115119E+08
 0.30046527982256E+08
 0.29915011717484E+08
 0.29771475046017E+08
 0.29619426423616E+08
 0.29457243332766E+08
 0.29287044967422E+08
 0.29108618938631E+08
 0.28923674652240E+08
 0.28731435648532E+08
 0.28533261994596E+08
 0.28330252566485E+08
 0.28123048866472E+08
 0.27912302837038E+08
 0.27696842331203E+08
 0.27476913366936E+08
 0.27254723599625E+08
 0.27030699733516E+08
 0.26803784707619E+08
 0.26575370030331E+08
 0.26343523918400E+08
 0.26112386485204E+08
 0.25877718325706E+08
 0.25644748472675E+08
 0.25409491846498E+08
 0.25173360836757E+08
 0.24937505526633E+08
 0.24702186142824E+08
 0.24465717003569E+08
 0.24230126879732E+08
 0.23993043883145E+08
 0.23758876231259E+08
 0.23524705702933E+08
 0.23290908084411E+08
 0.23058288293349E+08
 0.22825618160987E+08
 0.22596003410046E+08
 0.22365178782590E+08
 0.22137204986190E+08
 0.21909267206820E+08
 0.21682047701265E+08
 0.21457700350332E+08
 0.21233488449762E+08
 0.21012760103374E+08
 0.20792527941580E+08
 0.20574271242310E+08
 0.20356827679970E+08
 0.20141631467975E+08
 0.19929186783607E+08
 0.19716970052709E+08
 0.19506320824688E+08
 0.19298626254050E+08
 0.19090939748906E+08
 0.18887478294555E+08
 0.18684276516841E+08
 0.18484435555474E+08
 0.18284079602322E+08
 0.18087522268208E+08
 0.17892972921928E+08
 0.17699073585349E+08
 0.17508389001052E+08
 0.17319025284839E+08
 0.17131025360118E+08
 0.16946125961090E+08
 0.16761843724197E+08
 0.16579954735970E+08
 0.16400289110078E+08
 0.16221823390525E+08
 0.16047125306078E+08
 0.15871867431394E+08
 0.15700215126161E+08
 0.15529766188329E+08
 0.15360998429773E+08
 0.15194789149384E+08
 0.15029979411150E+08
 0.14866360852904E+08
 0.14706409112314E+08
 0.14545984166526E+08
 0.14389482404345E+08
 0.14232885251905E+08
 0.14078995258234E+08
 0.13927188194726E+08
 0.13777062876701E+08
 0.13628114300710E+08
 0.13480801749057E+08
 0.13335427680084E+08
 0.13192412663956E+08
 0.13050188063501E+08
 0.12910312889233E+08
 0.12771821788931E+08
 0.12634701473472E+08
 0.12499075024256E+08
 0.12365658984508E+08
 0.12233649599838E+08
 0.12102750576424E+08
 0.11974357116189E+08
 0.11846597843095E+08
 0.11720304166365E+08
 0.11595877980643E+08
 0.11473176166864E+08
 0.11351635164151E+08
 0.11231805154367E+08
 0.11113046849382E+08
 0.10995679940541E+08
 0.10880415811310E+08
 0.10765928310723E+08
 0.10653478075136E+08
 0.10541888831847E+08
 0.10431410205085E+08
 0.10322977121854E+08
 0.10215053020224E+08
 0.10109026561974E+08
 0.10004074723143E+08
 0.99002373403944E+07
 0.97977509578222E+07
 0.96962980473133E+07
 0.95960412061641E+07
 0.94973883174039E+07
