 0.35172473832405E+01
 0.35172473832405E+01
 0.35172473832405E+01
 0.35172473832405E+01
 0.35172473832405E+01
 0.35172473832405E+01
 0.35172473832405E+01
 0.35172473832405E+01
 0.35172473832405E+01
 0.35172473355199E+01
 0.35172494853538E+01
 0.35172464520117E+01
 0.35172442927179E+01
 0.35172457325827E+01
 0.35172428048518E+01
 0.35172440253569E+01
 0.35172432470528E+01
 0.35172466664678E+01
 0.35172454076261E+01
 0.35172431366911E+01
 0.35172443199566E+01
 0.35172464710992E+01
 0.35172457069793E+01
 0.35172407318903E+01
 0.35172393752262E+01
 0.35172432845318E+01
 0.35172447656780E+01
 0.35172416609498E+01
 0.35172388201837E+01
 0.35172436777354E+01
 0.35172497767744E+01
 0.35172385443622E+01
 0.35172574547451E+01
 0.35172605136115E+01
 0.35172470465980E+01
 0.35172620662230E+01
 0.35172534471523E+01
 0.35172541971667E+01
 0.35172758066719E+01
 0.35172539881436E+01
 0.35172389376008E+01
 0.35172688343057E+01
 0.35172508281093E+01
 0.35172773332471E+01
 0.35172915562310E+01
 0.35172931499056E+01
 0.35172906022003E+01
 0.35172751051936E+01
 0.35172600291240E+01
 0.35172897137502E+01
 0.35172544012201E+01
 0.35173001314552E+01
 0.35172806660913E+01
 0.35172720866169E+01
 0.35172718389324E+01
 0.35173017841729E+01
 0.35172163159461E+01
 0.35172567234020E+01
 0.35172995780180E+01
 0.35172842772295E+01
 0.35173009734389E+01
 0.35172967902382E+01
 0.35172339649042E+01
 0.35172900051400E+01
 0.35171982424487E+01
 0.35172947295675E+01
 0.35172986436049E+01
 0.35171559619953E+01
 0.35173014236889E+01
 0.35171942672619E+01
 0.35172852994331E+01
 0.35172699167592E+01
 0.35172446493849E+01
 0.35172858855354E+01
 0.35172048024240E+01
 0.35172980865569E+01
 0.35172675774579E+01
 0.35172090989556E+01
 0.35171752673029E+01
 0.35171950453948E+01
 0.35172127061488E+01
 0.35172300795703E+01
 0.35172709493318E+01
 0.35172181377807E+01
 0.35172229410954E+01
 0.35172861590774E+01
 0.35172118814559E+01
 0.35171641010589E+01
 0.35171818729208E+01
 0.35172039799868E+01
 0.35172726041741E+01
 0.35172662831587E+01
 0.35171863153176E+01
 0.35172818818942E+01
 0.35171968455869E+01
 0.35172114072849E+01
 0.35172038104148E+01
 0.35171847352005E+01
 0.35172872849635E+01
 0.35172847448474E+01
 0.35171990184995E+01
 0.35172144291727E+01
 0.35172199196653E+01
 0.35172102014660E+01
 0.35172682103827E+01
 0.35172750099470E+01
 0.35172733007653E+01
 0.35171863467443E+01
 0.35171646538779E+01
 0.35172324364913E+01
 0.35173118470077E+01
 0.35172506349088E+01
 0.35173123424911E+01
 0.35172430092164E+01
 0.35173022289205E+01
 0.35173055262683E+01
 0.35172742031236E+01
 0.35172955568710E+01
 0.35173007204512E+01
 0.35173361981517E+01
 0.35173541561758E+01
 0.35173601494269E+01
 0.35173763442996E+01
 0.35174805384538E+01
 0.35175197552817E+01
 0.35174615958044E+01
 0.35175409402454E+01
 0.35175654932716E+01
 0.35176795421942E+01
 0.35177381954028E+01
 0.35176752722251E+01
 0.35177766536381E+01
 0.35178221987617E+01
 0.35178574067665E+01
 0.35178962403249E+01
 0.35180157582582E+01
 0.35181557695443E+01
 0.35181426490516E+01
 0.35182958406840E+01
 0.35182694889174E+01
 0.35183742564144E+01
 0.35184425117691E+01
 0.35185601704712E+01
 0.35186031530262E+01
 0.35185424845814E+01
 0.35187123700842E+01
 0.35186822535216E+01
 0.35187738324013E+01
 0.35187733132903E+01
 0.35187998269187E+01
 0.35188599577552E+01
 0.35188811445700E+01
 0.35188572396884E+01
 0.35189371255131E+01
 0.35188636406063E+01
 0.35189317108402E+01
 0.35188779054561E+01
 0.35187495591958E+01
 0.35186745270698E+01
 0.35186589027454E+01
 0.35186019329882E+01
 0.35185217297382E+01
 0.35184968321823E+01
 0.35183892415984E+01
 0.35181779049104E+01
 0.35179761142756E+01
 0.35178977965715E+01
 0.35177332145856E+01
 0.35175228194872E+01
 0.35174018716994E+01
 0.35171153683359E+01
 0.35168224663874E+01
 0.35165570392626E+01
 0.35163724375602E+01
 0.35160246633523E+01
 0.35157890897298E+01
 0.35152832700024E+01
 0.35149715514177E+01
 0.35146938481060E+01
 0.35142532910345E+01
 0.35138547933855E+01
 0.35134225019450E+01
 0.35128227716586E+01
 0.35123348906481E+01
 0.35119373790675E+01
 0.35112292234244E+01
 0.35107184790020E+01
 0.35100884006691E+01
 0.35095056854963E+01
 0.35087762501240E+01
 0.35082420224874E+01
 0.35075000073526E+01
 0.35067204929266E+01
 0.35060094694657E+01
 0.35052565770886E+01
 0.35044688491791E+01
 0.35036029247912E+01
 0.35028742276365E+01
 0.35020150978925E+01
 0.35010233894837E+01
 0.35000493064923E+01
 0.34990922068525E+01
 0.34981336904556E+01
 0.34971405475456E+01
 0.34961245777645E+01
 0.34951492629067E+01
 0.34939846310549E+01
 0.34928661214134E+01
 0.34917272687706E+01
 0.34906046320876E+01
 0.34893614072561E+01
 0.34882726676247E+01
 0.34868575875551E+01
 0.34856382352964E+01
 0.34844594516880E+01
 0.34830876324144E+01
 0.34816365131540E+01
 0.34803463880930E+01
 0.34789464747823E+01
 0.34775446756463E+01
 0.34760457996828E+01
 0.34745565474511E+01
 0.34732344032608E+01
 0.34716416937547E+01
 0.34700848649899E+01
 0.34685439485997E+01
 0.34669403301269E+01
 0.34653529689917E+01
 0.34637361867985E+01
 0.34620944269637E+01
 0.34605130552332E+01
 0.34588191114824E+01
 0.34571145390895E+01
 0.34552544565492E+01
 0.34534968710552E+01
 0.34518758615999E+01
 0.34500785467477E+01
 0.34481466189639E+01
 0.34462090705178E+01
 0.34445571146201E+01
 0.34425269975790E+01
 0.34407706950190E+01
 0.34387651444559E+01
 0.34368935533887E+01
 0.34347284126953E+01
 0.34328769898604E+01
 0.34308921454358E+01
 0.34288363454848E+01
 0.34268200566806E+01
 0.34249192688121E+01
 0.34228057111921E+01
 0.34207590225572E+01
 0.34185405504447E+01
 0.34164614816923E+01
 0.34143126549968E+01
 0.34122048962193E+01
 0.34099215618543E+01
 0.34079229962325E+01
 0.34056103909914E+01
 0.34034543211230E+01
 0.34012048340733E+01
 0.33990796598267E+01
 0.33967636390763E+01
 0.33945783584912E+01
 0.33923973324605E+01
 0.33899410508125E+01
 0.33876602619326E+01
 0.33853359352503E+01
 0.33830271175831E+01
 0.33808316816806E+01
 0.33783288373114E+01
 0.33759503837832E+01
 0.33735038257254E+01
 0.33713522336973E+01
 0.33688225792848E+01
 0.33662964148545E+01
 0.33639796339241E+01
 0.33615828680623E+01
 0.33592022289168E+01
 0.33566805503958E+01
 0.33542132916700E+01
 0.33518902982573E+01
 0.33492450073809E+01
 0.33469263708069E+01
 0.33444350674104E+01
 0.33417380871736E+01
 0.33392756513081E+01
 0.33367034357054E+01
 0.33343827031963E+01
 0.33317408031365E+01
 0.33290965215712E+01
 0.33265260626345E+01
 0.33241641310022E+01
 0.33213209825778E+01
 0.33188687015870E+01
 0.33162434533079E+01
 0.33137532129948E+01
 0.33112548994856E+01
 0.33084952192874E+01
 0.33058986311857E+01
