 0.68078073132365E+03
 0.68078073132365E+03
 0.68078073132365E+03
 0.68078073132365E+03
 0.68078073132365E+03
 0.68078077442978E+03
 0.68078114837779E+03
 0.68077935927660E+03
 0.68077870938202E+03
 0.68078667953001E+03
 0.68065784775778E+03
 0.68085097818366E+03
 0.68089076619930E+03
 0.68082913945398E+03
 0.68076670205368E+03
 0.68067849202368E+03
 0.68099516790277E+03
 0.68086864204391E+03
 0.68086994548749E+03
 0.68078387818848E+03
 0.68079163485065E+03
 0.68096991851052E+03
 0.68079442302244E+03
 0.68080710259121E+03
 0.68082397531280E+03
 0.68089883682288E+03
 0.68088912347868E+03
 0.68080217536720E+03
 0.68074815204631E+03
 0.68111254520282E+03
 0.68095555349442E+03
 0.68103305534911E+03
 0.68089030336376E+03
 0.68150875932549E+03
 0.68051463906621E+03
 0.68119735846675E+03
 0.68093217427489E+03
 0.68128829955365E+03
 0.68168132822904E+03
 0.68105858654386E+03
 0.68179916832262E+03
 0.68187354684959E+03
 0.68081655949529E+03
 0.68186599647568E+03
 0.68112200978525E+03
 0.68143240618820E+03
 0.68110393907925E+03
 0.68087052587887E+03
 0.67468125204174E+03
 0.67369500067731E+03
 0.67549386983357E+03
 0.68157184752071E+03
 0.68189480613494E+03
 0.67224538491210E+03
 0.67437907317813E+03
 0.67441107056363E+03
 0.67423575053575E+03
 0.68108800615188E+03
 0.67231721290643E+03
 0.67307554891501E+03
 0.68033812920329E+03
 0.67814323716238E+03
 0.68036923957640E+03
 0.67600519527833E+03
 0.68185825308226E+03
 0.67456362179051E+03
 0.67779030473351E+03
 0.67324849161116E+03
 0.67268161481996E+03
 0.67841947086053E+03
 0.67491534712060E+03
 0.68025851610451E+03
 0.67592529662217E+03
 0.68045276883056E+03
 0.67233623187697E+03
 0.68110982129001E+03
 0.67947269990811E+03
 0.67310637766715E+03
 0.68000697819489E+03
 0.67797906828344E+03
 0.68035070541127E+03
 0.67555847509167E+03
 0.67329088817151E+03
 0.68159568112499E+03
 0.67837620652243E+03
 0.68077589275909E+03
 0.67636741616541E+03
 0.67927581329964E+03
 0.67869417660599E+03
 0.68246572426090E+03
 0.67644777140406E+03
 0.68574141014138E+03
 0.68116656218519E+03
 0.67793269648171E+03
 0.68213963386884E+03
 0.68828531919552E+03
 0.68699521707781E+03
 0.68103601447554E+03
 0.68306991850985E+03
 0.68364800244485E+03
 0.68652699756981E+03
 0.68162234771603E+03
 0.69012320390401E+03
 0.68733159383344E+03
 0.69129767331439E+03
 0.68628617445855E+03
 0.69042520068839E+03
 0.69542341105610E+03
 0.69549832097711E+03
 0.69410141356554E+03
 0.69334082055300E+03
 0.70093104586940E+03
 0.69711142512279E+03
 0.69538892598999E+03
 0.69599724314369E+03
 0.69619754341868E+03
 0.69823727016518E+03
 0.70433523734134E+03
 0.69802946954345E+03
 0.70500269068041E+03
 0.70839934159715E+03
 0.70863697392103E+03
 0.70730482423624E+03
 0.70689230258151E+03
 0.70892796585425E+03
 0.70903836381738E+03
 0.70807787498393E+03
 0.71294089045000E+03
 0.71545380014744E+03
 0.71164345720256E+03
 0.71591334155987E+03
 0.71921961332248E+03
 0.72313071603974E+03
 0.72463207449391E+03
 0.72508957657573E+03
 0.72206747062554E+03
 0.72715996394057E+03
 0.72649992038401E+03
 0.73383314957855E+03
 0.73340345129854E+03
 0.73445671657152E+03
 0.73861522976217E+03
 0.73775836247687E+03
 0.73917532245124E+03
 0.74311245153456E+03
 0.73796878010764E+03
 0.74185130138995E+03
 0.74726360455768E+03
 0.75048486414689E+03
 0.75167951437645E+03
 0.75148103503669E+03
 0.75492424267110E+03
 0.75346359155489E+03
 0.75311469300661E+03
 0.76311504360359E+03
 0.76431148620082E+03
 0.76255468705368E+03
 0.76265134519422E+03
 0.77009929713984E+03
 0.76667214795639E+03
 0.76600042924673E+03
 0.77212553194023E+03
 0.77153970152291E+03
 0.78129793348346E+03
 0.77681022370192E+03
 0.77931278953632E+03
 0.78484458934863E+03
 0.78404284451117E+03
 0.78960958407962E+03
 0.78435293246947E+03
 0.78663233788690E+03
 0.78991284836668E+03
 0.79465646763368E+03
 0.79415520018180E+03
 0.79812407142681E+03
 0.80463394631530E+03
 0.80451170648271E+03
 0.80743537345201E+03
 0.80828768916415E+03
 0.81017022108582E+03
 0.81146306478905E+03
 0.81219397807149E+03
 0.81475811846762E+03
 0.81641360338626E+03
 0.82206784912320E+03
 0.82867712261125E+03
 0.83446581716513E+03
 0.83466824935398E+03
 0.82604944410406E+03
 0.83724167947108E+03
 0.83797610473652E+03
 0.83239451837917E+03
 0.84689936042649E+03
 0.83926670710801E+03
 0.84478161092751E+03
 0.84850396112143E+03
 0.85368464150266E+03
 0.85928715474470E+03
 0.85626902118965E+03
 0.85828999442170E+03
