 0.10795098908076E+04
 0.10795098908076E+04
 0.10795098908076E+04
 0.10795098908076E+04
 0.10795098908076E+04
 0.10795098908076E+04
 0.10795098908076E+04
 0.10795098908076E+04
 0.10795098908076E+04
 0.10795204695579E+04
 0.10793534522789E+04
 0.10796090611243E+04
 0.10796546482137E+04
 0.10795797082771E+04
 0.10795000585310E+04
 0.10793813043206E+04
 0.10797916670243E+04
 0.10796270542626E+04
 0.10796416469556E+04
 0.10795161055014E+04
 0.10795252118518E+04
 0.10797506805587E+04
 0.10795230573106E+04
 0.10795441720300E+04
 0.10795805835280E+04
 0.10796668978026E+04
 0.10796564894077E+04
 0.10795385905490E+04
 0.10794742540924E+04
 0.10799350942607E+04
 0.10797458188340E+04
 0.10798306877402E+04
 0.10796467032858E+04
 0.10804510862241E+04
 0.10791655998661E+04
 0.10800510028785E+04
 0.10797082584874E+04
 0.10801687525365E+04
 0.10806642920101E+04
 0.10798668108443E+04
 0.10808128807613E+04
 0.10809130128368E+04
 0.10795533250539E+04
 0.10809056499172E+04
 0.10799456221226E+04
 0.10803529896091E+04
 0.10799392055231E+04
 0.10796334533970E+04
 0.10782660142548E+04
 0.10770000532532E+04
 0.10792967591422E+04
 0.10805244912477E+04
 0.10809453405617E+04
 0.10816600686310E+04
 0.10778658341928E+04
 0.10779177308564E+04
 0.10776987966997E+04
 0.10799127563445E+04
 0.10817602144643E+04
 0.10762114827191E+04
 0.10789462664224E+04
 0.10826912217889E+04
 0.10855374384000E+04
 0.10799510472854E+04
 0.10808931901877E+04
 0.10781081998422E+04
 0.10822389986525E+04
 0.10764490710729E+04
 0.10885892099813E+04
 0.10765110060970E+04
 0.10785731217913E+04
 0.10788696696105E+04
 0.10797096679329E+04
 0.10856633114181E+04
 0.10881733259374E+04
 0.10865119120191E+04
 0.10844053538510E+04
 0.10827355582078E+04
 0.10851201344122E+04
 0.10825165650383E+04
 0.10855643018966E+04
 0.10794493875988E+04
 0.10830133772361E+04
 0.10871920794254E+04
 0.10765563250916E+04
 0.10861740696303E+04
 0.10870224038250E+04
 0.10777426687638E+04
 0.10770148915392E+04
 0.10818424670715E+04
 0.10872105170188E+04
 0.10795566366858E+04
 0.10866730262718E+04
 0.10825655570493E+04
 0.10881423630564E+04
 0.10829593677562E+04
 0.10813785503571E+04
 0.10867084233523E+04
 0.10895273656430E+04
 0.10772479862210E+04
 0.10809521691300E+04
 0.10813157102717E+04
 0.10856714812804E+04
 0.10822440028475E+04
 0.10873266487001E+04
 0.10809577099138E+04
 0.10864585786202E+04
 0.10798187307882E+04
 0.10799966136053E+04
 0.10784214598084E+04
 0.10775423566955E+04
 0.10872538679263E+04
 0.10761101144587E+04
 0.10805805247734E+04
 0.10815411362727E+04
 0.10819873200157E+04
 0.10780394284151E+04
 0.10795014330155E+04
 0.10848486254895E+04
 0.10873375920095E+04
 0.10786845697449E+04
 0.10792232862752E+04
 0.10778522313996E+04
 0.10775853843853E+04
 0.10804437012050E+04
 0.10808825894900E+04
 0.10798637537169E+04
 0.10863602831134E+04
 0.10897431169060E+04
 0.10787978538218E+04
 0.10843832708624E+04
 0.10759355903822E+04
 0.10810987918960E+04
 0.10768004370955E+04
 0.10843407148738E+04
 0.10876698851741E+04
 0.10876239609376E+04
 0.10874955827827E+04
 0.10836834814506E+04
 0.10836237133287E+04
 0.10853927880527E+04
 0.10778253043291E+04
 0.10773347870538E+04
 0.10795325353112E+04
 0.10846187602248E+04
 0.10791096152174E+04
 0.10776818141420E+04
 0.10779412828130E+04
 0.10888947185572E+04
 0.10775640033190E+04
 0.10778573180744E+04
 0.10824389005096E+04
 0.10812162400664E+04
 0.10813674071523E+04
 0.10803283968056E+04
 0.10822101177771E+04
 0.10806864842064E+04
 0.10878571907622E+04
 0.10904695090156E+04
 0.10803191825250E+04
 0.10934256315021E+04
 0.10876587522812E+04
 0.10810834769601E+04
 0.10860772406054E+04
 0.10815341808968E+04
 0.10848108518560E+04
 0.10917639852364E+04
 0.10846290977325E+04
 0.10849872238186E+04
 0.10930252717947E+04
 0.10962133166232E+04
 0.10936014619515E+04
 0.10862701851244E+04
 0.10929728698555E+04
 0.10980079536762E+04
 0.10991479354417E+04
 0.10996043364547E+04
 0.11034745748096E+04
 0.11016699402534E+04
 0.10941107341689E+04
 0.10961850189644E+04
 0.10974271178988E+04
 0.11010302406711E+04
 0.11034568062432E+04
 0.11102779236132E+04
 0.10975986505342E+04
 0.10976105483351E+04
 0.11121862308191E+04
 0.11034402017484E+04
 0.11093550631187E+04
 0.11107699238038E+04
 0.11051441060331E+04
 0.11077433002241E+04
 0.11141118827597E+04
 0.11204566210774E+04
 0.11113281393131E+04
 0.11175396088770E+04
 0.11241978649669E+04
 0.11216128340543E+04
 0.11243683665847E+04
