 0.11312241377893E+03
 0.11312241377892E+03
 0.11312241377876E+03
 0.11312241378960E+03
 0.11312241419240E+03
 0.11312241800312E+03
 0.11312243433314E+03
 0.11312247901925E+03
 0.11312256863172E+03
 0.11312271436504E+03
 0.11312291745955E+03
 0.11312316756382E+03
 0.11312344639232E+03
 0.11312372108523E+03
 0.11312396189213E+03
 0.11312411523305E+03
 0.11312414353474E+03
 0.11312399836119E+03
 0.11312362739068E+03
 0.11312298154857E+03
 0.11311682987018E+03
 0.11311413912221E+03
 0.11311094361417E+03
 0.11310720022096E+03
 0.11310285579496E+03
 0.11309786726450E+03
 0.11309215889674E+03
 0.11308574577123E+03
 0.11307854019168E+03
 0.11307044660357E+03
 0.11306135405327E+03
 0.11305128651525E+03
 0.11304005708097E+03
 0.11302752044916E+03
 0.11301373236744E+03
 0.11299840147441E+03
 0.11298144903142E+03
 0.11296260959001E+03
 0.11294187966911E+03
 0.11291913773889E+03
 0.11289371795070E+03
 0.11286587873317E+03
 0.11283536251637E+03
 0.11280185538038E+03
 0.11276494078158E+03
 0.11272466275452E+03
 0.11268095452037E+03
 0.11263345198310E+03
 0.11258173742466E+03
 0.11252571635945E+03
 0.11246543728471E+03
 0.11240033989008E+03
 0.11233054693491E+03
 0.11225567224106E+03
 0.11217540238713E+03
 0.11208977043252E+03
 0.11199865990040E+03
 0.11190142576554E+03
 0.11179842806978E+03
 0.11168976396789E+03
 0.11157328115709E+03
 0.11145164660697E+03
 0.11132314499656E+03
 0.11118667150586E+03
 0.11104419899776E+03
 0.11089256643966E+03
 0.11073398938774E+03
 0.11056904931091E+03
 0.11039407506066E+03
 0.11021162129479E+03
 0.11001809412106E+03
 0.10981593827874E+03
 0.10960602024140E+03
 0.10938256430060E+03
 0.10915070310237E+03
 0.10890594404230E+03
 0.10864974404213E+03
 0.10837958154470E+03
 0.10809978119910E+03
 0.10780261708962E+03
 0.10749210464405E+03
 0.10716608360209E+03
 0.10682440629031E+03
 0.10646479835624E+03
 0.10608309279745E+03
 0.10568488145632E+03
 0.10526591137200E+03
 0.10482147074322E+03
 0.10435354519609E+03
 0.10385782445436E+03
 0.10333917066619E+03
 0.10279058801118E+03
 0.10220493513028E+03
 0.10158225186030E+03
 0.10092804779331E+03
 0.10023353821551E+03
 0.99483847977657E+02
 0.98690999540306E+02
 0.97838762034366E+02
 0.96925943956266E+02
 0.95935303479754E+02
 0.94870866578304E+02
 0.93712961581216E+02
 0.92438876538622E+02
 0.91027094357296E+02
 0.89458942281905E+02
 0.87694703977056E+02
 0.85632893320448E+02
 0.83196874521022E+02
 0.80220616402866E+02
 0.76495539796059E+02
 0.71844874858377E+02
 0.66404178321818E+02
 0.61153026096035E+02
 0.56801448278331E+02
 0.53390083628562E+02
 0.50626708457631E+02
 0.48308503905477E+02
 0.46306555354905E+02
 0.44551668673287E+02
 0.42989429742298E+02
 0.41582140836914E+02
 0.40281902359570E+02
 0.39082584863075E+02
 0.37978756829632E+02
 0.36951517409582E+02
 0.35987037229951E+02
 0.35065155572437E+02
 0.34194096755561E+02
 0.33370794254079E+02
 0.32583597771661E+02
 0.31823587941522E+02
 0.31103978386219E+02
 0.30407691476991E+02
 0.29732462457623E+02
 0.29090151739682E+02
 0.28461477732236E+02
 0.27854754496425E+02
 0.27268510746206E+02
 0.26703115099298E+02
 0.26156635917914E+02
 0.25623116619866E+02
 0.25105492146436E+02
 0.24604290940612E+02
 0.24115473952725E+02
 0.23643606217524E+02
 0.23181398282333E+02
 0.22733839319410E+02
 0.22296492733331E+02
 0.21869178364632E+02
 0.21459907257117E+02
 0.21056364985283E+02
 0.20660381818453E+02
 0.20278933376616E+02
 0.19904943217368E+02
 0.19542799104153E+02
 0.19188075836772E+02
 0.18843998421707E+02
 0.18506307154873E+02
 0.18178917221846E+02
 0.17860147433574E+02
 0.17547397225294E+02
 0.17242951813443E+02
 0.16945448164807E+02
 0.16657013536359E+02
 0.16374012347247E+02
 0.16097907727074E+02
 0.15828830554334E+02
 0.15565315908769E+02
 0.15308545276216E+02
 0.15059189211350E+02
 0.14813625379888E+02
 0.14574181625960E+02
 0.14342533956431E+02
 0.14114249192986E+02
 0.13890744242105E+02
 0.13674819398318E+02
 0.13461610171606E+02
 0.13254687745131E+02
 0.13050286165912E+02
 0.12854253745564E+02
 0.12660575592289E+02
 0.12472162198745E+02
 0.12284966008451E+02
 0.12105166983368E+02
 0.11926965403468E+02
 0.11755188767141E+02
 0.11585497314781E+02
 0.11420260783754E+02
 0.11257810245554E+02
 0.11099749902370E+02
 0.10943859272090E+02
 0.10791310224803E+02
 0.10642340126992E+02
 0.10496838140838E+02
 0.10355504260365E+02
 0.10215945700079E+02
 0.10078937856122E+02
 0.99446912346203E+01
 0.98140476741969E+01
 0.96854719105324E+01
 0.95602443740700E+01
 0.94360807980678E+01
 0.93159775132575E+01
 0.91964633667414E+01
 0.90812643308682E+01
 0.89670940332242E+01
 0.88554250509021E+01
 0.87458865028549E+01
 0.86389726035394E+01
 0.85332318057437E+01
 0.84299550944722E+01
 0.83278583773905E+01
 0.82289667748797E+01
 0.81315401572035E+01
 0.80356126153164E+01
 0.79416938480733E+01
 0.78491835050192E+01
 0.77591912804543E+01
 0.76699307291034E+01
 0.75828748280675E+01
 0.74968711352634E+01
 0.74122046174447E+01
 0.73297027031707E+01
 0.72479518751820E+01
 0.71685865267799E+01
 0.70900943405030E+01
 0.70131572547641E+01
 0.69370206348292E+01
 0.68626810973180E+01
 0.67900301813914E+01
 0.67177419647319E+01
 0.66470402655707E+01
 0.65775010365848E+01
 0.65087573199233E+01
 0.64419170976791E+01
 0.63757010710101E+01
 0.63108963700439E+01
 0.62464330167664E+01
 0.61837029179721E+01
 0.61219221435585E+01
 0.60608072371046E+01
 0.60010946971393E+01
 0.59421504051658E+01
 0.58839186497132E+01
 0.58269444702708E+01
 0.57705749003657E+01
 0.57150026282071E+01
 0.56606925120268E+01
 0.56068758126493E+01
 0.55542522808751E+01
 0.55018517985382E+01
 0.54507838070420E+01
 0.54002075761711E+01
 0.53504280518807E+01
 0.53016364549355E+01
 0.52531098116495E+01
 0.52054409356808E+01
 0.51590102341254E+01
 0.51124137028480E+01
 0.50671114643951E+01
 0.50219703507179E+01
 0.49777055419054E+01
 0.49344044440496E+01
 0.48913754804731E+01
 0.48490298114818E+01
 0.48071992225185E+01
 0.47657691032422E+01
 0.47253912746105E+01
 0.46853050047345E+01
 0.46457899048456E+01
 0.46068483683229E+01
 0.45684553629888E+01
 0.45304349836065E+01
 0.44931118186886E+01
 0.44562017588155E+01
 0.44197030102234E+01
 0.43840099193834E+01
 0.43483721187219E+01
 0.43134095853420E+01
 0.42789073945592E+01
 0.42448572318393E+01
 0.42111782416671E+01
 0.41780111816562E+01
 0.41452449114226E+01
 0.41127785337287E+01
 0.40811022993895E+01
 0.40494737452494E+01
 0.40184417559631E+01
 0.39877473013093E+01
 0.39571759086067E+01
 0.39274312077196E+01
 0.38977279611314E+01
 0.38685722328918E+01
 0.38397341970987E+01
 0.38111150467110E+01
 0.37828717291337E+01
 0.37551174806843E+01
 0.37275911764710E+01
 0.37002891384656E+01
