 0.11076108624053E+04
 0.11076108624053E+04
 0.11076108624053E+04
 0.11076108624053E+04
 0.11076108624053E+04
 0.11076108624053E+04
 0.11076108624053E+04
 0.11076108624053E+04
 0.11076108624053E+04
 0.11076069849429E+04
 0.11077207589677E+04
 0.11075620357473E+04
 0.11074536527897E+04
 0.11075278816512E+04
 0.11073768013985E+04
 0.11074388962902E+04
 0.11074004255882E+04
 0.11075722226820E+04
 0.11075073314257E+04
 0.11073908208067E+04
 0.11074505137451E+04
 0.11075634452914E+04
 0.11075230248308E+04
 0.11072735383435E+04
 0.11072083062127E+04
 0.11074032034368E+04
 0.11074653682357E+04
 0.11074260914054E+04
 0.11072616075850E+04
 0.11073018227785E+04
 0.11076876161001E+04
 0.11074028494435E+04
 0.11082134324957E+04
 0.11083765729711E+04
 0.11075776012710E+04
 0.11087466293778E+04
 0.11080840646858E+04
 0.11079507689733E+04
 0.11092535558462E+04
 0.11079799461812E+04
 0.11075018273751E+04
 0.11087745678144E+04
 0.11076834923393E+04
 0.11094327690324E+04
 0.11107190969231E+04
 0.11110274618529E+04
 0.11106112554138E+04
 0.11095951165447E+04
 0.11083676911027E+04
 0.11105885166517E+04
 0.11080501969455E+04
 0.11122028645470E+04
 0.11094990539659E+04
 0.11089692474801E+04
 0.11091345061131E+04
 0.11126524819724E+04
 0.11124687756333E+04
 0.11078800581896E+04
 0.11147373579554E+04
 0.11100013243569E+04
 0.11132192368377E+04
 0.11113031138679E+04
 0.11064072549804E+04
 0.11102576456566E+04
 0.11102504024874E+04
 0.11108891602971E+04
 0.11118402642602E+04
 0.11198610210267E+04
 0.11137653915376E+04
 0.11087109578749E+04
 0.11165478878503E+04
 0.11174962718737E+04
 0.11074901282936E+04
 0.11163268899677E+04
 0.11106090182911E+04
 0.11140253940787E+04
 0.11086199304895E+04
 0.11115141335124E+04
 0.11178069932193E+04
 0.11177984297017E+04
 0.11155255869178E+04
 0.11070439152287E+04
 0.11170817025919E+04
 0.11200567992129E+04
 0.11131515958265E+04
 0.11161259414903E+04
 0.11155769465209E+04
 0.11191708563407E+04
 0.11166851247650E+04
 0.11155655524989E+04
 0.11159240425680E+04
 0.11087652933862E+04
 0.11172996732441E+04
 0.11125659071330E+04
 0.11102041328049E+04
 0.11186616016603E+04
 0.11069728360866E+04
 0.11191719008553E+04
 0.11135501197073E+04
 0.11109782644130E+04
 0.11061175626452E+04
 0.11153997936008E+04
 0.11125991581155E+04
 0.11115347629285E+04
 0.11185362778316E+04
 0.11089477924318E+04
 0.11187275148131E+04
 0.11072128846334E+04
 0.11092200622532E+04
 0.11159715652903E+04
 0.11107422084536E+04
 0.11107693449812E+04
 0.11119670446037E+04
 0.11175082113432E+04
 0.11188274543358E+04
 0.11106237499674E+04
 0.11080655978512E+04
 0.11095822065260E+04
 0.11069031934172E+04
 0.11079841197423E+04
 0.11066973019573E+04
 0.11072173446932E+04
 0.11072446807125E+04
 0.11148409313221E+04
 0.11150047040506E+04
 0.11098430381556E+04
 0.11106285092792E+04
 0.11133672809106E+04
 0.11105407044381E+04
 0.11149004519595E+04
 0.11071614569098E+04
 0.11045105202112E+04
 0.11109457058782E+04
 0.11051668300517E+04
 0.11020121474216E+04
 0.11133208054867E+04
 0.11121052754450E+04
 0.11149989219398E+04
 0.11068961370091E+04
 0.11048031700974E+04
 0.11025202752300E+04
 0.11023694362298E+04
 0.11081348493761E+04
 0.11074476622331E+04
 0.11025539226061E+04
 0.11064608007854E+04
 0.11111612072187E+04
 0.11020202939917E+04
 0.11128158939372E+04
 0.11111915181294E+04
 0.11036326161314E+04
 0.11063366010251E+04
 0.11124049686688E+04
 0.11152862192889E+04
 0.11106930236613E+04
 0.11075664243441E+04
 0.11049670619921E+04
 0.11056468770409E+04
 0.11065339309243E+04
 0.11083626037572E+04
 0.11075557926816E+04
 0.11059705118352E+04
 0.11202693650009E+04
 0.11112787634329E+04
 0.11070764722690E+04
 0.11119437854768E+04
 0.11207413408973E+04
 0.11095163360291E+04
 0.11143393428388E+04
 0.11151826120881E+04
 0.11133592567903E+04
 0.11188626028923E+04
 0.11150428284802E+04
 0.11178687335341E+04
 0.11294096652036E+04
 0.11287258919058E+04
 0.11186847231311E+04
 0.11237482203906E+04
 0.11345508000741E+04
 0.11209359863882E+04
 0.11330718012433E+04
 0.11309010455385E+04
 0.11306033538088E+04
 0.11249552447502E+04
 0.11308670387634E+04
 0.11373210550302E+04
 0.11385487396642E+04
 0.11322615620165E+04
 0.11330475185060E+04
 0.11389295796539E+04
 0.11410824673404E+04
 0.11387700720437E+04
 0.11520190204617E+04
 0.11436994386719E+04
 0.11475810283027E+04
 0.11549047373900E+04
 0.11592827500573E+04
 0.11607560341027E+04
 0.11519501778305E+04
 0.11533794994459E+04
 0.11532016016567E+04
 0.11542255862672E+04
 0.11610328077676E+04
 0.11651872814256E+04
 0.11619842971253E+04
 0.11717806952673E+04
 0.11759825973647E+04
 0.11769322572250E+04
 0.11707427837691E+04
 0.11826272472335E+04
 0.11865748708588E+04
 0.11873576149626E+04
 0.11788900609771E+04
 0.11820481540897E+04
 0.11927534845932E+04
 0.11914130804376E+04
 0.11852890093123E+04
 0.11874294274329E+04
 0.11914905464216E+04
 0.11928724515974E+04
 0.11959375753800E+04
 0.12110072229299E+04
 0.12008592761974E+04
 0.11999158055682E+04
 0.12059045145784E+04
 0.12150982195081E+04
 0.12178034436197E+04
 0.12250330447788E+04
 0.12209351713862E+04
 0.12194850868913E+04
 0.12191676421294E+04
 0.12341487916054E+04
 0.12331633705339E+04
 0.12262254049912E+04
 0.12334244015812E+04
 0.12313777378090E+04
 0.12442099913110E+04
 0.12410059492883E+04
 0.12394455549894E+04
 0.12445994569714E+04
 0.12571801453821E+04
 0.12568780289952E+04
 0.12558158076411E+04
 0.12521028758924E+04
 0.12621636053053E+04
 0.12553196342474E+04
 0.12620571360886E+04
 0.12628936756395E+04
 0.12772359605670E+04
 0.12715287622238E+04
 0.12824565301682E+04
 0.12825842368230E+04
 0.12771295313768E+04
 0.12823728853139E+04
 0.12800945848600E+04
 0.12995556953784E+04
 0.13019121656970E+04
 0.12941316224553E+04
 0.12968903498977E+04
 0.12967860975639E+04
 0.12989142307842E+04
 0.13089185301610E+04
 0.13055698912600E+04
 0.13230680644887E+04
 0.13152687281202E+04
 0.13223063896827E+04
 0.13277023184759E+04
 0.13344242167093E+04
 0.13220760876767E+04
 0.13331870890599E+04
 0.13327199432653E+04
 0.13345722400790E+04
 0.13496725508411E+04
 0.13423818219881E+04
 0.13476399895912E+04
 0.13465156024643E+04
 0.13439070177261E+04
 0.13602702578830E+04
 0.13673371414714E+04
 0.13708027077518E+04
 0.13573102564306E+04
 0.13670568100174E+04
 0.13674324027566E+04
 0.13798743831678E+04
 0.13687521634536E+04
 0.13771561157768E+04
 0.13829688386114E+04
 0.13823869468802E+04
 0.13806746732314E+04
 0.13861958292934E+04
 0.14027942053131E+04
 0.13951433086872E+04
 0.14007090797580E+04
 0.14059225448096E+04
 0.14037468741533E+04
 0.14159000791700E+04
 0.14098815892891E+04
 0.14155810052645E+04
 0.14123024788454E+04
 0.14202590691559E+04
