 0.20941382915855E+01
 0.20941382915855E+01
 0.20941382915855E+01
 0.20941382915855E+01
 0.20941382915855E+01
 0.20941382992905E+01
 0.20941382692321E+01
 0.20941382760857E+01
 0.20941382460806E+01
 0.20941374377408E+01
 0.20941410070969E+01
 0.20941363943827E+01
 0.20941366056762E+01
 0.20941355605136E+01
 0.20941393009926E+01
 0.20941374629281E+01
 0.20941380850365E+01
 0.20941370950334E+01
 0.20941352996515E+01
 0.20941391373862E+01
 0.20941372202511E+01
 0.20941368319017E+01
 0.20941358172275E+01
 0.20941426272435E+01
 0.20941442066139E+01
 0.20941379483979E+01
 0.20941352833204E+01
 0.20941408104313E+01
 0.20941453151214E+01
 0.20941372066800E+01
 0.20941410382084E+01
 0.20941496601525E+01
 0.20941518736603E+01
 0.20941500436286E+01
 0.20941400967383E+01
 0.20941649145170E+01
 0.20941454634167E+01
 0.20941433038560E+01
 0.20941770957944E+01
 0.20941487378900E+01
 0.20941407473167E+01
 0.20941638450530E+01
 0.20941385975372E+01
 0.20941738624841E+01
 0.20941908355976E+01
 0.20941895243033E+01
 0.20941861350966E+01
 0.20941678941302E+01
 0.20941432090400E+01
 0.20941776870283E+01
 0.20941191797019E+01
 0.20941782560734E+01
 0.20941518740208E+01
 0.20941329230472E+01
 0.20941280489686E+01
 0.20941498400270E+01
 0.20941545545228E+01
 0.20940669043214E+01
 0.20940984910048E+01
 0.20940837134306E+01
 0.20940705953322E+01
 0.20940497640845E+01
 0.20940218284985E+01
 0.20939825863548E+01
 0.20940721757894E+01
 0.20939168648842E+01
 0.20938800973923E+01
 0.20939965123768E+01
 0.20937936718602E+01
 0.20937381470827E+01
 0.20936529180576E+01
 0.20935529214520E+01
 0.20935344357523E+01
 0.20934274187269E+01
 0.20934814908704E+01
 0.20932680710429E+01
 0.20931036167595E+01
 0.20931152315621E+01
 0.20930401272629E+01
 0.20928587996069E+01
 0.20926467532815E+01
 0.20925007973039E+01
 0.20922458072431E+01
 0.20920124782593E+01
 0.20918198827956E+01
 0.20915760173220E+01
 0.20913557802961E+01
 0.20911094726395E+01
 0.20907443649154E+01
 0.20903759941421E+01
 0.20899989791244E+01
 0.20897497104653E+01
 0.20892334448820E+01
 0.20888123354716E+01
 0.20883837443392E+01
 0.20877835867509E+01
 0.20873490945508E+01
 0.20865931457085E+01
 0.20861486659140E+01
 0.20855229536896E+01
 0.20846800857315E+01
 0.20839145462093E+01
 0.20831343247384E+01
 0.20822740256158E+01
 0.20815582360733E+01
 0.20805039671841E+01
 0.20796578494245E+01
 0.20784746531996E+01
 0.20773923136959E+01
 0.20764406365920E+01
 0.20750684403206E+01
 0.20740609555444E+01
 0.20725567089218E+01
 0.20713193989595E+01
 0.20698509480980E+01
 0.20683971638379E+01
 0.20669142553877E+01
 0.20653503006522E+01
 0.20639421363358E+01
 0.20620456325884E+01
 0.20603388629179E+01
 0.20587335086134E+01
 0.20567701982874E+01
 0.20549026372981E+01
 0.20530407467646E+01
 0.20508523783936E+01
 0.20489172640119E+01
 0.20467005193408E+01
 0.20445623780044E+01
 0.20423912243147E+01
 0.20400441661428E+01
 0.20377249194545E+01
 0.20355304965759E+01
 0.20329870241445E+01
 0.20305656002052E+01
 0.20280085360753E+01
 0.20253230529417E+01
 0.20226874144578E+01
 0.20200747964767E+01
 0.20172282674646E+01
 0.20145330742809E+01
 0.20116436223293E+01
 0.20088761133789E+01
 0.20059531667557E+01
 0.20031570818240E+01
 0.20000303499493E+01
 0.19972309323130E+01
 0.19940370325834E+01
 0.19909325116080E+01
 0.19877858833928E+01
 0.19846970465990E+01
 0.19814693244918E+01
 0.19783833129702E+01
 0.19749702370478E+01
 0.19716225265477E+01
 0.19684341914612E+01
 0.19651053764923E+01
 0.19615348750755E+01
 0.19580215954900E+01
 0.19546851913238E+01
 0.19509005636650E+01
 0.19474244489923E+01
 0.19436084242960E+01
 0.19398463955883E+01
 0.19363291240875E+01
 0.19325131138836E+01
 0.19284537462665E+01
 0.19246096129723E+01
 0.19206729923106E+01
 0.19167074410618E+01
 0.19126819766393E+01
 0.19086707957723E+01
 0.19044912757073E+01
 0.19005500752671E+01
 0.18962929806646E+01
 0.18919940843112E+01
 0.18879956920571E+01
 0.18835299542315E+01
 0.18792965981020E+01
 0.18748872465852E+01
 0.18706311400102E+01
 0.18661081006842E+01
 0.18618552640789E+01
 0.18574198468578E+01
 0.18530428317558E+01
 0.18482774978111E+01
 0.18437999013339E+01
 0.18394362511202E+01
 0.18346437347122E+01
 0.18303839495239E+01
 0.18257567601817E+01
 0.18211180963659E+01
 0.18164210364397E+01
 0.18115067250829E+01
 0.18070861627308E+01
 0.18021203429242E+01
 0.17977077752167E+01
 0.17929110785509E+01
 0.17879533940716E+01
 0.17830861828187E+01
 0.17785032698749E+01
 0.17739229749433E+01
 0.17688562632329E+01
 0.17640124552238E+01
 0.17593991093000E+01
 0.17545614128147E+01
 0.17494410867862E+01
 0.17446906322988E+01
 0.17397802911620E+01
 0.17349280567208E+01
 0.17300919917416E+01
 0.17253572368538E+01
 0.17201888131292E+01
 0.17152846965759E+01
 0.17103768689108E+01
 0.17054062236502E+01
 0.17006417335107E+01
 0.16957637768007E+01
 0.16909041902080E+01
 0.16859380148762E+01
 0.16811446448862E+01
 0.16763000493306E+01
 0.16710645458083E+01
 0.16661566850222E+01
 0.16614479308011E+01
 0.16564290074103E+01
 0.16514411590777E+01
 0.16464720666685E+01
 0.16416180126640E+01
 0.16369939064669E+01
 0.16319575809644E+01
 0.16272352140951E+01
 0.16221321201108E+01
 0.16172735924237E+01
 0.16123097995612E+01
 0.16074409330611E+01
 0.16028289883747E+01
 0.15978254612602E+01
 0.15930889606077E+01
 0.15879662527800E+01
 0.15834655429336E+01
 0.15784717508875E+01
 0.15738730931240E+01
 0.15687342932998E+01
 0.15642550823965E+01
 0.15594966342104E+01
 0.15547022326610E+01
 0.15497362438651E+01
 0.15451198428369E+01
 0.15402477432070E+01
 0.15355321946169E+01
 0.15307465493267E+01
 0.15260988595555E+01
 0.15214389506269E+01
 0.15169149248437E+01
 0.15120066678228E+01
 0.15073086883299E+01
 0.15027196554447E+01
 0.14981218002562E+01
 0.14936745888638E+01
 0.14891035907874E+01
 0.14842769099268E+01
 0.14797459227598E+01
 0.14751240224900E+01
 0.14706015502979E+01
 0.14661115889527E+01
 0.14614873338272E+01
 0.14569396261244E+01
 0.14525931043179E+01
 0.14481158637555E+01
 0.14437092392879E+01
 0.14392093733897E+01
 0.14346613836051E+01
 0.14304902058462E+01
 0.14259611407280E+01
 0.14215623785301E+01
 0.14173766439337E+01
 0.14128822112724E+01
 0.14085584403987E+01
 0.14041723243527E+01
 0.13998763070379E+01
 0.13955509220173E+01
 0.13911826995099E+01
 0.13870704882124E+01
 0.13830190849589E+01
 0.13784853882362E+01
 0.13744761569031E+01
 0.13701565413287E+01
 0.13660227302584E+01
 0.13618775999889E+01
 0.13579262690344E+01
 0.13538373914284E+01
 0.13497198160765E+01
 0.13454322660788E+01
 0.13413320057652E+01
 0.13374988915478E+01
 0.13332556341120E+01
 0.13293862812031E+01
 0.13254031910416E+01
 0.13212357658038E+01
