 0.51033030801949E+03
 0.51033030801932E+03
 0.51033030801738E+03
 0.51033030806993E+03
 0.51033030954641E+03
 0.51033031525878E+03
 0.51033028379629E+03
 0.51032998622612E+03
 0.51032880070411E+03
 0.51032557666431E+03
 0.51031863191651E+03
 0.51030585479791E+03
 0.51028490316393E+03
 0.51025330867301E+03
 0.51020873716449E+03
 0.51014888615419E+03
 0.51007185866687E+03
 0.50997595624133E+03
 0.50985976884323E+03
 0.50972220157085E+03
 0.50952771743477E+03
 0.50933596235724E+03
 0.50912046840691E+03
 0.50888114313664E+03
 0.50861805635077E+03
 0.50833152297007E+03
 0.50802180588187E+03
 0.50768994428101E+03
 0.50733648571807E+03
 0.50696203719538E+03
 0.50656728066924E+03
 0.50615391445648E+03
 0.50572239078488E+03
 0.50527352994401E+03
 0.50480962363941E+03
 0.50433073740691E+03
 0.50383843506686E+03
 0.50333313291878E+03
 0.50281692980870E+03
 0.50229122495980E+03
 0.50175403532177E+03
 0.50120914362492E+03
 0.50065704697334E+03
 0.50009780017678E+03
 0.49953080716913E+03
 0.49895844430199E+03
 0.49838227611908E+03
 0.49780123697330E+03
 0.49721482331334E+03
 0.49662375962518E+03
 0.49602979531120E+03
 0.49543104925019E+03
 0.49482917343037E+03
 0.49422304550496E+03
 0.49361166795962E+03
 0.49299617016230E+03
 0.49237695482634E+03
 0.49175068331356E+03
 0.49112050964789E+03
 0.49048704306307E+03
 0.48983937828223E+03
 0.48919276448211E+03
 0.48853841604061E+03
 0.48787129743026E+03
 0.48720207749323E+03
 0.48651536040773E+03
 0.48582352802117E+03
 0.48513046554217E+03
 0.48441777936521E+03
 0.48370035897071E+03
 0.48296100682743E+03
 0.48221287167764E+03
 0.48146267392643E+03
 0.48068240787431E+03
 0.47989979203402E+03
 0.47909497638786E+03
 0.47827753165779E+03
 0.47743736522600E+03
 0.47659685935017E+03
 0.47572383750834E+03
 0.47483847834664E+03
 0.47393594589229E+03
 0.47301751682756E+03
 0.47207780597743E+03
 0.47110430279713E+03
 0.47012387011111E+03
 0.46912304643251E+03
 0.46809004178845E+03
 0.46703677669382E+03
 0.46595376913304E+03
 0.46486458290906E+03
 0.46375259036871E+03
 0.46260018968776E+03
 0.46141654188443E+03
 0.46022857115921E+03
 0.45901905833907E+03
 0.45775703438487E+03
 0.45648760090615E+03
 0.45518169933256E+03
 0.45385369198261E+03
 0.45248249511194E+03
 0.45109798438245E+03
 0.44968484432705E+03
 0.44822940850930E+03
 0.44673554034702E+03
 0.44522086903858E+03
 0.44368796864815E+03
 0.44209054190906E+03
 0.44047123073525E+03
 0.43883345230984E+03
 0.43716639788098E+03
 0.43544772181555E+03
 0.43369857368226E+03
 0.43190487437660E+03
 0.43006070513834E+03
 0.42819943971963E+03
 0.42629645951883E+03
 0.42435258594110E+03
 0.42235632620980E+03
 0.42032314186970E+03
 0.41825432799075E+03
 0.41615296993019E+03
 0.41396944077884E+03
 0.41173807292455E+03
 0.40948101889730E+03
 0.40718583629171E+03
 0.40484714252660E+03
 0.40241545886413E+03
 0.39993942352246E+03
 0.39742989468389E+03
 0.39485656701507E+03
 0.39219733044705E+03
 0.38951413462398E+03
 0.38674906413684E+03
 0.38389411990646E+03
 0.38101647211171E+03
 0.37802186056025E+03
 0.37496286630266E+03
 0.37182852130080E+03
 0.36864427751463E+03
 0.36540013380051E+03
 0.36207163421085E+03
 0.35861575972842E+03
 0.35517704390753E+03
 0.35163998837545E+03
 0.34808192558413E+03
 0.34447590150822E+03
 0.34087848194200E+03
 0.33729892695199E+03
 0.33377195687679E+03
 0.33044431426280E+03
 0.32728491138087E+03
 0.32439925080869E+03
 0.32198072732148E+03
 0.32010232898960E+03
 0.31895832495771E+03
 0.31868889578166E+03
 0.31946963992749E+03
 0.32143811504308E+03
 0.32471640335906E+03
 0.32937416296880E+03
 0.33545531240148E+03
 0.34294255945663E+03
 0.35178296206287E+03
 0.36187035813401E+03
 0.37316103611242E+03
 0.38551325785130E+03
 0.39884552396318E+03
 0.41306424087117E+03
 0.42806501860334E+03
 0.44373373710693E+03
 0.46011307871243E+03
 0.47707147030205E+03
 0.49448509972022E+03
 0.51246083113545E+03
 0.53092929315135E+03
 0.54972103112156E+03
 0.56900681520790E+03
 0.58864160201940E+03
 0.60875068313668E+03
 0.62900816520772E+03
 0.64977123151529E+03
 0.67077635221549E+03
 0.69231114323689E+03
 0.71399079005802E+03
 0.73613844486470E+03
 0.75844043445261E+03
 0.78114961859193E+03
 0.80416548970373E+03
 0.82754078431304E+03
 0.85117391729692E+03
 0.87524810124236E+03
 0.89962406164746E+03
 0.92428437558866E+03
 0.94924667766052E+03
 0.97447499948514E+03
 0.10000888877907E+04
 0.10261150881754E+04
 0.10524423837425E+04
 0.10790447940929E+04
 0.11060231643376E+04
 0.11332935387153E+04
 0.11610676424219E+04
 0.11890344485648E+04
 0.12175281797920E+04
 0.12461847308158E+04
 0.12753396347712E+04
 0.13048473118553E+04
 0.13347136497045E+04
 0.13649156627507E+04
 0.13955706626588E+04
 0.14265683905534E+04
 0.14580938493944E+04
 0.14898157784388E+04
 0.15219955950786E+04
 0.15545910298650E+04
 0.15875917705746E+04
 0.16210443881154E+04
 0.16547769527462E+04
 0.16891096585625E+04
 0.17237632511647E+04
 0.17589138901872E+04
 0.17945620790022E+04
 0.18305274458466E+04
 0.18670604721012E+04
 0.19038783541418E+04
 0.19411973462522E+04
 0.19790259517943E+04
 0.20173451746298E+04
 0.20561101587518E+04
 0.20952467598548E+04
 0.21350036916160E+04
 0.21752836625874E+04
 0.22159691807019E+04
 0.22572722546719E+04
 0.22989225621771E+04
 0.23411572164854E+04
 0.23838703784788E+04
 0.24272588960602E+04
 0.24710344094779E+04
 0.25153225518968E+04
 0.25602884608390E+04
 0.26056633826041E+04
 0.26516484377882E+04
 0.26982916592450E+04
 0.27453235881137E+04
 0.27931031212858E+04
 0.28414331045579E+04
 0.28903150463457E+04
 0.29398175584717E+04
 0.29898295596700E+04
 0.30406305029097E+04
 0.30919575839860E+04
 0.31438705050273E+04
 0.31964997486283E+04
 0.32497001971055E+04
 0.33036613987616E+04
 0.33582319192218E+04
 0.34133092543896E+04
 0.34693543168101E+04
 0.35258252201649E+04
 0.35832263931821E+04
 0.36411568102032E+04
 0.36998286756318E+04
 0.37591910853660E+04
 0.38193916974290E+04
 0.38803155883220E+04
 0.39419377323382E+04
 0.40043097008141E+04
 0.40674885896156E+04
 0.41314240579196E+04
 0.41961212496103E+04
 0.42617112557949E+04
 0.43280976053745E+04
 0.43951908009542E+04
 0.44632205297813E+04
 0.45320440685404E+04
 0.46015976728989E+04
 0.46722241519973E+04
 0.47437185711098E+04
 0.48160163356952E+04
 0.48892196660536E+04
 0.49633929733139E+04
 0.50384028932195E+04
 0.51143591287826E+04
 0.51914899297884E+04
 0.52692229534754E+04
 0.53482048101962E+04
 0.54280821806482E+04
 0.55088685339208E+04
 0.55908790582850E+04
 0.56737130875533E+04
 0.57577830065779E+04
 0.58428206013452E+04
 0.59290090819134E+04
 0.60163393072736E+04
 0.61047387432323E+04
 0.61943234218858E+04
 0.62850240721511E+04
 0.63768430708441E+04
