 0.25955908804632E+10
 0.25957108867719E+10
 0.25959108782898E+10
 0.25961908750767E+10
 0.25965508759658E+10
 0.25969908781553E+10
 0.25975108684409E+10
 0.25981108744504E+10
 0.25987908512540E+10
 0.25995508450152E+10
 0.26003908398451E+10
 0.26013108301255E+10
 0.26023108280701E+10
 0.26033908300442E+10
 0.26045508254062E+10
 0.26057908184156E+10
 0.26071108283291E+10
 0.26085108559886E+10
 0.26099908853143E+10
 0.26115509228752E+10
 0.26131909915391E+10
 0.26149110634526E+10
 0.26167111824535E+10
 0.26185913474086E+10
 0.26205515511415E+10
 0.26225918199578E+10
 0.26247121222761E+10
 0.26269125518086E+10
 0.26291930154323E+10
 0.26315536175749E+10
 0.26339942195702E+10
 0.26365149783466E+10
 0.26391158534976E+10
 0.26417967605573E+10
 0.26445578981183E+10
 0.26473989844164E+10
 0.26503200462900E+10
 0.26533213175021E+10
 0.26564025114986E+10
 0.26595638547869E+10
 0.26628050434687E+10
 0.26661261698376E+10
 0.26695271729086E+10
 0.26730079772697E+10
 0.26765685944005E+10
 0.26802089193644E+10
 0.26839287879728E+10
 0.26877281022645E+10
 0.26916068543007E+10
 0.26955649776800E+10
 0.26996020269553E+10
 0.27037182865760E+10
 0.27079132367656E+10
 0.27121869935708E+10
 0.27165392191137E+10
 0.27209696578238E+10
 0.27254781696971E+10
 0.27300646504355E+10
 0.27347286699118E+10
 0.27394696855688E+10
 0.27442884450771E+10
 0.27491832229349E+10
 0.27541546724744E+10
 0.27592021117420E+10
 0.27643255791026E+10
 0.27695241355836E+10
 0.27747974990442E+10
 0.27801453055035E+10
 0.27855679124470E+10
 0.27910636671020E+10
 0.27966320690886E+10
 0.28022728067149E+10
 0.28079859234000E+10
 0.28137715234781E+10
 0.28196274695091E+10
 0.28255542681784E+10
 0.28315502199478E+10
 0.28376167037767E+10
 0.28437525737168E+10
 0.28499539424630E+10
 0.28562246466369E+10
 0.28625621696317E+10
 0.28689644411497E+10
 0.28754328151948E+10
 0.28819654712480E+10
 0.28885609856250E+10
 0.28952220213222E+10
 0.29019448018840E+10
 0.29087294972768E+10
 0.29155710945867E+10
 0.29224757555318E+10
 0.29294376557975E+10
 0.29364588600669E+10
 0.29435364352845E+10
 0.29506732145909E+10
 0.29578668050055E+10
 0.29651060908957E+10
 0.29724045378235E+10
 0.29797541818710E+10
 0.29871508958798E+10
 0.29946047449711E+10
 0.30021031244610E+10
 0.30096520595135E+10
 0.30172443715946E+10
 0.30248847406871E+10
 0.30325698439471E+10
 0.30402876977747E+10
 0.30480601340538E+10
 0.30558611689594E+10
 0.30637097704312E+10
 0.30715885945648E+10
 0.30795129582576E+10
 0.30874615351192E+10
 0.30954467292226E+10
 0.31034494973173E+10
 0.31114983634797E+10
 0.31195621726603E+10
 0.31276518047101E+10
 0.31357684017238E+10
 0.31438988670731E+10
 0.31520446018886E+10
 0.31602139206144E+10
 0.31683962337753E+10
 0.31765830665165E+10
 0.31847818582656E+10
 0.31929839507738E+10
 0.32011903728300E+10
 0.32093955783353E+10
 0.32175902127161E+10
 0.32257859129134E+10
 0.32339607799594E+10
 0.32421314635721E+10
 0.32502779484900E+10
 0.32584142196949E+10
 0.32665211034401E+10
 0.32746077374867E+10
 0.32826394036709E+10
 0.32906484215759E+10
 0.32986239025228E+10
 0.33065545688726E+10
 0.33144414538438E+10
 0.33222940781046E+10
 0.33301047944057E+10
 0.33378646320494E+10
 0.33455824494953E+10
 0.33532799150378E+10
 0.33609499354267E+10
 0.33685959051291E+10
 0.33762254615277E+10
 0.33838752749458E+10
 0.33915576420558E+10
 0.33992833547596E+10
 0.34070891975305E+10
 0.34149736794800E+10
 0.34229993746824E+10
 0.34311376803305E+10
 0.34394587252433E+10
 0.34479534263116E+10
 0.34566320107320E+10
 0.34655015621207E+10
 0.34745557885620E+10
 0.34837995262386E+10
 0.34932164693862E+10
 0.35028143862116E+10
 0.35125751940100E+10
 0.35225186559369E+10
 0.35326068625717E+10
 0.35428710114318E+10
 0.35532770176777E+10
 0.35638462194126E+10
 0.35745759712580E+10
 0.35854389479412E+10
 0.35964790783895E+10
 0.36076492981553E+10
 0.36189488011416E+10
 0.36304199699819E+10
 0.36420121928304E+10
 0.36537442036116E+10
 0.36656277926383E+10
 0.36776372733457E+10
 0.36897711321549E+10
 0.37020363139467E+10
 0.37144209168959E+10
 0.37269369189888E+10
 0.37395754924620E+10
 0.37523450522738E+10
 0.37652166079416E+10
 0.37782036164236E+10
 0.37913164389301E+10
 0.38045536563146E+10
 0.38178808078454E+10
 0.38313331985505E+10
 0.38448946625951E+10
 0.38585610866400E+10
 0.38723375320949E+10
 0.38862232998370E+10
 0.39002093745146E+10
 0.39143010383367E+10
 0.39284898511040E+10
 0.39428024630793E+10
 0.39571987149304E+10
 0.39716933790206E+10
 0.39863052112831E+10
 0.40010100810879E+10
 0.40158158115675E+10
 0.40307178458544E+10
 0.40457201760476E+10
 0.40608159595103E+10
 0.40760095568362E+10
 0.40913105751712E+10
 0.41067003470495E+10
 0.41221780466739E+10
 0.41377639100002E+10
 0.41534337074687E+10
 0.41692114242713E+10
 0.41850691508878E+10
 0.42010236626804E+10
 0.42170768007741E+10
 0.42332131100473E+10
 0.42494530773258E+10
 0.42657840842503E+10
 0.42821988590281E+10
 0.42987111397949E+10
 0.43153127749015E+10
 0.43320142905667E+10
 0.43487983715805E+10
 0.43656726974067E+10
 0.43826364341977E+10
 0.43996933114142E+10
 0.44168502914963E+10
 0.44340889878070E+10
 0.44514131593307E+10
 0.44688372170092E+10
 0.44863375066647E+10
 0.45039361688541E+10
 0.45216240362243E+10
 0.45393987039509E+10
 0.45572555537541E+10
 0.45752024422569E+10
 0.45932489185242E+10
 0.46113780785377E+10
 0.46295962766092E+10
 0.46478933379938E+10
 0.46662889601457E+10
 0.46847675062021E+10
 0.47033349806531E+10
 0.47219949554775E+10
 0.47407322521761E+10
 0.47595550011553E+10
 0.47784780508897E+10
 0.47974809711348E+10
 0.48165689822948E+10
 0.48357494644545E+10
 0.48550068896349E+10
 0.48743681050179E+10
 0.48937932656850E+10
 0.49133238119006E+10
 0.49329320527236E+10
 0.49526282088919E+10
 0.49724098406162E+10
 0.49922792874235E+10
 0.50122330639715E+10
 0.50322750549312E+10
 0.50524006252541E+10
 0.50726061532342E+10
 0.50929093952172E+10
 0.51132960281432E+10
 0.51337655235483E+10
 0.51543183037936E+10
 0.51749578282333E+10
 0.51956800937359E+10
 0.52164908531216E+10
 0.52373861468287E+10
 0.52583655982405E+10
 0.52794273125473E+10
 0.53005826232651E+10
 0.53218171688713E+10
 0.53431404837831E+10
 0.53645508227811E+10
 0.53860362777121E+10
 0.54076168355218E+10
 0.54292787462601E+10
 0.54510184988767E+10
 0.54728520933078E+10
 0.54947681022905E+10
 0.55167700105832E+10
 0.55388456214986E+10
 0.55610214829604E+10
 0.55832766255565E+10
 0.56056137685963E+10
 0.56280310547060E+10
 0.56505376197426E+10
 0.56731309403670E+10
 0.56957977411809E+10
 0.57185651128904E+10
 0.57414001995274E+10
 0.57643338535071E+10
 0.57873456292076E+10
 0.58104403460947E+10
 0.58336155139429E+10
