 0.22012047225508E+01
 0.22012047225508E+01
 0.22012047225508E+01
 0.22012047225508E+01
 0.22012047225508E+01
 0.22012047225508E+01
 0.22012047225508E+01
 0.22012047225508E+01
 0.22012047225509E+01
 0.22012046921021E+01
 0.22012050888252E+01
 0.22012045357365E+01
 0.22012041451643E+01
 0.22012044430752E+01
 0.22012038045248E+01
 0.22012040697297E+01
 0.22012039230940E+01
 0.22012045719827E+01
 0.22012043316713E+01
 0.22012038525428E+01
 0.22012040699015E+01
 0.22012045662938E+01
 0.22012044163182E+01
 0.22012033875666E+01
 0.22012030981813E+01
 0.22012039863606E+01
 0.22012042708764E+01
 0.22012035302979E+01
 0.22012029815680E+01
 0.22012040043638E+01
 0.22012051491032E+01
 0.22012025860045E+01
 0.22012061620525E+01
 0.22012061046684E+01
 0.22012050407932E+01
 0.22012068551650E+01
 0.22012056717616E+01
 0.22012055545320E+01
 0.22012165679423E+01
 0.22012059107464E+01
 0.22012031969370E+01
 0.22012068897275E+01
 0.22012051844512E+01
 0.22012148983529E+01
 0.22012372648678E+01
 0.22012394848381E+01
 0.22012354284681E+01
 0.22012168475112E+01
 0.22012065386456E+01
 0.22012355912846E+01
 0.22012052049655E+01
 0.22012519128138E+01
 0.22012206210715E+01
 0.22012087681113E+01
 0.22012123914465E+01
 0.22012581779526E+01
 0.22011928012065E+01
 0.22012059684344E+01
 0.22012667662669E+01
 0.22012288894625E+01
 0.22012580519638E+01
 0.22012455610155E+01
 0.22011987989252E+01
 0.22012325793688E+01
 0.22011623832202E+01
 0.22012421937330E+01
 0.22012520328570E+01
 0.22011808264710E+01
 0.22012651967808E+01
 0.22012063036066E+01
 0.22012672133548E+01
 0.22012622523368E+01
 0.22012040852157E+01
 0.22012666496313E+01
 0.22011717128923E+01
 0.22012655767757E+01
 0.22012075558535E+01
 0.22011878045200E+01
 0.22011977866163E+01
 0.22012048795504E+01
 0.22012084009312E+01
 0.22012010252288E+01
 0.22012660809938E+01
 0.22012485122292E+01
 0.22011996456063E+01
 0.22012693191652E+01
 0.22012084733135E+01
 0.22011921385043E+01
 0.22012044580912E+01
 0.22012104993449E+01
 0.22012696088691E+01
 0.22012221853153E+01
 0.22012064989751E+01
 0.22012562634251E+01
 0.22011781470106E+01
 0.22012386022490E+01
 0.22012071478403E+01
 0.22012076252132E+01
 0.22012715845127E+01
 0.22012590751064E+01
 0.22012015451011E+01
 0.22012187173603E+01
 0.22012120347103E+01
 0.22012119325797E+01
 0.22012787812807E+01
 0.22012368258709E+01
 0.22012311824409E+01
 0.22011905118198E+01
 0.22011885414446E+01
 0.22012040436706E+01
 0.22012804051543E+01
 0.22012347338858E+01
 0.22013001120497E+01
 0.22012766779771E+01
 0.22012917793666E+01
 0.22012360715757E+01
 0.22012566443043E+01
 0.22012366067830E+01
 0.22012005835067E+01
 0.22012520863562E+01
 0.22012263443415E+01
 0.22012231375985E+01
 0.22012278624097E+01
 0.22013161103544E+01
 0.22013197767606E+01
 0.22012388859576E+01
 0.22012286522483E+01
 0.22012559521815E+01
 0.22012983052455E+01
 0.22013117945169E+01
 0.22012177294715E+01
 0.22012265582755E+01
 0.22012321315315E+01
 0.22012023266833E+01
 0.22012173409544E+01
 0.22012045554128E+01
 0.22012618847006E+01
 0.22011821228795E+01
 0.22012344924497E+01
 0.22011688706361E+01
 0.22011518427666E+01
 0.22011019074778E+01
 0.22011582274639E+01
 0.22010500420561E+01
 0.22010777186552E+01
 0.22010686834281E+01
 0.22010262062554E+01
 0.22010445599294E+01
 0.22010024060020E+01
 0.22009529430120E+01
 0.22009471488468E+01
 0.22009249243556E+01
 0.22008724934659E+01
 0.22009187177683E+01
 0.22008242108843E+01
 0.22008290538074E+01
 0.22008202026301E+01
 0.22007549487097E+01
 0.22005936136108E+01
 0.22005760393955E+01
 0.22004725260783E+01
 0.22004391503837E+01
 0.22004473202101E+01
 0.22003130781534E+01
 0.22001651446427E+01
 0.22000094850881E+01
 0.22000222637623E+01
 0.21998205791866E+01
 0.21996877073252E+01
 0.21995232823122E+01
 0.21993502853879E+01
 0.21992657009857E+01
 0.21989892626105E+01
 0.21988142376876E+01
 0.21986506793724E+01
 0.21984389442377E+01
 0.21981536234222E+01
 0.21979372551321E+01
 0.21976419636733E+01
 0.21974449869570E+01
 0.21971498182771E+01
 0.21967817354281E+01
 0.21964238034365E+01
 0.21961418453880E+01
 0.21958369669139E+01
 0.21954105283844E+01
 0.21950198523234E+01
 0.21946683386066E+01
 0.21942843917187E+01
 0.21938433737873E+01
 0.21934135499240E+01
 0.21929532708251E+01
 0.21924681534660E+01
 0.21920496305020E+01
 0.21914511882882E+01
 0.21909718356544E+01
 0.21904010451871E+01
 0.21898527026267E+01
 0.21894266580089E+01
 0.21887708368480E+01
 0.21881466817436E+01
 0.21876350484980E+01
 0.21869184856573E+01
 0.21862496428908E+01
 0.21856851319621E+01
 0.21848828910406E+01
 0.21842172757159E+01
 0.21834621404096E+01
 0.21828550039578E+01
 0.21821018289115E+01
 0.21812789232795E+01
 0.21804474963307E+01
 0.21797044807530E+01
 0.21789256034081E+01
 0.21780663491349E+01
 0.21771602946570E+01
 0.21763368703970E+01
 0.21753962619085E+01
 0.21744679705125E+01
 0.21735931237189E+01
 0.21726177892242E+01
 0.21717641924855E+01
 0.21707352410391E+01
 0.21696807764497E+01
 0.21688263925875E+01
 0.21677358644056E+01
 0.21666886155997E+01
 0.21656462429748E+01
 0.21646018758248E+01
 0.21635054936611E+01
 0.21623448605915E+01
 0.21613027665217E+01
 0.21601442947362E+01
 0.21590452693812E+01
 0.21578612592677E+01
 0.21568251949058E+01
 0.21555544149517E+01
 0.21544345360727E+01
 0.21530736964618E+01
 0.21519900223870E+01
 0.21506828925056E+01
 0.21494401809333E+01
 0.21480982590679E+01
 0.21468651200937E+01
 0.21455928223580E+01
 0.21443024042460E+01
 0.21429626327951E+01
 0.21416313633705E+01
 0.21402920841523E+01
 0.21390444008682E+01
 0.21376635426374E+01
 0.21362155317064E+01
 0.21348261617049E+01
 0.21334117690572E+01
 0.21320935189786E+01
 0.21305252965903E+01
 0.21291215112059E+01
 0.21276800659678E+01
 0.21262407899469E+01
 0.21247655978920E+01
 0.21232509234183E+01
 0.21217860536360E+01
 0.21202644028393E+01
 0.21188720908270E+01
 0.21173720232676E+01
 0.21157049951802E+01
 0.21141455822941E+01
 0.21127581143748E+01
 0.21111085380561E+01
 0.21095836735617E+01
 0.21078916026947E+01
 0.21064554359219E+01
 0.21048743177579E+01
 0.21032037888653E+01
 0.21015741366515E+01
 0.20999497321268E+01
 0.20982868307866E+01
 0.20968281271065E+01
 0.20950855168146E+01
 0.20935309965303E+01
 0.20918343966685E+01
 0.20902024628899E+01
 0.20884513791879E+01
 0.20868395557430E+01
 0.20850794864048E+01
 0.20835354023734E+01
 0.20816507364092E+01
 0.20800233120109E+01
 0.20783090584854E+01
 0.20766913188420E+01
 0.20749204498554E+01
 0.20732282542622E+01
 0.20715628546332E+01
 0.20698100241346E+01
 0.20680068256634E+01
 0.20663560103166E+01
 0.20644719393828E+01
 0.20628399688163E+01
 0.20611178486866E+01
 0.20592468908470E+01
