 0.12287856071230E+01
 0.12287856154771E+01
 0.12287856532512E+01
 0.12287857575042E+01
 0.12287859811654E+01
 0.12287863952375E+01
 0.12287871001449E+01
 0.12287882577229E+01
 0.12287901441678E+01
 0.12287932080140E+01
 0.12287981102368E+01
 0.12288057403488E+01
 0.12288172093827E+01
 0.12288337967606E+01
 0.12288569441769E+01
 0.12288881487073E+01
 0.12289289861364E+01
 0.12289810216850E+01
 0.12290457829071E+01
 0.12291247488442E+01
 0.12292192596513E+01
 0.12293307177123E+01
 0.12294602617891E+01
 0.12296089867523E+01
 0.12297778597626E+01
 0.12299677636964E+01
 0.12301794199915E+01
 0.12304136174508E+01
 0.12306708719128E+01
 0.12309515997166E+01
 0.12312561172203E+01
 0.12315849011762E+01
 0.12319379906304E+01
 0.12323154366511E+01
 0.12327175837601E+01
 0.12331441080655E+01
 0.12335950017482E+01
 0.12340698811951E+01
 0.12345687608650E+01
 0.12350913953004E+01
 0.12356365706127E+01
 0.12362045871052E+01
 0.12367948150263E+01
 0.12374064676213E+01
 0.12380385332413E+01
 0.12386907930307E+01
 0.12393627843843E+01
 0.12400532967398E+01
 0.12407612503818E+01
 0.12414859026634E+01
 0.12422267825386E+01
 0.12429823961053E+01
 0.12437522529347E+01
 0.12445350523536E+01
 0.12453295581396E+01
 0.12461351265583E+01
 0.12469509234428E+01
 0.12477750339132E+01
 0.12486074262153E+01
 0.12494474220398E+01
 0.12502908295872E+01
 0.12511413106765E+01
 0.12519953743937E+01
 0.12528506354701E+01
 0.12537095094855E+01
 0.12545664372288E+01
 0.12554244239916E+01
 0.12562839694986E+01
 0.12571385346619E+01
 0.12579920751270E+01
 0.12588383931805E+01
 0.12596809777110E+01
 0.12605213821068E+01
 0.12613498414177E+01
 0.12621747834821E+01
 0.12629890450506E+01
 0.12637952145624E+01
 0.12645893349743E+01
 0.12653785050547E+01
 0.12661511409692E+01
 0.12669137213256E+01
 0.12676641063635E+01
 0.12684022923344E+01
 0.12691259433668E+01
 0.12698300680968E+01
 0.12705240253289E+01
 0.12712025861682E+01
 0.12718610086679E+01
 0.12725033420647E+01
 0.12731256749814E+01
 0.12737367461488E+01
 0.12743300291609E+01
 0.12748983556070E+01
 0.12754449753858E+01
 0.12759804241074E+01
 0.12764977391449E+01
 0.12769842166141E+01
 0.12774579749065E+01
 0.12779071323326E+01
 0.12783373994062E+01
 0.12787400861770E+01
 0.12791274889743E+01
 0.12794932903925E+01
 0.12798316145302E+01
 0.12801440634869E+01
 0.12804383744783E+01
 0.12807156940841E+01
 0.12809560763818E+01
 0.12811780627033E+01
 0.12813836903817E+01
 0.12815682691556E+01
 0.12817221733929E+01
 0.12818548488044E+01
 0.12819604595028E+01
 0.12820363051246E+01
 0.12820985894410E+01
 0.12821358506099E+01
 0.12821492617549E+01
 0.12821338953395E+01
 0.12820971728265E+01
 0.12820406257229E+01
 0.12819665714490E+01
 0.12818513328652E+01
 0.12817122716406E+01
 0.12815609035992E+01
 0.12813919680530E+01
 0.12812037098876E+01
 0.12809726614264E+01
 0.12807233586509E+01
 0.12804621229030E+01
 0.12801749788074E+01
 0.12798515121525E+01
 0.12795230014702E+01
 0.12791620576263E+01
 0.12787645376320E+01
 0.12783649092173E+01
 0.12779153515070E+01
 0.12774423912854E+01
 0.12769398630550E+01
 0.12764192126352E+01
 0.12758736565045E+01
 0.12752776248251E+01
 0.12746459993299E+01
 0.12739784017339E+01
 0.12732555294136E+01
 0.12724936608660E+01
 0.12716615693109E+01
 0.12707697052037E+01
 0.12697949437439E+01
 0.12687201789704E+01
 0.12675931623913E+01
 0.12663322685758E+01
 0.12649274587442E+01
 0.12634306906459E+01
 0.12617797006677E+01
 0.12600110872884E+01
 0.12580988662664E+01
 0.12560752678522E+01
 0.12539185617660E+01
 0.12516895341035E+01
 0.12493990357102E+01
 0.12470523508454E+01
 0.12446924737548E+01
 0.12423466682265E+01
 0.12400550734216E+01
 0.12378005802327E+01
 0.12356229295972E+01
 0.12335214836162E+01
 0.12315026709480E+01
 0.12295773404828E+01
 0.12277586596194E+01
 0.12260075352836E+01
 0.12243493423842E+01
 0.12228005258382E+01
 0.12213151058251E+01
 0.12199008874646E+01
 0.12185886201142E+01
 0.12173260952796E+01
 0.12161392177899E+01
 0.12149933149695E+01
 0.12139499734476E+01
 0.12129293906929E+01
 0.12119789722910E+01
 0.12110404420003E+01
 0.12101805184771E+01
 0.12093377032706E+01
 0.12085623051919E+01
 0.12078088044168E+01
 0.12070915486513E+01
 0.12063999745949E+01
 0.12057470615295E+01
 0.12051046990635E+01
 0.12044914856798E+01
 0.12039080351748E+01
 0.12033501951971E+01
 0.12028211345612E+01
 0.12023042777364E+01
 0.12017961105005E+01
 0.12013093964624E+01
 0.12008462660820E+01
 0.12003938698355E+01
 0.11999611950497E+01
 0.11995247075957E+01
 0.11991175613864E+01
 0.11987038563613E+01
 0.11983210997076E+01
 0.11979345141404E+01
 0.11975587810685E+01
 0.11971929211769E+01
 0.11968391591281E+01
 0.11964859786175E+01
 0.11961437144650E+01
 0.11957957329549E+01
 0.11954713725052E+01
 0.11951474397701E+01
 0.11948276145565E+01
 0.11945129491649E+01
 0.11941996080132E+01
 0.11939015540710E+01
 0.11935933071352E+01
 0.11932970375229E+01
 0.11929991320811E+01
 0.11926998792138E+01
 0.11924131087126E+01
 0.11921201641780E+01
 0.11918419497744E+01
 0.11915627409986E+01
 0.11912824267478E+01
 0.11910024968323E+01
 0.11907265466868E+01
 0.11904592324407E+01
 0.11901844613739E+01
 0.11899090334087E+01
 0.11896408115370E+01
 0.11893664577316E+01
 0.11891032324226E+01
 0.11888366001047E+01
 0.11885732601544E+01
 0.11883019306244E+01
 0.11880400224716E+01
 0.11877800532333E+01
 0.11875130039559E+01
 0.11872547080664E+01
 0.11869938028460E+01
 0.11867280242479E+01
 0.11864726978010E+01
 0.11862084141503E+01
 0.11859461533630E+01
 0.11856862914885E+01
 0.11854256166427E+01
 0.11851699649600E+01
 0.11849053965253E+01
 0.11846457431613E+01
 0.11843883613591E+01
 0.11841271517883E+01
 0.11838692171327E+01
 0.11836061054520E+01
 0.11833455146150E+01
 0.11830924970174E+01
 0.11828256216994E+01
 0.11825707486271E+01
 0.11823049574531E+01
 0.11820470749633E+01
 0.11817875611410E+01
 0.11815292039840E+01
 0.11812660435248E+01
 0.11810034675454E+01
 0.11807429553817E+01
 0.11804824854667E+01
 0.11802203402041E+01
 0.11799589497567E+01
 0.11796985198152E+01
 0.11794340436747E+01
 0.11791700001619E+01
 0.11789104796964E+01
 0.11786464122841E+01
 0.11783843296886E+01
 0.11781269764057E+01
 0.11778614045749E+01
 0.11775957729536E+01
 0.11773337037127E+01
 0.11770711615715E+01
 0.11768061389421E+01
 0.11765449844013E+01
 0.11762831317910E+01
 0.11760131140676E+01
 0.11757562624627E+01
 0.11754895863510E+01
 0.11752264393561E+01
 0.11749669896466E+01
 0.11747003799104E+01
 0.11744409196930E+01
 0.11741754409254E+01
 0.11739131620978E+01
 0.11736489233168E+01
 0.11733829225530E+01
 0.11731189908935E+01
 0.11728531972792E+01
 0.11725888363291E+01
 0.11723264193668E+01
