 0.16431646807701E+00
 0.16431646807697E+00
 0.16431646807651E+00
 0.16431646810801E+00
 0.16431646927819E+00
 0.16431648034875E+00
 0.16431652778923E+00
 0.16431665760741E+00
 0.16431691794218E+00
 0.16431734131408E+00
 0.16431793132730E+00
 0.16431865791855E+00
 0.16431946793290E+00
 0.16432026599018E+00
 0.16432096554882E+00
 0.16432141106012E+00
 0.16432149318424E+00
 0.16432107138686E+00
 0.16431999376902E+00
 0.16431811840928E+00
 0.16430024802370E+00
 0.16429243429298E+00
 0.16428315766371E+00
 0.16427229704932E+00
 0.16425970416850E+00
 0.16424526515087E+00
 0.16422877709133E+00
 0.16421031109080E+00
 0.16418965135115E+00
 0.16416657507468E+00
 0.16414083383782E+00
 0.16411259629992E+00
 0.16408144406986E+00
 0.16404711182296E+00
 0.16400995432231E+00
 0.16396935250540E+00
 0.16392533827507E+00
 0.16387745247310E+00
 0.16382601196812E+00
 0.16377102821245E+00
 0.16371103651680E+00
 0.16364718056502E+00
 0.16357918581764E+00
 0.16350661148927E+00
 0.16342878146987E+00
 0.16334635886227E+00
 0.16325978213126E+00
 0.16316826147918E+00
 0.16307132080649E+00
 0.16296909456963E+00
 0.16286227617326E+00
 0.16274989680938E+00
 0.16263256478606E+00
 0.16250981431658E+00
 0.16238116644901E+00
 0.16224720296416E+00
 0.16210811531807E+00
 0.16196243030027E+00
 0.16181170192135E+00
 0.16165651108163E+00
 0.16149154528218E+00
 0.16132439850536E+00
 0.16115101263640E+00
 0.16096895997418E+00
 0.16078370981728E+00
 0.16058800787739E+00
 0.16038768143613E+00
 0.16018505786821E+00
 0.15997132971860E+00
 0.15975358434412E+00
 0.15952380725016E+00
 0.15928847482899E+00
 0.15905088525331E+00
 0.15879736290239E+00
 0.15854163171624E+00
 0.15827377697018E+00
 0.15799860822989E+00
 0.15771118167634E+00
 0.15742232022566E+00
 0.15711607172579E+00
 0.15680250620281E+00
 0.15647871200192E+00
 0.15614536760097E+00
 0.15579979393833E+00
 0.15543512535266E+00
 0.15506445439267E+00
 0.15468123873264E+00
 0.15427887892713E+00
 0.15386256149611E+00
 0.15342771737357E+00
 0.15298606685855E+00
 0.15252706302246E+00
 0.15204323027524E+00
 0.15153708773957E+00
 0.15102235120720E+00
 0.15048940916721E+00
 0.14992155830866E+00
 0.14934132904946E+00
 0.14873250565862E+00
 0.14810105859255E+00
 0.14743598205291E+00
 0.14675153934354E+00
 0.14603869287892E+00
 0.14528804652041E+00
 0.14449999889824E+00
 0.14368339999496E+00
 0.14283904419038E+00
 0.14193737320071E+00
 0.14100174345817E+00
 0.14003228288686E+00
 0.13902054181247E+00
 0.13795100613645E+00
 0.13683425784717E+00
 0.13565893328990E+00
 0.13441846887226E+00
 0.13313002123627E+00
 0.13177841261301E+00
 0.13035579351993E+00
 0.12885389362807E+00
 0.12727984663623E+00
 0.12562848717001E+00
 0.12389722566873E+00
 0.12205093719686E+00
 0.12010427927173E+00
 0.11806880348191E+00
 0.11592974210062E+00
 0.11367767896233E+00
 0.11127068283306E+00
 0.10873650277913E+00
 0.10607795708112E+00
 0.10326669372422E+00
 0.10027628789736E+00
 0.97155442613594E-01
 0.93858415512193E-01
 0.90331769857832E-01
 0.86693678674192E-01
 0.82833709671975E-01
 0.78816780164888E-01
 0.74647145743708E-01
 0.70373054651711E-01
 0.66020851836515E-01
 0.61603470539634E-01
 0.57197964186044E-01
 0.52875871397427E-01
 0.48673957839852E-01
 0.44678731276001E-01
 0.40893112235546E-01
 0.37373576085912E-01
 0.34115986669641E-01
 0.31124393954496E-01
 0.28435832897717E-01
 0.25981579485055E-01
 0.23748637570871E-01
 0.21756048251235E-01
 0.19953887097897E-01
 0.18339259401160E-01
 0.16882081135664E-01
 0.15573289126927E-01
 0.14387661491984E-01
 0.13321356028630E-01
 0.12357525809054E-01
 0.11481429214910E-01
 0.10685886680535E-01
 0.99638692263464E-02
 0.93083396471012E-02
 0.87073185509143E-02
 0.81588158460418E-02
 0.76565345734737E-02
 0.71945987936001E-02
 0.67710469203319E-02
 0.63825266311203E-02
 0.60210335014740E-02
 0.56883822064292E-02
 0.53824990473657E-02
 0.50971690343395E-02
 0.48317273235293E-02
 0.45877718567412E-02
 0.43586807907387E-02
 0.41463176744474E-02
 0.39458551530414E-02
 0.37619987888730E-02
 0.35880533605892E-02
 0.34261125776023E-02
 0.32720923059261E-02
 0.31294329839148E-02
 0.29941405249833E-02
 0.28683459399531E-02
 0.27488031552055E-02
 0.26365423150083E-02
 0.25301196502592E-02
 0.24301226461174E-02
 0.23348365028326E-02
 0.22448682563428E-02
 0.21596905815474E-02
 0.20792799287216E-02
 0.20033106684483E-02
 0.19307397352778E-02
 0.18615369931313E-02
 0.17958548971450E-02
 0.17336650398064E-02
 0.16741753697669E-02
 0.16178731473752E-02
 0.15635811705501E-02
 0.15123177939823E-02
 0.14627680386722E-02
 0.14161555343443E-02
 0.13711227749824E-02
 0.13280419807876E-02
 0.12869510146341E-02
 0.12477108215449E-02
 0.12099024933864E-02
 0.11737531940254E-02
 0.11387684333476E-02
 0.11056921721296E-02
 0.10737643638908E-02
 0.10430660244940E-02
 0.10135961896387E-02
 0.98521326234447E-03
 0.95810276036810E-03
 0.93177955692679E-03
 0.90660496997367E-03
 0.88221088315035E-03
 0.85861300882376E-03
 0.83611386354049E-03
 0.81424070306984E-03
 0.79337453648790E-03
 0.77310527945448E-03
 0.75361548732111E-03
 0.73466164900240E-03
 0.71647596340171E-03
 0.69896409412061E-03
 0.68184230816542E-03
 0.66538258335049E-03
 0.64946777276598E-03
 0.63399765898701E-03
 0.61915206023627E-03
 0.60474926756025E-03
 0.59079797963325E-03
 0.57718002923307E-03
 0.56409206811108E-03
 0.55143742621762E-03
 0.53905963171982E-03
 0.52718147293867E-03
 0.51558247975652E-03
 0.50432263144610E-03
 0.49347835881475E-03
 0.48285671365836E-03
 0.47256315426339E-03
 0.46258682725950E-03
 0.45286270607222E-03
 0.44350764265545E-03
 0.43430437987599E-03
 0.42543910043037E-03
 0.41677300712487E-03
 0.40834453909731E-03
 0.40018003290439E-03
 0.39220876259663E-03
 0.38444863803398E-03
 0.37695308051369E-03
 0.36956781288141E-03
 0.36246498251134E-03
 0.35545959407833E-03
 0.34867441617829E-03
 0.34209385691256E-03
 0.33567940679348E-03
 0.32938731362046E-03
 0.32325510992543E-03
 0.31729485873029E-03
 0.31150850913387E-03
 0.30582763854058E-03
 0.30030565281756E-03
 0.29491669418739E-03
 0.28963144576873E-03
 0.28448890727121E-03
 0.27947598723370E-03
 0.27459460715959E-03
 0.26980587273827E-03
 0.26516412446130E-03
 0.26057416439805E-03
 0.25611543982689E-03
