 0.98445526788544E+00
 0.98445526788544E+00
 0.98445526788544E+00
 0.98445526788544E+00
 0.98445526788544E+00
 0.98445526788544E+00
 0.98445526788544E+00
 0.98445526788544E+00
 0.98445526788544E+00
 0.98445524117202E+00
 0.98445644462219E+00
 0.98445474659539E+00
 0.98445353785076E+00
 0.98445434386831E+00
 0.98445270496311E+00
 0.98445338818560E+00
 0.98445295250129E+00
 0.98445486664520E+00
 0.98445416196184E+00
 0.98445289072232E+00
 0.98445355309864E+00
 0.98445475728037E+00
 0.98445432953585E+00
 0.98445154454734E+00
 0.98445078510554E+00
 0.98445297348158E+00
 0.98445380260766E+00
 0.98445206462217E+00
 0.98445047440052E+00
 0.98445318926220E+00
 0.98445673276836E+00
 0.98444929181371E+00
 0.98446060025393E+00
 0.98445982712526E+00
 0.98445448534983E+00
 0.98446626266823E+00
 0.98445884612406E+00
 0.98445815450153E+00
 0.98447170232797E+00
 0.98445978551372E+00
 0.98445028811113E+00
 0.98446811201577E+00
 0.98445665132093E+00
 0.98447247103803E+00
 0.98447929577534E+00
 0.98448005608077E+00
 0.98447935487844E+00
 0.98447122501031E+00
 0.98446082263339E+00
 0.98447991947253E+00
 0.98445976915066E+00
 0.98448451370339E+00
 0.98447258685582E+00
 0.98446814555124E+00
 0.98446894222951E+00
 0.98448580183473E+00
 0.98443823253144E+00
 0.98445993576772E+00
 0.98448456248469E+00
 0.98447621938113E+00
 0.98448540871607E+00
 0.98448198349487E+00
 0.98444373863703E+00
 0.98447885640997E+00
 0.98442828667084E+00
 0.98447992099096E+00
 0.98448309735474E+00
 0.98440719390567E+00
 0.98448514464814E+00
 0.98442805108635E+00
 0.98447730163775E+00
 0.98446602985319E+00
 0.98445503881757E+00
 0.98447536860081E+00
 0.98443095039493E+00
 0.98448438787699E+00
 0.98446149971440E+00
 0.98443238238026E+00
 0.98441769870284E+00
 0.98442472260568E+00
 0.98444012113002E+00
 0.98445089426584E+00
 0.98447441230065E+00
 0.98443815268597E+00
 0.98444100379748E+00
 0.98447249549219E+00
 0.98442927159925E+00
 0.98440488402448E+00
 0.98441491441408E+00
 0.98443205616493E+00
 0.98446670595192E+00
 0.98446208609624E+00
 0.98440966580961E+00
 0.98446867988638E+00
 0.98441945483373E+00
 0.98444888227269E+00
 0.98442869194153E+00
 0.98441608031415E+00
 0.98447029717814E+00
 0.98446768373863E+00
 0.98441610295176E+00
 0.98442320964946E+00
 0.98442660175400E+00
 0.98441901005354E+00
 0.98444272193992E+00
 0.98444570351717E+00
 0.98442344229108E+00
 0.98437288363995E+00
 0.98437399594932E+00
 0.98441258337675E+00
 0.98445445848199E+00
 0.98441195781299E+00
 0.98444611380969E+00
 0.98440257405423E+00
 0.98442056219927E+00
 0.98439778879006E+00
 0.98440319931362E+00
 0.98438162364935E+00
 0.98436972136476E+00
 0.98438386088668E+00
 0.98438744272701E+00
 0.98438030296171E+00
 0.98438087863401E+00
 0.98439073967549E+00
 0.98441163115595E+00
 0.98437538187004E+00
 0.98437340685361E+00
 0.98437846814699E+00
 0.98439087956352E+00
 0.98441555252627E+00
 0.98433387543504E+00
 0.98434862749349E+00
 0.98437001306031E+00
 0.98436113184952E+00
 0.98434098794436E+00
 0.98436444782481E+00
 0.98437740676503E+00
 0.98434451685422E+00
 0.98438908228386E+00
 0.98437155844861E+00
 0.98433624372250E+00
 0.98432762588854E+00
 0.98437012228701E+00
 0.98430309908979E+00
 0.98431712485984E+00
 0.98432239169568E+00
 0.98432286188677E+00
 0.98431865065535E+00
 0.98434108286901E+00
 0.98431397458365E+00
 0.98430849237670E+00
 0.98427832005669E+00
 0.98431050826994E+00
 0.98424777098988E+00
 0.98422034874381E+00
 0.98422767906562E+00
 0.98418471214024E+00
 0.98413185317664E+00
 0.98405418414701E+00
 0.98399484906345E+00
 0.98390666200422E+00
 0.98384502180538E+00
 0.98381701144692E+00
 0.98372980427057E+00
 0.98355139220700E+00
 0.98345987892369E+00
 0.98334052650491E+00
 0.98327811642961E+00
 0.98315124419239E+00
 0.98296238033821E+00
 0.98281492441877E+00
 0.98262786569439E+00
 0.98250968087211E+00
 0.98230326265936E+00
 0.98211165115625E+00
 0.98191242705086E+00
 0.98164883903953E+00
 0.98147963487468E+00
 0.98123100977471E+00
 0.98089270981510E+00
 0.98066049092999E+00
 0.98037835692943E+00
 0.98016637280655E+00
 0.97984516475099E+00
 0.97949335877655E+00
 0.97914025294964E+00
 0.97885864429682E+00
 0.97848315325903E+00
 0.97814870936776E+00
 0.97777825012360E+00
 0.97732593874996E+00
 0.97693268411423E+00
 0.97655936472641E+00
 0.97604780658010E+00
 0.97559876145143E+00
 0.97511643122662E+00
 0.97468711286100E+00
 0.97423728230832E+00
 0.97372345550021E+00
 0.97323486851443E+00
 0.97264693896520E+00
 0.97206540085357E+00
 0.97160336304580E+00
 0.97097284584369E+00
 0.97043008338718E+00
 0.96985493549084E+00
 0.96916903378286E+00
 0.96851619219326E+00
 0.96795334936317E+00
 0.96725054691932E+00
 0.96662471869435E+00
 0.96589282410735E+00
 0.96524843333500E+00
 0.96449812975539E+00
 0.96372567915113E+00
 0.96310238832836E+00
 0.96231810880573E+00
 0.96152804571595E+00
 0.96081892527585E+00
 0.95990230145813E+00
 0.95917011507728E+00
 0.95836103702128E+00
 0.95758380656524E+00
 0.95666027489141E+00
 0.95581379545539E+00
 0.95503571306278E+00
 0.95405213378526E+00
 0.95319574864778E+00
 0.95229399884558E+00
 0.95140648275042E+00
 0.95055166843893E+00
 0.94957150100431E+00
 0.94862871014662E+00
 0.94766975739808E+00
 0.94667457016844E+00
 0.94566913175735E+00
 0.94472012782040E+00
 0.94375635738186E+00
 0.94278154305987E+00
 0.94175410016121E+00
 0.94073930277510E+00
 0.93974589489333E+00
 0.93863859626415E+00
 0.93756750369454E+00
 0.93657467920700E+00
 0.93541905618192E+00
 0.93432916218671E+00
 0.93333325078005E+00
 0.93221969340544E+00
 0.93106331744072E+00
 0.92995117553625E+00
 0.92885230660784E+00
 0.92776420084283E+00
 0.92655399261014E+00
 0.92539113714066E+00
 0.92419624328336E+00
 0.92305123317085E+00
 0.92194732108899E+00
 0.92080295869351E+00
 0.91959871031597E+00
 0.91836932338886E+00
 0.91711233419725E+00
 0.91601253007900E+00
 0.91479206039417E+00
 0.91351256615580E+00
 0.91226396735743E+00
 0.91110083458568E+00
 0.90981666350085E+00
 0.90858382198789E+00
 0.90732778294999E+00
 0.90611571036213E+00
 0.90474842396225E+00
 0.90353253501449E+00
 0.90235106763557E+00
 0.90108010620381E+00
 0.89972202008752E+00
 0.89840281065348E+00
 0.89713004613259E+00
 0.89579403957376E+00
 0.89454178235387E+00
 0.89333421985043E+00
 0.89193366421488E+00
 0.89071570991681E+00
 0.88935841200259E+00
 0.88797281396236E+00
 0.88664313083227E+00
 0.88542760606703E+00
 0.88405902324254E+00
 0.88266288982417E+00
 0.88136380574741E+00
 0.88009420636305E+00
 0.87866746749782E+00
 0.87734421347540E+00
 0.87606910616541E+00
 0.87471725320887E+00
 0.87337527057787E+00
 0.87197549176267E+00
 0.87062443871271E+00
 0.86922855639351E+00
 0.86791556572408E+00
