 0.11076108624053E+04
 0.11076108624053E+04
 0.11076108624053E+04
 0.11076108624053E+04
 0.11076108624053E+04
 0.11076108624053E+04
 0.11076108624053E+04
 0.11076108624053E+04
 0.11076108624053E+04
 0.11076069849429E+04
 0.11077207589677E+04
 0.11075620357473E+04
 0.11074536527897E+04
 0.11075278816512E+04
 0.11073768013985E+04
 0.11074388962902E+04
 0.11074004255882E+04
 0.11075722226820E+04
 0.11075073314257E+04
 0.11073908208067E+04
 0.11074505137451E+04
 0.11075634452914E+04
 0.11075230248308E+04
 0.11072735383435E+04
 0.11072083062127E+04
 0.11074034957076E+04
 0.11074802993500E+04
 0.11073194081377E+04
 0.11071830621956E+04
 0.11074200282617E+04
 0.11077479150796E+04
 0.11070845298907E+04
 0.11081314682334E+04
 0.11080599351950E+04
 0.11075426640980E+04
 0.11087485066916E+04
 0.11079550276478E+04
 0.11078933932828E+04
 0.11094388136784E+04
 0.11080321906992E+04
 0.11071721674938E+04
 0.11089667935218E+04
 0.11077404820353E+04
 0.11095171590903E+04
 0.11106872429310E+04
 0.11108806561820E+04
 0.11107027846437E+04
 0.11093557803545E+04
 0.11081483159737E+04
 0.11108207005743E+04
 0.11080439832145E+04
 0.11121520215285E+04
 0.11095208050748E+04
 0.11089265426267E+04
 0.11090273414169E+04
 0.11129267976281E+04
 0.11124799943024E+04
 0.11080374114677E+04
 0.11144374483377E+04
 0.11099653447592E+04
 0.11131978180519E+04
 0.11112130809689E+04
 0.11065799494864E+04
 0.11105818557672E+04
 0.11099407152918E+04
 0.11109272774776E+04
 0.11119621390799E+04
 0.11196448450091E+04
 0.11140477672626E+04
 0.11089437106515E+04
 0.11161452559533E+04
 0.11176930233617E+04
 0.11075050170738E+04
 0.11164193177043E+04
 0.11104777787047E+04
 0.11140768095728E+04
 0.11083085616158E+04
 0.11113253456377E+04
 0.11186235944032E+04
 0.11177006313237E+04
 0.11150457518571E+04
 0.11074038116882E+04
 0.11164918685024E+04
 0.11202733885233E+04
 0.11126060319691E+04
 0.11164471752007E+04
 0.11169834289979E+04
 0.11194390532558E+04
 0.11183570348675E+04
 0.11153909627221E+04
 0.11166633899128E+04
 0.11091384701260E+04
 0.11185476143557E+04
 0.11113126895975E+04
 0.11106671477441E+04
 0.11186201400360E+04
 0.11066498563140E+04
 0.11173392537561E+04
 0.11129067204561E+04
 0.11118820623465E+04
 0.11114936828517E+04
 0.11151186810701E+04
 0.11131757412110E+04
 0.11109678874764E+04
 0.11177736981402E+04
 0.11095069544701E+04
 0.11196638285079E+04
 0.11073016747239E+04
 0.11077081668215E+04
 0.11130720143168E+04
 0.11128587704781E+04
 0.11124168455561E+04
 0.11161260204664E+04
 0.11206111368805E+04
 0.11185651148985E+04
 0.11131073974149E+04
 0.11201277679726E+04
 0.11089272747224E+04
 0.11087592394635E+04
 0.11100572805800E+04
 0.11108588519962E+04
 0.11105462116278E+04
 0.11105179558943E+04
 0.11198031472072E+04
 0.11173420769593E+04
 0.11210716849779E+04
 0.11104182541094E+04
 0.11151180447213E+04
 0.11089452923042E+04
 0.11153278265296E+04
 0.11207883267072E+04
 0.11106596818541E+04
 0.11147198297208E+04
 0.11216695746677E+04
 0.11193452087815E+04
 0.11157076681040E+04
 0.11195969932497E+04
 0.11178647543078E+04
 0.11154784584481E+04
 0.11194942764057E+04
 0.11136619274075E+04
 0.11198274779945E+04
 0.11121203009535E+04
 0.11105361762454E+04
 0.11208020351977E+04
 0.11134059238322E+04
 0.11133357595816E+04
 0.11142408046027E+04
 0.11225497162149E+04
 0.11177652654889E+04
 0.11199860299665E+04
 0.11136422264195E+04
 0.11156984956273E+04
 0.11182956527982E+04
 0.11215094118620E+04
 0.11167924135932E+04
 0.11236601678963E+04
 0.11253339000091E+04
 0.11211351218932E+04
 0.11204979450868E+04
 0.11275647010782E+04
 0.11194973021944E+04
 0.11217986411041E+04
 0.11232958592320E+04
 0.11196722434259E+04
 0.11305243360838E+04
 0.11215994219253E+04
 0.11306569702409E+04
 0.11299286717463E+04
 0.11295627041378E+04
 0.11304602467933E+04
 0.11349524548930E+04
 0.11290970726567E+04
 0.11389376766688E+04
 0.11285530550829E+04
 0.11307471856938E+04
 0.11444269117578E+04
 0.11341985322814E+04
 0.11339191700585E+04
 0.11337332724478E+04
 0.11359020053193E+04
 0.11475688516370E+04
 0.11467945091716E+04
 0.11404643674288E+04
 0.11444608799099E+04
 0.11423161906310E+04
 0.11543888655537E+04
 0.11494601708089E+04
 0.11472048190737E+04
 0.11498294121434E+04
 0.11630477801408E+04
 0.11581654365581E+04
 0.11602643891967E+04
 0.11644720609548E+04
 0.11663908053405E+04
 0.11563898992126E+04
 0.11629146727285E+04
 0.11707543901383E+04
 0.11732798702822E+04
 0.11725318481792E+04
 0.11742880920923E+04
 0.11801547652187E+04
 0.11773236468956E+04
 0.11758347282864E+04
 0.11827965249089E+04
 0.11822132273374E+04
 0.11819834283680E+04
 0.11803539859939E+04
 0.11829391721060E+04
 0.11916475549722E+04
 0.11954116959386E+04
 0.11895238798537E+04
 0.11983265164493E+04
 0.11898681627200E+04
 0.11931573134150E+04
 0.12025130848834E+04
 0.11977374431458E+04
 0.12074900628273E+04
 0.12054464964702E+04
 0.12179474580329E+04
 0.12099209582224E+04
 0.12144971194936E+04
 0.12142015732799E+04
 0.12246247707838E+04
 0.12301683199350E+04
 0.12202835544604E+04
 0.12194835647849E+04
 0.12338014291791E+04
 0.12254160128160E+04
 0.12309647901812E+04
 0.12309527620962E+04
 0.12456906623914E+04
 0.12386006119473E+04
 0.12460032262509E+04
 0.12398169816600E+04
 0.12403029935700E+04
 0.12446458606480E+04
 0.12610303575859E+04
 0.12496074502018E+04
 0.12645659629223E+04
 0.12537732897865E+04
 0.12620591395103E+04
 0.12574872539262E+04
 0.12721128232709E+04
 0.12735075758812E+04
 0.12686852230845E+04
 0.12711140188215E+04
 0.12812999850755E+04
 0.12761521567258E+04
 0.12829324020147E+04
 0.12884307729058E+04
 0.12829538717141E+04
 0.12907324101269E+04
 0.12951066020036E+04
 0.13060674495294E+04
 0.12935608335396E+04
 0.12970009038415E+04
 0.13111232031392E+04
 0.13052744758147E+04
 0.13151529915416E+04
 0.13057889147743E+04
 0.13269059729503E+04
 0.13226250674746E+04
 0.13173763403672E+04
 0.13238491696669E+04
 0.13221211487248E+04
 0.13246324105946E+04
 0.13423594998974E+04
 0.13352488962742E+04
 0.13300345932086E+04
 0.13355948088797E+04
 0.13535727025268E+04
 0.13427714131084E+04
 0.13477623254764E+04
 0.13510720711843E+04
 0.13655188670204E+04
 0.13530779483819E+04
 0.13566206127596E+04
 0.13576794582083E+04
 0.13655837822098E+04
 0.13718354238358E+04
 0.13787173620778E+04
 0.13774103863521E+04
 0.13868751337954E+04
 0.13765808755198E+04
 0.13803629717696E+04
 0.13925975125837E+04
 0.13847287194044E+04
 0.13892658756400E+04
 0.13947582087169E+04
 0.14037821020733E+04
 0.14000906487971E+04
 0.14058855326391E+04
 0.14071147091945E+04
 0.14092720979805E+04
 0.14165696621900E+04
 0.14260609164787E+04
 0.14159699210303E+04
 0.14343626809355E+04
 0.14335855718548E+04
