 0.53405578660231E+07
 0.53405578660231E+07
 0.53405578660231E+07
 0.53405578660231E+07
 0.53405578660231E+07
 0.53405578660231E+07
 0.53405578660231E+07
 0.53405578660231E+07
 0.53405578660231E+07
 0.53405578660231E+07
 0.53405578660232E+07
 0.53405578660234E+07
 0.53405578660238E+07
 0.53405578660235E+07
 0.53405578660229E+07
 0.53405578660228E+07
 0.53405578660221E+07
 0.53405578660210E+07
 0.53405578660193E+07
 0.53405578660168E+07
 0.53405578660177E+07
 0.53405578660124E+07
 0.53405578660078E+07
 0.53405578660014E+07
 0.53405578659951E+07
 0.53405578659910E+07
 0.53405578659975E+07
 0.53405578659799E+07
 0.53405578659554E+07
 0.53405578659374E+07
 0.53405578659363E+07
 0.53405578659060E+07
 0.53405578658966E+07
 0.53405578658904E+07
 0.53405578658380E+07
 0.53405578658113E+07
 0.53405578657532E+07
 0.53405578657866E+07
 0.53405578656696E+07
 0.53405578654692E+07
 0.53405578654656E+07
 0.53405578654460E+07
 0.53405578653710E+07
 0.53405578652114E+07
 0.53405578654569E+07
 0.53405578654172E+07
 0.53405578651243E+07
 0.53405578647003E+07
 0.53405578646341E+07
 0.53405578647186E+07
 0.53405578644053E+07
 0.53405578642242E+07
 0.53405578633291E+07
 0.53405578633586E+07
 0.53405578631351E+07
 0.53405578624436E+07
 0.53405578611392E+07
 0.53405578618628E+07
 0.53405578614283E+07
 0.53405578586301E+07
 0.53405578639455E+07
 0.53405578600513E+07
 0.53405578603564E+07
 0.53405578626659E+07
 0.53405578590302E+07
 0.53405578654761E+07
 0.53405578689154E+07
 0.53405578593558E+07
 0.53405578603285E+07
 0.53405578517736E+07
 0.53405578594326E+07
 0.53405578686483E+07
 0.53405578436137E+07
 0.53405578646192E+07
 0.53405578433021E+07
 0.53405578538038E+07
 0.53405578598018E+07
 0.53405578690659E+07
 0.53405578433841E+07
 0.53405578522843E+07
 0.53405578692661E+07
 0.53405578541694E+07
 0.53405578121869E+07
 0.53405578257992E+07
 0.53405578537571E+07
 0.53405578403064E+07
 0.53405578308715E+07
 0.53405578431628E+07
 0.53405578623869E+07
 0.53405579380012E+07
 0.53405578855966E+07
 0.53405578275099E+07
 0.53405578420635E+07
 0.53405579610450E+07
 0.53405578862299E+07
 0.53405577964906E+07
 0.53405579111384E+07
 0.53405578684911E+07
 0.53405578146793E+07
 0.53405578692222E+07
 0.53405579604686E+07
 0.53405578241792E+07
 0.53405578348187E+07
 0.53405578327178E+07
 0.53405579260638E+07
 0.53405579360072E+07
 0.53405579430100E+07
 0.53405581239263E+07
 0.53405582254697E+07
 0.53405579941066E+07
 0.53405578207050E+07
 0.53405577209060E+07
 0.53405576757423E+07
 0.53405578048083E+07
 0.53405577653921E+07
 0.53405577231879E+07
 0.53405576797753E+07
 0.53405575870242E+07
 0.53405576404610E+07
 0.53405578217761E+07
 0.53405579782634E+07
 0.53405577283446E+07
 0.53405580391552E+07
 0.53405587571749E+07
 0.53405585122584E+07
 0.53405581336266E+07
 0.53405574283881E+07
 0.53405578755986E+07
 0.53405571472909E+07
 0.53405574101177E+07
 0.53405570854612E+07
 0.53405577515693E+07
 0.53405570120196E+07
 0.53405566481102E+07
 0.53405573112658E+07
 0.53405558824694E+07
 0.53405573602012E+07
 0.53405582732711E+07
 0.53405580389367E+07
 0.53405579003634E+07
 0.53405575194942E+07
 0.53405578352953E+07
 0.53405581332659E+07
 0.53405577819087E+07
 0.53405584176424E+07
 0.53405566673208E+07
 0.53405575480669E+07
 0.53405565005923E+07
 0.53405563143478E+07
 0.53405571617094E+07
 0.53405553926665E+07
 0.53405558673383E+07
 0.53405565971559E+07
 0.53405568161740E+07
 0.53405587167300E+07
 0.53405567648970E+07
 0.53405579312093E+07
 0.53405571380347E+07
 0.53405579761314E+07
 0.53405568493116E+07
 0.53405563378055E+07
 0.53405564916725E+07
 0.53405552500485E+07
 0.53405570683379E+07
 0.53405558162274E+07
 0.53405552169193E+07
 0.53405554189595E+07
 0.53405552394920E+07
 0.53405568933964E+07
 0.53405555947133E+07
 0.53405552027190E+07
 0.53405560147038E+07
 0.53405564941114E+07
 0.53405559299569E+07
 0.53405553194721E+07
 0.53405570449896E+07
 0.53405546456942E+07
 0.53405554861278E+07
 0.53405558294711E+07
 0.53405580442167E+07
 0.53405558178298E+07
 0.53405547408542E+07
 0.53405530222702E+07
 0.53405566597745E+07
 0.53405546205733E+07
 0.53405553323754E+07
 0.53405536880596E+07
 0.53405542394481E+07
 0.53405541729258E+07
 0.53405550513635E+07
 0.53405529647799E+07
 0.53405541372620E+07
 0.53405552801817E+07
 0.53405557661512E+07
 0.53405547863131E+07
 0.53405527921752E+07
 0.53405527681281E+07
 0.53405539297873E+07
 0.53405548673966E+07
 0.53405522629721E+07
 0.53405543287365E+07
 0.53405521110460E+07
 0.53405529585376E+07
 0.53405515673666E+07
 0.53405538697781E+07
 0.53405508763898E+07
 0.53405522345711E+07
 0.53405525110749E+07
 0.53405531938110E+07
 0.53405511644286E+07
 0.53405515490380E+07
 0.53405519475945E+07
 0.53405547995336E+07
 0.53405527810907E+07
 0.53405532873223E+07
 0.53405536158307E+07
 0.53405524564528E+07
 0.53405527524243E+07
 0.53405527852036E+07
 0.53405534045641E+07
 0.53405522858355E+07
 0.53405530925210E+07
 0.53405559827283E+07
 0.53405555858964E+07
 0.53405572857854E+07
 0.53405559205881E+07
 0.53405560997923E+07
 0.53405558293686E+07
 0.53405581112818E+07
 0.53405568179180E+07
 0.53405541155327E+07
 0.53405561492941E+07
 0.53405562821878E+07
 0.53405571772398E+07
 0.53405589717930E+07
 0.53405567286546E+07
 0.53405587527584E+07
 0.53405577904868E+07
 0.53405609860203E+07
 0.53405595083354E+07
 0.53405577942654E+07
 0.53405597280956E+07
 0.53405580573217E+07
 0.53405583036240E+07
 0.53405594408972E+07
 0.53405567075433E+07
 0.53405574475623E+07
 0.53405589615928E+07
 0.53405571443977E+07
 0.53405600964229E+07
 0.53405556706718E+07
 0.53405571798693E+07
 0.53405553176656E+07
 0.53405569376395E+07
 0.53405558000753E+07
 0.53405552758622E+07
 0.53405565952762E+07
 0.53405573357499E+07
 0.53405535123016E+07
 0.53405569540326E+07
 0.53405533321828E+07
 0.53405559600951E+07
 0.53405565024800E+07
 0.53405547769936E+07
 0.53405541811308E+07
 0.53405537466810E+07
 0.53405550673198E+07
 0.53405551510246E+07
 0.53405540434436E+07
 0.53405539770552E+07
 0.53405547038292E+07
 0.53405527661402E+07
 0.53405536652572E+07
 0.53405542439173E+07
 0.53405531404236E+07
 0.53405533973043E+07
 0.53405543204494E+07
 0.53405508111430E+07
 0.53405531131735E+07
 0.53405539361383E+07
 0.53405536764389E+07
 0.53405524526363E+07
 0.53405532424850E+07
 0.53405525309170E+07
 0.53405509634115E+07
 0.53405538697361E+07
 0.53405514664940E+07
 0.53405506040759E+07
 0.53405487760858E+07
 0.53405481822067E+07
 0.53405515186257E+07
 0.53405463521469E+07
 0.53405496884981E+07
 0.53405482998366E+07
 0.53405465751380E+07
 0.53405482229838E+07
 0.53405487666477E+07
 0.53405485486835E+07
 0.53405485893513E+07
 0.53405488212443E+07
