 0.11312761337694E+03
 0.11312761337693E+03
 0.11312761337676E+03
 0.11312761338642E+03
 0.11312761377878E+03
 0.11312761756219E+03
 0.11312763402502E+03
 0.11312767865643E+03
 0.11312776828854E+03
 0.11312791430251E+03
 0.11312811795231E+03
 0.11312836887728E+03
 0.11312864840845E+03
 0.11312892431694E+03
 0.11312915959861E+03
 0.11312932048828E+03
 0.11312934370038E+03
 0.11312919189851E+03
 0.11312882859406E+03
 0.11312817931004E+03
 0.11312200287041E+03
 0.11311929732000E+03
 0.11311609999236E+03
 0.11311236175760E+03
 0.11310802110827E+03
 0.11310306015329E+03
 0.11309741195845E+03
 0.11309101179782E+03
 0.11308387457854E+03
 0.11307592245706E+03
 0.11306707549951E+03
 0.11305731187850E+03
 0.11304658727529E+03
 0.11303479014193E+03
 0.11302191752809E+03
 0.11300780570808E+03
 0.11299262335593E+03
 0.11297597512463E+03
 0.11295798401014E+03
 0.11293865656995E+03
 0.11291776346244E+03
 0.11289531531917E+03
 0.11287148214033E+03
 0.11284564228347E+03
 0.11281819163065E+03
 0.11278875565968E+03
 0.11275745992425E+03
 0.11272419865975E+03
 0.11268891339087E+03
 0.11265130572267E+03
 0.11261169437369E+03
 0.11256978362150E+03
 0.11252554155779E+03
 0.11247910628102E+03
 0.11242934337145E+03
 0.11237758543729E+03
 0.11232327134429E+03
 0.11226647931074E+03
 0.11220635010432E+03
 0.11214304977451E+03
 0.11207731965597E+03
 0.11200840412673E+03
 0.11193631121934E+03
 0.11186072392093E+03
 0.11178209637727E+03
 0.11169993912216E+03
 0.11161312660215E+03
 0.11152469549019E+03
 0.11142937896084E+03
 0.11133331193535E+03
 0.11123023088358E+03
 0.11112459679399E+03
 0.11101193983235E+03
 0.11089699093558E+03
 0.11077696417784E+03
 0.11065121563304E+03
 0.11052031079950E+03
 0.11038369975956E+03
 0.11024033179514E+03
 0.11009398109527E+03
 0.10993710051265E+03
 0.10977469300682E+03
 0.10960768754749E+03
 0.10943088736776E+03
 0.10924595888878E+03
 0.10905175551697E+03
 0.10885136206522E+03
 0.10864118998911E+03
 0.10841855048421E+03
 0.10818858019264E+03
 0.10794822695514E+03
 0.10769219626289E+03
 0.10742919800647E+03
 0.10715139153749E+03
 0.10685888548950E+03
 0.10655018716266E+03
 0.10622902014177E+03
 0.10589072869277E+03
 0.10553508049124E+03
 0.10516048641765E+03
 0.10476559521791E+03
 0.10435121277136E+03
 0.10391503909667E+03
 0.10345179387039E+03
 0.10296482175796E+03
 0.10245105066084E+03
 0.10190848078190E+03
 0.10133241874127E+03
 0.10071821740411E+03
 0.10007478899185E+03
 0.99386049783067E+02
 0.98653406331384E+02
 0.97876518789302E+02
 0.97044518009445E+02
 0.96154977343069E+02
 0.95218808853991E+02
 0.94189248983162E+02
 0.93096408324426E+02
 0.91920381842273E+02
 0.90655304582110E+02
 0.89278810926730E+02
 0.87791078066689E+02
 0.86161701899543E+02
 0.84406504327132E+02
 0.82464941747093E+02
 0.80372143719534E+02
 0.78083686242877E+02
 0.75561594925416E+02
 0.72863491177788E+02
 0.70048216218046E+02
 0.67102979926043E+02
 0.64143252180188E+02
 0.61264677829218E+02
 0.58445347328790E+02
 0.55780954531623E+02
 0.53300187189257E+02
 0.50980268962890E+02
 0.48800054814602E+02
 0.46787130074528E+02
 0.44927495608358E+02
 0.43168661853773E+02
 0.41534626713601E+02
 0.40003825854146E+02
 0.38569902289644E+02
 0.37206077105250E+02
 0.35931422266058E+02
 0.34742493286945E+02
 0.33600498055821E+02
 0.32519838731753E+02
 0.31493786452063E+02
 0.30539919307952E+02
 0.29612367133427E+02
 0.28746428670357E+02
 0.27914369415290E+02
 0.27120213615406E+02
 0.26368224220073E+02
 0.25644869077347E+02
 0.24955524579385E+02
 0.24296584856011E+02
 0.23661171154053E+02
 0.23056820279917E+02
 0.22477466668694E+02
 0.21919754019457E+02
 0.21386583911807E+02
 0.20874445735303E+02
 0.20379089059639E+02
 0.19909233686306E+02
 0.19452030559297E+02
 0.19014316388559E+02
 0.18590815712157E+02
 0.18184809990231E+02
 0.17789333156396E+02
 0.17414269053819E+02
 0.17048091467257E+02
 0.16696562480491E+02
 0.16354847244220E+02
 0.16025422405473E+02
 0.15706464845830E+02
 0.15399172871177E+02
 0.15103125878643E+02
 0.14814924130813E+02
 0.14534501942502E+02
 0.14263549271533E+02
 0.14002187586068E+02
 0.13749113227237E+02
 0.13501750557295E+02
 0.13262352707414E+02
 0.13030419248290E+02
 0.12806346836358E+02
 0.12586918484612E+02
 0.12375510038613E+02
 0.12168492504668E+02
 0.11966834887155E+02
 0.11772030304083E+02
 0.11581997754969E+02
 0.11397188590452E+02
 0.11217166956599E+02
 0.11042648045332E+02
 0.10872072117033E+02
 0.10705352959428E+02
