 0.22012047225508E+01
 0.22012047225508E+01
 0.22012047225508E+01
 0.22012047225508E+01
 0.22012047225508E+01
 0.22012047225508E+01
 0.22012047225508E+01
 0.22012047225508E+01
 0.22012047225509E+01
 0.22012046921021E+01
 0.22012050888252E+01
 0.22012045357365E+01
 0.22012041451643E+01
 0.22012044430752E+01
 0.22012038045248E+01
 0.22012040697297E+01
 0.22012039230940E+01
 0.22012045719827E+01
 0.22012043316713E+01
 0.22012038525428E+01
 0.22012040699015E+01
 0.22012045662938E+01
 0.22012044163182E+01
 0.22012033875666E+01
 0.22012030981813E+01
 0.22012039863606E+01
 0.22012042708764E+01
 0.22012035302979E+01
 0.22012029815680E+01
 0.22012040043824E+01
 0.22012050676776E+01
 0.22012026826148E+01
 0.22012060974829E+01
 0.22012064226980E+01
 0.22012046213243E+01
 0.22012068371073E+01
 0.22012058700080E+01
 0.22012054223210E+01
 0.22012152812884E+01
 0.22012054857167E+01
 0.22012028951255E+01
 0.22012075172181E+01
 0.22012049026019E+01
 0.22012144246251E+01
 0.22012369461310E+01
 0.22012393332301E+01
 0.22012377284856E+01
 0.22012134804487E+01
 0.22012065465807E+01
 0.22012358223700E+01
 0.22012063182190E+01
 0.22012529228721E+01
 0.22012189155837E+01
 0.22012105557103E+01
 0.22012098575721E+01
 0.22012580191579E+01
 0.22011926119948E+01
 0.22012061816645E+01
 0.22012660564295E+01
 0.22012271294281E+01
 0.22012582626915E+01
 0.22012462204383E+01
 0.22011972579219E+01
 0.22012344273993E+01
 0.22011610182774E+01
 0.22012405835744E+01
 0.22012508439514E+01
 0.22011795366950E+01
 0.22012638324801E+01
 0.22012087531873E+01
 0.22012670084300E+01
 0.22012607380212E+01
 0.22012045692601E+01
 0.22012663967001E+01
 0.22011699175129E+01
 0.22012662828175E+01
 0.22012075120998E+01
 0.22011868130004E+01
 0.22011985903502E+01
 0.22012035805968E+01
 0.22012087540983E+01
 0.22012039484985E+01
 0.22012670469725E+01
 0.22012330206774E+01
 0.22011995491420E+01
 0.22012704270654E+01
 0.22012069079791E+01
 0.22011884347939E+01
 0.22012058457663E+01
 0.22012121932806E+01
 0.22012720356428E+01
 0.22012247656839E+01
 0.22012085466387E+01
 0.22012530206089E+01
 0.22011739636222E+01
 0.22012484501788E+01
 0.22012108999718E+01
 0.22012221271220E+01
 0.22012790876879E+01
 0.22012629911131E+01
 0.22011993655099E+01
 0.22012359901705E+01
 0.22012299671239E+01
 0.22012215485709E+01
 0.22013030561682E+01
 0.22012903258183E+01
 0.22013060162762E+01
 0.22012050429066E+01
 0.22012321403651E+01
 0.22012688510781E+01
 0.22013329812254E+01
 0.22012892783865E+01
 0.22013678844041E+01
 0.22013501907052E+01
 0.22013842510374E+01
 0.22013398772959E+01
 0.22013657229929E+01
 0.22013731159892E+01
 0.22013448186503E+01
 0.22014120115127E+01
 0.22014792645662E+01
 0.22014238390076E+01
 0.22014646956004E+01
 0.22015587199149E+01
 0.22015823397864E+01
 0.22015495011293E+01
 0.22015582359554E+01
 0.22016100610003E+01
 0.22017059018968E+01
 0.22017511711868E+01
 0.22017101639323E+01
 0.22017735350973E+01
 0.22018172325162E+01
 0.22018732076460E+01
 0.22019001944248E+01
 0.22019688259221E+01
 0.22020938235554E+01
 0.22020662846946E+01
 0.22021279271874E+01
 0.22022483788282E+01
 0.22022393903069E+01
 0.22023408909610E+01
 0.22024460057364E+01
 0.22024598638159E+01
 0.22024760432627E+01
 0.22026215264390E+01
 0.22026235969542E+01
 0.22026679640851E+01
 0.22027021817001E+01
 0.22027264344384E+01
 0.22027355022041E+01
 0.22028003839269E+01
 0.22028126179073E+01
 0.22028935101869E+01
 0.22028832632852E+01
 0.22029111407895E+01
 0.22029470039439E+01
 0.22029378240133E+01
 0.22028622068629E+01
 0.22028881777716E+01
 0.22028957050655E+01
 0.22028092065724E+01
 0.22028035564082E+01
 0.22027943772261E+01
 0.22027312030400E+01
 0.22026873459890E+01
 0.22026104044573E+01
 0.22025366967593E+01
 0.22024349973540E+01
 0.22024054673858E+01
 0.22022103149022E+01
 0.22021257602926E+01
 0.22019687571542E+01
 0.22018776979012E+01
 0.22016515699458E+01
 0.22015247379265E+01
 0.22013413487988E+01
 0.22012246453438E+01
 0.22009250978369E+01
 0.22006809089075E+01
 0.22004451286332E+01
 0.22001821132306E+01
 0.21998970859547E+01
 0.21997528214175E+01
 0.21994493277441E+01
 0.21990858890192E+01
 0.21988145876029E+01
 0.21983851546660E+01
 0.21980286403679E+01
 0.21976476529828E+01
 0.21973195634094E+01
 0.21968465996591E+01
 0.21964096360969E+01
 0.21960365928019E+01
 0.21955943463277E+01
 0.21949980565250E+01
 0.21946205508543E+01
 0.21940889782695E+01
 0.21935581171163E+01
 0.21929538179775E+01
 0.21924340140862E+01
 0.21917927690018E+01
 0.21912521132637E+01
 0.21905355772960E+01
 0.21900036522008E+01
 0.21892390106713E+01
 0.21886718792725E+01
 0.21878987363798E+01
 0.21871926538790E+01
 0.21864690518973E+01
 0.21857814131651E+01
 0.21848896505344E+01
 0.21841801730954E+01
 0.21833520150319E+01
 0.21824916696716E+01
 0.21816882771813E+01
 0.21808250907317E+01
 0.21799408217664E+01
 0.21791464276438E+01
 0.21781930385146E+01
 0.21772369912621E+01
 0.21764399886739E+01
 0.21753733432879E+01
 0.21744690449225E+01
 0.21733729385133E+01
 0.21724256588095E+01
 0.21713655121694E+01
 0.21702987074675E+01
 0.21693223954443E+01
 0.21682445416905E+01
 0.21672202137430E+01
 0.21660353449475E+01
 0.21649313073584E+01
 0.21638015810235E+01
 0.21625867838908E+01
 0.21615513563968E+01
 0.21603732787076E+01
 0.21589935008260E+01
 0.21579242747069E+01
 0.21566912300042E+01
 0.21553549537468E+01
 0.21542063595049E+01
 0.21528759882230E+01
 0.21515611110681E+01
 0.21503041302151E+01
 0.21490784236492E+01
 0.21476059448817E+01
 0.21462972098717E+01
 0.21449074371247E+01
 0.21436712459918E+01
 0.21422429361071E+01
 0.21408068132754E+01
 0.21394156233979E+01
 0.21380443844821E+01
 0.21367160771642E+01
 0.21352479790883E+01
 0.21337374434276E+01
 0.21322735086384E+01
 0.21307256899135E+01
 0.21293949199464E+01
 0.21278220403876E+01
 0.21263137368407E+01
 0.21248175374713E+01
 0.21233146955579E+01
 0.21218625355931E+01
 0.21202692687170E+01
 0.21187490551543E+01
 0.21170830544318E+01
 0.21155249317765E+01
 0.21139240793494E+01
 0.21123081893330E+01
 0.21107251405001E+01
 0.21091510110658E+01
 0.21074663119786E+01
 0.21060140837209E+01
 0.21043352018432E+01
 0.21026460429211E+01
 0.21009711512876E+01
 0.20993162837200E+01
 0.20976523970594E+01
 0.20959979290436E+01
 0.20944090871480E+01
 0.20926555651985E+01
 0.20909044054742E+01
 0.20892348666769E+01
 0.20875825780621E+01
 0.20859534847077E+01
 0.20841766975013E+01
 0.20825144192207E+01
 0.20807545181334E+01
 0.20788778587828E+01
 0.20772987139765E+01
 0.20754447596984E+01
 0.20738283069001E+01
 0.20718763838101E+01
 0.20702061741859E+01
 0.20685471327108E+01
 0.20666668351725E+01
 0.20648885376776E+01
 0.20631249058541E+01
