 0.13708380095672E+03
 0.13708380095668E+03
 0.13708380095628E+03
 0.13708380104278E+03
 0.13708380419564E+03
 0.13708383395743E+03
 0.13708396560561E+03
 0.13708433276320E+03
 0.13708509673953E+03
 0.13708640656966E+03
 0.13708837510282E+03
 0.13709107221545E+03
 0.13709452878159E+03
 0.13709874545754E+03
 0.13710369749093E+03
 0.13710934226689E+03
 0.13711562574157E+03
 0.13712248251781E+03
 0.13712984303342E+03
 0.13713763313611E+03
 0.13710579150718E+03
 0.13710386046816E+03
 0.13710161989396E+03
 0.13709906005423E+03
 0.13709617789112E+03
 0.13709297377325E+03
 0.13708945556032E+03
 0.13708563096698E+03
 0.13708151892001E+03
 0.13707714222147E+03
 0.13707252905054E+03
 0.13706770367767E+03
 0.13706270554713E+03
 0.13705757265354E+03
 0.13705233298493E+03
 0.13704703775367E+03
 0.13704172251308E+03
 0.13703643417675E+03
 0.13703120478894E+03
 0.13702607193683E+03
 0.13702109560331E+03
 0.13701628999843E+03
 0.13701169166028E+03
 0.13700733842062E+03
 0.13700326817776E+03
 0.13699949411258E+03
 0.13699603178355E+03
 0.13699291395942E+03
 0.13699016767956E+03
 0.13698780464192E+03
 0.13698583101543E+03
 0.13698427440897E+03
 0.13698314178350E+03
 0.13698244726652E+03
 0.13698222031814E+03
 0.13698246399671E+03
 0.13698319325453E+03
 0.13698444949247E+03
 0.13698622985163E+03
 0.13698855906034E+03
 0.13699154665545E+03
 0.13699511417211E+03
 0.13699936439938E+03
 0.13700438893786E+03
 0.13701015740778E+03
 0.13701685313340E+03
 0.13702445345308E+03
 0.13703301072665E+03
 0.13704279129694E+03
 0.13705373476495E+03
 0.13706612011439E+03
 0.13707996656188E+03
 0.13709535250283E+03
 0.13711270263070E+03
 0.13713193915483E+03
 0.13715342260140E+03
 0.13717729389408E+03
 0.13720388586409E+03
 0.13723316713684E+03
 0.13726583048385E+03
 0.13730189620959E+03
 0.13734177334291E+03
 0.13738573873681E+03
 0.13743427268136E+03
 0.13748796428216E+03
 0.13754687025012E+03
 0.13761158434218E+03
 0.13768292171089E+03
 0.13776115437455E+03
 0.13784715598690E+03
 0.13794092253323E+03
 0.13804365951670E+03
 0.13815639533017E+03
 0.13827978102629E+03
 0.13841405407150E+03
 0.13856044885018E+03
 0.13872118561804E+03
 0.13889567306016E+03
 0.13908624283407E+03
 0.13929382455510E+03
 0.13952066712588E+03
 0.13976696622401E+03
 0.14003511576292E+03
 0.14032774873543E+03
 0.14064696832287E+03
 0.14099421939194E+03
 0.14137122901549E+03
 0.14178489639883E+03
 0.14223462959427E+03
 0.14272361921034E+03
 0.14325678470387E+03
 0.14384031088233E+03
 0.14447704242201E+03
 0.14517413183761E+03
 0.14593866297283E+03
 0.14677351910853E+03
 0.14768799515337E+03
 0.14869262324172E+03
 0.14979865362405E+03
 0.15101297164132E+03
 0.15234922664289E+03
 0.15382031124080E+03
 0.15545066439872E+03
 0.15725226619165E+03
 0.15923777958925E+03
 0.16142840589676E+03
 0.16384938678687E+03
 0.16654284929594E+03
 0.16951781825668E+03
 0.17279932871944E+03
 0.17642719060814E+03
 0.18045127219730E+03
 0.18487304384399E+03
 0.18976745699594E+03
 0.19518625937052E+03
 0.20113096683688E+03
 0.20773126942192E+03
 0.21500335732638E+03
 0.22301806617542E+03
 0.23181724837974E+03
 0.24145583785116E+03
 0.25204848128685E+03
 0.26360537421208E+03
 0.27612695699494E+03
 0.28967107820641E+03
 0.30413777391108E+03
 0.31959496262465E+03
 0.33589722048934E+03
 0.35306025310740E+03
 0.37099081273626E+03
 0.38941653487428E+03
 0.40855913056743E+03
 0.42832614330201E+03
 0.44842452809707E+03
 0.46903647585497E+03
 0.48996918323483E+03
 0.51130607581492E+03
 0.53294769646537E+03
 0.55497912510342E+03
 0.57728332132025E+03
 0.59987519568946E+03
 0.62284452683969E+03
 0.64609682059876E+03
 0.66968657143923E+03
 0.69350488838081E+03
 0.71769919783411E+03
 0.74220441871586E+03
 0.76703587837848E+03
 0.79220868202579E+03
 0.81770691405438E+03
 0.84346258830335E+03
 0.86969804887734E+03
 0.89623967653490E+03
 0.92303853716180E+03
 0.95030042007488E+03
 0.97796451166889E+03
 0.10058371475021E+04
 0.10342253586407E+04
 0.10629399675122E+04
 0.10922057890749E+04
 0.11215659990927E+04
 0.11515481286109E+04
 0.11818182982459E+04
 0.12127568208263E+04
 0.12438931821299E+04
 0.12756326845717E+04
 0.13076168679129E+04
 0.13401664917874E+04
 0.13731670970858E+04
 0.14066630158853E+04
 0.14405689924882E+04
 0.14750993294152E+04
 0.15100893147768E+04
 0.15455481831448E+04
 0.15814749013378E+04
 0.16178356550868E+04
 0.16547994037908E+04
 0.16923912875052E+04
 0.17304799479656E+04
 0.17690384267088E+04
