 0.77828127914593E+07
 0.77828127914647E+07
 0.77828127915301E+07
 0.77828127918517E+07
 0.77828127940319E+07
 0.77828128089108E+07
 0.77828129398257E+07
 0.77828135132696E+07
 0.77828154248560E+07
 0.77828204369014E+07
 0.77828314347265E+07
 0.77828523523666E+07
 0.77828883628201E+07
 0.77829457174380E+07
 0.77830307449030E+07
 0.77831519138718E+07
 0.77833160622997E+07
 0.77835309937286E+07
 0.77838042121816E+07
 0.77841429569489E+07
 0.77845564921212E+07
 0.77850463848144E+07
 0.77856213205940E+07
 0.77862860395701E+07
 0.77870460114399E+07
 0.77879047147294E+07
 0.77888676277710E+07
 0.77899310533941E+07
 0.77910998626922E+07
 0.77923782953594E+07
 0.77937703474544E+07
 0.77952666179239E+07
 0.77968752580788E+07
 0.77985984503457E+07
 0.78004187698501E+07
 0.78023480164767E+07
 0.78043765532841E+07
 0.78065091986399E+07
 0.78087245418254E+07
 0.78110101714355E+07
 0.78133984681196E+07
 0.78158382684427E+07
 0.78183201967142E+07
 0.78208371529448E+07
 0.78233916878426E+07
 0.78259362692528E+07
 0.78284299559235E+07
 0.78308691467083E+07
 0.78332356353449E+07
 0.78354892583636E+07
 0.78375573292934E+07
 0.78394482774459E+07
 0.78410880047326E+07
 0.78424388268758E+07
 0.78434649372542E+07
 0.78440857102036E+07
 0.78442401652581E+07
 0.78439043676728E+07
 0.78429578508028E+07
 0.78413185606626E+07
 0.78390549094187E+07
 0.78358668893701E+07
 0.78317935776053E+07
 0.78268034455358E+07
 0.78206501218017E+07
 0.78134406299398E+07
 0.78049026880493E+07
 0.77948815235038E+07
 0.77834808014560E+07
 0.77704218956204E+07
 0.77557693771811E+07
 0.77392379287316E+07
 0.77206317351622E+07
 0.77001346523391E+07
 0.76772816432271E+07
 0.76521602481943E+07
 0.76245002617536E+07
 0.75942484864173E+07
 0.75610885388738E+07
 0.75250519006751E+07
 0.74858578561141E+07
 0.74433248788707E+07
 0.73973536200740E+07
 0.73476956866183E+07
 0.72941427581973E+07
 0.72365169674453E+07
 0.71745592382271E+07
 0.71080541735311E+07
 0.70367765843467E+07
 0.69604299592523E+07
 0.68788941506880E+07
 0.67917715837922E+07
 0.66985827224181E+07
 0.65990972100982E+07
 0.64932694287146E+07
 0.63807510485985E+07
 0.62603255611812E+07
 0.61325849674208E+07
 0.59965478082207E+07
 0.58519130022041E+07
 0.56975619265487E+07
 0.55340788425700E+07
 0.53603685093361E+07
 0.51750781633291E+07
 0.49776086942004E+07
 0.47680911023809E+07
 0.45459095325976E+07
 0.43074919097579E+07
 0.40542159072872E+07
 0.37854025957594E+07
 0.34992847552428E+07
 0.31928717327286E+07
 0.28662372727143E+07
 0.25168229488059E+07
 0.21423686793064E+07
 0.17449575170777E+07
 0.13223006672259E+07
 0.87422887193473E+06
 0.40301890753877E+06
-0.81572423893166E+05
-0.56517852050792E+06
-0.10303779749120E+07
-0.14630112922222E+07
-0.18458760795520E+07
-0.21726233059604E+07
-0.24462928347167E+07
-0.26711717511148E+07
-0.28540963898910E+07
-0.29959936157775E+07
-0.31014430547204E+07
-0.31761759929340E+07
-0.32248533269764E+07
-0.32496622490717E+07
-0.32556313164883E+07
-0.32456116401122E+07
-0.32215989756850E+07
-0.31868813518394E+07
-0.31428807700180E+07
-0.30914123749373E+07
-0.30339093576162E+07
-0.29716941576004E+07
-0.29058007778320E+07
-0.28371062930370E+07
-0.27663774922951E+07
-0.26942332111756E+07
-0.26213018578560E+07
-0.25478882019172E+07
-0.24745368215046E+07
-0.24014441940959E+07
-0.23288675809019E+07
-0.22573742152219E+07
-0.21867463291403E+07
-0.21171044133531E+07
-0.20489885544006E+07
-0.19821587534765E+07
-0.19169285981848E+07
-0.18532112170802E+07
-0.17911631077743E+07
-0.17306307242671E+07
-0.16718531348895E+07
-0.16148054203710E+07
-0.15593380559572E+07
-0.15055480892177E+07
-0.14534165390205E+07
-0.14030096319307E+07
-0.13541436705178E+07
-0.13068976441401E+07
-0.12612205853429E+07
-0.12170426073218E+07
-0.11744028502779E+07
-0.11332978871110E+07
-0.10934789932828E+07
-0.10551059195636E+07
-0.10182094273062E+07
-0.98251214951041E+06
-0.94806576009494E+06
-0.91502022944273E+06
-0.88303088496183E+06
-0.85226262501360E+06
-0.82250347978786E+06
-0.79408760327357E+06
-0.76653616144697E+06
-0.74009887542164E+06
-0.71446666745907E+06
-0.68995769773056E+06
-0.66622823699752E+06
-0.64351309223154E+06
-0.62157794066143E+06
-0.60048025873981E+06
-0.58013007058855E+06
-0.56058330839850E+06
-0.54170233444166E+06
-0.52352829471120E+06
-0.50605082207359E+06
-0.48923423014559E+06
-0.47310033709291E+06
-0.45751984157140E+06
-0.44247742677225E+06
-0.42801411156817E+06
-0.41411964769129E+06
-0.40071556134248E+06
-0.38783672760443E+06
-0.37536366134300E+06
-0.36341585771452E+06
-0.35184288042675E+06
-0.34078356297353E+06
-0.33006000192406E+06
-0.31973580314248E+06
-0.30979470282591E+06
-0.30024337445592E+06
-0.29100056305098E+06
-0.28210167929612E+06
-0.27348410227571E+06
-0.26524531834692E+06
-0.25728222217410E+06
-0.24958895484577E+06
-0.24218077593032E+06
-0.23502610408131E+06
-0.22815388480443E+06
-0.22149098671904E+06
-0.21507738208308E+06
-0.20887875910147E+06
-0.20287649771123E+06
-0.19712407642403E+06
-0.19153471904890E+06
-0.18618355246421E+06
-0.18100087140874E+06
-0.17599625315259E+06
-0.17114172218055E+06
-0.16647537134825E+06
-0.16198188250915E+06
-0.15760673378699E+06
-0.15339177084660E+06
-0.14932121839944E+06
-0.14536884181876E+06
-0.14158310909420E+06
-0.13790075327131E+06
-0.13435160016181E+06
-0.13089674824401E+06
-0.12757420775192E+06
-0.12436750171617E+06
-0.12124491712398E+06
-0.11824301865754E+06
-0.11532811127629E+06
-0.11250700633739E+06
-0.10978306329824E+06
-0.10712586813090E+06
-0.10456467121781E+06
-0.10209094394051E+06
-0.99680964927703E+05
-0.97363380267995E+05
-0.95102762678557E+05
-0.92922633436482E+05
-0.90803272144367E+05
-0.88746459699257E+05
-0.86763448066232E+05
-0.84822852292598E+05
-0.82949980062002E+05
-0.81146666998870E+05
-0.79374240978201E+05
-0.77671672208160E+05
-0.76003579461991E+05
-0.74389492859548E+05
-0.72835515046784E+05
-0.71315158089711E+05
-0.69841079315891E+05
-0.68406825168278E+05
-0.67009092442448E+05
-0.65665231491362E+05
-0.64349789193378E+05
-0.63073898528878E+05
-0.61835553989368E+05
-0.60623611584958E+05
-0.59449315633934E+05
-0.58310338186699E+05
-0.57200062350636E+05
-0.56115079354319E+05
-0.55075518568678E+05
-0.54046280468317E+05
-0.53047775071148E+05
-0.52080553581497E+05
-0.51134875953454E+05
-0.50215817391970E+05
-0.49319396785572E+05
-0.48450129470288E+05
-0.47595083298451E+05
-0.46771473288674E+05
-0.45965545238425E+05
-0.45181975346537E+05
-0.44413033431689E+05
-0.43660498168400E+05
-0.42937915455849E+05
-0.42224763246593E+05
-0.41528224726963E+05
-0.40852709359952E+05
-0.40187799896041E+05
-0.39542934995619E+05
-0.38912694292573E+05
-0.38297306355397E+05
-0.37697297857134E+05
