 0.53405578660231E+07
 0.53405578660231E+07
 0.53405578660231E+07
 0.53405578660231E+07
 0.53405578660231E+07
 0.53405578660231E+07
 0.53405578660231E+07
 0.53405578660231E+07
 0.53405578660231E+07
 0.53405578660231E+07
 0.53405578660232E+07
 0.53405578660234E+07
 0.53405578660238E+07
 0.53405578660235E+07
 0.53405578660229E+07
 0.53405578660228E+07
 0.53405578660221E+07
 0.53405578660210E+07
 0.53405578660193E+07
 0.53405578660168E+07
 0.53405578660177E+07
 0.53405578660124E+07
 0.53405578660078E+07
 0.53405578660014E+07
 0.53405578659951E+07
 0.53405578659910E+07
 0.53405578659975E+07
 0.53405578659799E+07
 0.53405578659554E+07
 0.53405578659374E+07
 0.53405578659362E+07
 0.53405578659060E+07
 0.53405578658965E+07
 0.53405578658907E+07
 0.53405578658377E+07
 0.53405578658121E+07
 0.53405578657532E+07
 0.53405578657869E+07
 0.53405578656696E+07
 0.53405578654698E+07
 0.53405578654657E+07
 0.53405578654460E+07
 0.53405578653710E+07
 0.53405578652119E+07
 0.53405578654567E+07
 0.53405578654180E+07
 0.53405578651242E+07
 0.53405578647008E+07
 0.53405578646334E+07
 0.53405578647180E+07
 0.53405578644028E+07
 0.53405578642213E+07
 0.53405578633249E+07
 0.53405578633524E+07
 0.53405578631271E+07
 0.53405578624312E+07
 0.53405578611242E+07
 0.53405578618410E+07
 0.53405578614030E+07
 0.53405578585942E+07
 0.53405578638996E+07
 0.53405578599953E+07
 0.53405578602861E+07
 0.53405578625756E+07
 0.53405578589149E+07
 0.53405578653443E+07
 0.53405578687520E+07
 0.53405578591675E+07
 0.53405578600965E+07
 0.53405578514905E+07
 0.53405578591004E+07
 0.53405578682569E+07
 0.53405578431562E+07
 0.53405578640876E+07
 0.53405578426810E+07
 0.53405578530993E+07
 0.53405578590041E+07
 0.53405578681234E+07
 0.53405578422871E+07
 0.53405578510383E+07
 0.53405578678690E+07
 0.53405578525900E+07
 0.53405578104173E+07
 0.53405578237921E+07
 0.53405578514943E+07
 0.53405578377226E+07
 0.53405578280178E+07
 0.53405578399966E+07
 0.53405578588555E+07
 0.53405579340724E+07
 0.53405578812449E+07
 0.53405578226752E+07
 0.53405578367485E+07
 0.53405579551973E+07
 0.53405578797272E+07
 0.53405577893965E+07
 0.53405579032439E+07
 0.53405578599078E+07
 0.53405578052657E+07
 0.53405578588888E+07
 0.53405579491639E+07
 0.53405578119414E+07
 0.53405578213552E+07
 0.53405578182158E+07
 0.53405579100731E+07
 0.53405579186556E+07
 0.53405579242172E+07
 0.53405581036165E+07
 0.53405582033360E+07
 0.53405579700551E+07
 0.53405577948352E+07
 0.53405576930134E+07
 0.53405576452025E+07
 0.53405577721042E+07
 0.53405577303765E+07
 0.53405576857389E+07
 0.53405576395339E+07
 0.53405575434201E+07
 0.53405575935452E+07
 0.53405577716057E+07
 0.53405579244596E+07
 0.53405576700267E+07
 0.53405579770036E+07
 0.53405586907638E+07
 0.53405584410363E+07
 0.53405580578615E+07
 0.53405573465461E+07
 0.53405577884101E+07
 0.53405570551179E+07
 0.53405573110279E+07
 0.53405569805628E+07
 0.53405576406633E+07
 0.53405568938301E+07
 0.53405565239092E+07
 0.53405571792263E+07
 0.53405557459072E+07
 0.53405572145031E+07
 0.53405581220765E+07
 0.53405578828326E+07
 0.53405577377325E+07
 0.53405573476292E+07
 0.53405576575664E+07
 0.53405579493095E+07
 0.53405575914852E+07
 0.53405582211523E+07
 0.53405564667006E+07
 0.53405573357912E+07
 0.53405562846271E+07
 0.53405560963684E+07
 0.53405569334507E+07
 0.53405551650896E+07
 0.53405556323611E+07
 0.53405563520257E+07
 0.53405565717326E+07
 0.53405584631759E+07
 0.53405565084077E+07
 0.53405576669852E+07
 0.53405568641219E+07
 0.53405576984985E+07
 0.53405565707647E+07
 0.53405560575609E+07
 0.53405561968939E+07
 0.53405549499842E+07
 0.53405567743851E+07
 0.53405555036938E+07
 0.53405549021908E+07
 0.53405551035838E+07
 0.53405549123464E+07
 0.53405565622034E+07
 0.53405552602690E+07
 0.53405548686326E+07
 0.53405556677460E+07
 0.53405561331391E+07
 0.53405555752898E+07
 0.53405549655686E+07
 0.53405566748346E+07
 0.53405542758915E+07
 0.53405551113184E+07
 0.53405554594668E+07
 0.53405576462964E+07
 0.53405554246186E+07
 0.53405543329558E+07
 0.53405526164441E+07
 0.53405562598559E+07
 0.53405541957367E+07
 0.53405548941136E+07
 0.53405532535037E+07
 0.53405538047199E+07
 0.53405537166719E+07
 0.53405545761281E+07
 0.53405525154047E+07
 0.53405536943889E+07
 0.53405548016962E+07
 0.53405552909926E+07
 0.53405543226161E+07
 0.53405523297717E+07
 0.53405522731240E+07
 0.53405534599218E+07
 0.53405543669092E+07
 0.53405517638607E+07
 0.53405538350519E+07
 0.53405515762556E+07
 0.53405524417413E+07
 0.53405510430202E+07
 0.53405533119020E+07
 0.53405503340795E+07
 0.53405516344461E+07
 0.53405519247950E+07
 0.53405526586425E+07
 0.53405505638865E+07
 0.53405509710035E+07
 0.53405513709760E+07
 0.53405541876275E+07
 0.53405521971488E+07
 0.53405526851610E+07
 0.53405530329442E+07
 0.53405518713124E+07
 0.53405521330287E+07
 0.53405521453208E+07
 0.53405527920944E+07
 0.53405516011284E+07
 0.53405524514206E+07
 0.53405553492860E+07
 0.53405550009962E+07
 0.53405565780425E+07
 0.53405552555938E+07
 0.53405554407097E+07
 0.53405551301319E+07
 0.53405574044443E+07
 0.53405561173910E+07
 0.53405533449197E+07
 0.53405554799838E+07
 0.53405555308685E+07
 0.53405564642836E+07
 0.53405582644860E+07
 0.53405560365592E+07
 0.53405580012086E+07
 0.53405570709958E+07
 0.53405601655936E+07
 0.53405587117832E+07
 0.53405570154330E+07
 0.53405589606974E+07
 0.53405573673138E+07
 0.53405575535518E+07
 0.53405585884692E+07
 0.53405559505937E+07
 0.53405564938089E+07
 0.53405581504271E+07
 0.53405564057509E+07
 0.53405593091368E+07
 0.53405547391520E+07
 0.53405563582643E+07
 0.53405544802481E+07
 0.53405561359125E+07
 0.53405549420973E+07
 0.53405544143476E+07
 0.53405558671578E+07
 0.53405563520503E+07
 0.53405525771558E+07
 0.53405559557700E+07
 0.53405525205357E+07
 0.53405550776146E+07
 0.53405558046947E+07
 0.53405537862312E+07
 0.53405532923024E+07
 0.53405527993574E+07
 0.53405540909937E+07
 0.53405540707280E+07
 0.53405528304650E+07
 0.53405531787338E+07
 0.53405537562701E+07
 0.53405513779451E+07
 0.53405525410963E+07
 0.53405534988082E+07
 0.53405520917322E+07
 0.53405521817069E+07
 0.53405535601691E+07
 0.53405494397083E+07
 0.53405520727509E+07
 0.53405527335622E+07
 0.53405526455424E+07
 0.53405515316362E+07
 0.53405522799418E+07
 0.53405514133624E+07
 0.53405502784862E+07
 0.53405529214936E+07
 0.53405501758487E+07
 0.53405489528532E+07
 0.53405471505210E+07
 0.53405468538587E+07
 0.53405504339649E+07
 0.53405451301182E+07
 0.53405485021621E+07
 0.53405471877117E+07
 0.53405454184538E+07
 0.53405473787875E+07
 0.53405472458589E+07
 0.53405471548156E+07
 0.53405475695829E+07
 0.53405476569070E+07
