 0.25955908804632E+10
 0.25957108867719E+10
 0.25959108782898E+10
 0.25961908750767E+10
 0.25965508759658E+10
 0.25969908781553E+10
 0.25975108684409E+10
 0.25981108744504E+10
 0.25987908512540E+10
 0.25995508450152E+10
 0.26003908398451E+10
 0.26013108301255E+10
 0.26023108280701E+10
 0.26033908300442E+10
 0.26045508254062E+10
 0.26057908285413E+10
 0.26071108276156E+10
 0.26085108453090E+10
 0.26099908597379E+10
 0.26115509233851E+10
 0.26131909755924E+10
 0.26149110574045E+10
 0.26167111915249E+10
 0.26185913416254E+10
 0.26205515636322E+10
 0.26225918306124E+10
 0.26247121384055E+10
 0.26269125492936E+10
 0.26291930271482E+10
 0.26315536196154E+10
 0.26339942055143E+10
 0.26365149757437E+10
 0.26391158504849E+10
 0.26417967607844E+10
 0.26445579018776E+10
 0.26473989754459E+10
 0.26503200469051E+10
 0.26533213124321E+10
 0.26564025152969E+10
 0.26595638530696E+10
 0.26628050386778E+10
 0.26661261614773E+10
 0.26695271496075E+10
 0.26730079731239E+10
 0.26765685736711E+10
 0.26802088987399E+10
 0.26839287593932E+10
 0.26877280851059E+10
 0.26916068161121E+10
 0.26955649021784E+10
 0.26996019547706E+10
 0.27037181576398E+10
 0.27079131046434E+10
 0.27121868022724E+10
 0.27165389703887E+10
 0.27209693469941E+10
 0.27254777681727E+10
 0.27300641425700E+10
 0.27347280800179E+10
 0.27394689140574E+10
 0.27442874929181E+10
 0.27491820586629E+10
 0.27541532175794E+10
 0.27592003767056E+10
 0.27643234843473E+10
 0.27695216581619E+10
 0.27747945226405E+10
 0.27801417958650E+10
 0.27855637535591E+10
 0.27910588219262E+10
 0.27966264262383E+10
 0.28022662144001E+10
 0.28079783070972E+10
 0.28137626786163E+10
 0.28196172692844E+10
 0.28255426138219E+10
 0.28315368515932E+10
 0.28376014851326E+10
 0.28437352353159E+10
 0.28499342993062E+10
 0.28562024791333E+10
 0.28625371006242E+10
 0.28689362640041E+10
 0.28754011344438E+10
 0.28819300254624E+10
 0.28885213127093E+10
 0.28951778053911E+10
 0.29018955576993E+10
 0.29086748431883E+10
 0.29155104282203E+10
 0.29224085425078E+10
 0.29293633611908E+10
 0.29363769007152E+10
 0.29434460473814E+10
 0.29505737804477E+10
 0.29577575763544E+10
 0.29649861887809E+10
 0.29722729510768E+10
 0.29796102636859E+10
 0.29869934500430E+10
 0.29944327436277E+10
 0.30019153442713E+10
 0.30094473975127E+10
 0.30170215660050E+10
 0.30246422273682E+10
 0.30323061406301E+10
 0.30400011965621E+10
 0.30477490729116E+10
 0.30555237207376E+10
 0.30633438703661E+10
 0.30711922313484E+10
 0.30790837330693E+10
 0.30869971329832E+10
 0.30949444265204E+10
 0.31029064184905E+10
 0.31109115598961E+10
 0.31189282891875E+10
 0.31269677221075E+10
 0.31350300064092E+10
 0.31431023951888E+10
 0.31511856694744E+10
 0.31592879327152E+10
 0.31673980904604E+10
 0.31755076103645E+10
 0.31836232504318E+10
 0.31917365217013E+10
 0.31998474304288E+10
 0.32079496791368E+10
 0.32160342736730E+10
 0.32241121171739E+10
 0.32321608903428E+10
 0.32401961392626E+10
 0.32481976037950E+10
 0.32561792486676E+10
 0.32641211143240E+10
 0.32720316560269E+10
 0.32798762965494E+10
 0.32876876757048E+10
 0.32954547197605E+10
 0.33031661741550E+10
 0.33108257592349E+10
 0.33184385738930E+10
 0.33260087234588E+10
 0.33335187339411E+10
 0.33409878634361E+10
 0.33484403050481E+10
 0.33558724199435E+10
 0.33632951033051E+10
 0.33707206878207E+10
 0.33781915563429E+10
 0.33857285806742E+10
 0.33933455750322E+10
 0.34010828378752E+10
 0.34089407559182E+10
 0.34169808250469E+10
 0.34251700118510E+10
 0.34335713786100E+10
 0.34421701850346E+10
 0.34509692984578E+10
 0.34599664502953E+10
 0.34691526315133E+10
 0.34785286971628E+10
 0.34880768036892E+10
 0.34978030904026E+10
 0.35076906202319E+10
 0.35177579893658E+10
 0.35279686504885E+10
 0.35383530990103E+10
 0.35488782934469E+10
 0.35595637085018E+10
 0.35704077552385E+10
 0.35813828433268E+10
 0.35925317866153E+10
 0.36038076490036E+10
 0.36152110923924E+10
 0.36267823538464E+10
 0.36384722213186E+10
 0.36502984446178E+10
 0.36622740256659E+10
 0.36743721698836E+10
 0.36865906328674E+10
 0.36989383972996E+10
 0.37114022237911E+10
 0.37239961380521E+10
 0.37367095659511E+10
 0.37495506656335E+10
 0.37624918002642E+10
 0.37755468518670E+10
 0.37887249646266E+10
 0.38020250519234E+10
 0.38154124669153E+10
 0.38289230777717E+10
 0.38425438344148E+10
 0.38562641105088E+10
 0.38700935760636E+10
 0.38840326169839E+10
 0.38980681820336E+10
 0.39122093139062E+10
 0.39264443925312E+10
 0.39408013885978E+10
 0.39552431754650E+10
 0.39697825264726E+10
 0.39844350739380E+10
 0.39991787717393E+10
 0.40140253457863E+10
 0.40289649797339E+10
 0.40440060019068E+10
 0.40591380186748E+10
 0.40743660499878E+10
 0.40897002555265E+10
 0.41051227622650E+10
 0.41206343626327E+10
 0.41362513354795E+10
 0.41519516028938E+10
 0.41677589973753E+10
 0.41836459186894E+10
 0.41996290850408E+10
 0.42157097106559E+10
 0.42318716042704E+10
 0.42481386872278E+10
 0.42644927030582E+10
 0.42809338014913E+10
 0.42974707771846E+10
 0.43140960267635E+10
 0.43308205235824E+10
 0.43476285010145E+10
 0.43645255587027E+10
 0.43815097310841E+10
 0.43985868490133E+10
 0.44157648841525E+10
 0.44330226580514E+10
 0.44503678583207E+10
 0.44678100722750E+10
 0.44853287036800E+10
 0.45029477310111E+10
 0.45206510577599E+10
 0.45384434651353E+10
 0.45563192211529E+10
 0.45742785011922E+10
 0.45923433166649E+10
 0.46104871385778E+10
 0.46287209320108E+10
 0.46470359909860E+10
 0.46654482917730E+10
 0.46839380628592E+10
 0.47025209743611E+10
 0.47211942043261E+10
 0.47399471111607E+10
 0.47587818247711E+10
 0.47777203077350E+10
 0.47967357297123E+10
 0.48158374977049E+10
 0.48350246967572E+10
 0.48543002906712E+10
 0.48736699043381E+10
 0.48931069276534E+10
 0.49126499835886E+10
 0.49322696164645E+10
 0.49519764737521E+10
 0.49717692347678E+10
 0.49916463752555E+10
 0.50116104635330E+10
 0.50316654809574E+10
 0.50517995327336E+10
 0.50720151344521E+10
 0.50923270839929E+10
 0.51127227685947E+10
 0.51332050082705E+10
 0.51537647041092E+10
 0.51744126719430E+10
 0.51951424485614E+10
 0.52159641404027E+10
 0.52368670033727E+10
 0.52578555484079E+10
 0.52789259231995E+10
 0.53000870553865E+10
 0.53213302633684E+10
 0.53426616467868E+10
 0.53640785350849E+10
 0.53855706729202E+10
 0.54071619144787E+10
 0.54288306545200E+10
 0.54505754148222E+10
 0.54724150541562E+10
 0.54943389234518E+10
 0.55163479911355E+10
 0.55384287035809E+10
 0.55606117793035E+10
 0.55828735145583E+10
 0.56052142133160E+10
 0.56276434069267E+10
 0.56501529315111E+10
 0.56727533379028E+10
 0.56954265343420E+10
 0.57181978582705E+10
 0.57410416014100E+10
 0.57639779039626E+10
 0.57869960055432E+10
 0.58100914626604E+10
 0.58332806144031E+10
