 0.53405578660231E+07
 0.53405578660231E+07
 0.53405578660231E+07
 0.53405578660231E+07
 0.53405578660231E+07
 0.53405578660231E+07
 0.53405578660231E+07
 0.53405578660231E+07
 0.53405578660231E+07
 0.53405578660231E+07
 0.53405578660232E+07
 0.53405578660234E+07
 0.53405578660238E+07
 0.53405578660235E+07
 0.53405578660229E+07
 0.53405578660228E+07
 0.53405578660221E+07
 0.53405578660210E+07
 0.53405578660193E+07
 0.53405578660168E+07
 0.53405578660177E+07
 0.53405578660124E+07
 0.53405578660078E+07
 0.53405578660014E+07
 0.53405578659952E+07
 0.53405578659910E+07
 0.53405578659975E+07
 0.53405578659798E+07
 0.53405578659555E+07
 0.53405578659379E+07
 0.53405578659365E+07
 0.53405578659060E+07
 0.53405578658970E+07
 0.53405578658910E+07
 0.53405578658390E+07
 0.53405578658125E+07
 0.53405578657549E+07
 0.53405578657884E+07
 0.53405578656721E+07
 0.53405578654723E+07
 0.53405578654692E+07
 0.53405578654502E+07
 0.53405578653765E+07
 0.53405578652166E+07
 0.53405578654606E+07
 0.53405578654212E+07
 0.53405578651260E+07
 0.53405578646997E+07
 0.53405578646314E+07
 0.53405578647098E+07
 0.53405578643881E+07
 0.53405578641988E+07
 0.53405578632904E+07
 0.53405578633027E+07
 0.53405578630612E+07
 0.53405578623393E+07
 0.53405578610063E+07
 0.53405578616890E+07
 0.53405578612126E+07
 0.53405578583538E+07
 0.53405578636065E+07
 0.53405578596293E+07
 0.53405578598413E+07
 0.53405578620518E+07
 0.53405578582867E+07
 0.53405578646016E+07
 0.53405578678807E+07
 0.53405578581469E+07
 0.53405578589165E+07
 0.53405578501112E+07
 0.53405578575386E+07
 0.53405578664470E+07
 0.53405578411069E+07
 0.53405578617490E+07
 0.53405578400302E+07
 0.53405578500758E+07
 0.53405578556024E+07
 0.53405578643245E+07
 0.53405578380682E+07
 0.53405578463196E+07
 0.53405578626302E+07
 0.53405578467419E+07
 0.53405578039551E+07
 0.53405578166248E+07
 0.53405578435572E+07
 0.53405578290518E+07
 0.53405578184809E+07
 0.53405578295703E+07
 0.53405578474909E+07
 0.53405579215919E+07
 0.53405578675802E+07
 0.53405578078746E+07
 0.53405578204892E+07
 0.53405579375428E+07
 0.53405578607227E+07
 0.53405577687649E+07
 0.53405578808946E+07
 0.53405578357763E+07
 0.53405577794133E+07
 0.53405578307655E+07
 0.53405579189879E+07
 0.53405577794022E+07
 0.53405577862078E+07
 0.53405577803829E+07
 0.53405578695805E+07
 0.53405578753510E+07
 0.53405578775111E+07
 0.53405580536667E+07
 0.53405581497433E+07
 0.53405579123481E+07
 0.53405577327320E+07
 0.53405576259844E+07
 0.53405575734376E+07
 0.53405576946791E+07
 0.53405576474490E+07
 0.53405575964419E+07
 0.53405575439848E+07
 0.53405574426895E+07
 0.53405574876802E+07
 0.53405576602630E+07
 0.53405578082470E+07
 0.53405575501377E+07
 0.53405578524104E+07
 0.53405585621748E+07
 0.53405583083263E+07
 0.53405579212461E+07
 0.53405572077944E+07
 0.53405576449669E+07
 0.53405569074591E+07
 0.53405571615419E+07
 0.53405568278661E+07
 0.53405574862960E+07
 0.53405567354648E+07
 0.53405563607424E+07
 0.53405570144713E+07
 0.53405555766617E+07
 0.53405570435458E+07
 0.53405579484028E+07
 0.53405577023923E+07
 0.53405575554916E+07
 0.53405571642473E+07
 0.53405574695303E+07
 0.53405577581015E+07
 0.53405573974723E+07
 0.53405580242036E+07
 0.53405562640525E+07
 0.53405571319922E+07
 0.53405560785844E+07
 0.53405558811529E+07
 0.53405567196314E+07
 0.53405549430310E+07
 0.53405554087293E+07
 0.53405561237980E+07
 0.53405563439623E+07
 0.53405582282256E+07
 0.53405562665476E+07
 0.53405574257085E+07
 0.53405566206876E+07
 0.53405574546732E+07
 0.53405563192017E+07
 0.53405557985223E+07
 0.53405559412140E+07
 0.53405546799718E+07
 0.53405565036766E+07
 0.53405552408153E+07
 0.53405546266174E+07
 0.53405548261666E+07
 0.53405546192563E+07
 0.53405562789939E+07
 0.53405549713614E+07
 0.53405545784543E+07
 0.53405553703114E+07
 0.53405558356962E+07
 0.53405552671137E+07
 0.53405546546383E+07
 0.53405563631230E+07
 0.53405539513718E+07
 0.53405547879557E+07
 0.53405551342345E+07
 0.53405573266603E+07
 0.53405550910583E+07
 0.53405539840362E+07
 0.53405522812692E+07
 0.53405559110704E+07
 0.53405538287054E+07
 0.53405545382595E+07
 0.53405528906784E+07
 0.53405534526567E+07
 0.53405533501011E+07
 0.53405542227535E+07
 0.53405521225760E+07
 0.53405532929974E+07
 0.53405544441629E+07
 0.53405549082818E+07
 0.53405539454302E+07
 0.53405519017609E+07
 0.53405518851706E+07
 0.53405529871471E+07
 0.53405539493079E+07
 0.53405513330468E+07
 0.53405534140103E+07
 0.53405511652034E+07
 0.53405520360992E+07
 0.53405506178625E+07
 0.53405529069796E+07
 0.53405499165266E+07
 0.53405512077659E+07
 0.53405514906918E+07
 0.53405522273077E+07
 0.53405501188876E+07
 0.53405505057327E+07
 0.53405509410376E+07
 0.53405537245470E+07
 0.53405517000762E+07
 0.53405521863440E+07
 0.53405525658210E+07
 0.53405513813034E+07
 0.53405516880125E+07
 0.53405516135738E+07
 0.53405522859747E+07
 0.53405511116668E+07
 0.53405519239135E+07
 0.53405547939200E+07
 0.53405543779869E+07
 0.53405560366454E+07
 0.53405546984832E+07
 0.53405548736927E+07
 0.53405546113939E+07
 0.53405568666234E+07
 0.53405555826814E+07
 0.53405528476837E+07
 0.53405548850172E+07
 0.53405550057717E+07
 0.53405559328710E+07
 0.53405576584741E+07
 0.53405553761765E+07
 0.53405573858075E+07
 0.53405564908656E+07
 0.53405595366547E+07
 0.53405581399713E+07
 0.53405564894987E+07
 0.53405583199744E+07
 0.53405566655418E+07
 0.53405569268877E+07
 0.53405581190849E+07
 0.53405553760233E+07
 0.53405559661796E+07
 0.53405575503816E+07
 0.53405556927931E+07
 0.53405585776049E+07
 0.53405541607797E+07
 0.53405557105589E+07
 0.53405537340446E+07
 0.53405553854325E+07
 0.53405541740650E+07
 0.53405536819755E+07
 0.53405551588172E+07
 0.53405557189438E+07
 0.53405517484705E+07
 0.53405553108713E+07
 0.53405517965146E+07
 0.53405543725980E+07
 0.53405551603045E+07
 0.53405529320727E+07
 0.53405525908644E+07
 0.53405520796703E+07
 0.53405533041665E+07
 0.53405537237816E+07
 0.53405522222295E+07
 0.53405523437201E+07
 0.53405529677436E+07
 0.53405508707973E+07
 0.53405516212423E+07
 0.53405525391271E+07
 0.53405513349127E+07
 0.53405513188944E+07
 0.53405524732139E+07
 0.53405489365241E+07
 0.53405511744085E+07
 0.53405519352048E+07
 0.53405516108899E+07
 0.53405503649506E+07
 0.53405512133400E+07
 0.53405507493342E+07
 0.53405491433950E+07
 0.53405519924002E+07
 0.53405492431329E+07
 0.53405480413049E+07
 0.53405466313488E+07
 0.53405461663396E+07
 0.53405495526818E+07
 0.53405443242267E+07
 0.53405476920301E+07
 0.53405462042025E+07
 0.53405444272550E+07
 0.53405463783833E+07
 0.53405465526887E+07
 0.53405460422719E+07
 0.53405465074674E+07
 0.53405464621523E+07
