 0.20942673356029E+01
 0.20942673356029E+01
 0.20942673356029E+01
 0.20942673356029E+01
 0.20942673356029E+01
 0.20942673311248E+01
 0.20942673131905E+01
 0.20942674048933E+01
 0.20942674448854E+01
 0.20942670094657E+01
 0.20942738681973E+01
 0.20942635301884E+01
 0.20942613916057E+01
 0.20942647413533E+01
 0.20942680905648E+01
 0.20942728602509E+01
 0.20942556058032E+01
 0.20942625358156E+01
 0.20942626417376E+01
 0.20942673552094E+01
 0.20942668165682E+01
 0.20942569884417E+01
 0.20942666534525E+01
 0.20942660772226E+01
 0.20942650779648E+01
 0.20942611595688E+01
 0.20942615008362E+01
 0.20942656938210E+01
 0.20942685461936E+01
 0.20942483529843E+01
 0.20942554778034E+01
 0.20942520903116E+01
 0.20942610717974E+01
 0.20942215712974E+01
 0.20942775139505E+01
 0.20942373719132E+01
 0.20942576144690E+01
 0.20942403931550E+01
 0.20942088104359E+01
 0.20942573089402E+01
 0.20942062419126E+01
 0.20942000413216E+01
 0.20942630862193E+01
 0.20941876857337E+01
 0.20942343649271E+01
 0.20942324690829E+01
 0.20942392532204E+01
 0.20942431232274E+01
 0.20942446118558E+01
 0.20942263667956E+01
 0.20942387148456E+01
 0.20941962372523E+01
 0.20941716119803E+01
 0.20941668192964E+01
 0.20942013026518E+01
 0.20941947025319E+01
 0.20941823835130E+01
 0.20941814747640E+01
 0.20941079598628E+01
 0.20941064981019E+01
 0.20941623854674E+01
 0.20940799684128E+01
 0.20939740143061E+01
 0.20940529827144E+01
 0.20939956009764E+01
 0.20939853915184E+01
 0.20939277027556E+01
 0.20938777314229E+01
 0.20938290260046E+01
 0.20939253173199E+01
 0.20937341783621E+01
 0.20937337327528E+01
 0.20936185700145E+01
 0.20934293838123E+01
 0.20933700996439E+01
 0.20932364384762E+01
 0.20931824749942E+01
 0.20931666806976E+01
 0.20929307571297E+01
 0.20928413092182E+01
 0.20926113967816E+01
 0.20924756915269E+01
 0.20923829677501E+01
 0.20920725573672E+01
 0.20920565425755E+01
 0.20916402036935E+01
 0.20915280073581E+01
 0.20912879999243E+01
 0.20909642996254E+01
 0.20906041415380E+01
 0.20902714088502E+01
 0.20897076753436E+01
 0.20894078065522E+01
 0.20889154182214E+01
 0.20884795187144E+01
 0.20879825502214E+01
 0.20873475072192E+01
 0.20868793373981E+01
 0.20862687879980E+01
 0.20857840884758E+01
 0.20850915311403E+01
 0.20843056460580E+01
 0.20835726385974E+01
 0.20826693559545E+01
 0.20819615352979E+01
 0.20809456695631E+01
 0.20800228379589E+01
 0.20790978175730E+01
 0.20780145096824E+01
 0.20769399573565E+01
 0.20759836971344E+01
 0.20745687908420E+01
 0.20734157329980E+01
 0.20723174028618E+01
 0.20708018488789E+01
 0.20694611314497E+01
 0.20680271956450E+01
 0.20666793501318E+01
 0.20651441393327E+01
 0.20634815566565E+01
 0.20619258822360E+01
 0.20603481234868E+01
 0.20584366900185E+01
 0.20568345200853E+01
 0.20548561614399E+01
 0.20530372381484E+01
 0.20510545066204E+01
 0.20491143773496E+01
 0.20472037111125E+01
 0.20449834111576E+01
 0.20430471394447E+01
 0.20407751671977E+01
 0.20385807201967E+01
 0.20365580396400E+01
 0.20340801065156E+01
 0.20318689330676E+01
 0.20294485898059E+01
 0.20269915273518E+01
 0.20245493193593E+01
 0.20222748234179E+01
 0.20195195753307E+01
 0.20169430131863E+01
 0.20143595619497E+01
 0.20116530887946E+01
 0.20090553073245E+01
 0.20062979218185E+01
 0.20032525962343E+01
 0.20005875030685E+01
 0.19973768322608E+01
 0.19944217271548E+01
 0.19914882078027E+01
 0.19880831231265E+01
 0.19849375997570E+01
 0.19818244429825E+01
 0.19783754939781E+01
 0.19749422761332E+01
 0.19716379010387E+01
 0.19683255771075E+01
 0.19646519598211E+01
 0.19609325544456E+01
 0.19574441960721E+01
 0.19538245512210E+01
 0.19502348002800E+01
 0.19462076329690E+01
 0.19427380718980E+01
 0.19386611301333E+01
 0.19350394008537E+01
 0.19309243350931E+01
 0.19269501856543E+01
 0.19229094854627E+01
 0.19191130488959E+01
 0.19147859805130E+01
 0.19106909297668E+01
 0.19067502794807E+01
 0.19025684797899E+01
 0.18981461362616E+01
 0.18938255000206E+01
 0.18894871827569E+01
 0.18852019983420E+01
 0.18808724369638E+01
 0.18765308765666E+01
 0.18719648678678E+01
 0.18677813833272E+01
 0.18630958692059E+01
 0.18588467572643E+01
 0.18539507123440E+01
 0.18495213200617E+01
 0.18449292078716E+01
 0.18403156057873E+01
 0.18357555275307E+01
 0.18313142721126E+01
 0.18264586040857E+01
 0.18218612186336E+01
 0.18168905427951E+01
 0.18124904648381E+01
 0.18077322569312E+01
 0.18027459757112E+01
 0.17979228847080E+01
 0.17931496203775E+01
 0.17883703627396E+01
