 0.35172283106890E+01
 0.35172283106890E+01
 0.35172283106890E+01
 0.35172283106890E+01
 0.35172283106890E+01
 0.35172283106890E+01
 0.35172283106890E+01
 0.35172283106890E+01
 0.35172283106890E+01
 0.35172283219305E+01
 0.35172277795404E+01
 0.35172285559806E+01
 0.35172286448131E+01
 0.35172285003888E+01
 0.35172283564830E+01
 0.35172279028846E+01
 0.35172289676696E+01
 0.35172285737735E+01
 0.35172286618328E+01
 0.35172283635165E+01
 0.35172283680580E+01
 0.35172289200544E+01
 0.35172283541177E+01
 0.35172283788967E+01
 0.35172285138369E+01
 0.35172287092156E+01
 0.35172287148395E+01
 0.35172283027690E+01
 0.35172281483569E+01
 0.35172293346959E+01
 0.35172288372008E+01
 0.35172289387525E+01
 0.35172285257614E+01
 0.35172422419206E+01
 0.35172271912343E+01
 0.35172343333425E+01
 0.35172287329731E+01
 0.35172327146681E+01
 0.35172472450585E+01
 0.35172282975334E+01
 0.35172472352310E+01
 0.35172500041707E+01
 0.35172281935990E+01
 0.35172573491535E+01
 0.35172331513080E+01
 0.35172332619955E+01
 0.35172287118747E+01
 0.35172285325524E+01
 0.35173071633612E+01
 0.35172952050467E+01
 0.35173106080870E+01
 0.35172418573769E+01
 0.35172506253541E+01
 0.35172667496501E+01
 0.35173013505618E+01
 0.35173036955419E+01
 0.35173019520453E+01
 0.35172290349796E+01
 0.35172676941796E+01
 0.35172807748493E+01
 0.35172256178524E+01
 0.35173038947961E+01
 0.35172629926813E+01
 0.35173133400905E+01
 0.35172467870263E+01
 0.35173072504673E+01
 0.35173059599846E+01
 0.35172900270064E+01
 0.35172021250684E+01
 0.35172088504084E+01
 0.35173095877571E+01
 0.35172271144014E+01
 0.35172370900691E+01
 0.35172601786708E+01
 0.35171998813864E+01
 0.35172491167258E+01
 0.35172806893506E+01
 0.35172306859780E+01
 0.35172760498482E+01
 0.35173031404216E+01
 0.35172477368693E+01
 0.35173066494377E+01
 0.35172252661449E+01
 0.35172329716944E+01
 0.35171880547305E+01
 0.35172565180736E+01
 0.35171563696896E+01
 0.35172096965221E+01
 0.35171987460699E+01
 0.35172652998678E+01
 0.35171749734840E+01
 0.35172978636717E+01
 0.35171869821087E+01
 0.35172189917747E+01
 0.35172035575716E+01
 0.35172899980494E+01
 0.35172189395930E+01
 0.35171399674253E+01
 0.35171995500370E+01
 0.35172797882413E+01
 0.35172852903400E+01
 0.35172475618303E+01
 0.35172291136612E+01
 0.35171974884700E+01
 0.35172201991585E+01
 0.35172329147868E+01
 0.35171354143409E+01
 0.35172112332617E+01
 0.35172039220852E+01
 0.35171959752378E+01
 0.35171933866007E+01
 0.35171398710347E+01
 0.35172614517901E+01
 0.35172074838863E+01
 0.35172362351648E+01
 0.35172490185533E+01
 0.35171977330183E+01
 0.35172022082238E+01
 0.35171622064546E+01
 0.35172566920223E+01
 0.35173008380984E+01
 0.35172970599323E+01
 0.35172253607762E+01
 0.35172927995039E+01
 0.35172596450588E+01
 0.35172746377334E+01
 0.35172821451158E+01
 0.35172575580982E+01
 0.35173268612086E+01
 0.35173685003012E+01
 0.35173016293395E+01
 0.35173971130980E+01
 0.35174465753381E+01
 0.35173517497841E+01
 0.35174702882135E+01
 0.35173881724164E+01
 0.35174497288157E+01
 0.35174607999231E+01
 0.35175124498460E+01
 0.35176243887019E+01
 0.35175678719061E+01
 0.35175559302016E+01
 0.35175850355895E+01
 0.35176308475036E+01
 0.35177053585499E+01
 0.35177282205865E+01
 0.35177607711423E+01
 0.35177262455344E+01
 0.35178615322736E+01
 0.35178013655679E+01
 0.35178278914025E+01
 0.35177187557588E+01
 0.35177943025212E+01
 0.35177787164986E+01
 0.35177039247234E+01
 0.35176521575651E+01
 0.35176723982679E+01
 0.35175230006709E+01
 0.35174312328039E+01
 0.35174257483671E+01
 0.35172258542427E+01
 0.35171345910156E+01
 0.35169501852407E+01
 0.35168494345453E+01
 0.35166822495062E+01
 0.35165088399669E+01
 0.35163940970746E+01
 0.35161298531634E+01
 0.35159166532057E+01
 0.35156182954934E+01
 0.35154433777247E+01
 0.35152456777131E+01
 0.35148700808263E+01
 0.35145698064678E+01
 0.35142395872028E+01
 0.35138635464331E+01
 0.35135849987765E+01
 0.35131004582396E+01
 0.35128251253087E+01
 0.35124026536753E+01
 0.35118800125041E+01
 0.35113671178478E+01
 0.35109623474581E+01
 0.35103554256027E+01
 0.35099075645313E+01
 0.35091883678196E+01
 0.35086484887441E+01
 0.35080176845641E+01
 0.35073988644718E+01
 0.35068378373677E+01
 0.35060718167368E+01
 0.35053874201323E+01
 0.35045741876339E+01
 0.35038141184493E+01
 0.35030196070978E+01
 0.35021603684152E+01
 0.35015027035555E+01
 0.35006466556786E+01
 0.34996645765430E+01
 0.34987859072745E+01
