 0.77828127914593E+07
 0.77828127914647E+07
 0.77828127915301E+07
 0.77828127918517E+07
 0.77828127940319E+07
 0.77828128089209E+07
 0.77828129397951E+07
 0.77828135133244E+07
 0.77828154249118E+07
 0.77828204370182E+07
 0.77828314347992E+07
 0.77828523521276E+07
 0.77828883600555E+07
 0.77829456679972E+07
 0.77830305372458E+07
 0.77831511905440E+07
 0.77833139067253E+07
 0.77835252954555E+07
 0.77837905152307E+07
 0.77841126887664E+07
 0.77844941363150E+07
 0.77849257822432E+07
 0.77854002573083E+07
 0.77858994030518E+07
 0.77863972215234E+07
 0.77868550478431E+07
 0.77872237247740E+07
 0.77874302480464E+07
 0.77873936917254E+07
 0.77870130653957E+07
 0.77861673926750E+07
 0.77846993372053E+07
 0.77823899413793E+07
 0.77791365571451E+07
 0.77746558192547E+07
 0.77687001157870E+07
 0.77609796860617E+07
 0.77511809261813E+07
 0.77389493338329E+07
 0.77238936065896E+07
 0.77056508437320E+07
 0.76837510784905E+07
 0.76577352243913E+07
 0.76271165287462E+07
 0.75914081106661E+07
 0.75500527204135E+07
 0.75025595583236E+07
 0.74483246692403E+07
 0.73868033193694E+07
 0.73174080994650E+07
 0.72395411078272E+07
 0.71526676933676E+07
 0.70560843702104E+07
 0.69492126856139E+07
 0.68314054198512E+07
 0.67020992100592E+07
 0.65604901255661E+07
 0.64058083898374E+07
 0.62374488646017E+07
 0.60549321568309E+07
 0.58564523300001E+07
 0.56423245325381E+07
 0.54109149986242E+07
 0.51608385033672E+07
 0.48917581933149E+07
 0.46009981307306E+07
 0.42880423690752E+07
 0.39515700317469E+07
 0.35874171406515E+07
 0.31941779683760E+07
 0.27663061229216E+07
 0.23005859380919E+07
 0.17918154375570E+07
 0.12226005272807E+07
 0.58061219678261E+06
