 0.98445526788544E+00
 0.98445526788544E+00
 0.98445526788544E+00
 0.98445526788544E+00
 0.98445526788544E+00
 0.98445526788544E+00
 0.98445526788544E+00
 0.98445526788544E+00
 0.98445526788544E+00
 0.98445524117202E+00
 0.98445644462219E+00
 0.98445474659539E+00
 0.98445353785076E+00
 0.98445434386831E+00
 0.98445270496311E+00
 0.98445338818560E+00
 0.98445295250129E+00
 0.98445486664520E+00
 0.98445416196184E+00
 0.98445289072232E+00
 0.98445355309864E+00
 0.98445475728037E+00
 0.98445422645381E+00
 0.98445223598385E+00
 0.98445228660448E+00
 0.98445131634972E+00
 0.98445488661651E+00
 0.98445375236350E+00
 0.98445193610382E+00
 0.98445355578479E+00
 0.98445537084620E+00
 0.98445185489484E+00
 0.98446098251360E+00
 0.98446353204032E+00
 0.98445345958218E+00
 0.98446723569444E+00
 0.98446092269147E+00
 0.98445677847933E+00
 0.98447119549423E+00
 0.98445964416748E+00
 0.98445250876765E+00
 0.98446642091094E+00
 0.98445925891130E+00
 0.98447141242049E+00
 0.98447926076199E+00
 0.98447999289681E+00
 0.98447877382450E+00
 0.98447110350974E+00
 0.98446172545633E+00
 0.98447913170911E+00
 0.98446073889935E+00
 0.98448429716639E+00
 0.98447172952916E+00
 0.98446781692717E+00
 0.98446830783673E+00
 0.98448572363938E+00
 0.98443796876363E+00
 0.98445886041860E+00
 0.98448391066976E+00
 0.98447652072066E+00
 0.98448556902921E+00
 0.98448224578909E+00
 0.98444620774180E+00
 0.98447953341136E+00
 0.98442718538360E+00
 0.98448125698611E+00
 0.98448539744121E+00
 0.98441158070886E+00
 0.98448836213022E+00
 0.98442661324072E+00
 0.98448323419534E+00
 0.98447349934594E+00
 0.98445736850911E+00
 0.98448197554120E+00
 0.98444247981784E+00
 0.98450040026081E+00
 0.98448051277570E+00
