 0.98445526788544E+00
 0.98445526788544E+00
 0.98445526788544E+00
 0.98445526788544E+00
 0.98445526788544E+00
 0.98445526788544E+00
 0.98445526788544E+00
 0.98445526788544E+00
 0.98445526788544E+00
 0.98445524117202E+00
 0.98445644462219E+00
 0.98445474659539E+00
 0.98445353785076E+00
 0.98445434386831E+00
 0.98445270496311E+00
 0.98445338818560E+00
 0.98445295250129E+00
 0.98445486664520E+00
 0.98445416196184E+00
 0.98445289072232E+00
 0.98445355309864E+00
 0.98445475728037E+00
 0.98445433015911E+00
 0.98445162397322E+00
 0.98445087064721E+00
 0.98445362218887E+00
 0.98445358181785E+00
 0.98445292088346E+00
 0.98445283435572E+00
 0.98445370331567E+00
 0.98445469097451E+00
 0.98445237953813E+00
 0.98445889687983E+00
 0.98446297908348E+00
 0.98445608806511E+00
 0.98446584516898E+00
 0.98445968726779E+00
 0.98445979390112E+00
 0.98447096979853E+00
 0.98445983476057E+00
 0.98445100451261E+00
 0.98446609724136E+00
 0.98445948599870E+00
 0.98447102814594E+00
 0.98447973153657E+00
 0.98448010326166E+00
 0.98447865714792E+00
 0.98447191516473E+00
 0.98446268869491E+00
 0.98447879779057E+00
 0.98446058150380E+00
 0.98448466573612E+00
 0.98447272287309E+00
 0.98446867301357E+00
 0.98446811840768E+00
 0.98448564892557E+00
 0.98443782782800E+00
 0.98445921056976E+00
 0.98448478487668E+00
 0.98447552334734E+00
 0.98448552852242E+00
 0.98448295164423E+00
 0.98443932092136E+00
 0.98447926633088E+00
 0.98442473369673E+00
 0.98448011175856E+00
 0.98448379684643E+00
 0.98440629145712E+00
 0.98448616602030E+00
 0.98442634377582E+00
 0.98447860871175E+00
 0.98446539735154E+00
 0.98445621765714E+00
 0.98447846643737E+00
 0.98443419428866E+00
 0.98449051580290E+00
 0.98447435135701E+00
 0.98444238448015E+00
 0.98443376952137E+00
 0.98443789484500E+00
 0.98445252603810E+00
 0.98446831495377E+00
 0.98449148909826E+00
 0.98445854778757E+00
 0.98446967733108E+00
 0.98450654216807E+00
 0.98446879223109E+00
 0.98444724412175E+00
