 0.21140089951492E+08
 0.21140089951487E+08
 0.21140089951416E+08
 0.21140089951002E+08
 0.21140089949331E+08
 0.21140089944668E+08
 0.21140090048755E+08
 0.21140090529864E+08
 0.21140092253762E+08
 0.21140096868099E+08
 0.21140107191112E+08
 0.21140126662993E+08
 0.21140160645488E+08
 0.21140214945052E+08
 0.21140295312129E+08
 0.21140410039144E+08
 0.21140565557998E+08
 0.21140769236086E+08
 0.21141028002423E+08
 0.21141349496989E+08
 0.21141744413276E+08
 0.21142213106163E+08
 0.21142767913085E+08
 0.21143416212407E+08
 0.21144169685752E+08
 0.21145038714434E+08
 0.21146038902099E+08
 0.21147173644152E+08
 0.21148464899643E+08
 0.21149933932645E+08
 0.21151606448359E+08
 0.21153485890778E+08
 0.21155606553766E+08
 0.21157993636539E+08
 0.21160637487719E+08
 0.21163576808927E+08
 0.21166808884237E+08
 0.21170347708280E+08
 0.21174171533580E+08
 0.21178253149162E+08
 0.21182640639317E+08
 0.21187228160446E+08
 0.21191974800806E+08
 0.21196834324900E+08
 0.21201767815574E+08
 0.21206645385445E+08
 0.21211341378864E+08
 0.21215785299543E+08
 0.21219878892673E+08
 0.21223478957986E+08
 0.21226411898597E+08
 0.21228581813264E+08
 0.21229797617611E+08
 0.21229939081684E+08
 0.21228868975157E+08
 0.21226388896614E+08
 0.21222335599762E+08
 0.21216618363215E+08
 0.21209010773598E+08
 0.21199305621281E+08
 0.21187605073141E+08
 0.21173395558175E+08
 0.21156710707186E+08
 0.21137520510565E+08
 0.21115401059065E+08
 0.21090537937541E+08
 0.21062523791466E+08
 0.21031120900060E+08
 0.20996537420426E+08
 0.20958357971479E+08
 0.20916628227352E+08
 0.20871062972960E+08
 0.20821452771044E+08
 0.20767835539731E+08
 0.20709812778910E+08
 0.20647440095856E+08
 0.20580365494506E+08
 0.20508410691148E+08
 0.20431466779989E+08
 0.20349162858229E+08
 0.20261390254711E+08
 0.20167910445563E+08
 0.20068386332651E+08
 0.19962474285615E+08
 0.19849618459052E+08
 0.19730210679801E+08
 0.19603882216294E+08
 0.19469477987551E+08
