 0.12287856071230E+01
 0.12287856154771E+01
 0.12287856532512E+01
 0.12287857575042E+01
 0.12287859811654E+01
 0.12287863952372E+01
 0.12287871001445E+01
 0.12287882577177E+01
 0.12287901441677E+01
 0.12287932079889E+01
 0.12287981102069E+01
 0.12288057403420E+01
 0.12288172093680E+01
 0.12288337971085E+01
 0.12288569456426E+01
 0.12288881535938E+01
 0.12289290005795E+01
 0.12289810599484E+01
 0.12290458750561E+01
 0.12291249537034E+01
 0.12292196845669E+01
 0.12293315468198E+01
 0.12294617953281E+01
 0.12296116917268E+01
 0.12297824387536E+01
 0.12299752308593E+01
 0.12301911982353E+01
 0.12304316490446E+01
 0.12306977379248E+01
 0.12309906676784E+01
 0.12313116778370E+01
 0.12316626614412E+01
 0.12320443815193E+01
 0.12324585709959E+01
 0.12329072063387E+01
 0.12333917959783E+01
 0.12339143637392E+01
 0.12344767341873E+01
 0.12350812988644E+01
 0.12357304126130E+01
 0.12364258062476E+01
 0.12371707458188E+01
 0.12379677589657E+01
 0.12388197532671E+01
 0.12397289702156E+01
 0.12406993260437E+01
 0.12417343487267E+01
 0.12428372239716E+01
 0.12440115130278E+01
 0.12452610444882E+01
 0.12465908228920E+01
 0.12480042999674E+01
 0.12495073249886E+01
 0.12511048827448E+01
 0.12528020002643E+01
 0.12546057546138E+01
 0.12565233233566E+01
 0.12585599786469E+01
 0.12607257389883E+01
 0.12630296520811E+01
 0.12654846761236E+01
 0.12680978032273E+01
 0.12708874115595E+01
 0.12738696689301E+01
 0.12770652471634E+01
 0.12804978277010E+01
 0.12841998764787E+01
 0.12882107959934E+01
 0.12925887026708E+01
 0.12974241397400E+01
 0.13028648370235E+01
 0.13092118385931E+01
