 0.64711256650257E-04
 0.64709709756573E-04
 0.64707129886363E-04
 0.64703514147858E-04
 0.64698860348324E-04
 0.64693165780641E-04
 0.64686420768684E-04
 0.64678621776262E-04
 0.64669762502177E-04
 0.64659830279465E-04
 0.64648820181175E-04
 0.64636723837742E-04
 0.64623530792934E-04
 0.64609232220853E-04
 0.64593816119778E-04
 0.64577278813977E-04
 0.64559602063793E-04
 0.64540778074093E-04
 0.64520798747957E-04
 0.64499645523239E-04
 0.64477301361062E-04
 0.64453753817331E-04
 0.64428986689272E-04
 0.64402978281189E-04
 0.64375701826119E-04
 0.64347137004077E-04
 0.64317253579704E-04
 0.64286017256341E-04
 0.64253408022852E-04
 0.64219382227304E-04
 0.64183901973761E-04
 0.64146931571555E-04
 0.64108436143266E-04
 0.64068368401921E-04
 0.64026695126804E-04
 0.63983362209522E-04
 0.63938366015392E-04
 0.63891628739419E-04
 0.63843135629938E-04
 0.63792869767957E-04
 0.63740776447195E-04
 0.63686842108610E-04
 0.63631079508998E-04
 0.63573392359979E-04
 0.63513825075539E-04
 0.63452331878128E-04
 0.63388923764651E-04
 0.63323592696730E-04
 0.63256340643799E-04
 0.63187133766875E-04
 0.63116029148199E-04
 0.63043001911011E-04
 0.62968069353179E-04
 0.62891266053525E-04
 0.62812480955953E-04
 0.62731896739335E-04
 0.62649474944310E-04
 0.62565250855141E-04
 0.62479148760805E-04
 0.62391222181185E-04
 0.62301595007578E-04
 0.62210213116999E-04
 0.62117112300913E-04
 0.62022284990174E-04
 0.61925832123784E-04
 0.61827728329520E-04
 0.61727885143299E-04
 0.61626704238559E-04
 0.61523588003644E-04
 0.61419345262834E-04
 0.61313232845261E-04
 0.61205860083483E-04
 0.61096716794329E-04
 0.60986443177369E-04
 0.60874744078305E-04
 0.60761598342465E-04
 0.60647111986753E-04
 0.60531277885198E-04
 0.60414064005823E-04
 0.60295915774211E-04
 0.60176053501051E-04
 0.60055123372301E-04
 0.59933263217436E-04
 0.59809964465940E-04
 0.59685496446166E-04
 0.59559769378635E-04
 0.59433235927173E-04
 0.59305547739262E-04
 0.59176521472518E-04
 0.59046769308494E-04
 0.58916059233501E-04
 0.58783886996874E-04
 0.58651317431909E-04
 0.58517589006920E-04
 0.58382816560281E-04
 0.58246966200183E-04
 0.58110550190560E-04
 0.57973151531056E-04
 0.57834933177197E-04
 0.57695825599053E-04
 0.57555872880074E-04
 0.57415248916643E-04
 0.57273926837560E-04
 0.57131554710069E-04
 0.56988602954080E-04
 0.56845020888077E-04
 0.56700771358126E-04
 0.56555689575285E-04
 0.56409627858233E-04
 0.56263472060882E-04
 0.56116293028479E-04
 0.55968474683157E-04
 0.55820154625621E-04
 0.55671032993786E-04
 0.55521261103413E-04
 0.55371752907915E-04
 0.55220187323104E-04
 0.55068755406363E-04
 0.54916770202098E-04
 0.54764382917300E-04
 0.54611075017093E-04
 0.54457464200140E-04
 0.54302811787341E-04
 0.54148450425933E-04
 0.53992548475189E-04
 0.53837149262846E-04
 0.53680867795132E-04
 0.53522799525366E-04
 0.53364427704389E-04
 0.53206350465892E-04
 0.53046761353449E-04
 0.52886727828622E-04
 0.52726998046613E-04
 0.52565115267818E-04
 0.52402646447764E-04
 0.52240079364890E-04
 0.52076432561328E-04
 0.51911071325540E-04
 0.51745447217645E-04
 0.51579405240158E-04
 0.51411280328050E-04
 0.51242418727143E-04
 0.51072340979662E-04
 0.50901296161892E-04
 0.50727685480560E-04
 0.50553613687714E-04
 0.50379131397528E-04
 0.50201804868062E-04
 0.50022984565137E-04
 0.49842540543591E-04
 0.49663053133159E-04
 0.49480065596757E-04
 0.49297888303076E-04
 0.49114098980101E-04
 0.48929571200061E-04
 0.48745221381368E-04
 0.48559771629338E-04
 0.48374060783116E-04
 0.48187969332402E-04
 0.48000638487677E-04
 0.47813213365437E-04
 0.47624965931270E-04
 0.47435366314228E-04
 0.47245324951616E-04
 0.47054067498152E-04
 0.46860917372860E-04
 0.46668266062103E-04
 0.46473414607421E-04
 0.46278179540748E-04
 0.46081716280862E-04
 0.45885056064210E-04
 0.45686779349947E-04
 0.45489721786738E-04
 0.45291361625298E-04
 0.45093471486230E-04
 0.44894476104322E-04
 0.44695940256432E-04
 0.44497372669771E-04
 0.44299741891490E-04
 0.44102607852608E-04
 0.43905418359452E-04
 0.43708201324435E-04
 0.43511718947716E-04
 0.43316452334885E-04
 0.43121809668857E-04
 0.42927389008365E-04
 0.42733707298891E-04
 0.42540906133704E-04
 0.42350063977327E-04
 0.42158721213714E-04
 0.41969319167470E-04
 0.41780133116590E-04
 0.41591452961055E-04
 0.41404543618015E-04
 0.41218658680793E-04
 0.41033550555883E-04
 0.40849419557913E-04
 0.40666957515446E-04
 0.40484877239243E-04
 0.40303553897566E-04
