 0.35172283106890E+01
 0.35172283106890E+01
 0.35172283106890E+01
 0.35172283106890E+01
 0.35172283106890E+01
 0.35172283106890E+01
 0.35172283106890E+01
 0.35172283106890E+01
 0.35172283106890E+01
 0.35172283219305E+01
 0.35172277795404E+01
 0.35172285559806E+01
 0.35172286448131E+01
 0.35172285003888E+01
 0.35172283564830E+01
 0.35172279028846E+01
 0.35172289676696E+01
 0.35172285737735E+01
 0.35172286618328E+01
 0.35172283635165E+01
 0.35172283680580E+01
 0.35172289200544E+01
 0.35172283541177E+01
 0.35172283788967E+01
 0.35172285138369E+01
 0.35172287092156E+01
 0.35172287148395E+01
 0.35172283027690E+01
 0.35172281483569E+01
 0.35172293346959E+01
 0.35172287802971E+01
 0.35172289769728E+01
 0.35172285152998E+01
 0.35172396654286E+01
 0.35172278568929E+01
 0.35172381355778E+01
 0.35172288852833E+01
 0.35172289225406E+01
 0.35172445066322E+01
 0.35172282608364E+01
 0.35172439092760E+01
 0.35172477973585E+01
 0.35172283569320E+01
 0.35172545547002E+01
 0.35172298422040E+01
 0.35172390771334E+01
 0.35172287432094E+01
 0.35172279705136E+01
 0.35173073149392E+01
 0.35172954624569E+01
 0.35173111227599E+01
 0.35172404477690E+01
 0.35172528226052E+01
 0.35172654509126E+01
 0.35173000892092E+01
 0.35173021190271E+01
 0.35173032204533E+01
 0.35172289309382E+01
 0.35172669109294E+01
 0.35172802195277E+01
 0.35172267475424E+01
 0.35173054076086E+01
 0.35172668276430E+01
 0.35173132192643E+01
 0.35172508944681E+01
 0.35173070341737E+01
 0.35173055222944E+01
 0.35172880381117E+01
 0.35172012846773E+01
 0.35172046278848E+01
 0.35173093573560E+01
 0.35172250832447E+01
 0.35172368003404E+01
 0.35172536041809E+01
 0.35171980542694E+01
 0.35172451257587E+01
 0.35172822267253E+01
 0.35172275928471E+01
 0.35172698147602E+01
 0.35173060201575E+01
 0.35172567315468E+01
 0.35173067629306E+01
 0.35172204765211E+01
 0.35172259714814E+01
 0.35171940613829E+01
 0.35172561430146E+01
 0.35171641805476E+01
 0.35172116705575E+01
 0.35171955521611E+01
 0.35172630758583E+01
 0.35171562800352E+01
 0.35172953879444E+01
 0.35171474497272E+01
 0.35172218972051E+01
 0.35171908794840E+01
 0.35172840000845E+01
 0.35172137473443E+01
 0.35171468099545E+01
 0.35171994871515E+01
 0.35172684526988E+01
 0.35172764770604E+01
 0.35172391919658E+01
 0.35172106955299E+01
 0.35171926531849E+01
 0.35171936999704E+01
 0.35172085471273E+01
 0.35171125175883E+01
 0.35171870722035E+01
 0.35171778025219E+01
 0.35171689404836E+01
 0.35171673455479E+01
 0.35171089616078E+01
 0.35172269305763E+01
 0.35171327594136E+01
 0.35171487323069E+01
 0.35171779347371E+01
 0.35171290676300E+01
 0.35171182667528E+01
 0.35170938208460E+01
 0.35171427130258E+01
 0.35171782344974E+01
 0.35171724048603E+01
 0.35170704953462E+01
 0.35171435182672E+01
 0.35170573384292E+01
 0.35170533581419E+01
 0.35170348600129E+01
 0.35170140345385E+01
 0.35170070683168E+01
 0.35170013088777E+01
 0.35170221317258E+01
 0.35169879898784E+01
 0.35170209169958E+01
 0.35168464378868E+01
 0.35169128367592E+01
 0.35167936175534E+01
 0.35168407706861E+01
 0.35168111260953E+01
 0.35167372670015E+01
 0.35168370490253E+01
 0.35167302366806E+01
 0.35166265556547E+01
 0.35166156536646E+01
 0.35165522034438E+01
 0.35165786853092E+01
 0.35164994322252E+01
 0.35165350567355E+01
 0.35164427574902E+01
 0.35164485085162E+01
 0.35163267437692E+01
 0.35163335131087E+01
 0.35162052823325E+01
 0.35162772846272E+01
 0.35161703611937E+01
 0.35159860029936E+01
 0.35159730681191E+01
 0.35159061614892E+01
 0.35158740706933E+01
 0.35156272004788E+01
 0.35155195944721E+01
 0.35154893990099E+01
 0.35152503389184E+01
 0.35150928330540E+01
 0.35149494739951E+01
 0.35147281371926E+01
 0.35144777445430E+01
 0.35143249511401E+01
 0.35141328443642E+01
 0.35137831388887E+01
 0.35136016296711E+01
 0.35132479953522E+01
 0.35128786887355E+01
 0.35125632865388E+01
 0.35123195786902E+01
 0.35118363679440E+01
 0.35114767534769E+01
 0.35110413446421E+01
 0.35107383449846E+01
 0.35102233569110E+01
 0.35097807347772E+01
 0.35093384772133E+01
 0.35087009547065E+01
 0.35082092717510E+01
 0.35076504865961E+01
 0.35070405275257E+01
 0.35064544819281E+01
 0.35059276966943E+01
 0.35051688425715E+01
 0.35045449469210E+01
 0.35039275889074E+01
 0.35031123657169E+01
 0.35023514288030E+01
 0.35015939571455E+01
 0.35007811950909E+01
 0.35000237522372E+01
 0.34991226042460E+01
 0.34984115684422E+01
 0.34974254607348E+01
 0.34965141804885E+01
 0.34955706917698E+01
