 0.34789878279465E+03
 0.34789878498954E+03
 0.34789879516805E+03
 0.34789882399173E+03
 0.34789888833281E+03
 0.34789901844543E+03
 0.34789926911766E+03
 0.34789971834525E+03
 0.34790045074435E+03
 0.34790153429244E+03
 0.34790300891379E+03
 0.34790487227352E+03
 0.34790711090046E+03
 0.34790965280919E+03
 0.34791243558537E+03
 0.34791542614531E+03
 0.34791845041539E+03
 0.34792149492533E+03
 0.34792456811446E+03
 0.34792747059816E+03
 0.34791417171399E+03
 0.34791249301206E+03
 0.34791036291677E+03
 0.34790771310535E+03
 0.34790439739073E+03
 0.34790049768633E+03
 0.34789580208551E+03
 0.34789009396485E+03
 0.34788356384295E+03
 0.34787584320489E+03
 0.34786654626861E+03
 0.34785555663767E+03
 0.34784260649142E+03
 0.34782702351310E+03
 0.34780869299628E+03
 0.34778660369330E+03
 0.34776150525466E+03
 0.34773110486686E+03
 0.34769585425819E+03
 0.34765560595011E+03
 0.34760887494826E+03
 0.34755550491655E+03
 0.34749616954836E+03
 0.34742734331179E+03
 0.34735092328746E+03
 0.34726469461021E+03
 0.34716910736828E+03
 0.34706347520836E+03
 0.34694729527190E+03
 0.34681882626751E+03
 0.34667963936789E+03
 0.34652804591386E+03
 0.34636379187445E+03
 0.34618756347662E+03
 0.34599346120917E+03
 0.34578833761356E+03
 0.34556930037554E+03
 0.34533677519734E+03
 0.34508631235233E+03
 0.34481878172695E+03
 0.34453833964403E+03
 0.34424111374923E+03
 0.34392743361534E+03
 0.34359561615880E+03
 0.34324846656755E+03
 0.34288342910960E+03
 0.34249547616110E+03
 0.34210016093137E+03
 0.34167081876989E+03
 0.34123980439783E+03
 0.34077481124388E+03
 0.34029982017312E+03
 0.33979198528092E+03
 0.33927662467966E+03
 0.33874003944326E+03
 0.33817972470047E+03
 0.33759921084837E+03
 0.33699628413859E+03
 0.33636786534099E+03
 0.33573207473490E+03
 0.33505404976099E+03
 0.33435935657251E+03
 0.33365323087921E+03
 0.33291199163989E+03
 0.33214589616788E+03
 0.33134994428649E+03
 0.33054115980624E+03
 0.32970406686640E+03
 0.32882875660312E+03
 0.32794040818905E+03
 0.32702728341024E+03
 0.32606678302083E+03
 0.32510258699259E+03
 0.32410043632790E+03
 0.32306445444086E+03
 0.32199191883561E+03
 0.32090192685810E+03
 0.31977613121663E+03
 0.31861989912696E+03
 0.31742864842905E+03
 0.31620263230320E+03
 0.31494813837719E+03
 0.31366191421362E+03
 0.31232767998799E+03
 0.31096362228724E+03
 0.30956692971204E+03
 0.30813291243629E+03
 0.30665366984960E+03
 0.30512141985292E+03
 0.30357291161232E+03
 0.30196419950031E+03
 0.30031120364680E+03
 0.29861974367169E+03
 0.29687227741949E+03
 0.29507422654977E+03
 0.29326577398865E+03
 0.29133776449735E+03
 0.28938943262513E+03
 0.28738530070509E+03
 0.28533169310217E+03
 0.28320123122316E+03
 0.28101998296151E+03
 0.27875036878271E+03
 0.27645303697828E+03
 0.27403693696835E+03
 0.27159568631162E+03
 0.26906252678850E+03
 0.26638686453356E+03
 0.26363638709955E+03
 0.26083837533508E+03
 0.25789854914159E+03
 0.25486238912010E+03
 0.25176562296105E+03
 0.24847578007920E+03
 0.24506858756837E+03
 0.24156007856793E+03
 0.23789435588676E+03
 0.23402781158186E+03
 0.23003026674630E+03
 0.22588614073148E+03
 0.22149535646132E+03
 0.21689823641690E+03
 0.21212015394936E+03
 0.20710689469096E+03
 0.20177430094802E+03
 0.19623544959628E+03
 0.19048974525744E+03
 0.18438381902191E+03
 0.17799814842102E+03
 0.17132926253882E+03
 0.16455522604787E+03
 0.15741361953384E+03
 0.15021601270055E+03
 0.14285218968914E+03
 0.13543927452624E+03
 0.12810369105284E+03
 0.12084371861249E+03
 0.11378864054456E+03
 0.10700333391516E+03
 0.10050488500856E+03
 0.94400090372598E+02
 0.88680711618179E+02
 0.83338674058957E+02
 0.78410664267957E+02
 0.73853858761054E+02
 0.69630341061461E+02
 0.65788144854348E+02
 0.62222087325340E+02
 0.58954644756722E+02
 0.55938425018587E+02
 0.53169658597843E+02
 0.50597406776102E+02
 0.48249548646535E+02
 0.46062175556066E+02
 0.44044907552111E+02
 0.42159431501090E+02
 0.40412246564400E+02
 0.38783597188249E+02
 0.37271961202722E+02
 0.35861162033218E+02
 0.34536498021693E+02
 0.33290485235256E+02
 0.32122528400539E+02
 0.31029204568305E+02
 0.29999234389133E+02
 0.29024709849973E+02
 0.28104477151670E+02
 0.27235019590403E+02
 0.26418474883406E+02
 0.25636628314662E+02
 0.24900351601639E+02
 0.24197121169065E+02
 0.23526126015974E+02
 0.22891106272559E+02
 0.22285976730646E+02
 0.21707620408004E+02
 0.21155168994363E+02
 0.20629589670775E+02
 0.20124238567892E+02
 0.19639292439985E+02
