 0.61503569054433E+01
 0.61503569442521E+01
 0.61503571242289E+01
 0.61503576334659E+01
 0.61503587495692E+01
 0.61503608442607E+01
 0.61503643810685E+01
 0.61503698960624E+01
 0.61503779716234E+01
 0.61503891932745E+01
 0.61504041437632E+01
 0.61504233830866E+01
 0.61504477073622E+01
 0.61504776390083E+01
 0.61505143219434E+01
 0.61505580922269E+01
 0.61506105725387E+01
 0.61506729812575E+01
 0.61507467199804E+01
 0.61508335463269E+01
 0.61509339075792E+01
 0.61510520822199E+01
 0.61511884996976E+01
 0.61513448526447E+01
 0.61515225342979E+01
 0.61517230432171E+01
 0.61519461383293E+01
 0.61521949601812E+01
 0.61524684933556E+01
 0.61527645683805E+01
 0.61530804059402E+01
 0.61534180676910E+01
 0.61537710177556E+01
 0.61541339951519E+01
 0.61545097700705E+01
 0.61548869787216E+01
 0.61552624405082E+01
 0.61556258503082E+01
 0.61559768392769E+01
 0.61563104519302E+01
 0.61566009556414E+01
 0.61568585065894E+01
 0.61570727811149E+01
 0.61572309886493E+01
 0.61573172220594E+01
 0.61573340823936E+01
 0.61572797643609E+01
 0.61571369873799E+01
 0.61568920614161E+01
 0.61565392467693E+01
 0.61560819402950E+01
 0.61554990131746E+01
 0.61547922669324E+01
 0.61539489641030E+01
 0.61529563642555E+01
 0.61518157607341E+01
 0.61505233225910E+01
 0.61490546871297E+01
 0.61474250796643E+01
 0.61456365127177E+01
 0.61436132330582E+01
 0.61414522430589E+01
 0.61390965663135E+01
 0.61365084568865E+01
 0.61337590807803E+01
 0.61307443478251E+01
 0.61275453181908E+01
 0.61241919553286E+01
 0.61205563164172E+01
 0.61167397374914E+01
 0.61126266642052E+01
 0.61083114800986E+01
 0.61038375057514E+01
 0.60990123943580E+01
 0.60940306279311E+01
 0.60887575447332E+01
 0.60832574118329E+01
 0.60774652465090E+01
 0.60715383214117E+01
 0.60652544755251E+01
 0.60587566361858E+01
 0.60520128231383E+01
 0.60450312136700E+01
 0.60377860029407E+01
 0.60301828674733E+01
 0.60224135777509E+01
 0.60143893256360E+01
 0.60060313517813E+01
 0.59974195462220E+01
 0.59884969763188E+01
 0.59794337448025E+01
 0.59701086784037E+01
 0.59603910146936E+01
 0.59503689454780E+01
 0.59402264856349E+01
 0.59298412104583E+01
 0.59189962086264E+01
 0.59080185326015E+01
 0.58966988118096E+01
 0.58851446155472E+01
 0.58732047860381E+01
 0.58611028419332E+01
 0.58487284693007E+01
 0.58359704339793E+01
 0.58228619394285E+01
 0.58095495071534E+01
 0.57960482559037E+01
 0.57820020136989E+01
 0.57677272356883E+01
 0.57532528195534E+01
 0.57385104844365E+01
 0.57233158202797E+01
 0.57078238320883E+01
 0.56919302169001E+01
 0.56755839038544E+01
 0.56590283472830E+01
 0.56420824995745E+01
 0.56247065006901E+01
 0.56068405453459E+01
 0.55885584948748E+01
 0.55698728126808E+01
 0.55507643593849E+01
 0.55308483224722E+01
 0.55103376340450E+01
 0.54893850870220E+01
 0.54678459538530E+01
 0.54456141590456E+01
 0.54222627386676E+01
 0.53980904557246E+01
 0.53730960475229E+01
 0.53469609762685E+01
 0.53193797731780E+01
 0.52907225389336E+01
 0.52603587311339E+01
 0.52280410407019E+01
 0.51941457334817E+01
 0.51576077259664E+01
 0.51186591690247E+01
 0.50769595642196E+01
 0.50324271276611E+01
 0.49848147207937E+01
 0.49334947486022E+01
 0.48786596757255E+01
 0.48205414926637E+01
 0.47590629113384E+01
 0.46952259626144E+01
 0.46290079372050E+01
 0.45616956052420E+01
 0.44937432267165E+01
 0.44259660633192E+01
 0.43601367880338E+01
 0.42954965028973E+01
 0.42326076396011E+01
 0.41727928687546E+01
 0.41152899462248E+01
 0.40607803144317E+01
 0.40088614322918E+01
 0.39597726961968E+01
 0.39129666357894E+01
 0.38688149895960E+01
 0.38269883934543E+01
 0.37871735639738E+01
 0.37494214222980E+01
 0.37135192106199E+01
 0.36795552636139E+01
 0.36470914847788E+01
 0.36162003240744E+01
 0.35867447388380E+01
 0.35585978194044E+01
 0.35316883202886E+01
 0.35061110075337E+01
 0.34813920448495E+01
 0.34577514420816E+01
 0.34352264667563E+01
 0.34134369630603E+01
 0.33924506592145E+01
 0.33724233214288E+01
 0.33529972526194E+01
 0.33343440128346E+01
 0.33161773444610E+01
 0.32989321206615E+01
 0.32820580498055E+01
 0.32658535764508E+01
 0.32499608827395E+01
 0.32347668005930E+01
 0.32198764983870E+01
 0.32056096124445E+01
 0.31916651547958E+01
 0.31781676732895E+01
 0.31649809253131E+01
 0.31522306139286E+01
 0.31397314061309E+01
 0.31275671859110E+01
 0.31157652540406E+01
 0.31042667580465E+01
 0.30931202995627E+01
 0.30821782554345E+01
 0.30714564389382E+01
 0.30610211143132E+01
 0.30508828886923E+01
 0.30409307484798E+01
 0.30312468563162E+01
 0.30216725521542E+01
 0.30124098184277E+01
 0.30032430284206E+01
 0.29943818712128E+01
 0.29856257650199E+01
 0.29770482137907E+01
 0.29686702408159E+01
 0.29604740540127E+01
 0.29523926588480E+01
 0.29444741743045E+01
 0.29366598875775E+01
 0.29290729981657E+01
 0.29216036335812E+01
 0.29142542729560E+01
 0.29070327363765E+01
 0.28999311485068E+01
 0.28929977151423E+01
 0.28861198145981E+01
 0.28794021121455E+01
 0.28727591048154E+01
 0.28662026102167E+01
 0.28597981418197E+01
 0.28534622317463E+01
 0.28472749433847E+01
 0.28411620383829E+01
 0.28351448360498E+01
 0.28292000492470E+01
 0.28233576370917E+01
 0.28176301403898E+01
 0.28119361665299E+01
 0.28063324216118E+01
 0.28008290407548E+01
 0.27953592569899E+01
 0.27900316640105E+01
 0.27847397114953E+01
 0.27795395641898E+01
 0.27743640287368E+01
 0.27692966743908E+01
 0.27643049418375E+01
 0.27593418315474E+01
 0.27544826716525E+01
 0.27496616414445E+01
 0.27448875583474E+01
 0.27402155584147E+01
 0.27355568416912E+01
 0.27309752257494E+01
 0.27264525105027E+01
 0.27219585031963E+01
 0.27175656684942E+01
 0.27131825090275E+01
 0.27088786286965E+01
 0.27046098014784E+01
 0.27003865590538E+01
 0.26962282157406E+01
 0.26920962991256E+01
 0.26880133192916E+01
 0.26840012642853E+01
 0.26799910427692E+01
 0.26760632625837E+01
 0.26721465147303E+01
 0.26682870793454E+01
 0.26644753983933E+01
 0.26607023215200E+01
 0.26569536930093E+01
 0.26532491061232E+01
 0.26495820986162E+01
 0.26459668227215E+01
 0.26423735672996E+01
 0.26388234592410E+01
 0.26353064947472E+01
 0.26318039351263E+01
 0.26283541147754E+01
 0.26249426166139E+01
 0.26215595041972E+01
 0.26182039044748E+01
 0.26148987679641E+01
 0.26115930502521E+01
 0.26083295111584E+01
 0.26051077803477E+01
 0.26019052492707E+01
 0.25987340293187E+01
 0.25955977658814E+01
 0.25924868220871E+01
 0.25893905569549E+01
 0.25863438560184E+01
 0.25833079848132E+01
 0.25803185697396E+01
 0.25773449941731E+01
 0.25743812538836E+01
 0.25714697468492E+01
 0.25685530843050E+01
 0.25656819131715E+01
 0.25628304342209E+01
 0.25599954699493E+01
 0.25571900361119E+01
 0.25544102384720E+01
 0.25516452075415E+01
 0.25489075768188E+01
