 0.21140089951492E+08
 0.21140089951487E+08
 0.21140089951416E+08
 0.21140089951002E+08
 0.21140089949331E+08
 0.21140089944668E+08
 0.21140090048753E+08
 0.21140090529864E+08
 0.21140092253790E+08
 0.21140096868176E+08
 0.21140107191162E+08
 0.21140126663458E+08
 0.21140160645044E+08
 0.21140214944606E+08
 0.21140295299959E+08
 0.21140410022555E+08
 0.21140565507723E+08
 0.21140768968583E+08
 0.21141027356324E+08
 0.21141347827940E+08
 0.21141740618298E+08
 0.21142204980535E+08
 0.21142751686062E+08
 0.21143385309733E+08
 0.21144113850840E+08
 0.21144942276259E+08
 0.21145879326889E+08
 0.21146919272837E+08
 0.21148073421080E+08
 0.21149351002172E+08
 0.21150763764376E+08
 0.21152300068879E+08
 0.21153981079208E+08
 0.21155817743405E+08
 0.21157790407116E+08
 0.21159929736860E+08
 0.21162230864923E+08
 0.21164718212824E+08
 0.21167370282888E+08
 0.21170185439907E+08
 0.21173242191977E+08
 0.21176476959316E+08
 0.21179901778474E+08
 0.21183537245238E+08
 0.21187422129390E+08
 0.21191515544578E+08
 0.21195792222484E+08
 0.21200292927090E+08
 0.21205043416279E+08
 0.21210032889423E+08
 0.21215218338286E+08
 0.21220653828146E+08
 0.21226296872554E+08
 0.21232176508638E+08
 0.21238308977082E+08
 0.21244658530178E+08
 0.21251211195436E+08
 0.21258040175412E+08
 0.21265050446178E+08
 0.21272200318271E+08
 0.21279788032684E+08
 0.21287364127693E+08
 0.21295153629455E+08
 0.21303283423250E+08
 0.21311416404993E+08
 0.21319985594776E+08
 0.21328608828463E+08
 0.21337129736264E+08
 0.21346072948244E+08
 0.21354984371332E+08
 0.21364337780208E+08
 0.21373702257676E+08
 0.21382861588248E+08
 0.21392632986658E+08
 0.21402144442985E+08
 0.21411972083949E+08
 0.21421809269344E+08
 0.21431913547579E+08
 0.21441592218805E+08
 0.21451793096599E+08
 0.21461876394512E+08
 0.21471957099990E+08
 0.21481990913502E+08
 0.21492083947737E+08
 0.21502612382721E+08
 0.21512740723898E+08
 0.21522840524589E+08
 0.21533236139729E+08
 0.21543577308281E+08
 0.21554102326505E+08
 0.21564060758789E+08
 0.21573974057614E+08
 0.21584369855165E+08
 0.21594892598775E+08
 0.21604732303570E+08
 0.21614411606555E+08
 0.21624855476571E+08
 0.21634661718919E+08
 0.21644699100225E+08
 0.21654555166124E+08
 0.21664803892145E+08
 0.21674552184816E+08
 0.21684247164729E+08
 0.21694345718782E+08
 0.21704724663491E+08
 0.21714761039575E+08
 0.21724450948646E+08
 0.21735185124719E+08
 0.21745724517751E+08
 0.21755929212645E+08
 0.21766128509531E+08
 0.21777051378084E+08
 0.21788114046924E+08
 0.21799730457340E+08
 0.21812157700145E+08
 0.21824405604509E+08
 0.21837260973745E+08
 0.21850910041774E+08
 0.21865636735171E+08
 0.21881199542332E+08
 0.21897640218057E+08
 0.21915043451398E+08
 0.21935075815157E+08
 0.21956990617003E+08
 0.21980309829006E+08
 0.22005749914897E+08
 0.22033936564771E+08
 0.22066789331714E+08
 0.22103407019835E+08
 0.22144108318270E+08
 0.22190604347868E+08
 0.22244622001390E+08
 0.22305239908173E+08
 0.22375802705790E+08
 0.22458292790662E+08
 0.22552193316350E+08
 0.22663511399247E+08
 0.22792788715453E+08
 0.22943526766402E+08
 0.23118240321428E+08
 0.23320543149646E+08
 0.23556426127713E+08
 0.23827793659941E+08
 0.24136149673451E+08
 0.24484437699749E+08
 0.24868255419386E+08
 0.25288779909734E+08
 0.25737142988817E+08
 0.26208905014588E+08
 0.26695746052136E+08
 0.27180762339691E+08
 0.27665883437198E+08
 0.28142686939637E+08
 0.28596688651111E+08
 0.29030111819983E+08
 0.29434457573039E+08
 0.29810157242365E+08
 0.30153347173460E+08
 0.30466495334527E+08
 0.30745907962416E+08
 0.30993363893482E+08
 0.31210609117094E+08
 0.31397365578198E+08
 0.31555192649632E+08
 0.31684349651742E+08
 0.31787491342141E+08
 0.31865259611027E+08
 0.31919065677091E+08
 0.31950329240975E+08
 0.31960222388803E+08
 0.31950077205334E+08
 0.31921130841744E+08
 0.31874499702581E+08
 0.31811732915971E+08
 0.31733256816121E+08
 0.31640208673641E+08
 0.31534473716380E+08
 0.31415693438532E+08
 0.31285774016049E+08
 0.31143915352347E+08
 0.30994358088068E+08
 0.30833937838420E+08
 0.30666107722988E+08
 0.30488325581263E+08
 0.30305426836739E+08
 0.30113950400596E+08
 0.29918554157200E+08
 0.29716400244205E+08
 0.29509770889042E+08
 0.29297467090465E+08
 0.29082099588087E+08
 0.28861360222702E+08
 0.28637192938672E+08
 0.28410794723108E+08
 0.28181712796900E+08
 0.27951516661914E+08
 0.27717828685240E+08
 0.27481378484028E+08
 0.27244057065199E+08
 0.27006670311029E+08
 0.26767170252624E+08
 0.26527877812497E+08
 0.26285356643132E+08
 0.26045002134127E+08
 0.25801722767047E+08
 0.25561345956721E+08
 0.25318932997750E+08
 0.25076691666834E+08
 0.24835622448671E+08
 0.24595503710607E+08
 0.24354676285424E+08
 0.24114792761695E+08
 0.23874352823510E+08
 0.23637395302013E+08
 0.23400803608521E+08
 0.23164834490825E+08
 0.22929937685210E+08
 0.22696086355391E+08
 0.22465102554919E+08
 0.22233369629564E+08
 0.22004612711658E+08
 0.21776077846349E+08
 0.21548298711542E+08
 0.21323774754290E+08
 0.21099672774180E+08
 0.20879038535940E+08
 0.20659315218393E+08
 0.20441417965284E+08
 0.20224594618735E+08
 0.20010051429749E+08
 0.19798449036517E+08
 0.19586757313725E+08
 0.19377227943831E+08
 0.19170403868723E+08
 0.18963713829246E+08
 0.18761560221870E+08
 0.18559797668000E+08
 0.18360758538808E+08
 0.18161816040877E+08
 0.17966390852056E+08
 0.17773252711140E+08
 0.17580572219610E+08
 0.17391479269972E+08
 0.17203309256304E+08
 0.17016510675343E+08
 0.16833425332051E+08
 0.16650378149979E+08
 0.16470120238672E+08
 0.16291899614114E+08
 0.16114515687054E+08
 0.15941062148837E+08
 0.15767711497828E+08
 0.15597437224694E+08
 0.15428426627356E+08
 0.15261123596764E+08
 0.15096415363106E+08
 0.14932674255451E+08
 0.14770892020506E+08
 0.14612031900902E+08
 0.14453179876517E+08
 0.14297796178494E+08
 0.14142849180875E+08
 0.13990344087847E+08
 0.13839882740081E+08
 0.13691098147315E+08
 0.13543401912345E+08
 0.13397654840288E+08
 0.13253584078249E+08
 0.13111825684480E+08
 0.12971107592665E+08
 0.12832351829841E+08
 0.12695133521754E+08
 0.12558660512761E+08
 0.12424614229058E+08
 0.12292355989459E+08
 0.12161481326720E+08
 0.12031955861624E+08
 0.11904771449939E+08
 0.11777746047794E+08
 0.11652727624528E+08
 0.11529693234084E+08
 0.11407688688631E+08
 0.11287224680753E+08
 0.11168481844207E+08
 0.11051038609812E+08
 0.10934440723855E+08
 0.10820188376762E+08
 0.10706629798755E+08
 0.10595280131070E+08
 0.10484841190582E+08
 0.10375073664081E+08
 0.10267740845457E+08
 0.10160456809751E+08
 0.10055335994220E+08
 0.99512967329477E+07
 0.98482100697444E+07
 0.97466218491062E+07
 0.96463564189898E+07
 0.95469684458311E+07
 0.94489907811553E+07
