 0.34787160937283E+03
 0.34787161156786E+03
 0.34787162174707E+03
 0.34787165058348E+03
 0.34787171495032E+03
 0.34787184514725E+03
 0.34787209541115E+03
 0.34787254476409E+03
 0.34787327710366E+03
 0.34787435997072E+03
 0.34787583014829E+03
 0.34787768748244E+03
 0.34787992073795E+03
 0.34788245853224E+03
 0.34788527389624E+03
 0.34788822118781E+03
 0.34789127653702E+03
 0.34789436000443E+03
 0.34789739006850E+03
 0.34790031589153E+03
 0.34788707365016E+03
 0.34788548488799E+03
 0.34788337839342E+03
 0.34788072149880E+03
 0.34787743494810E+03
 0.34787348287954E+03
 0.34786863636656E+03
 0.34786314681818E+03
 0.34785672650084E+03
 0.34784901529608E+03
 0.34783959008194E+03
 0.34782874131563E+03
 0.34781565567034E+03
 0.34779973930271E+03
 0.34778152771750E+03
 0.34775970748270E+03
 0.34773411365250E+03
 0.34770366822964E+03
 0.34766865031106E+03
 0.34762878199516E+03
 0.34758101990763E+03
 0.34752711567834E+03
 0.34746614550176E+03
 0.34739691415346E+03
 0.34731770737049E+03
 0.34722933153830E+03
 0.34713207566836E+03
 0.34702410634766E+03
 0.34690402102869E+03
 0.34677159753208E+03
 0.34662767667119E+03
 0.34646987903908E+03
 0.34629904260927E+03
 0.34611369646982E+03
 0.34591257922355E+03
 0.34569645898678E+03
 0.34546485966612E+03
 0.34521511562964E+03
 0.34494944753431E+03
 0.34466842482590E+03
 0.34436233738175E+03
 0.34404436238553E+03
 0.34370679590866E+03
 0.34334513831605E+03
 0.34296880656667E+03
 0.34256409982668E+03
 0.34214194424313E+03
 0.34170601465682E+03
 0.34123985700065E+03
 0.34075618765075E+03
 0.34023998018426E+03
 0.33970326435176E+03
 0.33915147456085E+03
 0.33855954782315E+03
 0.33795191781914E+03
 0.33731052539754E+03
 0.33664380555916E+03
 0.33594206316572E+03
 0.33522560635169E+03
 0.33446390017521E+03
 0.33367547740636E+03
 0.33285423396712E+03
 0.33200167962555E+03
 0.33111117329493E+03
 0.33016965066872E+03
 0.32920149658031E+03
 0.32819265187152E+03
 0.32713001785730E+03
 0.32602366408795E+03
 0.32486237561475E+03
 0.32366695432325E+03
 0.32241781402297E+03
 0.32109611427605E+03
 0.31970778557529E+03
 0.31827528257838E+03
 0.31677883279815E+03
 0.31518186890863E+03
 0.31352660147259E+03
 0.31177754048446E+03
 0.30994312778677E+03
 0.30799646393077E+03
 0.30596199139453E+03
 0.30381621145459E+03
 0.30153209096899E+03
 0.29910494119148E+03
 0.29654710371703E+03
 0.29384757968753E+03
 0.29093644873142E+03
 0.28785058826568E+03
 0.28457810300075E+03
 0.28108981041963E+03
 0.27733559612723E+03
 0.27331697402984E+03
 0.26898945975581E+03
 0.26431880807217E+03
 0.25931948997383E+03
 0.25393442150978E+03
 0.24811559230102E+03
 0.24181976468041E+03
 0.23503821299568E+03
 0.22775562509297E+03
 0.21995856530491E+03
 0.21158061252985E+03
 0.20271171427248E+03
 0.19349885552665E+03
 0.18404247009439E+03
 0.17448833223048E+03
 0.16491029852561E+03
 0.15558279729895E+03
 0.14667157607544E+03
 0.13821441930805E+03
 0.13022600683159E+03
 0.12285447611508E+03
 0.11598756926013E+03
 0.10960548434676E+03
 0.10377435323731E+03
 0.98334908150870E+02
 0.93321629288863E+02
 0.88690715736499E+02
 0.84424755016909E+02
 0.80481110684170E+02
 0.76802015700318E+02
 0.73380083159977E+02
 0.70205635819196E+02
 0.67232284183802E+02
 0.64472275310515E+02
 0.61875175181473E+02
 0.59450253496344E+02
 0.57165962901064E+02
 0.55012832031828E+02
 0.53013193736623E+02
 0.51110972855592E+02
 0.49303674608050E+02
 0.47612649991921E+02
 0.46004144174788E+02
 0.44490199910558E+02
 0.43048539534631E+02
 0.41686054355410E+02
 0.40385588683228E+02
 0.39153832282725E+02
 0.37983654172213E+02
 0.36863746755350E+02
 0.35796968719247E+02
 0.34778120817564E+02
 0.33809634514538E+02
 0.32880054402851E+02
 0.31991513135393E+02
 0.31141349761306E+02
 0.30324509775639E+02
 0.29543848947440E+02
 0.28797806403900E+02
 0.28075873814385E+02
 0.27384476166034E+02
 0.26724320296334E+02
 0.26085591869924E+02
 0.25469037931606E+02
 0.24881749972227E+02
 0.24310850487116E+02
 0.23763533856623E+02
 0.23230568339758E+02
 0.22726096269463E+02
 0.22233284375366E+02
 0.21760362117128E+02
 0.21296391253914E+02
 0.20855498825297E+02
 0.20423609598347E+02
 0.20011477508363E+02
 0.19609612989062E+02
 0.19221638787060E+02
 0.18844028605445E+02
 0.18480548935337E+02
 0.18125920377714E+02
 0.17781650596895E+02
 0.17448688640325E+02
 0.17126208707800E+02
 0.16815291519160E+02
 0.16511665760813E+02
 0.16215768248628E+02
 0.15928292863884E+02
 0.15650665642801E+02
