 0.53405578660231E+07
 0.53405578660231E+07
 0.53405578660231E+07
 0.53405578660231E+07
 0.53405578660231E+07
 0.53405578660231E+07
 0.53405578660231E+07
 0.53405578660231E+07
 0.53405578660231E+07
 0.53405578660231E+07
 0.53405578660232E+07
 0.53405578660234E+07
 0.53405578660238E+07
 0.53405578660235E+07
 0.53405578660229E+07
 0.53405578660228E+07
 0.53405578660221E+07
 0.53405578660210E+07
 0.53405578660193E+07
 0.53405578660168E+07
 0.53405578660177E+07
 0.53405578660124E+07
 0.53405578660078E+07
 0.53405578660014E+07
 0.53405578659951E+07
 0.53405578659911E+07
 0.53405578659975E+07
 0.53405578659799E+07
 0.53405578659554E+07
 0.53405578659374E+07
 0.53405578659362E+07
 0.53405578659060E+07
 0.53405578658965E+07
 0.53405578658905E+07
 0.53405578658382E+07
 0.53405578658115E+07
 0.53405578657531E+07
 0.53405578657868E+07
 0.53405578656697E+07
 0.53405578654696E+07
 0.53405578654656E+07
 0.53405578654458E+07
 0.53405578653709E+07
 0.53405578652117E+07
 0.53405578654563E+07
 0.53405578654170E+07
 0.53405578651242E+07
 0.53405578646996E+07
 0.53405578646321E+07
 0.53405578647163E+07
 0.53405578644003E+07
 0.53405578642188E+07
 0.53405578633208E+07
 0.53405578633479E+07
 0.53405578631210E+07
 0.53405578624205E+07
 0.53405578611142E+07
 0.53405578618282E+07
 0.53405578613850E+07
 0.53405578585735E+07
 0.53405578638735E+07
 0.53405578599606E+07
 0.53405578602461E+07
 0.53405578625235E+07
 0.53405578588570E+07
 0.53405578652695E+07
 0.53405578686662E+07
 0.53405578590555E+07
 0.53405578599621E+07
 0.53405578513349E+07
 0.53405578589265E+07
 0.53405578680463E+07
 0.53405578429162E+07
 0.53405578637788E+07
 0.53405578423233E+07
 0.53405578526825E+07
 0.53405578585043E+07
 0.53405578675621E+07
 0.53405578416307E+07
 0.53405578502829E+07
 0.53405578669762E+07
 0.53405578515910E+07
 0.53405578092431E+07
 0.53405578224206E+07
 0.53405578499622E+07
 0.53405578359777E+07
 0.53405578260202E+07
 0.53405578377599E+07
 0.53405578562583E+07
 0.53405579311760E+07
 0.53405578779220E+07
 0.53405578189753E+07
 0.53405578324755E+07
 0.53405579503867E+07
 0.53405578744490E+07
 0.53405577834672E+07
 0.53405578965366E+07
 0.53405578524068E+07
 0.53405577970133E+07
 0.53405578496398E+07
 0.53405579389042E+07
 0.53405578004729E+07
 0.53405578084583E+07
 0.53405578040907E+07
 0.53405578946105E+07
 0.53405579012570E+07
 0.53405579051285E+07
 0.53405580826150E+07
 0.53405581803165E+07
 0.53405579450721E+07
 0.53405577671042E+07
 0.53405576624724E+07
 0.53405576120298E+07
 0.53405577361929E+07
 0.53405576908216E+07
 0.53405576430099E+07
 0.53405575930413E+07
 0.53405574935214E+07
 0.53405575396728E+07
 0.53405577129406E+07
 0.53405578616024E+07
 0.53405576033624E+07
 0.53405579056351E+07
 0.53405586147448E+07
 0.53405583594935E+07
 0.53405579723759E+07
 0.53405572572477E+07
 0.53405576934959E+07
 0.53405569556157E+07
 0.53405572077489E+07
 0.53405568720235E+07
 0.53405575292515E+07
 0.53405567779196E+07
 0.53405564021700E+07
 0.53405570538702E+07
 0.53405556141717E+07
 0.53405570785972E+07
 0.53405579816726E+07
 0.53405577344835E+07
 0.53405575857757E+07
 0.53405571910597E+07
 0.53405574946750E+07
 0.53405577822720E+07
 0.53405574180715E+07
 0.53405580437244E+07
 0.53405562810504E+07
 0.53405571457612E+07
 0.53405560896823E+07
 0.53405558902507E+07
 0.53405567263357E+07
 0.53405549465639E+07
 0.53405554100453E+07
 0.53405561217544E+07
 0.53405563389256E+07
 0.53405582231828E+07
 0.53405562523597E+07
 0.53405574108307E+07
 0.53405566050987E+07
 0.53405574310668E+07
 0.53405562942797E+07
 0.53405557704791E+07
 0.53405559104914E+07
 0.53405546464277E+07
 0.53405564631613E+07
 0.53405551972331E+07
 0.53405545804114E+07
 0.53405547768765E+07
 0.53405545709324E+07
 0.53405562255969E+07
 0.53405549093339E+07
 0.53405545113335E+07
 0.53405552951457E+07
 0.53405557587181E+07
 0.53405551933294E+07
 0.53405545659986E+07
 0.53405562692557E+07
 0.53405538543622E+07
 0.53405546911568E+07
 0.53405550265392E+07
 0.53405572219131E+07
 0.53405549744494E+07
 0.53405538713752E+07
 0.53405521433887E+07
 0.53405557834765E+07
 0.53405536952401E+07
 0.53405544077211E+07
 0.53405527564219E+07
 0.53405533048362E+07
 0.53405531951289E+07
 0.53405540772500E+07
 0.53405519655309E+07
 0.53405531178065E+07
 0.53405542586997E+07
 0.53405547193020E+07
 0.53405537603307E+07
 0.53405517290115E+07
 0.53405516822570E+07
 0.53405527745725E+07
 0.53405537252273E+07
 0.53405511104760E+07
