 0.13708380095672E+03
 0.13708380095668E+03
 0.13708380095628E+03
 0.13708380104278E+03
 0.13708380419564E+03
 0.13708383395743E+03
 0.13708396560561E+03
 0.13708433276320E+03
 0.13708509673953E+03
 0.13708640656966E+03
 0.13708837510281E+03
 0.13709107221538E+03
 0.13709452878144E+03
 0.13709874545748E+03
 0.13710369749174E+03
 0.13710934226688E+03
 0.13711562574239E+03
 0.13712248251912E+03
 0.13712984303446E+03
 0.13713763313573E+03
 0.13710579150656E+03
 0.13710386046288E+03
 0.13710161988039E+03
 0.13709906005203E+03
 0.13709617784886E+03
 0.13709297375923E+03
 0.13708945556713E+03
 0.13708563094057E+03
 0.13708151892649E+03
 0.13707714224836E+03
 0.13707252902941E+03
 0.13706770384474E+03
 0.13706270560597E+03
 0.13705757335440E+03
 0.13705233476661E+03
 0.13704703987308E+03
 0.13704172676927E+03
 0.13703644079513E+03
 0.13703121627612E+03
 0.13702608882363E+03
 0.13702112334700E+03
 0.13701633276470E+03
 0.13701175474956E+03
 0.13700743174800E+03
 0.13700340273269E+03
 0.13699968562025E+03
 0.13699629931495E+03
 0.13699328243239E+03
 0.13699066747825E+03
 0.13698847588484E+03
 0.13698671930543E+03
 0.13698543772673E+03
 0.13698464836988E+03
 0.13698437978953E+03
 0.13698467432343E+03
 0.13698555137356E+03
 0.13698704443650E+03
 0.13698921556684E+03
 0.13699208076685E+03
 0.13699568954271E+03
 0.13700017582211E+03
 0.13700548667187E+03
 0.13701175290737E+03
 0.13701909855499E+03
 0.13702752037382E+03
 0.13703723829554E+03
 0.13704828921661E+03
 0.13706069749932E+03
 0.13707477596249E+03
 0.13709054022915E+03
 0.13710829204796E+03
 0.13712808355069E+03
 0.13715001128788E+03
 0.13717457205783E+03
 0.13720168471787E+03
 0.13723177153690E+03
 0.13726499865619E+03
 0.13730174365124E+03
 0.13734194659093E+03
 0.13738640569846E+03
 0.13743514102572E+03
 0.13748855147745E+03
 0.13754694817443E+03
 0.13761082698992E+03
 0.13768086950097E+03
 0.13775696899482E+03
 0.13783981947722E+03
 0.13793025855783E+03
 0.13802851339657E+03
 0.13813543244674E+03
 0.13825084591831E+03
 0.13837600995802E+03
 0.13851202031676E+03
 0.13865938137000E+03
 0.13881806911890E+03
 0.13898914830691E+03
 0.13917528519348E+03
 0.13937499828719E+03
 0.13959091047165E+03
 0.13982347891414E+03
 0.14007499147447E+03
 0.14034494487490E+03
 0.14063554313390E+03
 0.14094928607199E+03
 0.14128767429840E+03
 0.14165136741005E+03
 0.14204124580522E+03
 0.14246418559033E+03
 0.14291842143858E+03
 0.14340562806814E+03
 0.14392994348728E+03
 0.14449650248100E+03
 0.14510632575774E+03
 0.14576502238301E+03
 0.14647756683234E+03
 0.14724372819121E+03
 0.14807051478813E+03
 0.14896572506202E+03
 0.14993692437420E+03
 0.15098651457033E+03
 0.15212355903918E+03
 0.15335581547138E+03
 0.15470381680840E+03
 0.15617282455858E+03
 0.15776822934398E+03
 0.15950696822381E+03
 0.16140779783357E+03
 0.16350860168837E+03
 0.16581483170093E+03
 0.16834499293699E+03
 0.17114371265715E+03
 0.17425941269593E+03
 0.17769722462006E+03
 0.18154046164979E+03
 0.18585691818229E+03
 0.19066663945214E+03
 0.19608781386772E+03
 0.20224533438545E+03
 0.20919553748216E+03
 0.21703580623088E+03
 0.22592256615856E+03
 0.23603934854022E+03
 0.24751176603111E+03
 0.26042915439409E+03
 0.27497510634558E+03
 0.29110379679552E+03
 0.30898658339365E+03
 0.32842632643864E+03
 0.34941914266883E+03
 0.37181860780508E+03
 0.39505863074029E+03
 0.41936391080531E+03
 0.44449146243049E+03
 0.46988017902325E+03
 0.49569502277306E+03
 0.52159051493455E+03
 0.54763010012277E+03
 0.57362550627360E+03
 0.59974355265576E+03
 0.62574638428920E+03
 0.65171426178636E+03
 0.67772706169620E+03
 0.70376927234781E+03
 0.72985434787089E+03
 0.75588803110265E+03
 0.78208923918838E+03
 0.80833870163890E+03
 0.83473333100199E+03
 0.86130367067695E+03
 0.88800775347072E+03
 0.91480780806714E+03
 0.94195925370948E+03
 0.96928281721187E+03
 0.99669084481208E+03
 0.10245008125435E+04
 0.10526087544286E+04
 0.10808010237554E+04
 0.11094157251885E+04
 0.11382545560467E+04
 0.11675909908836E+04
 0.11969370218607E+04
 0.12267955418252E+04
 0.12568844622526E+04
 0.12875690042264E+04
 0.13183689438418E+04
 0.13497300631465E+04
 0.13812160925864E+04
 0.14132348553266E+04
 0.14456002962163E+04
 0.14784399060565E+04
 0.15115778134951E+04
 0.15452787141404E+04
 0.15793986328067E+04
 0.16138758006818E+04
 0.16487830849464E+04
 0.16840398563966E+04
 0.17198503667297E+04
 0.17561796361950E+04
 0.17929577110255E+04
 0.18300988578043E+04
 0.18678107075289E+04
 0.19059292071797E+04
 0.19447182555923E+04
 0.19838365703990E+04
 0.20236872597680E+04
 0.20638016749600E+04
 0.21046379663638E+04
 0.21459747346959E+04
 0.21878252866742E+04
 0.22301911395740E+04
 0.22732287508010E+04
 0.23167801072395E+04
 0.23610717552603E+04
 0.24056970133539E+04
 0.24510278068162E+04
 0.24969691455247E+04
 0.25435297272678E+04
 0.25907824740143E+04
 0.26384897006020E+04
 0.26870292320341E+04
 0.27360809702020E+04
 0.27859407998327E+04
 0.28365062368478E+04
 0.28876713782701E+04
 0.29395845513181E+04
 0.29920473180981E+04
 0.30453090543221E+04
 0.30993180534946E+04
 0.31541299666572E+04
 0.32096065927823E+04
 0.32657407513103E+04
 0.33228790937003E+04
 0.33807412147820E+04
 0.34393028423640E+04
 0.34989048490947E+04
 0.35590209288307E+04
 0.36201898640698E+04
 0.36820176906773E+04
 0.37450083685112E+04
 0.38086715884562E+04
 0.38731747733048E+04
 0.39387322892808E+04
 0.40050795838296E+04
 0.40724377127822E+04
 0.41408438012374E+04
 0.42100288851825E+04
 0.42803690696118E+04
 0.43516492899659E+04
 0.44238883141444E+04
 0.44973004644880E+04
 0.45715814724822E+04
 0.46471379078589E+04
 0.47236103984264E+04
 0.48013103322779E+04
 0.48801344275965E+04
 0.49600136369427E+04
 0.50412219816330E+04
 0.51235554846910E+04
 0.52069663337496E+04
 0.52918684133314E+04
 0.53778088192939E+04
 0.54652827055195E+04
 0.55538962052735E+04
 0.56438578789792E+04
 0.57351417027772E+04
 0.58279300003767E+04
 0.59221307513768E+04
 0.60177430200244E+04
 0.61147454570758E+04
 0.62133362944318E+04
 0.63134681455795E+04
 0.64151022306578E+04
 0.65184616681748E+04
 0.66234085949954E+04
 0.67300012270011E+04
 0.68382666888522E+04
 0.69483500677783E+04
 0.70600856498225E+04
 0.71737838817705E+04
 0.72893482071197E+04
 0.74067577589366E+04
 0.75261082240997E+04
 0.76474650829986E+04
 0.77708550617971E+04
 0.78963200578053E+04
 0.80240079598817E+04
 0.81537903458706E+04
 0.82858567837498E+04
 0.84202085375847E+04
 0.85569254007645E+04
 0.86961461182658E+04
 0.88377276400020E+04
 0.89819811969347E+04
 0.91287746881214E+04
 0.92782760606620E+04
 0.94305565275706E+04
 0.95856775063232E+04
 0.97437036456983E+04
 0.99047501654579E+04
 0.10068880840141E+05
