 0.30964654458033E+03
 0.30964654458037E+03
 0.30964654458102E+03
 0.30964654462233E+03
 0.30964654557380E+03
 0.30964654936996E+03
 0.30964653212187E+03
 0.30964635945306E+03
 0.30964566553023E+03
 0.30964377523013E+03
 0.30963970462719E+03
 0.30963222550598E+03
 0.30961998037055E+03
 0.30960155328412E+03
 0.30957561172689E+03
 0.30954086596368E+03
 0.30949625381931E+03
 0.30944084647411E+03
 0.30937388595170E+03
 0.30929479831072E+03
 0.30918212735903E+03
 0.30907210103842E+03
 0.30894874955001E+03
 0.30881207596716E+03
 0.30866216956147E+03
 0.30849925087449E+03
 0.30832352338604E+03
 0.30813558469827E+03
 0.30793577949248E+03
 0.30772449470360E+03
 0.30750214915294E+03
 0.30726967832355E+03
 0.30702738359225E+03
 0.30677576236754E+03
 0.30651603835281E+03
 0.30624832456407E+03
 0.30597347336187E+03
 0.30569177050639E+03
 0.30540434880089E+03
 0.30511196875833E+03
 0.30481370269547E+03
 0.30451151595564E+03
 0.30420570617094E+03
 0.30389636029318E+03
 0.30358326019511E+03
 0.30326761309150E+03
 0.30295027550931E+03
 0.30263077027499E+03
 0.30230885671534E+03
 0.30198495054745E+03
 0.30166000126534E+03
 0.30133307570041E+03
 0.30100497445271E+03
 0.30067524791341E+03
 0.30034339188184E+03
 0.30001000178240E+03
 0.29967519294511E+03
 0.29933740126135E+03
 0.29899810936453E+03
 0.29865775848852E+03
 0.29831072070654E+03
 0.29796461089036E+03
 0.29761500238967E+03
 0.29725929800073E+03
 0.29690283309469E+03
 0.29653773739035E+03
 0.29617008173744E+03
 0.29580174530807E+03
 0.29542336500373E+03
 0.29504200844464E+03
 0.29464918030977E+03
 0.29425125164796E+03
 0.29385129235974E+03
 0.29343490527777E+03
 0.29301591022685E+03
 0.29258395247252E+03
 0.29214336626938E+03
 0.29168904151951E+03
 0.29123167215598E+03
 0.29075475754086E+03
 0.29026778771887E+03
 0.28976825362952E+03
 0.28925610587090E+03
 0.28872814621953E+03
 0.28817761958117E+03
 0.28761724845489E+03
 0.28704003856896E+03
 0.28643914629104E+03
 0.28581922658358E+03
 0.28517589386449E+03
 0.28452022020725E+03
 0.28384194572692E+03
 0.28313202910185E+03
 0.28239424462810E+03
 0.28164104726084E+03
 0.28086323742760E+03
 0.28004215403358E+03
 0.27920249788209E+03
 0.27832568770133E+03
 0.27741899215949E+03
 0.27646943481161E+03
 0.27549227654225E+03
 0.27447735439400E+03
 0.27341557481599E+03
 0.27230591566116E+03
 0.27115851008625E+03
 0.26997227768359E+03
 0.26871833549811E+03
 0.26741782152175E+03
 0.26607242871811E+03
 0.26467270832393E+03
 0.26320186752147E+03
 0.26167064017324E+03
 0.26006619624787E+03
 0.25838193860143E+03
 0.25663539667049E+03
 0.25480955283300E+03
 0.25289483449735E+03
 0.25088321590529E+03
 0.24878103017352E+03
 0.24658320992321E+03
 0.24428625903965E+03
 0.24185015662218E+03
 0.23929218543120E+03
 0.23662362597800E+03
 0.23382977402385E+03
 0.23089808006135E+03
 0.22778353302322E+03
 0.22451700129045E+03
 0.22110266480080E+03
 0.21750747131095E+03
 0.21370677638610E+03
 0.20975183950127E+03
 0.20558805053261E+03
 0.20120571136610E+03
 0.19668966239901E+03
 0.19189493992491E+03
 0.18699515424532E+03
 0.18193091911340E+03
 0.17679203038348E+03
 0.17160927831002E+03
 0.16642828841246E+03
 0.16135121216678E+03
 0.15649604548392E+03
 0.15193878037185E+03
 0.14781736294322E+03
 0.14417632756915E+03
 0.14111368773194E+03
 0.13864388083048E+03
 0.13677531426190E+03
 0.13550733561106E+03
 0.13476965875303E+03
 0.13452205621388E+03
 0.13470633081218E+03
 0.13526580863461E+03
 0.13613987977902E+03
 0.13728515784399E+03
 0.13865137690137E+03
 0.14021568811372E+03
 0.14193079548774E+03
 0.14377629029039E+03
 0.14573714592563E+03
 0.14779329086049E+03
 0.14992952066587E+03
 0.15212085988560E+03
 0.15437849536255E+03
 0.15667834954518E+03
 0.15902193326082E+03
 0.16140474536295E+03
 0.16381438472922E+03
 0.16623976688839E+03
 0.16870724428970E+03
 0.17118941662061E+03
 0.17366998122184E+03
 0.17618664476196E+03
 0.17872237100595E+03
 0.18124569316810E+03
 0.18379889213837E+03
 0.18635267747356E+03
 0.18894203912334E+03
 0.19149818623036E+03
 0.19408784920643E+03
 0.19667052905770E+03
 0.19929520371418E+03
 0.20189368691930E+03
 0.20452657598726E+03
 0.20713137741692E+03
 0.20976377050393E+03
 0.21239667166183E+03
 0.21504678390028E+03
 0.21768791351951E+03
 0.22035643905753E+03
 0.22303102477720E+03
 0.22570145730232E+03
 0.22837729878556E+03
 0.23104613190041E+03
 0.23373553470346E+03
 0.23643954118899E+03
 0.23914734235996E+03
 0.24184610053418E+03
 0.24456345799228E+03
 0.24727560796584E+03
 0.25001894138868E+03
 0.25274383196776E+03
 0.25550667348209E+03
 0.25823933093296E+03
 0.26100644742177E+03
 0.26377501299487E+03
 0.26654612661208E+03
 0.26931881694441E+03
 0.27211408238563E+03
 0.27490826199409E+03
 0.27773249306284E+03
 0.28052770812078E+03
 0.28334602629078E+03
 0.28617219848475E+03
 0.28900635182803E+03
 0.29185789545721E+03
 0.29469093777722E+03
 0.29755888930117E+03
 0.30041412867525E+03
 0.30329777630267E+03
 0.30619393131904E+03
 0.30908626689184E+03
 0.31199362524688E+03
 0.31488714988851E+03
 0.31780020182096E+03
 0.32072479282341E+03
 0.32366616457505E+03
 0.32660418055698E+03
 0.32953479298587E+03
 0.33250755500858E+03
 0.33547933460194E+03
 0.33844490371266E+03
 0.34145322180269E+03
 0.34442385245152E+03
 0.34743503489244E+03
 0.35042589408857E+03
 0.35347029499882E+03
 0.35649205967855E+03
 0.35951504588084E+03
 0.36256847634403E+03
 0.36561083101878E+03
 0.36867229773285E+03
 0.37175718311774E+03
 0.37482272406153E+03
 0.37792286872754E+03
 0.38102055205251E+03
 0.38411849364469E+03
 0.38724560917545E+03
 0.39035356547243E+03
 0.39350146378161E+03
 0.39663046494226E+03
 0.39978569506276E+03
 0.40294915567589E+03
 0.40610630907271E+03
 0.40929663061707E+03
 0.41248370529241E+03
 0.41565784541576E+03
 0.41888177149321E+03
 0.42207815445127E+03
 0.42532416507506E+03
 0.42854937250358E+03
 0.43178730720548E+03
 0.43502507221534E+03
 0.43829240163990E+03
 0.44156786202112E+03
 0.44484539834258E+03
 0.44811769897662E+03
 0.45141287471896E+03
 0.45471920266365E+03
 0.45801961648199E+03
 0.46135568547542E+03
 0.46469104757668E+03
 0.46802970548737E+03
 0.47136902264934E+03
 0.47473674834484E+03
 0.47808165627463E+03
 0.48146650715056E+03
 0.48486601098609E+03
 0.48825598386418E+03
 0.49165517306487E+03
 0.49506470744289E+03
 0.49847911313285E+03
 0.50190415436727E+03
 0.50535410583826E+03
 0.50878750798026E+03
 0.51224182061117E+03
 0.51569824946615E+03
 0.51916352478047E+03
 0.52267384847695E+03
 0.52612727483626E+03
 0.52964189062471E+03
 0.53313585402689E+03
 0.53665605977034E+03
 0.54019670617708E+03
 0.54372187265643E+03
 0.54726696990493E+03
 0.55081310568468E+03
 0.55437899931780E+03
