 0.21140089951492E+08
 0.21140089951487E+08
 0.21140089951416E+08
 0.21140089951002E+08
 0.21140089949331E+08
 0.21140089944668E+08
 0.21140090048753E+08
 0.21140090529864E+08
 0.21140092253790E+08
 0.21140096868176E+08
 0.21140107191162E+08
 0.21140126663458E+08
 0.21140160645044E+08
 0.21140214944606E+08
 0.21140295299959E+08
 0.21140410022555E+08
 0.21140565507723E+08
 0.21140768968583E+08
 0.21141027356324E+08
 0.21141347827940E+08
 0.21141740618298E+08
 0.21142204980535E+08
 0.21142751686062E+08
 0.21143385309733E+08
 0.21144113837537E+08
 0.21144942280563E+08
 0.21145879335105E+08
 0.21146919235475E+08
 0.21148073408004E+08
 0.21149351015051E+08
 0.21150763729125E+08
 0.21152300059020E+08
 0.21153981083795E+08
 0.21155817744953E+08
 0.21157790493581E+08
 0.21159929752311E+08
 0.21162230822205E+08
 0.21164718470735E+08
 0.21167370281080E+08
 0.21170185617022E+08
 0.21173242194887E+08
 0.21176476976696E+08
 0.21179901796653E+08
 0.21183537412693E+08
 0.21187422020495E+08
 0.21191515613064E+08
 0.21195792317661E+08
 0.21200293093990E+08
 0.21205044136458E+08
 0.21210033353151E+08
 0.21215219774399E+08
 0.21220655992877E+08
 0.21226299082369E+08
 0.21232178730307E+08
 0.21238312040848E+08
 0.21244662888824E+08
 0.21251216627488E+08
 0.21258047558139E+08
 0.21265061335316E+08
 0.21272213219071E+08
 0.21279804493389E+08
 0.21287382618734E+08
 0.21295179581032E+08
 0.21303314812202E+08
 0.21311454231177E+08
 0.21320030451374E+08
 0.21328658200152E+08
 0.21337192784653E+08
 0.21346146268624E+08
 0.21355073890648E+08
 0.21364437604812E+08
 0.21373821402024E+08
 0.21383003087046E+08
 0.21392793555543E+08
 0.21402327009832E+08
 0.21412181708504E+08
 0.21422048907552E+08
 0.21432182368953E+08
 0.21441899546923E+08
 0.21452137334639E+08
 0.21462272523500E+08
 0.21472400972320E+08
 0.21482476825665E+08
 0.21492636521612E+08
 0.21503221579535E+08
 0.21513410430423E+08
 0.21523569703181E+08
 0.21534033006849E+08
 0.21544469345565E+08
 0.21555073605770E+08
 0.21565121054109E+08
 0.21575149103006E+08
 0.21585616276244E+08
 0.21596240140797E+08
 0.21606195874820E+08
 0.21615977360236E+08
 0.21626551902490E+08
 0.21636448999613E+08
 0.21646617102011E+08
 0.21656588218511E+08
 0.21666960271290E+08
 0.21676829121286E+08
 0.21686659554409E+08
 0.21696842671255E+08
 0.21707343315318E+08
 0.21717467398730E+08
 0.21727273685907E+08
 0.21738050087513E+08
 0.21748648287801E+08
 0.21758867416273E+08
 0.21769069142758E+08
 0.21779979283134E+08
 0.21790947033236E+08
 0.21802446847060E+08
 0.21814677515258E+08
 0.21826654673063E+08
 0.21839132212458E+08
 0.21852347434214E+08
 0.21866520339212E+08
 0.21881359797557E+08
 0.21896903256273E+08
 0.21913175461263E+08
 0.21931879513964E+08
 0.21952120171098E+08
 0.21973455333466E+08
 0.21996494251248E+08
 0.22021803246784E+08
 0.22051173361453E+08
 0.22083612074000E+08
 0.22119307499462E+08
 0.22159872193810E+08
 0.22206749426680E+08
 0.22258873518198E+08
 0.22319222207035E+08
 0.22389566413233E+08
 0.22468895606877E+08
 0.22563076062147E+08
 0.22671919133213E+08
 0.22798758166630E+08
 0.22945342144991E+08
 0.23115900302902E+08
 0.23315352639389E+08
 0.23546619195477E+08
 0.23811724209515E+08
 0.24115090401548E+08
 0.24454498713076E+08
 0.24833402263917E+08
 0.25244711292488E+08
 0.25686129426187E+08
 0.26151015498846E+08
 0.26622305545991E+08
 0.27102294278779E+08
 0.27581559037974E+08
 0.28044384474131E+08
 0.28491607064086E+08
 0.28913744223656E+08
 0.29310140563914E+08
 0.29675939652562E+08
 0.30012933073921E+08
 0.30316741960627E+08
 0.30588610329612E+08
 0.30829752663556E+08
 0.31040256682069E+08
 0.31220963183212E+08
 0.31372021988690E+08
 0.31496212363573E+08
 0.31593844001282E+08
 0.31666646318040E+08
 0.31715896073470E+08
 0.31742697365257E+08
 0.31748402547802E+08
 0.31734446689833E+08
 0.31701848525043E+08
 0.31652159065826E+08
 0.31585943518550E+08
 0.31504375085607E+08
 0.31409335736533E+08
 0.31300618647695E+08
 0.31180017589343E+08
 0.31046909417274E+08
 0.30905125847352E+08
 0.30752439088979E+08
 0.30591511890813E+08
 0.30420342481551E+08
 0.30243353194923E+08
 0.30057625765786E+08
 0.29867564288762E+08
 0.29670288715958E+08
 0.29467927680318E+08
 0.29259881556540E+08
 0.29048410790086E+08
 0.28831341390058E+08
 0.28610580353914E+08
 0.28387299718185E+08
 0.28161140890536E+08
 0.27933373496268E+08
 0.27702251234303E+08
 0.27468498569315E+08
 0.27233205208657E+08
 0.26997669879696E+08
 0.26759975324313E+08
 0.26522207462915E+08
 0.26281732864659E+08
 0.26042666103206E+08
 0.25800744619933E+08
 0.25561554298477E+08
 0.25320151236195E+08
 0.25079289593534E+08
 0.24839061277616E+08
 0.24599649560648E+08
 0.24359552576672E+08
 0.24120751226629E+08
 0.23880947554110E+08
 0.23644822910251E+08
 0.23408443353471E+08
 0.23173089275957E+08
 0.22938815312906E+08
 0.22705013178546E+08
 0.22474468756982E+08
 0.22243248032736E+08
 0.22014945666188E+08
 0.21786597520410E+08
 0.21559456166334E+08
 0.21334723859554E+08
 0.21111129248226E+08
 0.20890721976826E+08
 0.20671198093261E+08
 0.20453152481960E+08
 0.20236288984972E+08
 0.20021985807491E+08
 0.19810545053623E+08
 0.19598671854499E+08
 0.19389278250953E+08
 0.19182717468131E+08
 0.18975812454984E+08
 0.18773764857781E+08
 0.18571571090059E+08
 0.18373112643394E+08
 0.18173791466100E+08
 0.17978316463470E+08
 0.17785197881337E+08
 0.17592733939050E+08
 0.17403352727738E+08
 0.17215288320836E+08
 0.17028325023808E+08
 0.16844891833128E+08
 0.16661924783457E+08
 0.16481523033595E+08
 0.16303486310546E+08
 0.16126280945929E+08
 0.15952448130111E+08
 0.15778883881905E+08
 0.15608645472512E+08
 0.15439398102954E+08
 0.15272046548963E+08
 0.15107296558692E+08
 0.14943214866707E+08
 0.14781563392998E+08
 0.14622747440778E+08
 0.14463836217183E+08
 0.14308396499100E+08
 0.14152894963540E+08
 0.14000512577513E+08
 0.13849701860557E+08
 0.13701024695699E+08
 0.13553183156044E+08
 0.13407097126967E+08
 0.13263004924918E+08
 0.13121171886954E+08
 0.12980434144408E+08
 0.12841251009235E+08
 0.12704292630635E+08
 0.12567904288172E+08
 0.12433508614071E+08
 0.12300908921288E+08
 0.12170192981599E+08
 0.12040312083813E+08
 0.11913121210408E+08
 0.11786333456782E+08
 0.11660862975953E+08
 0.11537531741995E+08
 0.11415666211683E+08
 0.11295199517081E+08
 0.11176317250008E+08
 0.11058799606249E+08
 0.10942171067404E+08
 0.10827754997400E+08
 0.10714328469702E+08
 0.10602470532136E+08
 0.10491957111219E+08
 0.10381688470951E+08
 0.10274692886927E+08
 0.10167455509628E+08
 0.10062350505012E+08
 0.99580154813895E+07
 0.98546135430463E+07
 0.97531360509631E+07
 0.96525645714783E+07
 0.95534214974997E+07
 0.94551735055450E+07
