 0.35172473832405E+01
 0.35172473832405E+01
 0.35172473832405E+01
 0.35172473832405E+01
 0.35172473832405E+01
 0.35172473832405E+01
 0.35172473832405E+01
 0.35172473832405E+01
 0.35172473832405E+01
 0.35172473355199E+01
 0.35172494853538E+01
 0.35172464520117E+01
 0.35172442927179E+01
 0.35172457325827E+01
 0.35172428048518E+01
 0.35172440253569E+01
 0.35172432470528E+01
 0.35172466664678E+01
 0.35172454076261E+01
 0.35172431366911E+01
 0.35172443199566E+01
 0.35172464710992E+01
 0.35172457061238E+01
 0.35172408921983E+01
 0.35172413247891E+01
 0.35172415178299E+01
 0.35172454081092E+01
 0.35172441372070E+01
 0.35172419780516E+01
 0.35172434916032E+01
 0.35172557157244E+01
 0.35172466608963E+01
 0.35172535876907E+01
 0.35172604218038E+01
 0.35172455062451E+01
 0.35172661587104E+01
 0.35172558550662E+01
 0.35172508567285E+01
 0.35172738661864E+01
 0.35172567816917E+01
 0.35172454862647E+01
 0.35172693517722E+01
 0.35172484951184E+01
 0.35172782893550E+01
 0.35172916360517E+01
 0.35172914604572E+01
 0.35172898923625E+01
 0.35172742437209E+01
 0.35172591787912E+01
 0.35172920505958E+01
 0.35172576167184E+01
 0.35173001026567E+01
 0.35172817290188E+01
 0.35172698476542E+01
 0.35172725165660E+01
 0.35173015722151E+01
 0.35172167725798E+01
 0.35172557934185E+01
 0.35172980511816E+01
 0.35172873792998E+01
 0.35173014788593E+01
 0.35172974981559E+01
 0.35172261079237E+01
 0.35172910930169E+01
 0.35171954335951E+01
 0.35172954226702E+01
 0.35173001961506E+01
 0.35171618129402E+01
 0.35173036497376E+01
 0.35172003154849E+01
 0.35172908963276E+01
 0.35172705275039E+01
 0.35172494135824E+01
 0.35172876677940E+01
 0.35172079141551E+01
 0.35173113900832E+01
 0.35172864435279E+01
 0.35172269127281E+01
 0.35172142642621E+01
 0.35172144592483E+01
 0.35172468097210E+01
 0.35172695625753E+01
 0.35173104325166E+01
 0.35172673974202E+01
 0.35172826771929E+01
