 0.61503569054433E+01
 0.61503569442521E+01
 0.61503571242289E+01
 0.61503576334659E+01
 0.61503587495692E+01
 0.61503608442608E+01
 0.61503643810820E+01
 0.61503698960185E+01
 0.61503779715068E+01
 0.61503891930029E+01
 0.61504041435403E+01
 0.61504233829448E+01
 0.61504477072973E+01
 0.61504776392912E+01
 0.61505143219569E+01
 0.61505580919779E+01
 0.61506105720639E+01
 0.61506729820075E+01
 0.61507467247500E+01
 0.61508335551364E+01
 0.61509339313283E+01
 0.61510521357457E+01
 0.61511885997898E+01
 0.61513450698334E+01
 0.61515229652351E+01
 0.61517238305162E+01
 0.61519476514285E+01
 0.61521978063876E+01
 0.61524736874429E+01
 0.61527738284543E+01
 0.61530964317778E+01
 0.61534450603189E+01
 0.61538152641115E+01
 0.61542045153059E+01
 0.61546191315605E+01
 0.61550525477491E+01
 0.61555097359132E+01
 0.61559831220286E+01
 0.61564830267118E+01
 0.61570142701395E+01
 0.61575635241424E+01
 0.61581531593738E+01
 0.61587886619636E+01
 0.61594737529285E+01
 0.61602114153806E+01
 0.61610237085397E+01
 0.61619284920048E+01
 0.61629324249790E+01
 0.61640447618062E+01
 0.61652868140371E+01
 0.61666837657839E+01
 0.61682413846464E+01
 0.61699899386394E+01
 0.61719425010350E+01
 0.61741106183981E+01
 0.61765257881670E+01
 0.61792106038860E+01
 0.61821685021494E+01
 0.61854356553384E+01
 0.61890465517700E+01
 0.61929595669899E+01
 0.61972787132331E+01
 0.62019844350416E+01
 0.62070724060297E+01
 0.62126210347129E+01
 0.62185755526117E+01
 0.62250321251258E+01
 0.62320141272183E+01
 0.62394789553569E+01
 0.62474990783989E+01
 0.62560579400120E+01
 0.62652159191607E+01
 0.62750225499792E+01
 0.62854172654802E+01
 0.62965128086233E+01
 0.63082806696196E+01
 0.63207891907822E+01
 0.63340413600150E+01
 0.63480743374194E+01
 0.63629029086639E+01
 0.63785419236930E+01
 0.63949652118916E+01
 0.64121846439207E+01
 0.64300547359920E+01
 0.64483884733615E+01
