 0.51033030801949E+03
 0.51033030801932E+03
 0.51033030801738E+03
 0.51033030806993E+03
 0.51033030954641E+03
 0.51033031525879E+03
 0.51033028379679E+03
 0.51032998622361E+03
 0.51032880068609E+03
 0.51032557663424E+03
 0.51031863191593E+03
 0.51030585484167E+03
 0.51028490316073E+03
 0.51025330884091E+03
 0.51020873765601E+03
 0.51014889667187E+03
 0.51007189977643E+03
 0.50997607851580E+03
 0.50986009531097E+03
 0.50972299777561E+03
 0.50952942534832E+03
 0.50933955547242E+03
 0.50912757231187E+03
 0.50889444913358E+03
 0.50864179369959E+03
 0.50837205053353E+03
 0.50808833299994E+03
 0.50779531562123E+03
 0.50749803598096E+03
 0.50720248764308E+03
 0.50691560928610E+03
 0.50664611468639E+03
 0.50640221113860E+03
 0.50619296132596E+03
 0.50602910390453E+03
 0.50591948863222E+03
 0.50587594909394E+03
 0.50590353793657E+03
 0.50601341158940E+03
 0.50621317987445E+03
 0.50650728462365E+03
 0.50690307437858E+03
 0.50740477088638E+03
 0.50801433595456E+03
 0.50873308148770E+03
 0.50956305106399E+03
 0.51050426971419E+03
 0.51155550896390E+03
 0.51271522487481E+03
 0.51398308301060E+03
 0.51535833891509E+03
 0.51683948156828E+03
 0.51842783279295E+03
 0.52012409220985E+03
 0.52192868425025E+03
 0.52384650850118E+03
 0.52588374306215E+03
 0.52804450045963E+03
 0.53033856319649E+03
 0.53277945061410E+03
 0.53537512225124E+03
 0.53814774107630E+03
 0.54111532493969E+03
 0.54430041556143E+03
 0.54773277177577E+03
 0.55144557828216E+03
 0.55548529774085E+03
 0.55989376509384E+03
 0.56474060199773E+03
 0.57009084477751E+03
 0.57605618226922E+03
 0.58274144924828E+03
 0.59028964339333E+03
 0.59892802141237E+03
 0.60888115275804E+03
 0.62053489573481E+03
 0.63438319218572E+03
 0.65117942949831E+03
 0.67190018886821E+03
 0.69849713169390E+03
 0.73387129408418E+03
 0.78377811234710E+03
 0.86109999425986E+03
 0.10024753326164E+04
 0.13974399432393E+04
