 0.30964654458033E+03
 0.30964654458037E+03
 0.30964654458102E+03
 0.30964654462233E+03
 0.30964654557380E+03
 0.30964654936996E+03
 0.30964653212187E+03
 0.30964635945307E+03
 0.30964566552990E+03
 0.30964377523021E+03
 0.30963970463065E+03
 0.30963222550964E+03
 0.30961998037311E+03
 0.30960155332282E+03
 0.30957561171362E+03
 0.30954086592976E+03
 0.30949625386286E+03
 0.30944084678656E+03
 0.30937388605962E+03
 0.30929479840405E+03
 0.30918212839865E+03
 0.30907210419056E+03
 0.30894875716109E+03
 0.30881209439220E+03
 0.30866221053774E+03
 0.30849933853129E+03
 0.30832369821861E+03
 0.30813591766597E+03
 0.30793638364217E+03
 0.30772554896263E+03
 0.30750392139982E+03
 0.30727255453866E+03
 0.30703190549734E+03
 0.30678265947915E+03
 0.30652628884736E+03
 0.30626318096064E+03
 0.30599451558990E+03
 0.30572095679998E+03
 0.30544405192382E+03
 0.30516498776327E+03
 0.30488329803950E+03
 0.30460140577378E+03
 0.30432009689998E+03
 0.30403995018342E+03
 0.30376113905780E+03
 0.30348521859271E+03
 0.30321339107996E+03
 0.30294538746803E+03
 0.30268110908979E+03
 0.30242098357883E+03
 0.30216591787528E+03
 0.30191473864511E+03
 0.30166785895078E+03
 0.30142441514035E+03
 0.30118317707520E+03
 0.30094414538428E+03
 0.30070636321276E+03
 0.30046726854357E+03
 0.30022711401628E+03
 0.29998513461449E+03
 0.29973441474045E+03
 0.29948068851739E+03
 0.29921819829021E+03
 0.29894268061747E+03
 0.29865768624767E+03
 0.29835335531005E+03
 0.29803386872105E+03
 0.29769939749368E+03
 0.29733831426987E+03
 0.29695615757727E+03
 0.29654159471981E+03
 0.29609940910364E+03
 0.29563037094073E+03
 0.29511782757091E+03
 0.29457361835670E+03
 0.29398463168225E+03
 0.29335306911062E+03
 0.29267126829324E+03
 0.29194808127823E+03
 0.29116281495524E+03
 0.29032413343746E+03
 0.28942541250147E+03
 0.28846420291872E+03
 0.28743382848570E+03
 0.28632187315530E+03
 0.28514077376555E+03
 0.28387867583143E+03
 0.28252199851577E+03
 0.28107292999647E+03
 0.27952023340042E+03
 0.27787435739533E+03
 0.27611591724147E+03
 0.27422289144729E+03
 0.27219511983688E+03
 0.27004368957886E+03
 0.26774772337874E+03
 0.26526219118217E+03
 0.26261980568905E+03
 0.25977564610729E+03
 0.25672573900430E+03
 0.25342907958857E+03
 0.24989746539047E+03
 0.24608733205530E+03
 0.24194504655561E+03
 0.23743652882074E+03
 0.23254600265256E+03
 0.22722751830055E+03
 0.22132528540994E+03
 0.21483838395030E+03
 0.20767012807058E+03
 0.19969105927806E+03
 0.19067576635144E+03
 0.18052204183545E+03
 0.16907775501234E+03
 0.15643016984115E+03
 0.14338158368862E+03
 0.13103073199500E+03
 0.12066396186702E+03
 0.11350722936414E+03
 0.10976520703689E+03
 0.10860846422717E+03
 0.10902093667681E+03
 0.11029700482722E+03
 0.11201166949252E+03
 0.11391475892437E+03
 0.11588438747873E+03
 0.11786073619140E+03
 0.11983718846061E+03
 0.12177411438478E+03
 0.12366192191880E+03
 0.12551380217113E+03
 0.12734571912678E+03
 0.12912485156630E+03
 0.13088820040403E+03
 0.13263848607752E+03
 0.13435093669181E+03
 0.13606856667983E+03
 0.13777162271689E+03
 0.13946624867595E+03
 0.14114877676149E+03
 0.14282221191307E+03
 0.14450571174196E+03
 0.14618981122106E+03
 0.14787471831025E+03
 0.14957025220992E+03
 0.15126015879928E+03
 0.15296932803143E+03
 0.15468185329193E+03
 0.15640899701903E+03
 0.15815468839483E+03
 0.15988627861115E+03
 0.16164646350823E+03
 0.16343667659502E+03
 0.16521629779061E+03
 0.16702559458343E+03
 0.16883665073125E+03
 0.17066802321531E+03
 0.17250680447641E+03
 0.17437026059501E+03
 0.17623979212505E+03
 0.17812071863132E+03
 0.18002730174846E+03
 0.18194646171550E+03
 0.18388101240046E+03
 0.18582150249073E+03
 0.18778524916290E+03
 0.18976392934702E+03
 0.19175716416913E+03
 0.19376667196412E+03
 0.19579101048404E+03
 0.19782001398291E+03
 0.19988068633583E+03
 0.20195149156377E+03
 0.20402164890123E+03
 0.20611837827182E+03
 0.20824144941606E+03
 0.21034907401956E+03
 0.21249544745358E+03
 0.21464194378720E+03
 0.21682420039478E+03
 0.21898173728114E+03
 0.22118058997387E+03
 0.22337620493526E+03
 0.22561895952798E+03
 0.22784279972157E+03
 0.23010281665914E+03
 0.23234965702513E+03
 0.23462555911712E+03
 0.23690912994993E+03
 0.23921554136605E+03
 0.24152135298885E+03
 0.24385830188335E+03
 0.24621180236288E+03
 0.24856787562454E+03
 0.25093297873555E+03
 0.25329871226562E+03
 0.25568723405137E+03
 0.25809862271676E+03
 0.26052425435254E+03
 0.26294496693622E+03
 0.26538747500729E+03
 0.26783249544941E+03
 0.27031723322390E+03
 0.27278505094527E+03
 0.27529115501897E+03
 0.27777864851136E+03
 0.28030174449317E+03
 0.28283313144741E+03
 0.28537706746931E+03
 0.28792043928357E+03
 0.29049098623696E+03
 0.29306835426383E+03
 0.29567953457035E+03
 0.29826677490054E+03
 0.30087809647059E+03
 0.30350451945523E+03
 0.30613892063160E+03
 0.30879660291431E+03
 0.31144065958535E+03
 0.31412422820281E+03
 0.31679841095485E+03
 0.31950339967595E+03
 0.32222584008513E+03
 0.32493932660923E+03
 0.32768506196466E+03
 0.33041437891054E+03
 0.33316638471610E+03
 0.33592991045733E+03
 0.33871394564577E+03
 0.34149725472879E+03
 0.34427886905505E+03
 0.34710174944303E+03
 0.34992585216406E+03
 0.35275404490317E+03
 0.35561622894623E+03
 0.35845692402579E+03
 0.36132763002746E+03
 0.36419579078096E+03
 0.36710245410312E+03
 0.36999520552460E+03
 0.37289149658049E+03
 0.37582999648600E+03
 0.37874596977388E+03
 0.38169135444122E+03
 0.38465365567202E+03
 0.38760443137594E+03
 0.39058576958333E+03
 0.39358076882282E+03
 0.39656485166638E+03
 0.39958678433308E+03
 0.40259033901687E+03
 0.40562576012414E+03
 0.40865465677204E+03
 0.41170765373928E+03
 0.41477066128134E+03
 0.41783515313560E+03
 0.42092573697865E+03
 0.42402274441157E+03
 0.42710157775699E+03
 0.43023643011242E+03
 0.43334430550224E+03
 0.43649885465460E+03
 0.43963864297608E+03
 0.44277655363168E+03
 0.44594383382442E+03
 0.44912113595076E+03
 0.45231394166835E+03
 0.45550997280954E+03
 0.45870258091985E+03
 0.46192518367439E+03
 0.46514543518079E+03
 0.46837349187013E+03
 0.47162486564651E+03
 0.47489368792418E+03
 0.47814683250064E+03
 0.48142061053776E+03
 0.48471925564117E+03
 0.48799127669338E+03
 0.49130650555730E+03
 0.49462761143215E+03
 0.49794270371901E+03
 0.50128655368896E+03
 0.50463851775798E+03
 0.50798583354005E+03
 0.51134219512815E+03
 0.51473083936401E+03
 0.51809891026262E+03
 0.52149793581940E+03
 0.52488587529165E+03
 0.52829233538455E+03
 0.53173765365519E+03
 0.53514298851074E+03
 0.53859372388700E+03
 0.54203971863510E+03
 0.54548648611041E+03
 0.54897887548715E+03
 0.55245152421705E+03
 0.55593959117596E+03
 0.55943858850988E+03
 0.56294483497373E+03
