 0.10189891284960E+00
 0.10189891284961E+00
 0.10189891284978E+00
 0.10189891285078E+00
 0.10189891285480E+00
 0.10189891286596E+00
 0.10189891261479E+00
 0.10189891145553E+00
 0.10189890729666E+00
 0.10189889613222E+00
 0.10189887143464E+00
 0.10189882426963E+00
 0.10189874225076E+00
 0.10189861152939E+00
 0.10189841759635E+00
 0.10189814120877E+00
 0.10189776655575E+00
 0.10189727640290E+00
 0.10189665362007E+00
 0.10189588080295E+00
 0.10189493407301E+00
 0.10189381434649E+00
 0.10189249534702E+00
 0.10189096445988E+00
 0.10188920243624E+00
 0.10188719437103E+00
 0.10188491625670E+00
 0.10188237772190E+00
 0.10187954620037E+00
 0.10187639260799E+00
 0.10187288052695E+00
 0.10186902678131E+00
 0.10186477224614E+00
 0.10186007857534E+00
 0.10185498344728E+00
 0.10184940373127E+00
 0.10184334357203E+00
 0.10183674199366E+00
 0.10182965545385E+00
 0.10182209591465E+00
 0.10181390570838E+00
 0.10180524052870E+00
 0.10179611975128E+00
 0.10178654770794E+00
 0.10177649799870E+00
 0.10176614516048E+00
 0.10175564492415E+00
 0.10174501734510E+00
 0.10173432337836E+00
 0.10172373769542E+00
 0.10171352696538E+00
 0.10170372809569E+00
 0.10169466247873E+00
 0.10168644207230E+00
 0.10167926538547E+00
 0.10167345150003E+00
 0.10166926808495E+00
 0.10166681140761E+00
 0.10166655351971E+00
 0.10166887528332E+00
 0.10167337924813E+00
 0.10168136909492E+00
 0.10169260064482E+00
 0.10170711033982E+00
 0.10172592946563E+00
 0.10174843548960E+00
 0.10177573862293E+00
 0.10180841019008E+00
 0.10184572016648E+00
 0.10188885899042E+00
 0.10193731944680E+00
 0.10199211242576E+00
 0.10205387966395E+00
 0.10212162780107E+00
 0.10219708728780E+00
 0.10227950270532E+00
 0.10236979957828E+00
 0.10246794099026E+00
 0.10257483710021E+00
 0.10268982231465E+00
 0.10281377611927E+00
 0.10294684640712E+00
 0.10308876769478E+00
 0.10324004284391E+00
 0.10340035062076E+00
 0.10356975420761E+00
 0.10374770618433E+00
 0.10393341903485E+00
 0.10412549919096E+00
 0.10432211539703E+00
 0.10451888000411E+00
 0.10470984876406E+00
 0.10488346637507E+00
 0.10501502802479E+00
 0.10504073084002E+00
