 0.11312241377893E+03
 0.11312241377892E+03
 0.11312241377876E+03
 0.11312241378960E+03
 0.11312241419240E+03
 0.11312241800312E+03
 0.11312243433314E+03
 0.11312247901922E+03
 0.11312256863172E+03
 0.11312271436518E+03
 0.11312291745997E+03
 0.11312316756669E+03
 0.11312344638713E+03
 0.11312372110233E+03
 0.11312396189646E+03
 0.11312411525465E+03
 0.11312414357691E+03
 0.11312399821405E+03
 0.11312362695447E+03
 0.11312298029582E+03
 0.11311682607555E+03
 0.11311413035543E+03
 0.11311092391314E+03
 0.11310715888271E+03
 0.11310277427636E+03
 0.11309771424524E+03
 0.11309188513624E+03
 0.11308527645070E+03
 0.11307776554248E+03
 0.11306921135768E+03
 0.11305944630689E+03
 0.11304842251141E+03
 0.11303586930783E+03
 0.11302154064998E+03
 0.11300538012527E+03
 0.11298697006539E+03
 0.11296608761575E+03
 0.11294231724762E+03
 0.11291549775513E+03
 0.11288533579241E+03
 0.11285091218517E+03
 0.11281245113690E+03
 0.11276944214251E+03
 0.11272138469364E+03
 0.11266768893157E+03
 0.11260822577260E+03
 0.11254277350705E+03
 0.11247073348143E+03
 0.11239153879909E+03
 0.11230490441640E+03
 0.11221071604552E+03
 0.11210824183619E+03
 0.11199740514530E+03
 0.11187761751710E+03
 0.11174831979057E+03
 0.11160942123156E+03
 0.11146046986714E+03
 0.11130061864298E+03
 0.11112987308431E+03
 0.11094808595499E+03
 0.11075262070592E+03
 0.11054588947313E+03
 0.11032576495098E+03
 0.11009049039795E+03
 0.10984181656082E+03
 0.10957559656318E+03
 0.10929389110675E+03
 0.10899654118646E+03
 0.10867898399736E+03
 0.10834310538511E+03
 0.10798402251219E+03
 0.10760367029490E+03
 0.10720229640495E+03
 0.10677152911029E+03
 0.10631667208948E+03
 0.10583136162987E+03
 0.10531523036489E+03
 0.10476357542336E+03
 0.10418075787911E+03
 0.10355402105950E+03
 0.10288619917072E+03
 0.10217197665551E+03
 0.10140915707655E+03
 0.10058851740580E+03
 0.99699735389235E+02
 0.98746254831471E+02
 0.97713866609730E+02
 0.96584809703779E+02
 0.95350015547631E+02
 0.93981898388529E+02
 0.92466373063788E+02
 0.90748815400992E+02
 0.88740287455455E+02
 0.86293989120440E+02
 0.83004398829059E+02
