 0.61503569054433E+01
 0.61503569442521E+01
 0.61503571242289E+01
 0.61503576334659E+01
 0.61503587495692E+01
 0.61503608442607E+01
 0.61503643810672E+01
 0.61503698960419E+01
 0.61503779715801E+01
 0.61503891932739E+01
 0.61504041438020E+01
 0.61504233830832E+01
 0.61504477071119E+01
 0.61504776394220E+01
 0.61505143219020E+01
 0.61505580924382E+01
 0.61506105721452E+01
 0.61506729819722E+01
 0.61507467203271E+01
 0.61508335495716E+01
 0.61509339097280E+01
 0.61510520831413E+01
 0.61511885106125E+01
 0.61513448758194E+01
 0.61515225909203E+01
 0.61517231903383E+01
 0.61519464383472E+01
 0.61521955594576E+01
 0.61524695938660E+01
 0.61527665693645E+01
 0.61530840326938E+01
 0.61534243157855E+01
 0.61537815481062E+01
 0.61541510331629E+01
 0.61545366480808E+01
 0.61549284314264E+01
 0.61553248207852E+01
 0.61557176095046E+01
 0.61561094653213E+01
 0.61564988310951E+01
 0.61568649961412E+01
 0.61572204709727E+01
 0.61575613525248E+01
 0.61578817037745E+01
 0.61581732219627E+01
 0.61584458427271E+01
 0.61587069071798E+01
 0.61589502856935E+01
 0.61591721812402E+01
 0.61593799734422E+01
 0.61595901500499E+01
 0.61597940980752E+01
 0.61600119457494E+01
 0.61602435172714E+01
 0.61604941010736E+01
 0.61607831050440E+01
 0.61611228431118E+01
 0.61615097441310E+01
 0.61619759767716E+01
 0.61625448940332E+01
 0.61631640447373E+01
 0.61639464304232E+01
 0.61648557601449E+01
 0.61658795052633E+01
 0.61671054587583E+01
 0.61684585548654E+01
 0.61700343132523E+01
 0.61718745556011E+01
 0.61738909364898E+01
 0.61761898844809E+01
 0.61787018637736E+01
 0.61815144304309E+01
 0.61846775215940E+01
 0.61880661042553E+01
 0.61918452318971E+01
 0.61959136370203E+01
 0.62003464843507E+01
 0.62051106763373E+01
 0.62102953255549E+01
 0.62157780837283E+01
 0.62216372936967E+01
 0.62278521653369E+01
 0.62343677294492E+01
 0.62411844637536E+01
 0.62481972864098E+01
 0.62554225692588E+01
 0.62627243132392E+01
 0.62699221816784E+01
 0.62768424746468E+01
 0.62831856169510E+01
 0.62885115192038E+01
 0.62920738898384E+01
 0.62925161383479E+01
 0.62872746482814E+01
 0.62698068550170E+01
