 0.67197792076794E+03
 0.67197792076794E+03
 0.67197792076794E+03
 0.67197792076794E+03
 0.67197792076794E+03
 0.67197823877565E+03
 0.67197734998231E+03
 0.67197756846389E+03
 0.67197660663052E+03
 0.67195495340662E+03
 0.67205188985754E+03
 0.67192827157642E+03
 0.67949582194605E+03
 0.67190633634510E+03
 0.67942965274651E+03
 0.67947479378236E+03
 0.67945961078202E+03
 0.67194381877156E+03
 0.67189695731106E+03
 0.67943804595159E+03
 0.67948132126270E+03
 0.67193483253960E+03
 0.67190798837878E+03
 0.67935389962506E+03
 0.68186022213788E+03
 0.67945040853928E+03
 0.67190182166577E+03
 0.67191242658380E+03
 0.67934669116471E+03
 0.67944179689994E+03
 0.67212992856121E+03
 0.67937048340247E+03
 0.67249355303978E+03
 0.67249374604500E+03
 0.67207531640034E+03
 0.67287146982168E+03
 0.67230640078739E+03
 0.67215710479683E+03
 0.67321234995253E+03
 0.67224354132466E+03
 0.67933394467791E+03
 0.67292293229457E+03
 0.67214073006257E+03
 0.67335746936128E+03
 0.67442408796413E+03
 0.67442588085546E+03
 0.67425263066922E+03
 0.67335522139895E+03
 0.67240703914055E+03
 0.67418996267456E+03
 0.67223142327802E+03
 0.67534892027134E+03
 0.67328250662024E+03
 0.67302341056060E+03
 0.67301740124101E+03
 0.67577263395169E+03
 0.68072940618907E+03
 0.67214757405301E+03
 0.67697081304133E+03
 0.67341064702627E+03
 0.67580089617415E+03
 0.67459458288254E+03
 0.68101877648597E+03
 0.67384687806458E+03
 0.67832124139173E+03
 0.67411054495976E+03
 0.67495166339259E+03
 0.67550729647992E+03
 0.67626028374584E+03
 0.67188232668328E+03
 0.67755213949934E+03
 0.67831412299496E+03
 0.68093284856610E+03
 0.67777183519616E+03
 0.67746223066321E+03
 0.67483606799629E+03
 0.68122846799766E+03
 0.67821459662534E+03
 0.67195205017797E+03
 0.67154549189457E+03
 0.67490813928798E+03
 0.67795258038702E+03
 0.67529098672569E+03
 0.67744068090769E+03
 0.67213878863338E+03
 0.67342644018247E+03
 0.67335635560517E+03
 0.67491397675897E+03
 0.67358256753150E+03
 0.67056297898190E+03
 0.68214130877986E+03
 0.67476655843583E+03
 0.67997543716870E+03
 0.67531262334665E+03
 0.67236306050845E+03
