 0.61503569054433E+01
 0.61503569442521E+01
 0.61503571242289E+01
 0.61503576334659E+01
 0.61503587495692E+01
 0.61503608442606E+01
 0.61503643810884E+01
 0.61503698960379E+01
 0.61503779715687E+01
 0.61503891933096E+01
 0.61504041435027E+01
 0.61504233830620E+01
 0.61504477071432E+01
 0.61504776390788E+01
 0.61505143219152E+01
 0.61505580922799E+01
 0.61506105726018E+01
 0.61506729814309E+01
 0.61507467206811E+01
 0.61508335476126E+01
 0.61509339101033E+01
 0.61510520916985E+01
 0.61511885274804E+01
 0.61513449167238E+01
 0.61515226742595E+01
 0.61517233558438E+01
 0.61519467547915E+01
 0.61521961606689E+01
 0.61524707064243E+01
 0.61527685717954E+01
 0.61530873774034E+01
 0.61534298503835E+01
 0.61537903882810E+01
 0.61541647574520E+01
 0.61545578733854E+01
 0.61549595793041E+01
 0.61553704143663E+01
 0.61557828419418E+01
 0.61562009390608E+01
 0.61566268755144E+01
 0.61570369169559E+01
 0.61574498215160E+01
 0.61578632542665E+01
 0.61582745718157E+01
 0.61586776314799E+01
 0.61590861068372E+01
 0.61595118969954E+01
 0.61599512159776E+01
 0.61604065465047E+01
 0.61608884439340E+01
 0.61614170774185E+01
 0.61619913511137E+01
 0.61626329074811E+01
 0.61633491480969E+01
 0.61641491376528E+01
 0.61650576952121E+01
 0.61660925171786E+01
 0.61672553222164E+01
 0.61685839694134E+01
 0.61701049445542E+01
 0.61717750217463E+01
 0.61737054956965E+01
 0.61758690708018E+01
 0.61782606191127E+01
 0.61809682063628E+01
 0.61839248628515E+01
 0.61872290608347E+01
 0.61909218284788E+01
 0.61949279571126E+01
 0.61993476631179E+01
 0.62041340570527E+01
 0.62093604449396E+01
 0.62150738981323E+01
 0.62211920415014E+01
 0.62278310772370E+01
 0.62349182847310E+01
 0.62425270522788E+01
 0.62506144545222E+01
 0.62592609464632E+01
 0.62683462397501E+01
 0.62779249477163E+01
 0.62879514544167E+01
 0.62983561081323E+01
 0.63090622037101E+01
 0.63199161188546E+01
 0.63307561076941E+01
 0.63412340460841E+01
 0.63507798056665E+01
 0.63584063989444E+01
 0.63619518669182E+01
