 0.10189891284960E+00
 0.10189891284961E+00
 0.10189891284978E+00
 0.10189891285078E+00
 0.10189891285480E+00
 0.10189891286596E+00
 0.10189891261479E+00
 0.10189891145553E+00
 0.10189890729665E+00
 0.10189889613220E+00
 0.10189887143477E+00
 0.10189882426978E+00
 0.10189874225114E+00
 0.10189861153105E+00
 0.10189841759443E+00
 0.10189814120795E+00
 0.10189776656403E+00
 0.10189727644569E+00
 0.10189665359161E+00
 0.10189588100872E+00
 0.10189493439469E+00
 0.10189381495656E+00
 0.10189249682793E+00
 0.10189096735110E+00
 0.10188920792857E+00
 0.10188720440944E+00
 0.10188493377706E+00
 0.10188240655839E+00
 0.10187959187451E+00
 0.10187646254344E+00
 0.10187298308717E+00
 0.10186917343283E+00
 0.10186497535520E+00
 0.10186035117804E+00
 0.10185533949005E+00
 0.10184985483539E+00
 0.10184389995925E+00
 0.10183740867904E+00
 0.10183042986641E+00
 0.10182296326909E+00
 0.10181482686760E+00
 0.10180617894078E+00
 0.10179701319894E+00
 0.10178731376233E+00
 0.10177699894762E+00
 0.10176621758425E+00
 0.10175508789539E+00
 0.10174357831188E+00
 0.10173169594531E+00
 0.10171956624421E+00
 0.10170737514650E+00
 0.10169511636448E+00
 0.10168300806276E+00
 0.10167111613887E+00
 0.10165953293244E+00
 0.10164851108260E+00
 0.10163822186436E+00
 0.10162866662699E+00
 0.10162024033301E+00
 0.10161320467671E+00
 0.10160706370310E+00
 0.10160304510720E+00
 0.10160079007532E+00
 0.10160020472304E+00
 0.10160224813298E+00
 0.10160616249702E+00
 0.10161297274252E+00
 0.10162315598248E+00
 0.10163583587650E+00
 0.10165210784850E+00
 0.10167125179366E+00
 0.10169430409409E+00
 0.10172181091212E+00
 0.10175245548471E+00
 0.10178806414232E+00
 0.10182770738895E+00
 0.10187220188765E+00
 0.10192128402569E+00
 0.10197621924203E+00
 0.10203570874609E+00
 0.10210094858610E+00
 0.10217190648006E+00
 0.10224891754238E+00
 0.10233193158364E+00
 0.10242074396546E+00
 0.10251660437859E+00
 0.10261909716236E+00
 0.10272819239495E+00
 0.10284439357775E+00
 0.10296755690916E+00
 0.10309827472110E+00
 0.10323632079512E+00
 0.10338128853112E+00
 0.10353325939935E+00
 0.10369216831907E+00
 0.10385686359473E+00
 0.10402662112927E+00
 0.10419933462405E+00
 0.10437228247811E+00
 0.10454019447627E+00
 0.10469449211865E+00
 0.10481742865188E+00
 0.10487040612354E+00
