 0.10000000133514E-09
 0.10000000133514E-09
 0.10000000133514E-09
 0.10000000133514E-09
 0.10000000133514E-09
 0.10000000133514E-09
 0.10000000133514E-09
 0.10000000133514E-09
 0.10000000133514E-09
 0.10000000133514E-09
 0.10000000133514E-09
 0.10000000133514E-09
 0.10000000133514E-09
 0.10000000133514E-09
 0.10000000133514E-09
 0.10000000133514E-09
 0.22713893848456E-07
 0.21586586164477E-06
 0.45527344771716E-06
 0.89177177047106E-06
 0.16423323300304E-05
 0.28640439723745E-05
 0.47666431586092E-05
 0.76179627128809E-05
 0.11749955564624E-04
 0.17563979616806E-04
 0.25534422635281E-04
 0.36211000532774E-04
 0.50220950605505E-04
 0.68272658138012E-04
 0.91149869566778E-04
 0.11970821310541E-03
 0.15489134390665E-03
 0.19770460107338E-03
 0.24922064607192E-03
 0.31060369706975E-03
 0.38305958946776E-03
 0.46788623810242E-03
 0.56642348419571E-03
 0.68005536708221E-03
 0.81033011767344E-03
 0.95878649670485E-03
 0.11269311830369E-02
 0.13229222455949E-02
 0.15363820934496E-02
 0.17748160170068E-02
 0.20399998246592E-02
 0.23339397904407E-02
 0.26586873538393E-02
 0.30164614111835E-02
 0.34087302590982E-02
 0.38386720387758E-02
 0.43070184231129E-02
 0.48177808523370E-02
 0.53722160914384E-02
 0.59732348049626E-02
 0.66223781356224E-02
 0.73233387732628E-02
 0.80778496822439E-02
 0.88876132773649E-02
 0.97582102074981E-02
 0.10688765845208E-01
 0.11683441570598E-01
 0.12746922225348E-01
 0.13877540372385E-01
 0.15084722681897E-01
 0.16365596154806E-01
 0.17723936634421E-01
 0.19166048200188E-01
 0.20691438530486E-01
 0.22309433882424E-01
 0.24018115293947E-01
 0.25819084202893E-01
 0.27722979050307E-01
 0.29728468696939E-01
 0.31839223470367E-01
 0.34062441689532E-01
 0.36404926610306E-01
 0.38859363682021E-01
 0.41443936856722E-01
 0.44152546218207E-01
 0.46992692301581E-01
 0.49974276720292E-01
 0.53101338297672E-01
 0.56383646303751E-01
 0.59822948788018E-01
 0.63420200620673E-01
 0.67199281774569E-01
 0.71158440043904E-01
 0.75307733775283E-01
 0.79643839566617E-01
 0.84197378976839E-01
 0.88979294855523E-01
 0.94009748127001E-01
 0.99286831935083E-01
 0.10482906920775E+00
 0.11072498396567E+00
 0.11694133606894E+00
 0.12357872719534E+00
 0.13068952493483E+00
 0.13845428226604E+00
 0.14702353213932E+00
 0.15695076958273E+00
