 0.64710694463868E-04
 0.64709147731278E-04
 0.64706566878458E-04
 0.64702952542888E-04
 0.64698298816402E-04
 0.64692602331337E-04
 0.64685859662597E-04
 0.64678060788217E-04
 0.64669199810537E-04
 0.64659269156345E-04
 0.64648259467456E-04
 0.64636161824092E-04
 0.64622967871767E-04
 0.64608669265792E-04
 0.64593255914647E-04
 0.64576716184668E-04
 0.64559041730691E-04
 0.64540218895845E-04
 0.64520237227217E-04
 0.64499085014802E-04
 0.64476737482311E-04
 0.64453193690016E-04
 0.64428428161756E-04
 0.64402419101747E-04
 0.64375143031333E-04
 0.64346578905074E-04
 0.64316693967514E-04
 0.64285465138937E-04
 0.64252862784749E-04
 0.64218843435462E-04
 0.64183372246576E-04
 0.64146426684137E-04
 0.64107955708323E-04
 0.64067918269710E-04
 0.64026306299137E-04
 0.63983063564484E-04
 0.63938165598306E-04
 0.63891574999071E-04
 0.63843280903967E-04
 0.63793278109961E-04
 0.63741484540285E-04
 0.63687951328116E-04
 0.63632663013743E-04
 0.63575608878552E-04
 0.63516756825886E-04
 0.63456160518663E-04
 0.63393848504909E-04
 0.63329816590936E-04
 0.63264069911768E-04
 0.63196652268997E-04
 0.63127622093144E-04
 0.63056987296717E-04
 0.62984816315788E-04
 0.62911141323901E-04
 0.62835995204310E-04
 0.62759458918374E-04
 0.62681596707966E-04
 0.62602415020403E-04
 0.62522038704928E-04
 0.62440557460028E-04
 0.62357823129229E-04
 0.62274215903691E-04
 0.62189649708441E-04
 0.62104081860142E-04
 0.62017808471752E-04
 0.61930617377384E-04
 0.61842813776250E-04
 0.61754552444219E-04
 0.61665553582818E-04
 0.61576165795249E-04
 0.61486141023436E-04
 0.61395798286756E-04
 0.61305309139500E-04
 0.61214201448811E-04
 0.61123069346416E-04
 0.61031546277712E-04
 0.60939866172689E-04
 0.60847870790178E-04
 0.60755954291970E-04
 0.60663566421200E-04
 0.60571047086738E-04
 0.60478255968308E-04
 0.60385173805765E-04
 0.60291656826447E-04
 0.60197379087474E-04
 0.60102637257893E-04
 0.60007111752808E-04
 0.59910342584471E-04
 0.59812269213887E-04
 0.59712456849298E-04
 0.59610909310106E-04
 0.59506883536663E-04
 0.59399568581032E-04
 0.59288384550444E-04
 0.59173057299123E-04
 0.59052215545819E-04
 0.58923986585170E-04
 0.58787733299498E-04
 0.58640637678431E-04
 0.58480219454096E-04
 0.58301788828589E-04
 0.58100264914802E-04
 0.57865811216545E-04
 0.57584999029667E-04
 0.57249965691444E-04
 0.56883812122648E-04
 0.56535007434569E-04
 0.56224817708115E-04
 0.55957639176056E-04
 0.55725788981151E-04
 0.55521170712749E-04
 0.55335784777469E-04
 0.55165077798371E-04
 0.55004072810686E-04
 0.54849111778647E-04
 0.54698503993139E-04
 0.54549620957307E-04
 0.54400953525672E-04
 0.54251255897858E-04
 0.54100149455049E-04
 0.53947214423782E-04
 0.53792126316982E-04
 0.53633584689450E-04
 0.53472345058745E-04
 0.53308839556606E-04
 0.53142900862187E-04
 0.52974435066332E-04
 0.52802380326739E-04
 0.52628020905016E-04
 0.52451869134726E-04
 0.52273255184934E-04
 0.52091809774775E-04
 0.51909375732131E-04
 0.51724603186202E-04
 0.51537478304580E-04
 0.51349817690392E-04
 0.51159537073291E-04
 0.50967943659733E-04
 0.50775188662776E-04
 0.50581794948344E-04
 0.50387712894399E-04
 0.50192055897763E-04
 0.49995637393727E-04
 0.49798719544170E-04
 0.49600877988114E-04
 0.49403230471510E-04
 0.49204403692607E-04
 0.49005746854304E-04
 0.48806340011683E-04
 0.48606284047351E-04
 0.48407874115484E-04
 0.48208314769539E-04
 0.48007491476272E-04
 0.47808198285630E-04
 0.47608290645919E-04
 0.47409143537659E-04
 0.47209837956710E-04
 0.47011230473202E-04
 0.46812349917057E-04
 0.46614368405986E-04
 0.46416858777456E-04
 0.46219224348898E-04
 0.46022134768941E-04
 0.45825493443015E-04
 0.45630061667683E-04
 0.45434551496307E-04
 0.45239900223705E-04
 0.45045637879094E-04
 0.44851875898913E-04
 0.44658988890105E-04
 0.44467207398135E-04
 0.44275250162293E-04
 0.44084275431199E-04
 0.43895059346588E-04
 0.43705369187906E-04
 0.43516583348492E-04
 0.43329730720088E-04
 0.43142400886766E-04
 0.42956612931234E-04
 0.42770677767150E-04
 0.42587461218665E-04
 0.42403923274330E-04
 0.42221904902006E-04
 0.42038972587731E-04
 0.41858785852568E-04
 0.41678248617508E-04
 0.41499931011402E-04
 0.41321614924021E-04
 0.41144596521918E-04
 0.40968225443794E-04
 0.40793201758172E-04
 0.40618231414173E-04
 0.40444143323574E-04
 0.40271322942674E-04
 0.40099758063912E-04
 0.39929716409429E-04
 0.39760117706878E-04
 0.39590777977912E-04
 0.39422610921160E-04
 0.39256091226990E-04
