 0.35172473832405E+01
 0.35172473832405E+01
 0.35172473832405E+01
 0.35172473832405E+01
 0.35172473832405E+01
 0.35172473832405E+01
 0.35172473832405E+01
 0.35172473832405E+01
 0.35172473832405E+01
 0.35172473355199E+01
 0.35172494853538E+01
 0.35172464520117E+01
 0.35172442927179E+01
 0.35172457325827E+01
 0.35172428048518E+01
 0.35172440253569E+01
 0.35172432470528E+01
 0.35172466664678E+01
 0.35172454076261E+01
 0.35172431366911E+01
 0.35172443199566E+01
 0.35172464710992E+01
 0.35172457069793E+01
 0.35172407318903E+01
 0.35172393752262E+01
 0.35172432837689E+01
 0.35172447219219E+01
 0.35172435517709E+01
 0.35172386284011E+01
 0.35172410966062E+01
 0.35172498304774E+01
 0.35172454945055E+01
 0.35172568129884E+01
 0.35172601995874E+01
 0.35172471183862E+01
 0.35172650204186E+01
 0.35172524280725E+01
 0.35172487190800E+01
 0.35172728513164E+01
 0.35172551545802E+01
 0.35172431477808E+01
 0.35172674975049E+01
 0.35172532517499E+01
 0.35172781855924E+01
 0.35172919282468E+01
 0.35172921078410E+01
 0.35172899950532E+01
 0.35172756769526E+01
 0.35172621578107E+01
 0.35172902510167E+01
 0.35172559986307E+01
 0.35172999937420E+01
 0.35172794066303E+01
 0.35172725999846E+01
 0.35172697323649E+01
 0.35173014426079E+01
 0.35172164005876E+01
 0.35172594136508E+01
 0.35172972548542E+01
 0.35172853411144E+01
 0.35173010910278E+01
 0.35172974441860E+01
 0.35172259377070E+01
 0.35172901200935E+01
 0.35171994656402E+01
 0.35172936877112E+01
 0.35172983225187E+01
 0.35171594468295E+01
 0.35173013023704E+01
 0.35171968347614E+01
 0.35172870566139E+01
 0.35172598803469E+01
 0.35172520295510E+01
 0.35172778859960E+01
 0.35172080048435E+01
 0.35173045778826E+01
 0.35172652929189E+01
 0.35172148591427E+01
 0.35172007031607E+01
 0.35172051261779E+01
 0.35172357156918E+01
 0.35172553842464E+01
 0.35172907667465E+01
 0.35172410045947E+01
 0.35172512918881E+01
 0.35173167502744E+01
 0.35172416869956E+01
 0.35172077797856E+01
 0.35172503685197E+01
 0.35172681557071E+01
 0.35173566343720E+01
 0.35173623810429E+01
 0.35172930156182E+01
 0.35174038433263E+01
 0.35173379390231E+01
 0.35174089421313E+01
 0.35174292018916E+01
 0.35174049958389E+01
 0.35175420362444E+01
 0.35175803254377E+01
 0.35175363547615E+01
 0.35175834311634E+01
 0.35176640752795E+01
 0.35177277924320E+01
 0.35177981010210E+01
 0.35179536393717E+01
 0.35180012107444E+01
 0.35179956430708E+01
 0.35180843498969E+01
 0.35181781170900E+01
 0.35183876066951E+01
 0.35184087404126E+01
 0.35185769435751E+01
 0.35185698325430E+01
 0.35186851727078E+01
 0.35188449895907E+01
 0.35189345691769E+01
 0.35190770516340E+01
 0.35191778357227E+01
 0.35193422620788E+01
 0.35194858379017E+01
 0.35196662979619E+01
 0.35197757278477E+01
 0.35199405677360E+01
 0.35201295105010E+01
 0.35202930382706E+01
 0.35204773129655E+01
 0.35206071789571E+01
 0.35208830514142E+01
 0.35211056418071E+01
 0.35213311012965E+01
 0.35215127980013E+01
 0.35216362611804E+01
 0.35219031990260E+01
 0.35220670937400E+01
 0.35223058636126E+01
 0.35225567113341E+01
 0.35227843650912E+01
 0.35230626864104E+01
 0.35232627504765E+01
 0.35234408907685E+01
 0.35237196505439E+01
 0.35240325878492E+01
 0.35242777124782E+01
 0.35244072783341E+01
 0.35247449159895E+01
 0.35248446065989E+01
 0.35251392264031E+01
 0.35253345771773E+01
 0.35255732946174E+01
 0.35257901099108E+01
 0.35260139420536E+01
 0.35262748497607E+01
 0.35264929034155E+01
 0.35265540151706E+01
 0.35267556563032E+01
 0.35269323315499E+01
 0.35270878800446E+01
 0.35271750008117E+01
 0.35274002560745E+01
 0.35275583470158E+01
 0.35274962083958E+01
 0.35276629888783E+01
 0.35276979665652E+01
 0.35278438418666E+01
 0.35278078833359E+01
 0.35278458394033E+01
 0.35278268205536E+01
 0.35277831480434E+01
 0.35277139425881E+01
 0.35277018215955E+01
 0.35277105069721E+01
 0.35275782330573E+01
 0.35273257633831E+01
 0.35272405030222E+01
 0.35271001397396E+01
 0.35268573672518E+01
 0.35266999319714E+01
 0.35263503104962E+01
 0.35261912591139E+01
 0.35258102901284E+01
 0.35254834548183E+01
 0.35251342640907E+01
 0.35248269391799E+01
 0.35243728145492E+01
 0.35238551962040E+01
 0.35234044545341E+01
 0.35228693989662E+01
 0.35224313399102E+01
 0.35219503896485E+01
 0.35212707418583E+01
 0.35206240531576E+01
 0.35199925007959E+01
 0.35194276243445E+01
 0.35185793337415E+01
 0.35179955772067E+01
 0.35172614553308E+01
 0.35162534784267E+01
 0.35154912052790E+01
 0.35147837632568E+01
