 0.34787160937283E+03
 0.34787161156786E+03
 0.34787162174707E+03
 0.34787165058348E+03
 0.34787171495032E+03
 0.34787184514725E+03
 0.34787209541115E+03
 0.34787254476347E+03
 0.34787327709972E+03
 0.34787435997084E+03
 0.34787583014656E+03
 0.34787768745836E+03
 0.34787992074778E+03
 0.34788245850579E+03
 0.34788527388106E+03
 0.34788822119098E+03
 0.34789127660138E+03
 0.34789436010281E+03
 0.34789738992816E+03
 0.34790031494783E+03
 0.34788707164499E+03
 0.34788547958913E+03
 0.34788336596357E+03
 0.34788069325618E+03
 0.34787737480884E+03
 0.34787336106499E+03
 0.34786840492617E+03
 0.34786272229711E+03
 0.34785598132415E+03
 0.34784775923685E+03
 0.34783755010269E+03
 0.34782553013568E+03
 0.34781074438773E+03
 0.34779242660918E+03
 0.34777089594945E+03
 0.34774459731390E+03
 0.34771308519160E+03
 0.34767498760469E+03
 0.34763020966961E+03
 0.34757811963378E+03
 0.34751524141636E+03
 0.34744293639956E+03
 0.34735985317951E+03
 0.34726429660747E+03
 0.34715425801556E+03
 0.34703008199600E+03
 0.34689154692145E+03
 0.34673656294427E+03
 0.34656324966672E+03
 0.34637124620302E+03
 0.34616073130892E+03
 0.34592941035937E+03
 0.34567770944960E+03
 0.34540395297498E+03
 0.34510669457821E+03
 0.34478647492326E+03
 0.34444268349959E+03
 0.34407243737797E+03
 0.34367773730764E+03
 0.34325925438220E+03
 0.34280641161667E+03
 0.34233285245198E+03
 0.34183046322741E+03
 0.34129360589042E+03
 0.34073236847510E+03
 0.34013136765993E+03
 0.33950189142976E+03
 0.33884689384331E+03
 0.33814835157834E+03
 0.33741884610735E+03
 0.33664102965773E+03
 0.33582658381129E+03
 0.33498006349500E+03
 0.33407253753710E+03
 0.33312896367627E+03
 0.33212816850888E+03
 0.33107522729416E+03
 0.32995824645278E+03
 0.32879582944710E+03
 0.32755158967525E+03
 0.32624241077309E+03
 0.32485609973065E+03
 0.32338979147510E+03
 0.32182908878854E+03
 0.32015285553663E+03
 0.31838420397749E+03
 0.31649537240730E+03
 0.31446091323293E+03
 0.31228087202319E+03
 0.30992694368645E+03
 0.30740942449967E+03
 0.30468352884418E+03
 0.30169650047791E+03
 0.29842562404358E+03
 0.29486232709019E+03
 0.29093423131385E+03
 0.28650072717866E+03
 0.28155398475334E+03
 0.27589052714602E+03
 0.26933427191239E+03
 0.26151450674607E+03
 0.25199328401062E+03
 0.23991393469822E+03
 0.22423527707207E+03
 0.20458697610545E+03
 0.18332139082106E+03
 0.16455976650227E+03
 0.14943085620449E+03
 0.13757063419513E+03
 0.12805652464204E+03
 0.12020986875189E+03
 0.11351458874127E+03
 0.10773926186357E+03
 0.10264939813581E+03
 0.98089895299450E+02
 0.94011383282893E+02
 0.90295091898241E+02
 0.86879266705604E+02
 0.83709812094585E+02
 0.80767712495253E+02
 0.78026552011379E+02
 0.75462034442863E+02
 0.73018331971743E+02
 0.70711426153940E+02
 0.68540777004367E+02
 0.66487365280934E+02
 0.64536414162350E+02
 0.62654137276630E+02
 0.60861949198790E+02
 0.59160064206437E+02
 0.57526570549193E+02
 0.55948698405487E+02
 0.54451458421459E+02
 0.53005696592293E+02
 0.51606946027387E+02
 0.50276245674733E+02
 0.48979873754524E+02
 0.47731905241866E+02
 0.46530066557736E+02
 0.45376360156195E+02
 0.44266165242291E+02
 0.43187199042514E+02
 0.42145412491793E+02
 0.41140572238660E+02
 0.40166264918227E+02
 0.39230081498932E+02
 0.38318045772134E+02
 0.37439578078515E+02
 0.36585452218455E+02
 0.35755068771803E+02
 0.34963279254952E+02
 0.34188434555970E+02
 0.33429226755413E+02
 0.32702724154445E+02
 0.31993697525525E+02
 0.31309609278620E+02
 0.30643704060750E+02
 0.29999923148988E+02
 0.29371891246894E+02
 0.28765037189768E+02
 0.28176128522322E+02
 0.27601400677051E+02
 0.27043495666813E+02
 0.26501168205256E+02
 0.25977130921637E+02
 0.25464926249274E+02
 0.24968101420410E+02
 0.24484007239200E+02
 0.24012680265132E+02
 0.23554992455344E+02
 0.23111227593889E+02
 0.22676174786901E+02
 0.22253624308352E+02
 0.21845804822717E+02
 0.21444572834474E+02
 0.21054207389473E+02
 0.20677697641707E+02
 0.20306866256824E+02
 0.19947735344596E+02
 0.19594852317819E+02
 0.19256416841103E+02
 0.18923090283110E+02
 0.18599940395320E+02
 0.18279949100197E+02
 0.17972857918508E+02
 0.17670050460075E+02
 0.17378043463316E+02
 0.17090847994439E+02
 0.16811513698882E+02
 0.16538203950761E+02
 0.16272451156958E+02
 0.16010963932444E+02
 0.15755546868512E+02
 0.15506874406101E+02
 0.15264663068203E+02
 0.15029276947400E+02
 0.14798249988259E+02
 0.14571118171289E+02
 0.14349622171978E+02
 0.14134469123296E+02
