 0.30964654458033E+03
 0.30964654458037E+03
 0.30964654458102E+03
 0.30964654462233E+03
 0.30964654557380E+03
 0.30964654936996E+03
 0.30964653212187E+03
 0.30964635945298E+03
 0.30964566552971E+03
 0.30964377522957E+03
 0.30963970462795E+03
 0.30963222549615E+03
 0.30961998039073E+03
 0.30960155324727E+03
 0.30957561171609E+03
 0.30954086591080E+03
 0.30949625389873E+03
 0.30944084670450E+03
 0.30937388656390E+03
 0.30929479974398E+03
 0.30918213219525E+03
 0.30907211422925E+03
 0.30894878233040E+03
 0.30881215108391E+03
 0.30866232955548E+03
 0.30849957322498E+03
 0.30832414168193E+03
 0.30813671128330E+03
 0.30793774726542E+03
 0.30772780172573E+03
 0.30750751720651E+03
 0.30727810815742E+03
 0.30704023359191E+03
 0.30679481794208E+03
 0.30654358950928E+03
 0.30628724751495E+03
 0.30602728363158E+03
 0.30576470870719E+03
 0.30550137357490E+03
 0.30523882549083E+03
 0.30497689256324E+03
 0.30471828317367E+03
 0.30446398473706E+03
 0.30421478510501E+03
 0.30397079668719E+03
 0.30373366207555E+03
 0.30350433614057E+03
 0.30328243052683E+03
 0.30306741965326E+03
 0.30285935766393E+03
 0.30265824426245E+03
 0.30246242062016E+03
 0.30227130526380E+03
 0.30208298667474E+03
 0.30189528157766E+03
 0.30170670075291E+03
 0.30151500454907E+03
 0.30131627914981E+03
 0.30110915416486E+03
 0.30089105321290E+03
 0.30065350225397E+03
 0.30040047766407E+03
 0.30012434353515E+03
 0.29981852302577E+03
 0.29948476375679E+03
 0.29911100348278E+03
 0.29869935994492E+03
 0.29824748503867E+03
 0.29774132400621E+03
 0.29718357775923E+03
 0.29656006240017E+03
 0.29587279025622E+03
 0.29511990981257E+03
 0.29427966861315E+03
 0.29336154026577E+03
 0.29234806983984E+03
 0.29123633922271E+03
 0.29001322723008E+03
 0.28868496174312E+03
 0.28722116597156E+03
 0.28562632817984E+03
 0.28388480246277E+03
 0.28198732879747E+03
 0.27991404262284E+03
 0.27763966048262E+03
 0.27517393997047E+03
 0.27248203701476E+03
 0.26953175114901E+03
 0.26631014629742E+03
 0.26277644741646E+03
 0.25892537719007E+03
 0.25469698511336E+03
 0.25001494024180E+03
 0.24483264774767E+03
 0.23911239612859E+03
 0.23274832968046E+03
 0.22552715838255E+03
 0.21740145266529E+03
 0.20805862885779E+03
 0.19721384257825E+03
 0.18433078673879E+03
 0.16896119778338E+03
 0.15093710995679E+03
 0.13219113885632E+03
 0.11584235359634E+03
 0.10516883103630E+03
 0.10108644375297E+03
 0.10092258387895E+03
 0.10248695560394E+03
 0.10468262373105E+03
 0.10704642606847E+03
 0.10940915612540E+03
 0.11167946955233E+03
 0.11384361153299E+03
 0.11590580885690E+03
 0.11785108115447E+03
 0.11970665064640E+03
 0.12148557692667E+03
 0.12320343003436E+03
 0.12486162273350E+03
 0.12646705840163E+03
 0.12802734952835E+03
 0.12957156276910E+03
 0.13108713832293E+03
 0.13257029289943E+03
 0.13402973342112E+03
 0.13547258388826E+03
 0.13692218794573E+03
 0.13836055553381E+03
 0.13978426614849E+03
 0.14120917848349E+03
 0.14264533297381E+03
 0.14406727141164E+03
 0.14550050362444E+03
 0.14694849252287E+03
 0.14838673878533E+03
 0.14985021666615E+03
 0.15132191233270E+03
 0.15280240641463E+03
 0.15428656328260E+03
 0.15577761777511E+03
 0.15729084535545E+03
 0.15881632391107E+03
 0.16035212213729E+03
 0.16190633026439E+03
 0.16346429902498E+03
 0.16504768666730E+03
 0.16663812752754E+03
 0.16825048334882E+03
 0.16988471730194E+03
 0.17150811239124E+03
 0.17316294691497E+03
 0.17485218821881E+03
 0.17653520024691E+03
 0.17824500379770E+03
 0.17996153899478E+03
 0.18169973144444E+03
 0.18344722339141E+03
 0.18521953203931E+03
 0.18699939470521E+03
 0.18879381176210E+03
 0.19061275208338E+03
 0.19244630723605E+03
 0.19429657140469E+03
 0.19615186364373E+03
 0.19803312566184E+03
 0.19992565485493E+03
 0.20183765774747E+03
 0.20376738796348E+03
 0.20570931633113E+03
 0.20765984684728E+03
 0.20964026860456E+03
 0.21163214262455E+03
 0.21362199091490E+03
 0.21564777222871E+03
 0.21768700144173E+03
 0.21972134645295E+03
 0.22179295672112E+03
 0.22386708999020E+03
 0.22597339613007E+03
 0.22806087035624E+03
 0.23018409831353E+03
 0.23230984171172E+03
 0.23448301485842E+03
 0.23663630808170E+03
 0.23882717247701E+03
 0.24100724250001E+03
 0.24321850050314E+03
 0.24543658028762E+03
 0.24767398929992E+03
 0.24991658841946E+03
 0.25219044895485E+03
 0.25447921314073E+03
 0.25677496397731E+03
 0.25907798451773E+03
 0.26138246619009E+03
 0.26371042937413E+03
 0.26606600234212E+03
 0.26843007806886E+03
 0.27079279880438E+03
