 0.10189891284960E+00
 0.10189891284961E+00
 0.10189891284978E+00
 0.10189891285078E+00
 0.10189891285480E+00
 0.10189891286596E+00
 0.10189891261479E+00
 0.10189891145552E+00
 0.10189890729663E+00
 0.10189889613219E+00
 0.10189887143474E+00
 0.10189882426967E+00
 0.10189874225092E+00
 0.10189861152754E+00
 0.10189841759716E+00
 0.10189814120228E+00
 0.10189776653203E+00
 0.10189727643598E+00
 0.10189665367091E+00
 0.10189588116166E+00
 0.10189493473607E+00
 0.10189381575812E+00
 0.10189249867507E+00
 0.10189097139876E+00
 0.10188921605719E+00
 0.10188721985191E+00
 0.10188496205003E+00
 0.10188245602047E+00
 0.10187967454965E+00
 0.10187659516157E+00
 0.10187318933813E+00
 0.10186948319392E+00
 0.10186542727153E+00
 0.10186099240363E+00
 0.10185622598600E+00
 0.10185105149208E+00
 0.10184547924490E+00
 0.10183944945128E+00
 0.10183301261757E+00
 0.10182616931890E+00
 0.10181873221430E+00
 0.10181085066474E+00
 0.10180249631194E+00
 0.10179362380378E+00
 0.10178414105665E+00
 0.10177414880401E+00
 0.10176371424154E+00
 0.10175274969928E+00
 0.10174120196335E+00
 0.10172911018292E+00
 0.10171659217498E+00
 0.10170355299838E+00
 0.10169009479751E+00
 0.10167618652936E+00
 0.10166181186080E+00
 0.10164711167891E+00
 0.10163212796514E+00
 0.10161674713370E+00
 0.10160122979298E+00
 0.10158573019391E+00
 0.10156959525719E+00
 0.10155394308681E+00
 0.10153828018681E+00
 0.10152239312564E+00
 0.10150713529413E+00
 0.10149153919679E+00
 0.10147659578219E+00
 0.10146271103939E+00
 0.10144875953317E+00
 0.10143584412077E+00
 0.10142298283336E+00
 0.10141118986922E+00
 0.10140103831494E+00
 0.10139080473802E+00
 0.10138248660278E+00
 0.10137487373104E+00
 0.10136873722369E+00
 0.10136357853911E+00
 0.10136096955503E+00
 0.10135893513881E+00
 0.10135899067574E+00
 0.10136089024321E+00
 0.10136481554178E+00
 0.10137057881055E+00
 0.10137754824490E+00
 0.10138747142295E+00
 0.10139968287118E+00
 0.10141353254199E+00
 0.10142986044470E+00
 0.10144817318444E+00
 0.10147002751131E+00
 0.10149443105962E+00
 0.10152055806412E+00
 0.10154896227418E+00
 0.10158122962756E+00
 0.10161631522669E+00
 0.10165270401039E+00
 0.10169282135468E+00
 0.10173505074387E+00
 0.10178005752437E+00
 0.10182692375141E+00
 0.10187672645459E+00
 0.10192859677911E+00
 0.10198173283786E+00
 0.10203586384133E+00
 0.10209145061369E+00
 0.10214785125206E+00
 0.10220234707803E+00
 0.10225568937163E+00
 0.10230654320497E+00
 0.10235285021516E+00
 0.10239105467254E+00
 0.10241904553013E+00
 0.10243181281244E+00
 0.10242315274720E+00
 0.10238668842383E+00
 0.10231030169090E+00
 0.10217834324751E+00
 0.10196790202176E+00
 0.10165083868838E+00
 0.10118961129196E+00
 0.10054343796998E+00
 0.99661678420727E-01
 0.98542664385211E-01
 0.97226657361932E-01
 0.95782661395450E-01
 0.94289674612044E-01
 0.92798483298855E-01
 0.91378064957642E-01
 0.90057895118662E-01
 0.88839042654273E-01
 0.87716072770384E-01
 0.86703996983730E-01
 0.85779894940892E-01
 0.84938074054986E-01
 0.84183458289203E-01
 0.83492913834791E-01
 0.82870055604866E-01
 0.82307950817805E-01
 0.81803789036930E-01
 0.81351432180374E-01
 0.80943366272577E-01
 0.80579043840204E-01
 0.80255476007382E-01
 0.79968345311097E-01
 0.79717687916493E-01
 0.79498004462780E-01
 0.79309601742165E-01
 0.79149251397891E-01
 0.79015294921239E-01
 0.78908589179425E-01
 0.78824629126109E-01
 0.78762795924825E-01
 0.78723347711729E-01
 0.78704083346455E-01
 0.78704411243330E-01
 0.78723240334600E-01
 0.78759699897942E-01
 0.78813204748170E-01
 0.78882699317576E-01
 0.78967531720136E-01
 0.79067334243081E-01
 0.79181610576516E-01
 0.79309464670137E-01
 0.79450052662680E-01
 0.79603803618506E-01
 0.79769891550749E-01
 0.79947627516849E-01
 0.80137016013847E-01
 0.80337409003995E-01
 0.80547603150543E-01
 0.80769714803122E-01
 0.81001477321090E-01
 0.81241399663975E-01
 0.81492359592794E-01
 0.81753093389462E-01
 0.82020128645613E-01
 0.82298417361338E-01
 0.82583674524494E-01
 0.82879819234079E-01
 0.83179041881053E-01
 0.83489701055531E-01
 0.83805886588226E-01
 0.84133537016690E-01
 0.84464585422444E-01
 0.84805863918649E-01
 0.85150658627070E-01
 0.85504426240284E-01
 0.85863874697698E-01
 0.86231089663801E-01
 0.86603601443727E-01
 0.86984357912525E-01
 0.87372101878201E-01
 0.87764276868244E-01
 0.88161716715964E-01
 0.88563745250432E-01
 0.88972936913300E-01
 0.89389731313497E-01
 0.89811622335075E-01
 0.90237400947238E-01
 0.90669429745649E-01
 0.91104480393744E-01
 0.91549334520183E-01
 0.91995752262758E-01
 0.92451706347282E-01
 0.92906622217061E-01
 0.93370574859923E-01
 0.93839462782920E-01
 0.94312460161262E-01
 0.94788424341447E-01
 0.95271959123059E-01
 0.95759572284321E-01
 0.96255187110697E-01
 0.96749808389436E-01
 0.97249712915914E-01
 0.97755929264142E-01
 0.98265669383717E-01
 0.98781680774346E-01
 0.99297098806120E-01
 0.99821924223431E-01
 0.10034825517477E+00
 0.10088133118625E+00
 0.10141948564856E+00
 0.10195916360716E+00
 0.10250548316371E+00
 0.10305111230950E+00
 0.10360279223126E+00
 0.10415791292087E+00
 0.10472181802768E+00
 0.10528454736828E+00
 0.10584964675382E+00
 0.10642416343892E+00
 0.10699934476625E+00
 0.10757824197519E+00
 0.10816513004964E+00
 0.10874832902132E+00
 0.10934126328903E+00
 0.10993294503578E+00
 0.11053505844881E+00
 0.11113457090618E+00
 0.11173930183057E+00
 0.11235011143632E+00
 0.11295981022310E+00
 0.11357562576481E+00
 0.11419692784641E+00
 0.11481675548416E+00
 0.11544532808420E+00
 0.11607587819900E+00
 0.11670771981792E+00
 0.11734639422848E+00
 0.11798311471478E+00
 0.11862916780941E+00
 0.11927292187168E+00
 0.11992427358650E+00
 0.12057728583999E+00
 0.12123287138588E+00
 0.12189431728966E+00
 0.12255746548845E+00
 0.12321873906447E+00
 0.12389247351802E+00
 0.12456160993775E+00
 0.12524158172637E+00
 0.12592050553139E+00
 0.12659822642378E+00
 0.12728362959981E+00
 0.12797277665968E+00
 0.12866392263077E+00
 0.12935921998037E+00
 0.13005359344144E+00
 0.13075526290923E+00
 0.13145723362363E+00
 0.13216174806899E+00
 0.13287203273366E+00
 0.13358531922783E+00
 0.13430046232478E+00
 0.13501707927955E+00
 0.13573946832808E+00
 0.13645683640162E+00
 0.13718916524660E+00
 0.13791814772006E+00
 0.13865019518372E+00
 0.13938504850900E+00
 0.14012360396758E+00
 0.14086350753183E+00
 0.14160685588616E+00
 0.14235644442753E+00
 0.14310208841920E+00
 0.14385385483818E+00
 0.14460672687745E+00
 0.14536359895330E+00
 0.14612777331427E+00
 0.14688429554493E+00
 0.14765173913936E+00
 0.14841956918667E+00
 0.14918679010111E+00
 0.14996343961516E+00
 0.15073943875278E+00
 0.15151864263561E+00
 0.15229999615880E+00
 0.15308313117893E+00
