 0.10000000133514E-09
 0.10000000133514E-09
 0.10000000133514E-09
 0.10000000133514E-09
 0.10000000133514E-09
 0.10000000133514E-09
 0.10000000133514E-09
 0.10000000133514E-09
 0.10000000133514E-09
 0.10000000133514E-09
 0.10000000133514E-09
 0.10000000133514E-09
 0.10000000133514E-09
 0.10000000133514E-09
 0.10000000133514E-09
 0.10000000133514E-09
 0.10000000133514E-09
 0.10000000133514E-09
 0.10000000133514E-09
 0.10000000133514E-09
 0.10000000133514E-09
 0.10000000133514E-09
 0.10000000133514E-09
 0.10000000133514E-09
 0.53783496488777E-08
 0.53783496488777E-08
 0.29775090145212E-07
 0.58478667086384E-07
 0.10341862264020E-06
 0.17629545221670E-06
 0.29071116805458E-06
 0.46513696351233E-06
 0.72414483368788E-06
 0.10995378275315E-05
 0.16317388967311E-05
 0.23713444263744E-05
 0.33803069815178E-05
 0.47337594039557E-05
 0.65211623136127E-05
 0.88478289003362E-05
 0.11837192395804E-04
 0.15630797391285E-04
 0.20390042218193E-04
 0.26298452530142E-04
 0.33562341334656E-04
 0.42410849511339E-04
 0.53096680008682E-04
 0.65900370679275E-04
 0.81128708402176E-04
 0.99112824190435E-04
 0.12021333047561E-03
 0.14481901836263E-03
 0.17334471267949E-03
 0.20624037344776E-03
 0.24398358612558E-03
 0.28708086006300E-03
 0.33606078235987E-03
 0.39149872023728E-03
 0.45400390857772E-03
 0.52413700331802E-03
 0.60269253242191E-03
 0.69022262428510E-03
 0.78748752794953E-03
 0.89536560611531E-03
 0.10144528020801E-02
 0.11477508767251E-02
 0.12922093667227E-02
 0.14502905395214E-02
 0.16235148973609E-02
 0.18123723917602E-02
 0.20182041499441E-02
 0.22418148156969E-02
 0.24841483449097E-02
 0.27467970065906E-02
 0.30305459344357E-02
 0.33366410722281E-02
 0.36666605252436E-02
 0.40220077372370E-02
 0.44022720168066E-02
 0.48114969002205E-02
 0.52498314701113E-02
 0.57189860363226E-02
 0.62196501923662E-02
 0.67544956860238E-02
 0.73262993807642E-02
 0.79341875835768E-02
 0.85812403340952E-02
 0.92707030883223E-02
 0.10002467486717E-01
 0.10781529903253E-01
 0.11604894241560E-01
 0.12479021807703E-01
 0.13406342449809E-01
 0.14388409699588E-01
 0.15426413712641E-01
 0.16521413802073E-01
 0.17685169758898E-01
 0.18909194931080E-01
 0.20202833712368E-01
 0.21568269516200E-01
 0.23011596118422E-01
 0.24530074373214E-01
 0.26129842981663E-01
 0.27817632098575E-01
 0.29596362770092E-01
 0.31470457275300E-01
 0.33434426703684E-01
 0.35514510788112E-01
 0.37696695537687E-01
 0.39985673858528E-01
 0.42393296359718E-01
 0.44926131257929E-01
 0.47588144778262E-01
 0.50386807330283E-01
 0.53330722369458E-01
 0.56418797547240E-01
 0.59655659084846E-01
 0.63058292725272E-01
 0.66638067768708E-01
 0.70383228569609E-01
 0.74314196795188E-01
 0.78436632732665E-01
 0.82768348059443E-01
 0.87313649170428E-01
 0.92068340152907E-01
 0.97043790178758E-01
 0.10225405747082E+00
 0.10772968277004E+00
 0.11345657228560E+00
 0.11943172142103E+00
 0.12568199306311E+00
 0.13222431261380E+00
 0.13902422211322E+00
 0.14612828048055E+00
 0.15352473292760E+00
 0.16120055991261E+00
 0.16918434339840E+00
 0.17742778536816E+00
 0.18593343395299E+00
 0.19464913851853E+00
 0.20355193187706E+00
 0.21262414562066E+00
 0.22179680794001E+00
 0.23099187807039E+00
 0.24017221744990E+00
 0.24923997261730E+00
 0.25817625918283E+00
 0.26690706678930E+00
 0.27542174710609E+00
 0.28370205085657E+00
 0.29171292285640E+00
 0.29950841106430E+00
 0.30709324715415E+00
 0.31446341047286E+00
 0.32165751790253E+00
 0.32868432753243E+00
 0.33556501420380E+00
 0.34231260255123E+00
 0.34894256552894E+00
 0.35546127427730E+00
 0.36187739395012E+00
 0.36820120752500E+00
 0.37443537954007E+00
 0.38058453112781E+00
 0.38665015931384E+00
 0.39263736267129E+00
 0.39854616408600E+00
 0.40437869332892E+00
 0.41013623523226E+00
 0.41581981855340E+00
 0.42142870040043E+00
 0.42696543914976E+00
 0.43242896841962E+00
 0.43781993679602E+00
 0.44314053054395E+00
 0.44839110192561E+00
 0.45356845944322E+00
 0.45867762121760E+00
 0.46371704614206E+00
 0.46868797919902E+00
 0.47358951004216E+00
 0.47842453722552E+00
 0.48319249993638E+00
 0.48789524566707E+00
 0.49253196454155E+00
 0.49710493678114E+00
 0.50161363839628E+00
 0.50606025613157E+00
 0.51044515713564E+00
 0.51476915643435E+00
 0.51903290263833E+00
 0.52323844914500E+00
 0.52738548273953E+00
 0.53147557816271E+00
 0.53550929970286E+00
 0.53948724716852E+00
 0.54341181143609E+00
 0.54728235673114E+00
 0.55110092740881E+00
 0.55486772327735E+00
 0.55858402197274E+00
 0.56225057903391E+00
 0.56586835821020E+00
 0.56943796582283E+00
 0.57296106295635E+00
 0.57643747671800E+00
 0.57986881589518E+00
 0.58325549992376E+00
 0.58659871190349E+00
 0.58989863608648E+00
 0.59315668856991E+00
 0.59637363647632E+00
 0.59954977209194E+00
 0.60268589828273E+00
 0.60578304645315E+00
 0.60884200945673E+00
 0.61186312954904E+00
 0.61484741422510E+00
 0.61779517883698E+00
 0.62070756707220E+00
 0.62358460320900E+00
 0.62642768294342E+00
 0.62923684764040E+00
 0.63201278131066E+00
 0.63475632113468E+00
 0.63746771444391E+00
 0.64014798183589E+00
 0.64279709774467E+00
 0.64541617341847E+00
 0.64800563655350E+00
 0.65056543628671E+00
 0.65309670581555E+00
 0.65559970235569E+00
 0.65807507917659E+00
 0.66052323755425E+00
 0.66294434720836E+00
 0.66533933862420E+00
 0.66770839123569E+00
 0.67005231558890E+00
 0.67237066003190E+00
 0.67466461185888E+00
 0.67693429488956E+00
 0.67918030827579E+00
 0.68140290386752E+00
 0.68360257497407E+00
 0.68577928622977E+00
 0.68793398726173E+00
 0.69006646596037E+00
 0.69217755073005E+00
 0.69426755107631E+00
 0.69633663430167E+00
 0.69838501305943E+00
 0.70041355749099E+00
 0.70242202921761E+00
 0.70441080176865E+00
 0.70638019057202E+00
 0.70833065921068E+00
 0.71026221430826E+00
 0.71217543353911E+00
 0.71407081722282E+00
 0.71594797356501E+00
 0.71780779488196E+00
 0.71965004950553E+00
 0.72147530202555E+00
 0.72328353840809E+00
 0.72507538916273E+00
 0.72685101325864E+00
 0.72861053545487E+00
 0.73035386806580E+00
 0.73208181712433E+00
 0.73379434864307E+00
 0.73549161943286E+00
 0.73717395006628E+00
 0.73884141800497E+00
 0.74049451989088E+00
 0.74213288579062E+00
 0.74375728968081E+00
 0.74536772935682E+00
 0.74696451585479E+00
 0.74854758777343E+00
 0.75011731327937E+00
 0.75167382631994E+00
 0.75321722509396E+00
 0.75474788601660E+00
 0.75626573421511E+00
 0.75777097664429E+00
 0.75926394476119E+00
 0.76074476390126E+00
 0.76221341880597E+00
 0.76367018954802E+00
 0.76511559789938E+00
 0.76654894981394E+00
 0.76797100235574E+00
 0.76938186591884E+00
 0.77078144523251E+00
 0.77217013623685E+00
 0.77354812982869E+00
 0.77491505545550E+00
 0.77627153987174E+00
 0.77761762345982E+00
