 0.22012047225508E+01
 0.22012047225508E+01
 0.22012047225508E+01
 0.22012047225508E+01
 0.22012047225508E+01
 0.22012047225508E+01
 0.22012047225508E+01
 0.22012047225508E+01
 0.22012047225509E+01
 0.22012046921021E+01
 0.22012050888252E+01
 0.22012045357365E+01
 0.22012041451643E+01
 0.22012044430752E+01
 0.22012038045248E+01
 0.22012040697297E+01
 0.22012039230940E+01
 0.22012045719827E+01
 0.22012043316713E+01
 0.22012038525428E+01
 0.22012040699015E+01
 0.22012045662938E+01
 0.22012044163182E+01
 0.22012033875666E+01
 0.22012030981813E+01
 0.22012039863606E+01
 0.22012042708764E+01
 0.22012035302979E+01
 0.22012029815680E+01
 0.22012040043824E+01
 0.22012051849293E+01
 0.22012027106175E+01
 0.22012061160699E+01
 0.22012059741466E+01
 0.22012043297351E+01
 0.22012067799912E+01
 0.22012062447114E+01
 0.22012053771041E+01
 0.22012160147520E+01
 0.22012054537728E+01
 0.22012030136459E+01
 0.22012068785041E+01
 0.22012044104291E+01
 0.22012158622913E+01
 0.22012378566841E+01
 0.22012392293659E+01
 0.22012354545981E+01
 0.22012160531380E+01
 0.22012062480293E+01
 0.22012335812156E+01
 0.22012056748096E+01
 0.22012536891164E+01
 0.22012201138870E+01
 0.22012071208439E+01
 0.22012137963343E+01
 0.22012562223454E+01
 0.22011924271747E+01
 0.22012058378199E+01
 0.22012666324727E+01
 0.22012261900735E+01
 0.22012582724468E+01
 0.22012436754669E+01
 0.22011998280230E+01
 0.22012366106658E+01
 0.22011598831061E+01
 0.22012407292026E+01
 0.22012534442342E+01
 0.22011859362908E+01
 0.22012649626538E+01
 0.22012111433831E+01
 0.22012662481192E+01
 0.22012622842884E+01
 0.22012042351264E+01
 0.22012673175977E+01
 0.22011682888390E+01
 0.22012659566885E+01
 0.22012075494614E+01
 0.22011840414530E+01
 0.22011997561323E+01
 0.22011992142390E+01
 0.22012085784003E+01
 0.22012021956714E+01
 0.22012666837560E+01
 0.22012336611914E+01
 0.22012020383327E+01
 0.22012696779244E+01
 0.22012062109987E+01
 0.22011914510283E+01
 0.22012016615217E+01
 0.22012114033025E+01
 0.22012707483200E+01
 0.22012223137760E+01
 0.22012125125359E+01
 0.22012639263554E+01
 0.22011804804051E+01
 0.22012493077485E+01
 0.22012052941287E+01
 0.22012192428872E+01
 0.22012760635442E+01
 0.22012694648360E+01
 0.22011940615258E+01
 0.22012235994132E+01
 0.22012237853581E+01
 0.22012067722435E+01
 0.22012861044930E+01
 0.22012527113418E+01
 0.22012866863057E+01
 0.22011961200860E+01
 0.22012161077334E+01
 0.22012556704998E+01
 0.22013133950080E+01
 0.22012607843766E+01
 0.22013375098508E+01
 0.22013019552164E+01
 0.22013225614399E+01
 0.22012933207569E+01
 0.22013069584139E+01
 0.22013105761164E+01
 0.22012779034263E+01
 0.22013157900671E+01
 0.22013546954191E+01
 0.22013067823458E+01
 0.22013595619634E+01
 0.22014486127922E+01
 0.22014663456969E+01
 0.22014281573396E+01
 0.22014168326371E+01
 0.22014549285551E+01
 0.22015325385325E+01
 0.22015523093368E+01
 0.22014837670075E+01
 0.22015280821185E+01
 0.22015592924037E+01
 0.22016204189546E+01
 0.22015946440674E+01
 0.22016327939749E+01
 0.22017370901262E+01
 0.22016832987880E+01
 0.22017507354939E+01
 0.22018109214507E+01
 0.22017809942829E+01
 0.22018321760942E+01
 0.22019497679573E+01
 0.22019082737491E+01
 0.22019177803923E+01
 0.22020060738553E+01
 0.22020332209991E+01
 0.22020109568329E+01
 0.22020985817886E+01
 0.22020984498934E+01
 0.22021003749966E+01
 0.22021691365149E+01
 0.22021483247899E+01
 0.22022340487119E+01
 0.22021631530619E+01
 0.22022380440736E+01
 0.22021690348230E+01
 0.22022245605976E+01
 0.22021307844115E+01
 0.22021052128844E+01
 0.22020471683022E+01
 0.22019956985821E+01
 0.22020330467750E+01
 0.22019624166219E+01
 0.22017900131779E+01
 0.22016999715162E+01
 0.22016764109592E+01
 0.22015961122496E+01
 0.22014482329881E+01
 0.22013894072619E+01
 0.22011773863472E+01
 0.22010398423174E+01
 0.22009898196241E+01
 0.22007701670181E+01
 0.22006034287546E+01
 0.22004832412819E+01
 0.22001988206711E+01
 0.22000127748808E+01
 0.21997667216261E+01
 0.21995077772825E+01
 0.21992549520112E+01
 0.21990365417810E+01
 0.21987044850021E+01
 0.21984999651413E+01
 0.21981982688652E+01
 0.21978693233495E+01
 0.21975295146709E+01
 0.21970886443674E+01
 0.21966583347540E+01
 0.21963859059195E+01
 0.21959228461162E+01
 0.21955372394501E+01
 0.21950539625516E+01
 0.21946521217269E+01
 0.21941484211625E+01
 0.21936288181580E+01
 0.21931905374487E+01
 0.21926574294749E+01
 0.21920906843006E+01
 0.21914519444550E+01
 0.21909024952928E+01
 0.21903573696235E+01
 0.21897326710407E+01
 0.21891613769722E+01
 0.21884582766340E+01
 0.21877677438117E+01
 0.21870668974886E+01
 0.21864421224325E+01
 0.21856773386600E+01
 0.21849737018167E+01
 0.21842803598755E+01
 0.21834171544780E+01
 0.21825918941526E+01
 0.21818994873917E+01
 0.21810023445889E+01
 0.21801834065066E+01
 0.21794156895259E+01
 0.21785376635417E+01
 0.21775664127896E+01
 0.21766516343374E+01
 0.21756834762082E+01
 0.21748817228850E+01
 0.21737656910005E+01
 0.21727766907446E+01
 0.21719398193603E+01
 0.21708485288091E+01
 0.21699256521716E+01
 0.21687491420504E+01
 0.21678158933202E+01
 0.21666189716847E+01
 0.21655355513701E+01
 0.21644420618361E+01
 0.21634181526297E+01
 0.21621926243969E+01
 0.21611401650532E+01
 0.21598908566182E+01
 0.21586932177810E+01
 0.21574494644719E+01
 0.21563497374172E+01
 0.21550659212312E+01
 0.21538526148804E+01
 0.21526780848708E+01
 0.21513237597907E+01
 0.21500839993018E+01
 0.21488136345492E+01
 0.21474389997023E+01
 0.21462026606959E+01
 0.21447965741371E+01
 0.21434463395353E+01
 0.21421383162652E+01
 0.21407170640591E+01
 0.21394020008947E+01
 0.21380334518609E+01
 0.21364674502721E+01
 0.21350911660878E+01
 0.21336161939008E+01
 0.21321904500889E+01
 0.21308174276517E+01
 0.21293539221034E+01
 0.21278296996288E+01
 0.21263305044987E+01
 0.21248528019866E+01
 0.21234287619960E+01
 0.21218796434167E+01
 0.21202334156712E+01
 0.21187847897074E+01
 0.21172128345053E+01
 0.21156989122344E+01
 0.21140862724904E+01
 0.21125142781284E+01
 0.21108946096001E+01
 0.21094383381066E+01
 0.21077747998509E+01
 0.21061853908688E+01
 0.21045193551137E+01
 0.21028455090807E+01
 0.21012489274249E+01
 0.20995806848961E+01
 0.20979594684898E+01
 0.20962971134589E+01
 0.20945527273806E+01
 0.20930689062275E+01
 0.20913953827874E+01
 0.20895728525631E+01
 0.20878701460471E+01
 0.20861850436170E+01
 0.20845121841996E+01
 0.20828782685046E+01
 0.20809997620528E+01
 0.20793720957503E+01
 0.20776090302033E+01
 0.20759747462369E+01
 0.20741375026528E+01
 0.20724334250734E+01
 0.20707801988388E+01
 0.20690085065606E+01
 0.20671405308563E+01
 0.20654962749062E+01
 0.20637520794335E+01
 0.20618611448013E+01
