 0.12287856071230E+01
 0.12287856154771E+01
 0.12287856532512E+01
 0.12287857575042E+01
 0.12287859811654E+01
 0.12287863952375E+01
 0.12287871001449E+01
 0.12287882577229E+01
 0.12287901441678E+01
 0.12287932080140E+01
 0.12287981102370E+01
 0.12288057403486E+01
 0.12288172093825E+01
 0.12288337967606E+01
 0.12288569441832E+01
 0.12288881487102E+01
 0.12289289861441E+01
 0.12289810216724E+01
 0.12290457829438E+01
 0.12291247488531E+01
 0.12292192596452E+01
 0.12293307177142E+01
 0.12294602618092E+01
 0.12296089867528E+01
 0.12297778597512E+01
 0.12299677637468E+01
 0.12301794200002E+01
 0.12304136174020E+01
 0.12306708719080E+01
 0.12309515998472E+01
 0.12312561173187E+01
 0.12315849014176E+01
 0.12319379911809E+01
 0.12323154375253E+01
 0.12327175857268E+01
 0.12331441096975E+01
 0.12335950033360E+01
 0.12340698858775E+01
 0.12345687690529E+01
 0.12350914077931E+01
 0.12356365903632E+01
 0.12362046194751E+01
 0.12367948659514E+01
 0.12374065391930E+01
 0.12380386403502E+01
 0.12386909371233E+01
 0.12393630041545E+01
 0.12400536027404E+01
 0.12407616769854E+01
 0.12414864756422E+01
 0.12422275764199E+01
 0.12429834823601E+01
 0.12437536528933E+01
 0.12445368990790E+01
 0.12453319548186E+01
 0.12461382297204E+01
 0.12469548483866E+01
 0.12477800229349E+01
 0.12486136674770E+01
 0.12494552082358E+01
 0.12503004443510E+01
 0.12511531257367E+01
 0.12520098496162E+01
 0.12528681545047E+01
 0.12537306897514E+01
 0.12545919015660E+01
 0.12554548208873E+01
 0.12563201165069E+01
 0.12571812614179E+01
 0.12580422805180E+01
 0.12588971951375E+01
 0.12597496598658E+01
 0.12606012521525E+01
 0.12614423563032E+01
 0.12622815533590E+01
 0.12631117331569E+01
 0.12639357372895E+01
 0.12647498856320E+01
 0.12655611661023E+01
 0.12663585368230E+01
 0.12671483999157E+01
 0.12679290022130E+01
 0.12687002667497E+01
 0.12694604191237E+01
 0.12702047123260E+01
 0.12709423970838E+01
 0.12716688332476E+01
 0.12723795886707E+01
 0.12730786729109E+01
 0.12737630114973E+01
 0.12744409357655E+01
 0.12751064724729E+01
 0.12757530396135E+01
 0.12763842440144E+01
 0.12770107683596E+01
 0.12776254218503E+01
 0.12782171829372E+01
 0.12788033619757E+01
 0.12793727750038E+01
 0.12799316998900E+01
 0.12804719402019E+01
 0.12810058655430E+01
 0.12815276254529E+01
 0.12820327002652E+01
 0.12825213543203E+01
 0.12830032923985E+01
 0.12834788429142E+01
 0.12839302455998E+01
 0.12843746942583E+01
 0.12848145971627E+01
 0.12852465175217E+01
 0.12856614222228E+01
 0.12860688963539E+01
 0.12864630813133E+01
 0.12868432750632E+01
 0.12872234040099E+01
 0.12875945370047E+01
 0.12879549598979E+01
 0.12883050303560E+01
 0.12886465291627E+01
 0.12889843157751E+01
 0.12893196738131E+01
 0.12896296142526E+01
 0.12899302807366E+01
 0.12902318867136E+01
 0.12905276549140E+01
 0.12908136757167E+01
 0.12910691948555E+01
 0.12913133197762E+01
 0.12915483797375E+01
 0.12917569740106E+01
 0.12919266991354E+01
 0.12920793163046E+01
 0.12921835657379E+01
 0.12922232966970E+01
 0.12922273153595E+01
 0.12921312397609E+01
 0.12919469253011E+01
 0.12916537810710E+01
 0.12912386315382E+01
 0.12906734976044E+01
 0.12899149714900E+01
 0.12889498939923E+01
 0.12877631741651E+01
 0.12863192638671E+01
 0.12846420862518E+01
 0.12826897516252E+01
 0.12805151554853E+01
 0.12781161633557E+01
 0.12755237710490E+01
 0.12728631859838E+01
 0.12700730548230E+01
 0.12672045359356E+01
 0.12643738587537E+01
 0.12615411554067E+01
 0.12587752225914E+01
 0.12560709415832E+01
 0.12534671608981E+01
 0.12509328350372E+01
 0.12485125289892E+01
 0.12462047948059E+01
 0.12439822814787E+01
 0.12418610096244E+01
 0.12398422013145E+01
 0.12379358850746E+01
 0.12361095036573E+01
 0.12343774190794E+01
 0.12327306017277E+01
 0.12311593356571E+01
 0.12296694871712E+01
 0.12282668743137E+01
 0.12269097350415E+01
 0.12256247816581E+01
 0.12244173067404E+01
 0.12232528882105E+01
 0.12221362752990E+01
 0.12210946452381E+01
 0.12200790091515E+01
 0.12191219577746E+01
 0.12181823822680E+01
 0.12173239358574E+01
 0.12164771466406E+01
 0.12156777262332E+01
 0.12148794354993E+01
 0.12141429933158E+01
 0.12134121906118E+01
 0.12127379665717E+01
 0.12120700437852E+01
 0.12114315160998E+01
 0.12108057456358E+01
 0.12102124701869E+01
 0.12096258065642E+01
 0.12090571862879E+01
 0.12085105515376E+01
 0.12079847668862E+01
 0.12074817220774E+01
 0.12069855685967E+01
 0.12064938656641E+01
 0.12060188164932E+01
 0.12055647861369E+01
 0.12051152002791E+01
 0.12046813324619E+01
 0.12042444865628E+01
 0.12038309751164E+01
 0.12034097105743E+01
 0.12030155136163E+01
 0.12026164564740E+01
 0.12022259183903E+01
 0.12018431519637E+01
 0.12014727560147E+01
 0.12010990419947E+01
 0.12007345595480E+01
 0.12003648318075E+01
 0.12000186542969E+01
 0.11996698887269E+01
 0.11993235036764E+01
 0.11989819075516E+01
 0.11986414653905E+01
 0.11983136601580E+01
 0.11979789608941E+01
 0.11976564644045E+01
 0.11973256869147E+01
 0.11969943469093E+01
 0.11966767610796E+01
 0.11963531320763E+01
 0.11960457076045E+01
 0.11957326486111E+01
 0.11954201547865E+01
 0.11951079617156E+01
 0.11948004140929E+01
 0.11945037402271E+01
 0.11941924089928E+01
 0.11938872253981E+01
 0.11935856971046E+01
 0.11932785808866E+01
 0.11929856449963E+01
 0.11926810432430E+01
 0.11923884383395E+01
 0.11920838980065E+01
 0.11917887056949E+01
 0.11914984128667E+01
 0.11911971688327E+01
 0.11909099245274E+01
 0.11906148825312E+01
 0.11903175714186E+01
 0.11900312427240E+01
 0.11897344015377E+01
 0.11894425496110E+01
 0.11891522162163E+01
 0.11888588376184E+01
 0.11885737812149E+01
 0.11882768120378E+01
 0.11879918714487E+01
 0.11877000371739E+01
 0.11874093813144E+01
 0.11871215417042E+01
 0.11868289136943E+01
 0.11865406455603E+01
 0.11862588084695E+01
 0.11859622719425E+01
 0.11856787609321E+01
 0.11853845690949E+01
 0.11850972884294E+01
 0.11848093468602E+01
 0.11845265087806E+01
 0.11842354551751E+01
 0.11839446452892E+01
 0.11836560939525E+01
 0.11833736825874E+01
 0.11830837162208E+01
 0.11827964029288E+01
 0.11825101085642E+01
 0.11822176964717E+01
 0.11819294203650E+01
 0.11816458169177E+01
 0.11813591329923E+01
 0.11810688429115E+01
 0.11807885480514E+01
 0.11804952400951E+01
 0.11802081685854E+01
 0.11799216790698E+01
 0.11796358836225E+01
 0.11793482653949E+01
 0.11790626299501E+01
 0.11787791501009E+01
 0.11784886116768E+01
 0.11782053042038E+01
 0.11779180930317E+01
 0.11776368728786E+01
 0.11773539307569E+01
 0.11770632346775E+01
 0.11767834058862E+01
 0.11764938811437E+01
 0.11762134606853E+01
 0.11759289869781E+01
 0.11756412365809E+01
 0.11753584004281E+01
 0.11750725447637E+01
 0.11747887726619E+01
 0.11745040256727E+01
