 0.10189891284960E+00
 0.10189891284961E+00
 0.10189891284978E+00
 0.10189891285078E+00
 0.10189891285480E+00
 0.10189891286596E+00
 0.10189891261479E+00
 0.10189891145552E+00
 0.10189890729664E+00
 0.10189889613217E+00
 0.10189887143470E+00
 0.10189882426961E+00
 0.10189874225183E+00
 0.10189861152960E+00
 0.10189841759572E+00
 0.10189814120082E+00
 0.10189776652970E+00
 0.10189727647106E+00
 0.10189665368536E+00
 0.10189588113802E+00
 0.10189493468509E+00
 0.10189381565592E+00
 0.10189249840552E+00
 0.10189097091757E+00
 0.10188921511621E+00
 0.10188721786544E+00
 0.10188495830814E+00
 0.10188244890401E+00
 0.10187966203367E+00
 0.10187657418973E+00
 0.10187315506365E+00
 0.10186942971398E+00
 0.10186534554761E+00
 0.10186087215573E+00
 0.10185605406666E+00
 0.10185081261960E+00
 0.10184515394177E+00
 0.10183901672433E+00
 0.10183244903219E+00
 0.10182545159727E+00
 0.10181783480293E+00
 0.10180975113687E+00
 0.10180117393359E+00
 0.10179206289217E+00
 0.10178233229057E+00
 0.10177208985265E+00
 0.10176142277542E+00
 0.10175025753910E+00
 0.10173854119913E+00
 0.10172635423221E+00
 0.10171382850356E+00
 0.10170088251367E+00
 0.10168767789612E+00
 0.10167419977684E+00
 0.10166046606268E+00
 0.10164665831174E+00
 0.10163286269869E+00
 0.10161900093868E+00
 0.10160537611034E+00
 0.10159219747055E+00
 0.10157884582834E+00
 0.10156650379292E+00
 0.10155471867686E+00
 0.10154330907034E+00
 0.10153319446160E+00
 0.10152346789082E+00
 0.10151515040933E+00
 0.10150865279587E+00
 0.10150297847395E+00
 0.10149922996290E+00
 0.10149647589843E+00
 0.10149580467963E+00
 0.10149776739042E+00
 0.10150074439772E+00
 0.10150672893968E+00
 0.10151461931159E+00
 0.10152517419119E+00
 0.10153794895285E+00
 0.10155449386578E+00
 0.10157303555540E+00
 0.10159490819366E+00
 0.10162007149242E+00
 0.10164862843792E+00
 0.10168051622626E+00
 0.10171525450077E+00
 0.10175432572660E+00
 0.10179725406739E+00
 0.10184351382060E+00
 0.10189382079041E+00
 0.10194794411304E+00
 0.10200697180999E+00
 0.10207024998285E+00
 0.10213717326500E+00
 0.10220811019104E+00
 0.10228422687132E+00
 0.10236468640201E+00
 0.10244839770496E+00
 0.10253679324997E+00
 0.10262867477728E+00
 0.10272412800476E+00
 0.10282218835062E+00
 0.10292286335344E+00
 0.10302481840754E+00
 0.10312634448105E+00
 0.10322563268059E+00
 0.10332040743268E+00
 0.10340668789868E+00
 0.10347767469164E+00
 0.10352546427078E+00
 0.10353694024882E+00
 0.10349011880184E+00
 0.10334727648772E+00
 0.10304779875028E+00
 0.10248932753660E+00
 0.10153147106594E+00
 0.10009005577964E+00
 0.98234557124126E-01
 0.96196494076019E-01
 0.94182813031679E-01
 0.92323217363715E-01
 0.90655915883434E-01
 0.89177187376619E-01
 0.87852524488626E-01
 0.86675050152391E-01
 0.85631590622503E-01
 0.84700416977170E-01
 0.83863267213751E-01
 0.83099776812357E-01
 0.82411576375397E-01
 0.81791521505640E-01
 0.81228375429785E-01
 0.80713757372298E-01
 0.80252655530880E-01
 0.79832601644891E-01
 0.79450402058611E-01
 0.79109900956972E-01
 0.78799997754737E-01
 0.78523364214991E-01
 0.78277398104033E-01
 0.78060964188163E-01
 0.77871534230717E-01
 0.77706430126323E-01
 0.77565284619094E-01
 0.77447044387130E-01
 0.77349882466819E-01
 0.77273845095765E-01
 0.77216710301128E-01
 0.77178434472616E-01
 0.77157750086956E-01
 0.77154095813036E-01
 0.77166945391884E-01
 0.77195343557382E-01
 0.77239046298086E-01
 0.77297016412255E-01
 0.77369245690295E-01
 0.77454704285015E-01
 0.77553407394705E-01
 0.77664384232488E-01
 0.77788105605715E-01
 0.77923095221042E-01
 0.78069258061194E-01
 0.78227124687599E-01
 0.78395596296013E-01
 0.78574805237411E-01
 0.78763259545355E-01
 0.78962333999786E-01
 0.79170876907456E-01
 0.79388672097528E-01
 0.79616228639829E-01
 0.79852366742811E-01
 0.80096296078811E-01
 0.80350338249361E-01
 0.80612246383511E-01
 0.80880459610220E-01
 0.81158430007692E-01
 0.81444848499795E-01
 0.81735958375906E-01
 0.82036935953582E-01
 0.82344106457137E-01
 0.82660746095457E-01
 0.82979507121605E-01
 0.83308002726548E-01
 0.83642318209861E-01
 0.83986859200420E-01
 0.84333188114866E-01
 0.84689724798862E-01
 0.85048427853071E-01
 0.85416037042892E-01
 0.85788541798442E-01
 0.86168393006677E-01
 0.86552229598694E-01
 0.86944573160809E-01
 0.87342817198337E-01
 0.87745208796179E-01
 0.88152819793207E-01
 0.88563362372944E-01
 0.88981815643795E-01
 0.89406676438949E-01
 0.89836687457990E-01
 0.90269475707593E-01
 0.90709378285056E-01
 0.91151693692364E-01
 0.91603715499343E-01
 0.92056075181879E-01
 0.92517838679080E-01
 0.92979103075949E-01
 0.93448650393407E-01
 0.93922826239251E-01
 0.94400892461127E-01
 0.94882019151860E-01
 0.95370100915071E-01
 0.95862266994082E-01
 0.96361581349903E-01
 0.96860225895830E-01
 0.97364305951537E-01
 0.97874872917183E-01
 0.98388284824716E-01
 0.98907057608645E-01
 0.99426163321346E-01
 0.99954824705459E-01
 0.10048313200966E+00
 0.10101924402285E+00
 0.10156088564621E+00
 0.10210214026879E+00
 0.10265127250363E+00
 0.10320022628214E+00
 0.10375423005434E+00
 0.10431257123218E+00
 0.10487635698907E+00
 0.10544204340434E+00
 0.10600968266858E+00
 0.10658533125650E+00
 0.10716346652058E+00
 0.10774444411042E+00
 0.10833217387784E+00
 0.10891752435398E+00
 0.10951166686127E+00
 0.11010477132607E+00
 0.11070793535813E+00
 0.11131052373779E+00
 0.11191530994675E+00
 0.11252707872487E+00
 0.11313810585312E+00
 0.11375563271759E+00
 0.11437917125347E+00
 0.11499964850843E+00
 0.11562842426834E+00
 0.11625985257697E+00
 0.11689273562388E+00
 0.11753253286491E+00
 0.11816935606171E+00
 0.11881724816661E+00
 0.11946154163781E+00
 0.12011209370526E+00
 0.12076745135581E+00
 0.12142280338641E+00
 0.12208546223562E+00
 0.12274911030961E+00
 0.12341097430735E+00
 0.12408621060255E+00
 0.12475506268873E+00
 0.12543553526753E+00
 0.12611430354967E+00
 0.12679323053085E+00
 0.12747819285941E+00
 0.12816844302616E+00
 0.12886023359950E+00
 0.12955680522087E+00
 0.13025138976619E+00
 0.13095155557578E+00
 0.13165459348733E+00
 0.13235905875018E+00
 0.13306971804712E+00
 0.13378451216602E+00
 0.13449860227465E+00
 0.13521608987476E+00
 0.13593919654511E+00
 0.13665908455169E+00
 0.13738868724410E+00
 0.13811949839563E+00
 0.13885036656238E+00
 0.13958462571608E+00
 0.14032359239950E+00
 0.14106503084802E+00
 0.14180806315136E+00
 0.14255686574535E+00
 0.14330109152711E+00
 0.14405432143439E+00
 0.14480746051866E+00
 0.14556358491978E+00
 0.14632773654296E+00
 0.14708565779233E+00
 0.14785402651016E+00
 0.14861957614831E+00
 0.14938897846684E+00
 0.15016461034208E+00
 0.15094080088383E+00
 0.15171871062659E+00
 0.15250148868810E+00
 0.15328379139378E+00
