 0.64710694463868E-04
 0.64709147731278E-04
 0.64706566878458E-04
 0.64702952542888E-04
 0.64698298816402E-04
 0.64692602331337E-04
 0.64685860037704E-04
 0.64678060740075E-04
 0.64669200728604E-04
 0.64659269201738E-04
 0.64648259576169E-04
 0.64636161606761E-04
 0.64622967861794E-04
 0.64608669682695E-04
 0.64593255877969E-04
 0.64576716589367E-04
 0.64559040761775E-04
 0.64540217976035E-04
 0.64520238395997E-04
 0.64499085145699E-04
 0.64476737684870E-04
 0.64453192945468E-04
 0.64428427976291E-04
 0.64402417863616E-04
 0.64375143350944E-04
 0.64346576253715E-04
 0.64316689326183E-04
 0.64285459202036E-04
 0.64252851627146E-04
 0.64218825321423E-04
 0.64183341679668E-04
 0.64146374710224E-04
 0.64107878005862E-04
 0.64067800823205E-04
 0.64026131813655E-04
 0.63982811177753E-04
 0.63937808697497E-04
 0.63891076535485E-04
 0.63842603208773E-04
 0.63792360863423E-04
 0.63740265147229E-04
 0.63686354805462E-04
 0.63630594323135E-04
 0.63572955782449E-04
 0.63513396291912E-04
 0.63451947569240E-04
 0.63388619790508E-04
 0.63323383661663E-04
 0.63256221364004E-04
 0.63187148482926E-04
 0.63116201712494E-04
 0.63043357025218E-04
 0.62968652390100E-04
 0.62892095298328E-04
 0.62813679221750E-04
 0.62733459790129E-04
 0.62651464424882E-04
 0.62567665424358E-04
 0.62482153657006E-04
 0.62394987905096E-04
 0.62305982197063E-04
 0.62215488093413E-04
 0.62123371959939E-04
 0.62029569173578E-04
 0.61934361220225E-04
 0.61837457546682E-04
 0.61739174573177E-04
 0.61639648765468E-04
 0.61538535871585E-04
 0.61436192310462E-04
 0.61332319737962E-04
 0.61227250829385E-04
 0.61121156283249E-04
 0.61013515643246E-04
 0.60904946739803E-04
 0.60795090548445E-04
 0.60684203100538E-04
 0.60572096695773E-04
 0.60459315647047E-04
 0.60345236171957E-04
 0.60230288395449E-04
 0.60114442518558E-04
 0.59997760799357E-04
 0.59880174917330E-04
 0.59761485598091E-04
 0.59642252237059E-04
 0.59522258311065E-04
 0.59401290874679E-04
 0.59279617207217E-04
 0.59157108004955E-04
 0.59034247044710E-04
 0.58910721094563E-04
 0.58786203911524E-04
 0.58660904324505E-04
 0.58535422781552E-04
 0.58409338248584E-04
 0.58282145050242E-04
 0.58154686161594E-04
 0.58026419441834E-04
 0.57897616179392E-04
 0.57767861629217E-04
 0.57637728651229E-04
 0.57506930631163E-04
 0.57375153583013E-04
 0.57242423594070E-04
 0.57109143642899E-04
 0.56975244213022E-04
 0.56839730979525E-04
 0.56703462541164E-04
 0.56566323573077E-04
 0.56428171043802E-04
 0.56288299960305E-04
 0.56147138182220E-04
 0.56004146992488E-04
 0.55859109951607E-04
 0.55712529783972E-04
 0.55563694876538E-04
 0.55412363908177E-04
 0.55258045603595E-04
 0.55100748530317E-04
 0.54940275873326E-04
 0.54776228980163E-04
 0.54607133483624E-04
 0.54433386321896E-04
 0.54255191961169E-04
 0.54072084013704E-04
 0.53883696250722E-04
 0.53688874736806E-04
 0.53489558673872E-04
 0.53287263633801E-04
 0.53082811006799E-04
 0.52877655523155E-04
 0.52675926309978E-04
 0.52477378548519E-04
 0.52282956841521E-04
 0.52094382035372E-04
 0.51908899797849E-04
 0.51726910795373E-04
 0.51546990447306E-04
 0.51368836648031E-04
 0.51190959440729E-04
 0.51012184826099E-04
 0.50832312628809E-04
 0.50651237290442E-04
 0.50468126078081E-04
 0.50283687038702E-04
 0.50096915549711E-04
 0.49908528493338E-04
 0.49717823936069E-04
 0.49525058304305E-04
 0.49332087448297E-04
 0.49136686520891E-04
 0.48938887188047E-04
 0.48741047844680E-04
 0.48541394361032E-04
 0.48341345914591E-04
 0.48140191617601E-04
 0.47938710389828E-04
 0.47736079313234E-04
 0.47533401675427E-04
 0.47330765934143E-04
 0.47127269547231E-04
 0.46923662511520E-04
 0.46720028646658E-04
 0.46517160962665E-04
 0.46313747664805E-04
 0.46110641383942E-04
 0.45908052752007E-04
 0.45705427223493E-04
 0.45503455511208E-04
 0.45302591654050E-04
 0.45101221231398E-04
 0.44900797239675E-04
 0.44701764663009E-04
 0.44502563560093E-04
 0.44303770086593E-04
 0.44107121821277E-04
 0.43910096772898E-04
 0.43714459154348E-04
 0.43518542833560E-04
 0.43325767155205E-04
 0.43132446546704E-04
 0.42940633979304E-04
 0.42748158374944E-04
 0.42558420896952E-04
 0.42368184162972E-04
 0.42180680624268E-04
 0.41993111511207E-04
 0.41806933012557E-04
 0.41621129544487E-04
 0.41436991267717E-04
 0.41253198066757E-04
 0.41070278743855E-04
 0.40888952934561E-04
 0.40708686656970E-04
 0.40530060842659E-04
 0.40351884347102E-04
 0.40174358224140E-04
 0.39998027191602E-04
 0.39823411516157E-04
 0.39649169874772E-04
 0.39476874020395E-04
 0.39304456456572E-04
 0.39134073121238E-04
 0.38963531166821E-04
 0.38795549516060E-04
 0.38627633241485E-04
 0.38460637037872E-04
 0.38295008404012E-04
 0.38130924910646E-04
 0.37967003499610E-04
 0.37804547640026E-04
 0.37642115390990E-04
 0.37482030652852E-04
 0.37322717507723E-04
 0.37164207281322E-04
 0.37006766243903E-04
 0.36850106989046E-04
 0.36695115069266E-04
 0.36540126967133E-04
 0.36386955331746E-04
 0.36233993448722E-04
 0.36081959612959E-04
 0.35931446800687E-04
 0.35781341392576E-04
 0.35633216251224E-04
 0.35485375518363E-04
 0.35338808370668E-04
 0.35192633131483E-04
 0.35047938508455E-04
 0.34904464569310E-04
 0.34760978929514E-04
 0.34618736849178E-04
 0.34477568120480E-04
 0.34336647605538E-04
 0.34197714013346E-04
 0.34059127235538E-04
 0.33921868691770E-04
 0.33784426649206E-04
 0.33648558855663E-04
 0.33514000207491E-04
 0.33379484023626E-04
 0.33246418918571E-04
 0.33114062048857E-04
 0.32982171593144E-04
 0.32851735140659E-04
 0.32721550520783E-04
 0.32592230279335E-04
 0.32464016608501E-04
 0.32336335874153E-04
 0.32210194179334E-04
 0.32083822383358E-04
 0.31959095636764E-04
 0.31834564508002E-04
 0.31711209867907E-04
 0.31588597526400E-04
 0.31466549408137E-04
 0.31345224068806E-04
 0.31225504538188E-04
 0.31105125819726E-04
 0.30986564615969E-04
 0.30868000781172E-04
 0.30750555613482E-04
 0.30634093871109E-04
 0.30518278898507E-04
 0.30402696510775E-04
 0.30288118938201E-04
 0.30174347460935E-04
 0.30061446704939E-04
 0.29948944972017E-04
 0.29837155717221E-04
 0.29726337202991E-04
 0.29615579819350E-04
 0.29505834441108E-04
 0.29396951935693E-04
 0.29288575008782E-04
 0.29180543735114E-04
 0.29074247338117E-04
 0.28967603771456E-04
 0.28861653107230E-04
 0.28756540259649E-04
 0.28652121020415E-04
 0.28548426449584E-04
 0.28445223032703E-04
 0.28342456051703E-04
 0.28240554997962E-04
 0.28139446234987E-04
 0.28038855683617E-04
 0.27938953348897E-04
 0.27839435527807E-04
 0.27740079858989E-04
 0.27642151864548E-04
 0.27544137300413E-04
 0.27447288950976E-04
 0.27350666245197E-04
 0.27254444238801E-04
 0.27159109656525E-04
 0.27064154083186E-04
 0.26969818585267E-04
 0.26876063786116E-04
