 0.10000000133514E-09
 0.10000000133514E-09
 0.10000000133514E-09
 0.10000000133514E-09
 0.10000000133514E-09
 0.10000000133514E-09
 0.10000000133514E-09
 0.10000000133514E-09
 0.10000000133514E-09
 0.10000000133514E-09
 0.10000000133514E-09
 0.10000000133514E-09
 0.10000000133514E-09
 0.10000000133514E-09
 0.10000000133514E-09
 0.10000000133514E-09
 0.10000000133514E-09
 0.10000000133514E-09
 0.10000000133514E-09
 0.10000000133514E-09
 0.24591330339791E-08
 0.24591330339791E-08
 0.37856168558254E-07
 0.87222565791026E-07
 0.16143250544707E-06
 0.28550225319381E-06
 0.48497054760570E-06
 0.79469218219040E-06
 0.12609569901362E-05
 0.19437507267346E-05
 0.29190018877055E-05
 0.42807390865469E-05
 0.61442670376056E-05
 0.86474044069550E-05
 0.11953024856639E-04
 0.16252556412551E-04
 0.21765649562632E-04
 0.28744820660991E-04
 0.37474357629469E-04
 0.48272883591529E-04
 0.61499909583293E-04
 0.77548659396218E-04
 0.96848446414812E-04
 0.11987452552110E-03
 0.14714390912627E-03
 0.17921050890056E-03
 0.21666492290146E-03
 0.26015522283408E-03
 0.31037164847964E-03
 0.36803645063965E-03
 0.43391971929127E-03
 0.50885193473407E-03
 0.59367424711487E-03
 0.68932554756400E-03
 0.79676561882333E-03
 0.92014738435703E-03
 0.10544058359679E-02
 0.12037251588111E-02
 0.13691804706798E-02
 0.15516971115845E-02
 0.17531428592597E-02
 0.19741610599627E-02
 0.22164188407090E-02
 0.24813725090432E-02
 0.27703168466639E-02
 0.30854095688169E-02
 0.34272565431150E-02
 0.37971631332629E-02
 0.41985308603744E-02
 0.46317108219107E-02
 0.50995642605821E-02
 0.56032332109246E-02
 0.61441863925257E-02
 0.67257548609256E-02
 0.73488830240215E-02
 0.80165621914971E-02
 0.87312345391243E-02
 0.94955869308450E-02
 0.10306585586277E-01
 0.11176348630323E-01
 0.12101063608666E-01
 0.13085237371239E-01
 0.14128723785455E-01
 0.15238383405709E-01
 0.16418888433031E-01
 0.17667562448203E-01
 0.18991276435247E-01
 0.20394474343012E-01
 0.21878540901846E-01
 0.23449681879442E-01
 0.25103417273720E-01
 0.26852784705307E-01
 0.28702725068524E-01
 0.30652666657579E-01
 0.32707434897848E-01
 0.34865548970855E-01
 0.37152959756237E-01
 0.39552757242056E-01
 0.42078982285040E-01
 0.44734805547369E-01
 0.47536247906055E-01
 0.50471151898358E-01
 0.53554751308851E-01
 0.56798472333966E-01
 0.60210600892390E-01
 0.63786091315911E-01
 0.67529607437967E-01
 0.71479049722636E-01
 0.75608783745852E-01
 0.79930941477787E-01
 0.84456960982699E-01
 0.89210511581945E-01
 0.94184930520351E-01
 0.99399086751960E-01
 0.10487097490626E+00
 0.11058625321957E+00
 0.11655827457126E+00
 0.12281184213718E+00
 0.12936441366191E+00
 0.13620226681155E+00
 0.14334440275097E+00
 0.15079625394936E+00
 0.15860434251892E+00
 0.16674738880361E+00
 0.17520053570524E+00
 0.18395462438641E+00
 0.19300084992529E+00
 0.20234638072374E+00
 0.21185219683522E+00
 0.22140463997582E+00
 0.23090589385911E+00
 0.24024259463250E+00
 0.24922701982786E+00
 0.25785071305879E+00
 0.26607630799981E+00
 0.27387407999472E+00
 0.28133790355881E+00
 0.28847865469054E+00
 0.29535245606531E+00
 0.30199637578361E+00
 0.30845806875386E+00
 0.31477662676901E+00
 0.32096775163091E+00
 0.32705583255819E+00
 0.33305383571064E+00
 0.33897774663248E+00
 0.34483495853388E+00
 0.35063357981416E+00
 0.35637954790815E+00
 0.36207782362998E+00
 0.36772549430311E+00
 0.37332954903256E+00
 0.37889454911153E+00
 0.38441187156078E+00
 0.38988749822230E+00
 0.39531876900387E+00
 0.40070709547866E+00
 0.40604962320865E+00
 0.41134885933698E+00
 0.41660166918014E+00
 0.42180769910097E+00
 0.42696712546290E+00
 0.43207933891996E+00
 0.43714224156002E+00
 0.44215442378816E+00
 0.44711766540652E+00
 0.45203044285615E+00
 0.45689285669093E+00
 0.46170400048010E+00
 0.46646293160356E+00
 0.47116941054909E+00
 0.47582413303457E+00
 0.48042723769783E+00
 0.48497679746762E+00
 0.48947611381074E+00
 0.49392226297925E+00
 0.49831673238378E+00
 0.50265907758831E+00
 0.50695018097146E+00
 0.51119065732284E+00
 0.51538000453715E+00
 0.51951855828106E+00
 0.52360754256453E+00
 0.52764723751818E+00
 0.53163748413815E+00
 0.53557936919125E+00
 0.53947266578815E+00
 0.54331860833903E+00
 0.54711759808651E+00
 0.55087044965960E+00
 0.55457677464659E+00
 0.55823833942090E+00
 0.56185531279421E+00
 0.56542813192999E+00
 0.56895727698067E+00
 0.57244348705672E+00
 0.57588744814533E+00
 0.57929020256736E+00
 0.58265166484678E+00
 0.58597238894287E+00
 0.58925373495500E+00
 0.59249555076169E+00
 0.59569894095765E+00
 0.59886409375577E+00
 0.60199211160769E+00
 0.60508294351913E+00
 0.60813783598617E+00
 0.61115682339536E+00
 0.61414065019509E+00
 0.61708989831105E+00
 0.62000488736327E+00
 0.62288680735152E+00
 0.62573571046310E+00
 0.62855189038116E+00
 0.63133612333415E+00
 0.63408920873654E+00
 0.63681128968229E+00
 0.63950298951967E+00
 0.64216468059444E+00
 0.64479716278622E+00
 0.64740057673454E+00
 0.64997551089650E+00
 0.65252232124432E+00
 0.65504138332900E+00
 0.65753348349686E+00
 0.65999879131595E+00
 0.66243772891943E+00
 0.66485087011625E+00
 0.66723855875011E+00
 0.66960106556400E+00
 0.67193881437529E+00
 0.67425242998326E+00
 0.67654197250860E+00
 0.67880803163795E+00
 0.68105101245922E+00
 0.68327093141142E+00
 0.68546850913154E+00
 0.68764379703778E+00
 0.68979763864705E+00
 0.69192977600930E+00
 0.69404069417427E+00
 0.69613099353713E+00
 0.69820063048117E+00
 0.70025012542899E+00
 0.70227983732812E+00
 0.70428982052537E+00
 0.70628052786685E+00
 0.70825230658974E+00
 0.71020518722287E+00
 0.71213972850303E+00
 0.71405598050932E+00
 0.71595442396261E+00
 0.71783508101753E+00
 0.71969856463194E+00
 0.72154451238535E+00
 0.72337369944123E+00
 0.72518637248980E+00
 0.72698244631758E+00
 0.72876219941513E+00
 0.73052616670160E+00
 0.73227430827232E+00
 0.73400699563475E+00
 0.73572420637289E+00
 0.73742628120229E+00
 0.73911349236910E+00
 0.74078635659165E+00
 0.74244433088165E+00
 0.74408799560774E+00
 0.74571760555146E+00
 0.74733352865027E+00
 0.74893552998943E+00
 0.75052385489224E+00
 0.75209893262509E+00
 0.75366098234294E+00
 0.75520971073537E+00
 0.75674576063206E+00
 0.75826932855062E+00
 0.75977991753487E+00
 0.76127846241647E+00
 0.76276483309009E+00
 0.76423886603391E+00
 0.76570102379354E+00
 0.76715177354932E+00
 0.76859089914464E+00
 0.77001850330861E+00
 0.77143462814173E+00
 0.77283985424203E+00
 0.77423393269658E+00
 0.77561703663743E+00
 0.77698939567785E+00
 0.77835142382698E+00
 0.77970264646578E+00
 0.78104366498995E+00
 0.78237423020408E+00
 0.78369496098098E+00
 0.78500558245156E+00
 0.78630622352344E+00
 0.78759717180780E+00
 0.78887835927143E+00
 0.79015027226914E+00
