 0.35172473832405E+01
 0.35172473832405E+01
 0.35172473832405E+01
 0.35172473832405E+01
 0.35172473832405E+01
 0.35172473832405E+01
 0.35172473832405E+01
 0.35172473832405E+01
 0.35172473832405E+01
 0.35172473355199E+01
 0.35172494853538E+01
 0.35172464520117E+01
 0.35172442927179E+01
 0.35172457325827E+01
 0.35172428048518E+01
 0.35172440253569E+01
 0.35172432470528E+01
 0.35172466664678E+01
 0.35172454076261E+01
 0.35172431366911E+01
 0.35172443199566E+01
 0.35172464710992E+01
 0.35172457069793E+01
 0.35172407318903E+01
 0.35172393752262E+01
 0.35172432845318E+01
 0.35172447656780E+01
 0.35172416609498E+01
 0.35172388201837E+01
 0.35172436700012E+01
 0.35172496139565E+01
 0.35172378405073E+01
 0.35172567392048E+01
 0.35172612914910E+01
 0.35172485385568E+01
 0.35172654678961E+01
 0.35172520447998E+01
 0.35172526597709E+01
 0.35172747651359E+01
 0.35172532166370E+01
 0.35172418470516E+01
 0.35172708154066E+01
 0.35172519166713E+01
 0.35172753263768E+01
 0.35172917389694E+01
 0.35172926856765E+01
 0.35172898470061E+01
 0.35172746904104E+01
 0.35172590212963E+01
 0.35172897733726E+01
 0.35172560165255E+01
 0.35173003774005E+01
 0.35172783668659E+01
 0.35172695059446E+01
 0.35172719333663E+01
 0.35173018185861E+01
 0.35172159444081E+01
 0.35172544065241E+01
 0.35172990460729E+01
 0.35172854210137E+01
 0.35173012460091E+01
 0.35172970789887E+01
 0.35172305276598E+01
 0.35172887974706E+01
 0.35171979471595E+01
 0.35172918267811E+01
 0.35172984200154E+01
 0.35171620547229E+01
 0.35173015196618E+01
 0.35171998277506E+01
 0.35172886629089E+01
 0.35172692776400E+01
 0.35172457779095E+01
 0.35172829860263E+01
 0.35172006340286E+01
 0.35172986355362E+01
 0.35172683544138E+01
 0.35172084747779E+01
 0.35171762177175E+01
 0.35171825182403E+01
 0.35172168859113E+01
 0.35172290188803E+01
 0.35172815300387E+01
 0.35172172908695E+01
 0.35172246287028E+01
 0.35172737222917E+01
 0.35171877612193E+01
 0.35171801590288E+01
 0.35171939976784E+01
 0.35172099874280E+01
 0.35172646844809E+01
 0.35172699835968E+01
 0.35171966810618E+01
 0.35172868109406E+01
 0.35171914342863E+01
 0.35172297689369E+01
 0.35172285100084E+01
 0.35171920101862E+01
 0.35173038875132E+01
 0.35173064066345E+01
 0.35172156047021E+01
 0.35172411475662E+01
 0.35172517246534E+01
 0.35172474352152E+01
 0.35172946875999E+01
 0.35173156842305E+01
 0.35173219621415E+01
 0.35172666586038E+01
 0.35172328686119E+01
 0.35173257407443E+01
 0.35173962688481E+01
 0.35173739971363E+01
 0.35174720054147E+01
 0.35174056214772E+01
 0.35174293636140E+01
 0.35175312607182E+01
 0.35175233397747E+01
 0.35175640817308E+01
 0.35175657300570E+01
 0.35176843752211E+01
 0.35177439987791E+01
 0.35178026338955E+01
 0.35178728743890E+01
 0.35179997875842E+01
 0.35180875174920E+01
 0.35181355423095E+01
 0.35182444341648E+01
 0.35183106298472E+01
 0.35185228700720E+01
 0.35186450699236E+01
 0.35186363539607E+01
 0.35188383704865E+01
 0.35189043017138E+01
 0.35190490322057E+01
 0.35191541465614E+01
 0.35192879694398E+01
 0.35194913376626E+01
 0.35194787326404E+01
 0.35197405222591E+01
 0.35197677027844E+01
 0.35199088187437E+01
 0.35199762363836E+01
 0.35202471646332E+01
 0.35202499289701E+01
 0.35203501255263E+01
 0.35205745580904E+01
 0.35206172497724E+01
 0.35207715902923E+01
 0.35208051195451E+01
 0.35208917867472E+01
 0.35209514760697E+01
 0.35210231118996E+01
 0.35211980113340E+01
 0.35212640919909E+01
 0.35212231430535E+01
 0.35212678980697E+01
 0.35213785338297E+01
 0.35213107981590E+01
 0.35213815397991E+01
 0.35213248347343E+01
 0.35212573979415E+01
 0.35212426024288E+01
 0.35212986800264E+01
 0.35212373903312E+01
 0.35210914098440E+01
 0.35209816134755E+01
 0.35208636795032E+01
 0.35206954776388E+01
 0.35206263879624E+01
 0.35204897115994E+01
 0.35202970534093E+01
 0.35201765196809E+01
 0.35198396696428E+01
 0.35196283548223E+01
 0.35193023745536E+01
 0.35190789404778E+01
 0.35187829036016E+01
 0.35184228585940E+01
 0.35181049786424E+01
 0.35177916547920E+01
 0.35173191941330E+01
 0.35169097088819E+01
 0.35164157293810E+01
 0.35160571388595E+01
 0.35154769458444E+01
 0.35149422124658E+01
 0.35143939789487E+01
 0.35139635986250E+01
 0.35131723335448E+01
 0.35126760508423E+01
 0.35119612955909E+01
 0.35113249136197E+01
 0.35105756976403E+01
 0.35098051808410E+01
 0.35090925559950E+01
 0.35083473384613E+01
 0.35076356139797E+01
 0.35066988511096E+01
 0.35058735094150E+01
 0.35050052894888E+01
