 0.22012047225508E+01
 0.22012047225508E+01
 0.22012047225508E+01
 0.22012047225508E+01
 0.22012047225508E+01
 0.22012047225508E+01
 0.22012047225508E+01
 0.22012047225508E+01
 0.22012047225509E+01
 0.22012046921021E+01
 0.22012050888252E+01
 0.22012045357365E+01
 0.22012041451643E+01
 0.22012044430752E+01
 0.22012038045248E+01
 0.22012040697297E+01
 0.22012039230940E+01
 0.22012045719827E+01
 0.22012043316713E+01
 0.22012038525428E+01
 0.22012040699015E+01
 0.22012045662938E+01
 0.22012044163182E+01
 0.22012033875666E+01
 0.22012030981813E+01
 0.22012039863606E+01
 0.22012042708764E+01
 0.22012035302979E+01
 0.22012029815680E+01
 0.22012040043721E+01
 0.22012051294429E+01
 0.22012027874945E+01
 0.22012061254527E+01
 0.22012065945487E+01
 0.22012048674991E+01
 0.22012068231633E+01
 0.22012054917250E+01
 0.22012055945685E+01
 0.22012145956805E+01
 0.22012055599853E+01
 0.22012037321184E+01
 0.22012099675473E+01
 0.22012054483232E+01
 0.22012150442397E+01
 0.22012383354108E+01
 0.22012403264575E+01
 0.22012353047977E+01
 0.22012144737051E+01
 0.22012063617216E+01
 0.22012350151482E+01
 0.22012060503697E+01
 0.22012543129088E+01
 0.22012187760725E+01
 0.22012073987121E+01
 0.22012103929017E+01
 0.22012579746341E+01
 0.22011914612652E+01
 0.22012058117382E+01
 0.22012666256590E+01
 0.22012267199885E+01
 0.22012599849601E+01
 0.22012459760895E+01
 0.22012007431462E+01
 0.22012334680363E+01
 0.22011621088365E+01
 0.22012397224419E+01
 0.22012534573784E+01
 0.22011858031756E+01
 0.22012632089713E+01
 0.22012043145871E+01
 0.22012675920816E+01
 0.22012627723163E+01
 0.22012046483150E+01
 0.22012669981167E+01
 0.22011673931203E+01
 0.22012666450185E+01
 0.22012090644918E+01
 0.22011861907288E+01
 0.22011936287956E+01
 0.22011983177916E+01
 0.22012091659863E+01
 0.22012027371331E+01
 0.22012684071878E+01
 0.22012392278173E+01
 0.22012059311681E+01
 0.22012689669175E+01
 0.22012033735015E+01
 0.22012015541996E+01
 0.22012084482821E+01
 0.22012155579918E+01
 0.22012719191329E+01
 0.22012261364956E+01
 0.22012173028139E+01
 0.22012649886816E+01
 0.22011826897506E+01
 0.22012623974362E+01
 0.22012267763564E+01
 0.22012277759700E+01
 0.22012958216477E+01
 0.22012943437843E+01
 0.22012249079670E+01
 0.22012583504792E+01
 0.22012575905507E+01
 0.22012477611434E+01
 0.22013369220148E+01
 0.22013051955746E+01
 0.22013641895220E+01
 0.22012893285570E+01
 0.22013045164473E+01
 0.22013489313205E+01
 0.22013892728887E+01
 0.22013905944256E+01
 0.22014857002930E+01
 0.22014724533613E+01
 0.22014740458778E+01
 0.22015167808654E+01
 0.22015243516985E+01
 0.22015775207073E+01
 0.22016002632391E+01
 0.22016702546194E+01
 0.22017199791214E+01
 0.22017707453635E+01
 0.22018416201058E+01
 0.22019806425805E+01
 0.22020516068731E+01
 0.22020418480339E+01
 0.22021273334344E+01
 0.22022278019741E+01
 0.22023672003049E+01
 0.22024729276879E+01
 0.22024608927223E+01
 0.22026079548505E+01
 0.22027059092094E+01
 0.22027760586908E+01
 0.22029064310340E+01
 0.22030067322042E+01
 0.22031808969034E+01
 0.22031922185263E+01
 0.22033895718201E+01
 0.22034378774489E+01
 0.22035064622858E+01
 0.22036134950941E+01
 0.22037917692933E+01
 0.22037966637050E+01
 0.22038903955419E+01
 0.22040752246574E+01
 0.22041328638656E+01
 0.22042498634728E+01
 0.22043243620318E+01
 0.22044083347396E+01
 0.22044532754983E+01
 0.22045288464321E+01
 0.22047069506213E+01
 0.22047821701185E+01
 0.22047765901471E+01
 0.22048409334725E+01
 0.22049666460241E+01
 0.22049550122581E+01
 0.22050302169345E+01
 0.22050265588293E+01
 0.22050139457718E+01
 0.22050452635546E+01
 0.22051393400141E+01
 0.22051363753888E+01
 0.22050681066103E+01
 0.22050519348674E+01
 0.22050244150118E+01
 0.22049586865715E+01
 0.22049329692568E+01
 0.22049347182950E+01
 0.22048002478086E+01
 0.22047972672218E+01
 0.22046389750681E+01
 0.22044946949992E+01
 0.22043803503805E+01
 0.22042724469967E+01
 0.22041310335204E+01
 0.22039908902136E+01
 0.22037535843079E+01
 0.22036706377234E+01
 0.22033346815974E+01
 0.22031008868442E+01
 0.22029328606975E+01
 0.22027516979461E+01
 0.22024589887971E+01
 0.22021694939971E+01
 0.22018542815708E+01
 0.22015331209833E+01
 0.22011597008187E+01
 0.22008755916558E+01
 0.22004919687789E+01
 0.22000419256444E+01
 0.21997069452827E+01
 0.21992661678780E+01
 0.21987598791061E+01
 0.21982851854529E+01
 0.21978370528407E+01
 0.21972624069129E+01
 0.21968598524158E+01
 0.21962715739158E+01
