 0.16432730420240E+00
 0.16432730420236E+00
 0.16432730420183E+00
 0.16432730419992E+00
 0.16432730418737E+00
 0.16432730411556E+00
 0.16432730225332E+00
 0.16432729422964E+00
 0.16432726668586E+00
 0.16432719381834E+00
 0.16432703280102E+00
 0.16432672136132E+00
 0.16432618676879E+00
 0.16432532434297E+00
 0.16432404580219E+00
 0.16432220010426E+00
 0.16431968649976E+00
 0.16431637670335E+00
 0.16431213381355E+00
 0.16430683270719E+00
 0.16430025885973E+00
 0.16429244500821E+00
 0.16428316845600E+00
 0.16427230787224E+00
 0.16425971461365E+00
 0.16424527536659E+00
 0.16422878779293E+00
 0.16421032207891E+00
 0.16418966167195E+00
 0.16416658540820E+00
 0.16414084413811E+00
 0.16411260622411E+00
 0.16408145421746E+00
 0.16404712301398E+00
 0.16400996741038E+00
 0.16396936749425E+00
 0.16392535853920E+00
 0.16387748085644E+00
 0.16382605128915E+00
 0.16377108673515E+00
 0.16371112241538E+00
 0.16364730662915E+00
 0.16357936697417E+00
 0.16350687873205E+00
 0.16342913983590E+00
 0.16334689445715E+00
 0.16326048484336E+00
 0.16316921205905E+00
 0.16307257199641E+00
 0.16297074535406E+00
 0.16286439252736E+00
 0.16275261070725E+00
 0.16263601953191E+00
 0.16251414734916E+00
 0.16238655739744E+00
 0.16225383374082E+00
 0.16211622241145E+00
 0.16197228282614E+00
 0.16182362277010E+00
 0.16167068770233E+00
 0.16150847373356E+00
 0.16134445570428E+00
 0.16117453893833E+00
 0.16099648927226E+00
 0.16081579144044E+00
 0.16062512503054E+00
 0.16043052710132E+00
 0.16023428599037E+00
 0.16002761748187E+00
 0.15981761342456E+00
 0.15959655142289E+00
 0.15937081212444E+00
 0.15914372645762E+00
 0.15890169252012E+00
 0.15865855652640E+00
 0.15840457822115E+00
 0.15814444823368E+00
 0.15787364077831E+00
 0.15760229125615E+00
 0.15731562954165E+00
 0.15702310930313E+00
 0.15672227377837E+00
 0.15641357948255E+00
 0.15609456625489E+00
 0.15575864050417E+00
 0.15541907303335E+00
 0.15506933815951E+00
 0.15470305835742E+00
 0.15432562637161E+00
 0.15393298961929E+00
 0.15353560686269E+00
 0.15312528508871E+00
 0.15269299700806E+00
 0.15224298786318E+00
 0.15178804814567E+00
 0.15131900148093E+00
 0.15081954472643E+00
 0.15031280811567E+00
 0.14978313409700E+00
 0.14923608675727E+00
 0.14866169227807E+00
 0.14807413877415E+00
 0.14746464247633E+00
 0.14682559013515E+00
 0.14615686524240E+00
 0.14546789505344E+00
 0.14475931852948E+00
 0.14400486501889E+00
 0.14322556723351E+00
 0.14242242853833E+00
 0.14158984983262E+00
 0.14071189211675E+00
 0.13979991977584E+00
 0.13884547482409E+00
 0.13784068537380E+00
 0.13680516119835E+00
 0.13572310112742E+00
 0.13458976913018E+00
 0.13339961119115E+00
 0.13215708550636E+00
 0.13086251976101E+00
 0.12951248520537E+00
 0.12807778807100E+00
 0.12657294772208E+00
 0.12500845010568E+00
 0.12337592923621E+00
 0.12166489401093E+00
 0.11984172571063E+00
 0.11793303890935E+00
 0.11594091225646E+00
 0.11384272700980E+00
 0.11161457619318E+00
 0.10929719131154E+00
 0.10684278278496E+00
 0.10424044727513E+00
 0.10153467914922E+00
 0.98648303233990E-01
 0.95619189848493E-01
 0.92429295896828E-01
 0.89098290031523E-01
 0.85616699914852E-01
 0.81955664190199E-01
 0.78141236512617E-01
 0.74195565485997E-01
 0.70118045306684E-01
 0.65963861935694E-01
 0.61728617870890E-01
 0.57493712055125E-01
 0.53277479089499E-01
 0.49133896355946E-01
 0.45178073766570E-01
 0.41371718504822E-01
 0.37757967671588E-01
 0.34427482491556E-01
 0.31338840926944E-01
 0.28527159261783E-01
 0.25965671879736E-01
 0.23657101428316E-01
 0.21567161265608E-01
 0.19699074215825E-01
 0.18023796109061E-01
 0.16515081321070E-01
 0.15162611362024E-01
 0.13949234144647E-01
 0.12862995404627E-01
 0.11880854801788E-01
 0.10998037799866E-01
 0.10199695652608E-01
 0.94773958236817E-02
 0.88235921104583E-02
 0.82320028448695E-02
 0.76896878229222E-02
 0.71966011987414E-02
 0.67490548397606E-02
 0.63371852342509E-02
 0.59582375000977E-02
 0.56137237488442E-02
 0.52940540676558E-02
 0.50002782458524E-02
 0.47267301179971E-02
 0.44779986620911E-02
 0.42446797045650E-02
 0.40294009054715E-02
 0.38267531812519E-02
 0.36406483397564E-02
 0.34653254208107E-02
 0.33038831006408E-02
 0.31515822209431E-02
 0.30094189712535E-02
 0.28755719684368E-02
 0.27508359890923E-02
 0.26327865620784E-02
 0.25216310910054E-02
 0.24174981964843E-02
 0.23194046344534E-02
 0.22273707586884E-02
 0.21400093507291E-02
 0.20569548636361E-02
 0.19786388877091E-02
 0.19048223174470E-02
 0.18346293843223E-02
 0.17682362737279E-02
 0.17046892997130E-02
 0.16448864265647E-02
 0.15873847651445E-02
 0.15333338410478E-02
 0.14814193982624E-02
 0.14320150862803E-02
 0.13849455816134E-02
 0.13401109852849E-02
 0.12971257332620E-02
 0.12561458431674E-02
 0.12166331935627E-02
 0.11793227192772E-02
 0.11434596657781E-02
 0.11090609625224E-02
 0.10761480177229E-02
 0.10444647836384E-02
 0.10143084388746E-02
 0.98511910019381E-03
 0.95726148582660E-03
 0.93030583834106E-03
 0.90435643375617E-03
 0.87958376716976E-03
 0.85560056616646E-03
 0.83271814185965E-03
 0.81062676354424E-03
 0.78934636815550E-03
 0.76870844671337E-03
 0.74892192935532E-03
 0.72990255326644E-03
 0.71140555770708E-03
 0.69358360209210E-03
 0.67642735851622E-03
 0.65971093908684E-03
 0.64377017687534E-03
 0.62822898208957E-03
 0.61330795646438E-03
 0.59870271029644E-03
 0.58470679704424E-03
 0.57119575096725E-03
 0.55798622899120E-03
 0.54530794301382E-03
 0.53298773712392E-03
 0.52098657342169E-03
 0.50946084057740E-03
 0.49820012740603E-03
 0.48729083653831E-03
 0.47674295332535E-03
 0.46643130515586E-03
 0.45655704081284E-03
 0.44683015004513E-03
 0.43750668993538E-03
 0.42837131629374E-03
 0.41949802982849E-03
 0.41091090168778E-03
 0.40254787186019E-03
 0.39438495611322E-03
 0.38652918514131E-03
 0.37879436015772E-03
 0.37136403090285E-03
 0.36402220035757E-03
 0.35694051837548E-03
 0.35005374494134E-03
 0.34335872206988E-03
 0.33679451775704E-03
 0.33040886274570E-03
 0.32420045353412E-03
 0.31814557974701E-03
 0.31226118103690E-03
 0.30651816355934E-03
 0.30091891275888E-03
 0.29543158456425E-03
 0.29009403183412E-03
 0.28491141471460E-03
 0.27982583378778E-03
 0.27486430447370E-03
 0.27005255260664E-03
 0.26532359197166E-03
 0.26070274384664E-03
 0.25621007096041E-03
 0.25182500007960E-03
 0.24752708825200E-03
 0.24334020921644E-03
 0.23924592528548E-03
 0.23522885084896E-03
 0.23132834955936E-03
 0.22749380143115E-03
 0.22377977439152E-03
 0.22013059426199E-03
 0.21653019801796E-03
 0.21306672037010E-03
 0.20963112705490E-03
 0.20629757031808E-03
 0.20301809280281E-03
 0.19980880618207E-03
 0.19667264052541E-03
 0.19360537518361E-03
 0.19059951818373E-03
 0.18766348307325E-03
