 0.22012047225508E+01
 0.22012047225508E+01
 0.22012047225508E+01
 0.22012047225508E+01
 0.22012047225508E+01
 0.22012047225508E+01
 0.22012047225508E+01
 0.22012047225508E+01
 0.22012047225509E+01
 0.22012046921021E+01
 0.22012050888252E+01
 0.22012045357365E+01
 0.22012041451643E+01
 0.22012044430752E+01
 0.22012038045248E+01
 0.22012040697297E+01
 0.22012039230940E+01
 0.22012045719827E+01
 0.22012043316713E+01
 0.22012038525428E+01
 0.22012040699015E+01
 0.22012045662938E+01
 0.22012044163182E+01
 0.22012033875666E+01
 0.22012030981813E+01
 0.22012039863606E+01
 0.22012042708764E+01
 0.22012035302979E+01
 0.22012029815651E+01
 0.22012040005871E+01
 0.22012051046477E+01
 0.22012028341329E+01
 0.22012061811795E+01
 0.22012064859087E+01
 0.22012048469202E+01
 0.22012068085641E+01
 0.22012056934393E+01
 0.22012054769552E+01
 0.22012128270248E+01
 0.22012058863293E+01
 0.22012035951890E+01
 0.22012074620779E+01
 0.22012055707356E+01
 0.22012189183120E+01
 0.22012374286022E+01
 0.22012397213899E+01
 0.22012346320326E+01
 0.22012188249160E+01
 0.22012063956246E+01
 0.22012351665409E+01
 0.22012062299391E+01
 0.22012531164658E+01
 0.22012195122909E+01
 0.22012098337675E+01
 0.22012101508452E+01
 0.22012566989037E+01
 0.22011928250412E+01
 0.22012050676004E+01
 0.22012666020060E+01
 0.22012249342038E+01
 0.22012597574322E+01
 0.22012480159529E+01
 0.22011993262043E+01
 0.22012343316272E+01
 0.22011598814846E+01
 0.22012416969458E+01
 0.22012518786664E+01
 0.22011828706606E+01
 0.22012644365615E+01
 0.22012093916417E+01
 0.22012675666104E+01
 0.22012618878134E+01
 0.22012033624557E+01
 0.22012670830411E+01
 0.22011716323193E+01
 0.22012656680691E+01
 0.22012117802136E+01
 0.22011894472037E+01
 0.22011961707037E+01
 0.22012028490222E+01
 0.22012089515241E+01
 0.22012020275174E+01
 0.22012694528776E+01
 0.22012444510203E+01
 0.22012047624535E+01
 0.22012702762753E+01
 0.22012045806572E+01
 0.22011920245381E+01
 0.22012078551091E+01
 0.22012140420749E+01
 0.22012705677821E+01
 0.22012252153701E+01
 0.22012171525830E+01
 0.22012627415311E+01
 0.22011790223306E+01
 0.22012631794802E+01
 0.22012109620118E+01
 0.22012232142300E+01
 0.22012908362655E+01
 0.22012875605907E+01
 0.22012171371291E+01
 0.22012445232845E+01
 0.22012424022296E+01
 0.22012434011124E+01
 0.22013194364089E+01
 0.22012931908442E+01
 0.22013176885759E+01
 0.22012390726086E+01
 0.22012648123046E+01
 0.22013019668449E+01
 0.22013593272128E+01
 0.22013033781924E+01
 0.22013991841540E+01
 0.22013886297582E+01
 0.22014109453042E+01
 0.22013852419364E+01
 0.22014420459110E+01
 0.22014208692119E+01
 0.22014335694184E+01
 0.22014466272810E+01
 0.22014962485515E+01
 0.22014853774371E+01
 0.22015518341637E+01
 0.22016455161918E+01
 0.22017015883907E+01
 0.22016540382310E+01
 0.22017151901015E+01
 0.22017705675621E+01
 0.22018767469284E+01
 0.22019354318411E+01
 0.22019133447542E+01
 0.22019828661134E+01
 0.22020585358239E+01
 0.22021054761235E+01
 0.22021897807784E+01
 0.22022590412181E+01
 0.22023969646056E+01
 0.22024092572960E+01
 0.22024908121779E+01
 0.22025904451096E+01
 0.22026193081300E+01
 0.22026972801410E+01
 0.22027947192842E+01
 0.22028630355053E+01
 0.22028805617406E+01
 0.22029945325274E+01
 0.22029921039054E+01
 0.22030966854381E+01
 0.22031318387702E+01
 0.22031784042778E+01
 0.22031968253967E+01
 0.22032706574808E+01
 0.22033011978075E+01
 0.22034077191929E+01
 0.22033690091634E+01
 0.22034362573772E+01
 0.22034532839481E+01
 0.22034269560865E+01
 0.22034478270340E+01
 0.22034170985478E+01
 0.22034400422879E+01
 0.22034048755480E+01
 0.22034821880190E+01
 0.22034050848813E+01
 0.22033408400858E+01
 0.22032382916884E+01
 0.22031832513578E+01
 0.22032128679409E+01
 0.22031551059568E+01
 0.22030204632654E+01
 0.22028952444296E+01
 0.22027887803194E+01
 0.22027278026010E+01
 0.22025348315090E+01
 0.22024185807353E+01
 0.22023314024439E+01
 0.22020844638751E+01
 0.22018919340375E+01
 0.22017441394944E+01
 0.22015336516925E+01
 0.22012742832191E+01
 0.22010501671051E+01
 0.22008453589212E+01
 0.22005095748033E+01
 0.22002714502114E+01
 0.21998628021183E+01
 0.21995858269294E+01
 0.21992103432878E+01
 0.21989809508107E+01
 0.21986201187213E+01
 0.21981630091452E+01
 0.21977581590411E+01
 0.21973128555952E+01
 0.21968782165257E+01
 0.21965191625024E+01
 0.21960585953284E+01
 0.21954977528541E+01
 0.21949130755522E+01
 0.21944667652912E+01
 0.21940005345199E+01
 0.21933110943542E+01
 0.21927541321648E+01
 0.21921581644103E+01
 0.21915630120171E+01
 0.21909733506530E+01
 0.21902282595428E+01
 0.21896092849180E+01
 0.21889267120225E+01
 0.21882300460627E+01
 0.21874996723594E+01
 0.21867417943988E+01
 0.21859900758755E+01
 0.21852145083296E+01
 0.21844160541913E+01
 0.21836661554403E+01
 0.21827629519093E+01
 0.21818832701047E+01
 0.21810608270840E+01
 0.21802546638358E+01
 0.21792589737427E+01
 0.21784402360829E+01
 0.21774614723708E+01
 0.21764564951733E+01
 0.21755819170300E+01
 0.21745979055518E+01
 0.21734839474704E+01
 0.21723994590974E+01
 0.21714392563966E+01
 0.21703206560954E+01
 0.21692437796766E+01
 0.21682303314573E+01
 0.21671037124749E+01
 0.21660649484082E+01
 0.21648772674482E+01
 0.21637991234547E+01
 0.21625438609295E+01
 0.21613615653695E+01
 0.21601839494146E+01
 0.21590413831715E+01
 0.21578070505526E+01
 0.21564831933129E+01
 0.21552398695519E+01
 0.21540418118710E+01
 0.21527658115727E+01
 0.21513604017526E+01
 0.21501290523481E+01
 0.21486972529768E+01
 0.21474734393851E+01
 0.21461147307194E+01
 0.21446596391485E+01
 0.21432570422460E+01
 0.21419061420739E+01
 0.21405062024257E+01
 0.21390962753647E+01
 0.21377599150231E+01
 0.21362231950683E+01
 0.21348747133967E+01
 0.21332959707679E+01
 0.21318205094061E+01
 0.21304567113259E+01
 0.21289185468685E+01
 0.21272645051039E+01
 0.21259334543163E+01
 0.21243692843838E+01
 0.21228437964125E+01
 0.21211287801967E+01
 0.21197659766078E+01
 0.21180114782604E+01
 0.21166277827959E+01
 0.21148689400515E+01
 0.21134477388639E+01
 0.21117049142412E+01
 0.21102374954490E+01
 0.21085634784895E+01
 0.21069059965309E+01
 0.21053276344996E+01
 0.21035581916068E+01
 0.21020381026431E+01
 0.21004033877044E+01
 0.20986289523196E+01
 0.20969578674021E+01
 0.20952741300034E+01
 0.20935521382024E+01
 0.20918749542319E+01
 0.20901104202984E+01
 0.20884654758387E+01
 0.20867593180432E+01
 0.20849890096346E+01
 0.20834255898771E+01
 0.20816322886793E+01
 0.20799550629990E+01
 0.20781998622753E+01
 0.20762802229699E+01
 0.20747094795063E+01
 0.20729016581951E+01
 0.20710456142764E+01
 0.20693615941364E+01
 0.20675787862619E+01
 0.20658425618191E+01
 0.20639837814291E+01
