 0.98445526788544E+00
 0.98445526788544E+00
 0.98445526788544E+00
 0.98445526788544E+00
 0.98445526788544E+00
 0.98445526788544E+00
 0.98445526788544E+00
 0.98445526788544E+00
 0.98445526788544E+00
 0.98445524117202E+00
 0.98445644462219E+00
 0.98445474659539E+00
 0.98445353785076E+00
 0.98445434386831E+00
 0.98445270496311E+00
 0.98445338818560E+00
 0.98445295250129E+00
 0.98445486664520E+00
 0.98445416196184E+00
 0.98445289072232E+00
 0.98445355309864E+00
 0.98445475728037E+00
 0.98445432953585E+00
 0.98445154454734E+00
 0.98445078510554E+00
 0.98445297348158E+00
 0.98445380260766E+00
 0.98445206462217E+00
 0.98445047440052E+00
 0.98445318926220E+00
 0.98445672790872E+00
 0.98444929181371E+00
 0.98446060025393E+00
 0.98445982712526E+00
 0.98445392223479E+00
 0.98446647844201E+00
 0.98446030078050E+00
 0.98445656361710E+00
 0.98447011321289E+00
 0.98445960363714E+00
 0.98445160078623E+00
 0.98446739782426E+00
 0.98445791289625E+00
 0.98447022965981E+00
 0.98447994020100E+00
 0.98448026404052E+00
 0.98447944381655E+00
 0.98447053169409E+00
 0.98446297486658E+00
 0.98447900638754E+00
 0.98445991296236E+00
 0.98448417146357E+00
 0.98447373942168E+00
 0.98446903269414E+00
 0.98446888074437E+00
 0.98448571385131E+00
 0.98443803897768E+00
 0.98445807537780E+00
 0.98448474451326E+00
 0.98447712302876E+00
 0.98448548953045E+00
 0.98448244370829E+00
 0.98444572083628E+00
 0.98447920926958E+00
 0.98442651824225E+00
 0.98448029567559E+00
 0.98448299056151E+00
 0.98440576554632E+00
 0.98448533200115E+00
 0.98442677216595E+00
 0.98447501724922E+00
 0.98446880240644E+00
 0.98445405950186E+00
 0.98447445512459E+00
 0.98443155644133E+00
 0.98448397311032E+00
 0.98446355778807E+00
 0.98443221124050E+00
 0.98441905854105E+00
 0.98442459578504E+00
 0.98443848076975E+00
 0.98444748571478E+00
 0.98447333633138E+00
 0.98443362441726E+00
 0.98444120756953E+00
 0.98447455195838E+00
 0.98442927857937E+00
 0.98440474344759E+00
 0.98442224569336E+00
 0.98442798208353E+00
 0.98447212959876E+00
 0.98446034338242E+00
 0.98442399887134E+00
 0.98447203503930E+00
 0.98441535323954E+00
 0.98444076168846E+00
 0.98442448627521E+00
 0.98441757574925E+00
 0.98447046497681E+00
 0.98446835196086E+00
 0.98441578812088E+00
 0.98442496456135E+00
 0.98442700399935E+00
 0.98442479311059E+00
 0.98445248755010E+00
 0.98444491680927E+00
 0.98443609787659E+00
 0.98437364481272E+00
 0.98437207716496E+00
 0.98441434822245E+00
 0.98445666505408E+00
 0.98441472564251E+00
 0.98444754210935E+00
 0.98441732297643E+00
 0.98438805026459E+00
 0.98440008418030E+00
 0.98439755635715E+00
 0.98438540512227E+00
 0.98437813163844E+00
 0.98439843159644E+00
 0.98439676318476E+00
 0.98438999863992E+00
 0.98439644505645E+00
 0.98441053485805E+00
 0.98442138560598E+00
 0.98439530170935E+00
 0.98439124034738E+00
 0.98438902603845E+00
 0.98442722085199E+00
 0.98443421984292E+00
 0.98436473768480E+00
 0.98437713631748E+00
 0.98439255059833E+00
 0.98437102493131E+00
 0.98436192863921E+00
 0.98439337648196E+00
 0.98443264602300E+00
 0.98438102812058E+00
 0.98442925508504E+00
 0.98438547653218E+00
 0.98434895791317E+00
 0.98439589010449E+00
 0.98442580052234E+00
 0.98437949639348E+00
 0.98439714597814E+00
 0.98439414331681E+00
 0.98440465267066E+00
 0.98440089643315E+00
 0.98443305365368E+00
 0.98437707879703E+00
 0.98439349852342E+00
 0.98435805671586E+00
 0.98435291965111E+00
 0.98439027031182E+00
 0.98431619318477E+00
 0.98431491841007E+00
 0.98427399166110E+00
 0.98423964090116E+00
 0.98411596960375E+00
 0.98413284831907E+00
 0.98402688184738E+00
 0.98394013385884E+00
 0.98391975651206E+00
 0.98383298762878E+00
 0.98366421386995E+00
 0.98359276711979E+00
 0.98348072193986E+00
 0.98334189473998E+00
 0.98321433486713E+00
 0.98303290496754E+00
 0.98292689609028E+00
 0.98273988247767E+00
 0.98259752194951E+00
 0.98247178933086E+00
 0.98221637601512E+00
 0.98205940168463E+00
 0.98180530143697E+00
 0.98153482518285E+00
 0.98133196510703E+00
 0.98104805107179E+00
 0.98083222690443E+00
 0.98055478246778E+00
 0.98026496551472E+00
 0.97995193593500E+00
 0.97962793198545E+00
 0.97931481930241E+00
 0.97904513010001E+00
 0.97863594178217E+00
 0.97824946161128E+00
 0.97784452804157E+00
 0.97755588336589E+00
 0.97709295990701E+00
 0.97667471502036E+00
 0.97621620338539E+00
 0.97574476377795E+00
 0.97539842702550E+00
 0.97490301274955E+00
 0.97435804542996E+00
 0.97392132248295E+00
 0.97336024267259E+00
 0.97280868651435E+00
 0.97224247002009E+00
 0.97172659183560E+00
 0.97119929484196E+00
 0.97062863941180E+00
 0.97003556824694E+00
 0.96935463784671E+00
 0.96871316422959E+00
 0.96808531325441E+00
 0.96748004640804E+00
 0.96676981893023E+00
 0.96614768014196E+00
 0.96537855442275E+00
 0.96465658652304E+00
 0.96401411672203E+00
 0.96322065791222E+00
 0.96247772136519E+00
 0.96170891536196E+00
 0.96093532786441E+00
 0.96022663735836E+00
 0.95935489048047E+00
 0.95849722753849E+00
 0.95774606120032E+00
 0.95688537734137E+00
 0.95601288924989E+00
 0.95513863623683E+00
 0.95429209496250E+00
 0.95348719571652E+00
 0.95246283935167E+00
 0.95167508495504E+00
 0.95076973885837E+00
 0.94971103021669E+00
 0.94882193623468E+00
 0.94786656580078E+00
 0.94688844297674E+00
 0.94591371004426E+00
 0.94489456968107E+00
 0.94394050143637E+00
 0.94291215609543E+00
 0.94189221005956E+00
 0.94092059743076E+00
 0.93982809547062E+00
 0.93880673362938E+00
 0.93784375542183E+00
 0.93670806110015E+00
 0.93558268638087E+00
 0.93460729211083E+00
 0.93344417384614E+00
 0.93242730744243E+00
 0.93120307824472E+00
 0.93014724486686E+00
 0.92900004624079E+00
 0.92795435021034E+00
 0.92680139141169E+00
 0.92564915380056E+00
 0.92444546225255E+00
 0.92334359519260E+00
 0.92205581320921E+00
 0.92099687139693E+00
 0.91976230093831E+00
 0.91851831714479E+00
 0.91740702308151E+00
 0.91611831573659E+00
 0.91498691398476E+00
 0.91363815827894E+00
 0.91245726973505E+00
 0.91120524390914E+00
 0.91003086771216E+00
 0.90875615291351E+00
 0.90752206004472E+00
 0.90624941195572E+00
 0.90503044969757E+00
 0.90372955290167E+00
 0.90252281256705E+00
 0.90122784869829E+00
 0.89987068834432E+00
 0.89859606235981E+00
 0.89732120543454E+00
 0.89602933744123E+00
 0.89472664008273E+00
 0.89342713981119E+00
 0.89209526698894E+00
 0.89087259289231E+00
 0.88949451710520E+00
 0.88816831412714E+00
 0.88677758081338E+00
 0.88548362830046E+00
 0.88417678368024E+00
 0.88286227200799E+00
 0.88159123804323E+00
 0.88015344581170E+00
 0.87881235023932E+00
 0.87747024822364E+00
 0.87611318580787E+00
 0.87475930415170E+00
 0.87344710676308E+00
 0.87207992184028E+00
 0.87081386850509E+00
 0.86937629687513E+00
 0.86803744890146E+00
