 0.10190117950350E+00
 0.10190117950351E+00
 0.10190117950369E+00
 0.10190117950488E+00
 0.10190117950674E+00
 0.10190117949805E+00
 0.10190117931093E+00
 0.10190117807678E+00
 0.10190117391227E+00
 0.10190116291004E+00
 0.10190113840820E+00
 0.10190109115382E+00
 0.10190100936948E+00
 0.10190087884666E+00
 0.10190068355746E+00
 0.10190040841347E+00
 0.10190003238439E+00
 0.10189954069412E+00
 0.10189892002944E+00
 0.10189814658403E+00
 0.10189720167077E+00
 0.10189607794293E+00
 0.10189476014979E+00
 0.10189323183521E+00
 0.10189147492664E+00
 0.10188948339611E+00
 0.10188723759653E+00
 0.10188471642948E+00
 0.10188192645869E+00
 0.10187884927488E+00
 0.10187545618121E+00
 0.10187174551900E+00
 0.10186770615561E+00
 0.10186330350098E+00
 0.10185854308957E+00
 0.10185337102837E+00
 0.10184785848510E+00
 0.10184186370460E+00
 0.10183544577285E+00
 0.10182861553664E+00
 0.10182130091167E+00
 0.10181351613616E+00
 0.10180533857480E+00
 0.10179654567004E+00
 0.10178730839075E+00
 0.10177749498951E+00
 0.10176717556684E+00
 0.10175633121843E+00
 0.10174496170233E+00
 0.10173296994132E+00
 0.10172051062087E+00
 0.10170749045574E+00
 0.10169392988238E+00
 0.10167991217157E+00
 0.10166501864231E+00
 0.10164982222329E+00
 0.10163412510034E+00
 0.10161801303333E+00
 0.10160116432580E+00
 0.10158367563088E+00
 0.10156592981298E+00
 0.10154763418498E+00
 0.10152887167759E+00
 0.10150953492813E+00
 0.10148989759724E+00
 0.10146977815905E+00
 0.10144881474136E+00
 0.10142828960557E+00
 0.10140612589025E+00
 0.10138490718236E+00
 0.10136213394958E+00
 0.10133969750253E+00
 0.10131588249827E+00
 0.10129272140501E+00
 0.10126915002811E+00
 0.10124496683720E+00
 0.10122059735104E+00
 0.10119581821444E+00
 0.10117038600504E+00
 0.10114590052040E+00
 0.10111952423406E+00
 0.10109335870215E+00
 0.10106787535543E+00
 0.10104118886791E+00
 0.10101420406032E+00
 0.10098649285698E+00
 0.10095951916475E+00
 0.10093204038975E+00
 0.10090328251967E+00
 0.10087531579311E+00
 0.10084726215440E+00
 0.10081731729710E+00
 0.10078909422541E+00
 0.10075970695165E+00
 0.10072966657127E+00
 0.10069881556171E+00
 0.10066859907739E+00
 0.10063763153003E+00
 0.10060638524661E+00
 0.10057463006810E+00
 0.10054221221068E+00
 0.10050984799327E+00
 0.10047724176331E+00
 0.10044314835108E+00
 0.10040901128945E+00
 0.10037475524255E+00
 0.10033991921447E+00
 0.10030395762550E+00
 0.10026641277526E+00
 0.10023010079121E+00
 0.10019149140101E+00
 0.10015212235745E+00
 0.10011242087115E+00
 0.10007096282702E+00
 0.10002819647973E+00
 0.99987447616706E-01
 0.99940260938604E-01
 0.99894303986754E-01
 0.99846870656703E-01
 0.99798452511413E-01
 0.99747083017286E-01
 0.99694807430844E-01
 0.99638778922005E-01
 0.99583608515893E-01
 0.99522567537258E-01
 0.99462297628334E-01
 0.99398312200270E-01
 0.99326717964688E-01
 0.99252405040413E-01
 0.99177612323999E-01
 0.99095233921689E-01
 0.99008478557304E-01
 0.98919910142847E-01
 0.98819546747966E-01
 0.98713245031641E-01
 0.98601354426750E-01
 0.98479767681256E-01
 0.98344985191155E-01
 0.98201422234831E-01
 0.98047502049962E-01
 0.97874447209335E-01
 0.97686615692726E-01
 0.97480148732401E-01
 0.97253179305124E-01
 0.96996826960321E-01
 0.96716642931177E-01
 0.96411096338665E-01
 0.96064350065238E-01
 0.95680421351867E-01
 0.95254606684245E-01
 0.94798034500419E-01
 0.94285510340303E-01
 0.93740962304696E-01
 0.93152151756554E-01
 0.92528647525306E-01
 0.91883093168656E-01
 0.91217900491487E-01
 0.90548751274145E-01
 0.89885999389463E-01
 0.89238346124531E-01
 0.88621887095906E-01
 0.88041952449745E-01
 0.87501618658854E-01
 0.87009610988921E-01
 0.86565128263101E-01
 0.86166470070374E-01
 0.85820473836023E-01
 0.85518449521968E-01
 0.85262812525135E-01
 0.85049323956452E-01
 0.84877596098039E-01
 0.84743204072311E-01
 0.84646936179928E-01
 0.84583666342408E-01
 0.84552757984027E-01
 0.84551309456098E-01
 0.84578084885594E-01
 0.84631263859593E-01
 0.84708799713207E-01
 0.84809264480620E-01
 0.84931489843866E-01
 0.85074728385015E-01
 0.85237012192235E-01
 0.85416858162912E-01
 0.85613856256199E-01
 0.85827634716799E-01
 0.86056757399080E-01
 0.86300294504880E-01
 0.86556407486241E-01
 0.86827326291588E-01
 0.87109241129738E-01
 0.87404586563953E-01
 0.87712129496617E-01
 0.88029019586745E-01
 0.88356709057022E-01
 0.88694892971196E-01
 0.89042581243862E-01
 0.89398602645228E-01
 0.89764882035147E-01
 0.90140436004529E-01
