 0.34789878279465E+03
 0.34789878498954E+03
 0.34789879516805E+03
 0.34789882399173E+03
 0.34789888833281E+03
 0.34789901844543E+03
 0.34789926911766E+03
 0.34789971834525E+03
 0.34790045074435E+03
 0.34790153429244E+03
 0.34790300891379E+03
 0.34790487227352E+03
 0.34790711090046E+03
 0.34790965280919E+03
 0.34791243558529E+03
 0.34791542614471E+03
 0.34791845041414E+03
 0.34792149491415E+03
 0.34792456812727E+03
 0.34792747055377E+03
 0.34791417174093E+03
 0.34791249302971E+03
 0.34791036291691E+03
 0.34790771313897E+03
 0.34790439735592E+03
 0.34790049764811E+03
 0.34789580204575E+03
 0.34789009381759E+03
 0.34788356389086E+03
 0.34787584332498E+03
 0.34786654581796E+03
 0.34785555659285E+03
 0.34784260613328E+03
 0.34782702366854E+03
 0.34780869277024E+03
 0.34778660412714E+03
 0.34776150236326E+03
 0.34773110341680E+03
 0.34769585350039E+03
 0.34765560563031E+03
 0.34760888072252E+03
 0.34755550740132E+03
 0.34749616602559E+03
 0.34742732471666E+03
 0.34735090652989E+03
 0.34726469743727E+03
 0.34716909802586E+03
 0.34706345538484E+03
 0.34694729269911E+03
 0.34681880084854E+03
 0.34667960483277E+03
 0.34652798676720E+03
 0.34636376438976E+03
 0.34618749181632E+03
 0.34599336886503E+03
 0.34578822151625E+03
 0.34556909993456E+03
 0.34533660276103E+03
 0.34508606170302E+03
 0.34481847105414E+03
 0.34453798890417E+03
 0.34424064929863E+03
 0.34392691844676E+03
 0.34359494440617E+03
 0.34324775170296E+03
 0.34288255747811E+03
 0.34249441566726E+03
 0.34209889777707E+03
 0.34166945542173E+03
 0.34123817551914E+03
 0.34077302436815E+03
 0.34029749152490E+03
 0.33978927689329E+03
 0.33927372551069E+03
 0.33873693987016E+03
 0.33817582671205E+03
 0.33759512366231E+03
 0.33699178545444E+03
 0.33636244666276E+03
 0.33572625305457E+03
 0.33504739063563E+03
 0.33435206614355E+03
 0.33364507779049E+03
 0.33290277038150E+03
 0.33213597381435E+03
 0.33133852849428E+03
 0.33052890473383E+03
 0.32969057750756E+03
 0.32881371668560E+03
 0.32792346104963E+03
 0.32700884338817E+03
 0.32604623968189E+03
 0.32508081399949E+03
 0.32407608867892E+03
 0.32303752518608E+03
 0.32196254147743E+03
 0.32086976902579E+03
 0.31974057100873E+03
 0.31858053480247E+03
 0.31738646425508E+03
 0.31615573419628E+03
 0.31489678967993E+03
 0.31360607956990E+03
 0.31226638929825E+03
 0.31089645591597E+03
 0.30949361417842E+03
 0.30805297200974E+03
 0.30656608461071E+03
 0.30502594535236E+03
 0.30346886762136E+03
 0.30184944145756E+03
 0.30018628642450E+03
 0.29848351231529E+03
 0.29672316704634E+03
 0.29491021626204E+03
 0.29308696183659E+03
 0.29114310906286E+03
 0.28917656485330E+03
 0.28715325128985E+03
 0.28507796247525E+03
 0.28292337783865E+03
 0.28071697418344E+03
 0.27841965389560E+03
 0.27609199792779E+03
 0.27364387878467E+03
 0.27116504889433E+03
 0.26859122426168E+03
 0.26587226252800E+03
 0.26307369325045E+03
 0.26022375157076E+03
 0.25722741771459E+03
 0.25412948291144E+03
 0.25096617980983E+03
 0.24760023797184E+03
 0.24411301052641E+03
 0.24051524878531E+03
 0.23675118696222E+03
 0.23277878697923E+03
 0.22866579138430E+03
 0.22441123026346E+03
 0.21985775909396E+03
 0.21513853370706E+03
 0.21018475433436E+03
 0.20499871110611E+03
 0.19948517083502E+03
 0.19375024757773E+03
 0.18780754148310E+03
 0.18149234442701E+03
 0.17490520782622E+03
 0.16804041889513E+03
 0.16108072426878E+03
 0.15378020772188E+03
 0.14645977103813E+03
 0.13901584597112E+03
 0.13157305815252E+03
 0.12426051308082E+03
 0.11708462018535E+03
 0.11016183875581E+03
 0.10354009258629E+03
 0.97243763913242E+02
 0.91355928509662E+02
 0.85866659743242E+02
 0.80751335257477E+02
 0.76042567938358E+02
 0.71696402710300E+02
 0.67669328948896E+02
 0.64004705515238E+02
 0.60606337116887E+02
 0.57490276504039E+02
 0.54609014979456E+02
 0.51962323616121E+02
 0.49499844949884E+02
 0.47250702466434E+02
 0.45150536932556E+02
 0.43214982614451E+02
 0.41399828846447E+02
 0.39716633085216E+02
 0.38144550214423E+02
 0.36685222505344E+02
 0.35320856144139E+02
 0.34039047206730E+02
 0.32830706902462E+02
 0.31697491931272E+02
 0.30635379264877E+02
 0.29633722562875E+02
 0.28685080351008E+02
 0.27788956028524E+02
 0.26941799174467E+02
 0.26143694202338E+02
 0.25380907164506E+02
 0.24661202332654E+02
 0.23972945031998E+02
 0.23316309181147E+02
 0.22694557096077E+02
 0.22100990367585E+02
 0.21533578336746E+02
 0.20991815448912E+02
 0.20475337965595E+02
 0.19978993367665E+02
 0.19502740212962E+02
