 0.12287856071230E+01
 0.12287856154771E+01
 0.12287856532512E+01
 0.12287857575042E+01
 0.12287859811654E+01
 0.12287863952375E+01
 0.12287871001449E+01
 0.12287882577226E+01
 0.12287901441670E+01
 0.12287932080131E+01
 0.12287981102359E+01
 0.12288057403386E+01
 0.12288172093567E+01
 0.12288337967499E+01
 0.12288569441997E+01
 0.12288881487187E+01
 0.12289289861317E+01
 0.12289810216944E+01
 0.12290457830184E+01
 0.12291247491446E+01
 0.12292192604735E+01
 0.12293307199176E+01
 0.12294602671096E+01
 0.12296089986503E+01
 0.12297778847456E+01
 0.12299678134085E+01
 0.12301795145895E+01
 0.12304137883608E+01
 0.12306711723364E+01
 0.12309521071595E+01
 0.12312569457216E+01
 0.12315862157021E+01
 0.12319400216508E+01
 0.12323184949045E+01
 0.12327220923810E+01
 0.12331506093260E+01
 0.12336042047377E+01
 0.12340826811149E+01
 0.12345862855262E+01
 0.12351150132857E+01
 0.12356679741129E+01
 0.12362457798802E+01
 0.12368482256641E+01
 0.12374750713879E+01
 0.12381255447361E+01
 0.12388000429870E+01
 0.12394986952397E+01
 0.12402209482509E+01
 0.12409663527668E+01
 0.12417349664295E+01
 0.12425270185029E+01
 0.12433419561391E+01
 0.12441800525074E+01
 0.12450411017342E+01
 0.12459247839521E+01
 0.12468316244387E+01
 0.12477617055314E+01
 0.12487144843967E+01
 0.12496910715706E+01
 0.12506919487976E+01
 0.12517146959008E+01
 0.12527638829803E+01
 0.12538376993190E+01
 0.12549354384134E+01
 0.12560606791774E+01
 0.12572104108910E+01
 0.12583885106588E+01
 0.12595970039968E+01
 0.12608323562050E+01
 0.12620992317806E+01
 0.12633951586184E+01
 0.12647246049499E+01
 0.12660902029048E+01
 0.12674873506381E+01
 0.12689243157496E+01
 0.12703977892535E+01
 0.12719126958963E+01
 0.12734691238108E+01
 0.12750729967016E+01
 0.12767211535813E+01
 0.12784196303476E+01
 0.12801702556302E+01
 0.12819772577795E+01
 0.12838426478504E+01
 0.12857684284471E+01
 0.12877631404513E+01
 0.12898274885002E+01
 0.12919673818999E+01
 0.12941887353772E+01
 0.12964963280866E+01
 0.12988973103705E+01
 0.13014011345637E+01
 0.13040146965895E+01
 0.13067507388290E+01
 0.13096195812588E+01
 0.13126326714110E+01
 0.13158230294111E+01
 0.13191985438379E+01
 0.13228037264673E+01
 0.13266782437184E+01
 0.13309123549827E+01
 0.13356080928619E+01
 0.13410573131200E+01
