 0.61505546242799E+01
 0.61505546630845E+01
 0.61505548430408E+01
 0.61505553520941E+01
 0.61505564682579E+01
 0.61505585628405E+01
 0.61505620994550E+01
 0.61505676148774E+01
 0.61505756899051E+01
 0.61505869075280E+01
 0.61506019053588E+01
 0.61506212053939E+01
 0.61506455842673E+01
 0.61506755219218E+01
 0.61507119264094E+01
 0.61507560485139E+01
 0.61508082529689E+01
 0.61508703289698E+01
 0.61509444140966E+01
 0.61510310283299E+01
 0.61511317498996E+01
 0.61512491878186E+01
 0.61513853958046E+01
 0.61515418333728E+01
 0.61517192814976E+01
 0.61519201382469E+01
 0.61521443071000E+01
 0.61523914805235E+01
 0.61526642025231E+01
 0.61529601588678E+01
 0.61532768528787E+01
 0.61536133370583E+01
 0.61539671280075E+01
 0.61543323232659E+01
 0.61547067812417E+01
 0.61550812652681E+01
 0.61554594538784E+01
 0.61558217771782E+01
 0.61561689442258E+01
 0.61564970275734E+01
 0.61567914016955E+01
 0.61570475635410E+01
 0.61572671036843E+01
 0.61574195295350E+01
 0.61575152001102E+01
 0.61575336953757E+01
 0.61574736670580E+01
 0.61573265327571E+01
 0.61570832679758E+01
 0.61567272433380E+01
 0.61562659113920E+01
 0.61556821955733E+01
 0.61549701781997E+01
 0.61541299012516E+01
 0.61531148288657E+01
 0.61519706376427E+01
 0.61506722708581E+01
 0.61492193352456E+01
 0.61475742333458E+01
 0.61457407800719E+01
 0.61437460646194E+01
 0.61415574103136E+01
 0.61391733891293E+01
 0.61365808918229E+01
 0.61337963936823E+01
 0.61307971417076E+01
 0.61275423372711E+01
 0.61241504363278E+01
 0.61204149352003E+01
 0.61165769326979E+01
 0.61123933405844E+01
 0.61080412711470E+01
 0.61033462559565E+01
 0.60985035402932E+01
 0.60934016811045E+01
 0.60880209215040E+01
 0.60823931562391E+01
 0.60764959181935E+01
 0.60703026726627E+01
 0.60639565211588E+01
 0.60571864308052E+01
 0.60501933692079E+01
 0.60430141804542E+01
 0.60354653682265E+01
 0.60276310281122E+01
 0.60194675892220E+01
 0.60111119897007E+01
 0.60024425107485E+01
 0.59933835919673E+01
 0.59841359411652E+01
 0.59746092198596E+01
 0.59646178056761E+01
 0.59545247243063E+01
 0.59440471644774E+01
 0.59332242048469E+01
 0.59220403164080E+01
 0.59106479367311E+01
 0.58989024397349E+01
 0.58868495899634E+01
 0.58744619032220E+01
 0.58617351041261E+01
 0.58487327763008E+01
 0.58354350259195E+01
 0.58217041925610E+01
 0.58077001558797E+01
 0.57934054609496E+01
 0.57787903292698E+01
 0.57637795214086E+01
 0.57483359966772E+01
 0.57327665927671E+01
 0.57166964874751E+01
 0.57002813759612E+01
 0.56835797896086E+01
 0.56664529632588E+01
 0.56489438782156E+01
 0.56313986129684E+01
 0.56129570764500E+01
 0.55944014835740E+01
 0.55754751021508E+01
 0.55562407697492E+01
 0.55364876491621E+01
 0.55164379646406E+01
 0.54958200297888E+01
 0.54751056893507E+01
 0.54536156537657E+01
 0.54320963137800E+01
 0.54100312445133E+01
 0.53870439146992E+01
 0.53637113823366E+01
 0.53402376389567E+01
 0.53159424370260E+01
 0.52911808061737E+01
 0.52662530806421E+01
 0.52401724415112E+01
 0.52135691289814E+01
 0.51865576124168E+01
 0.51587674051806E+01
 0.51298895127505E+01
 0.51004792254306E+01
 0.50704685270314E+01
 0.50390564553315E+01
 0.50068336948020E+01
 0.49734902044415E+01
 0.49390674988863E+01
 0.49028020448601E+01
 0.48654831172258E+01
 0.48270387036322E+01
 0.47862910330525E+01
 0.47437125004517E+01
 0.46990959684215E+01
 0.46534329523995E+01
 0.46046573866906E+01
 0.45546801275440E+01
 0.45023087382029E+01
 0.44480985675047E+01
 0.43926200482565E+01
 0.43355989907787E+01
 0.42779627758684E+01
 0.42200997663533E+01
 0.41622030607173E+01
 0.41054361305561E+01
 0.40499810490347E+01
 0.39959975582637E+01
 0.39442348157329E+01
 0.38946264747590E+01
 0.38469420112994E+01
 0.38020813822527E+01
 0.37591622539261E+01
 0.37185810902802E+01
 0.36799964140810E+01
 0.36436079455989E+01
 0.36088243281218E+01
 0.35762795813934E+01
 0.35451244470310E+01
 0.35157388673024E+01
 0.34875757212947E+01
 0.34608360118642E+01
 0.34353521687331E+01
 0.34111637438953E+01
 0.33880986673487E+01
 0.33659600450105E+01
 0.33447061255394E+01
 0.33243376022274E+01
 0.33049265204963E+01
 0.32862559099326E+01
 0.32682351156079E+01
 0.32508996222096E+01
 0.32342097974235E+01
 0.32182237008356E+01
 0.32026676667818E+01
 0.31877365034790E+01
 0.31732117995713E+01
 0.31591393716201E+01
 0.31455714372373E+01
 0.31324241109037E+01
 0.31196503701610E+01
 0.31072456766344E+01
 0.30952405753558E+01
 0.30835341183822E+01
 0.30721433796293E+01
