 0.11124448542629E+04
 0.11124448542629E+04
 0.11124448542629E+04
 0.11124448542629E+04
 0.11124448542629E+04
 0.11124448542629E+04
 0.11124448542629E+04
 0.11124448542629E+04
 0.11124448542629E+04
 0.11124526923263E+04
 0.11122763418826E+04
 0.11125381591525E+04
 0.11125776487608E+04
 0.11125197602084E+04
 0.11124592698206E+04
 0.11123061257541E+04
 0.11127270976256E+04
 0.11125437308667E+04
 0.11125719838175E+04
 0.11124478068097E+04
 0.11124572871231E+04
 0.11126980112015E+04
 0.11124553468608E+04
 0.11124546691435E+04
 0.11125174704290E+04
 0.11125910915749E+04
 0.11125973576312E+04
 0.11124711595748E+04
 0.11124077143583E+04
 0.11062150180446E+04
 0.11126848471479E+04
 0.11128057485012E+04
 0.11125626747416E+04
 0.11066586885940E+04
 0.11123366482497E+04
 0.11066081099318E+04
 0.11127416456155E+04
 0.11128556070028E+04
 0.11069855640321E+04
 0.11127542337228E+04
 0.11072956068781E+04
 0.11073993059308E+04
 0.11127180240240E+04
 0.11072264602568E+04
 0.11064546160776E+04
 0.11066437340294E+04
 0.11128019616080E+04
 0.11125553435451E+04
 0.11111142208597E+04
 0.11099589949062E+04
 0.11119540679943E+04
 0.11067502955883E+04
 0.11072029579273E+04
 0.11079205441884E+04
 0.11104373082643E+04
 0.11109224908671E+04
 0.11106254398665E+04
 0.11063473712675E+04
 0.11081720835211E+04
 0.11089170489408E+04
 0.11121596883850E+04
 0.11153934589438E+04
 0.11185151406789E+04
 0.11129292435716E+04
 0.11072179681196E+04
 0.11111629736214E+04
 0.11152029773499E+04
 0.11092351047342E+04
 0.11083086889484E+04
 0.11095095773293E+04
 0.11119200901332E+04
 0.11119329830880E+04
 0.11125657446229E+04
 0.11188197293939E+04
 0.11215506099368E+04
 0.11195052650815E+04
 0.11171362520857E+04
 0.11152259719733E+04
 0.11182412939878E+04
 0.11157572551548E+04
 0.11189345334913E+04
 0.11122761656002E+04
 0.11164549468724E+04
 0.11208574851592E+04
 0.11089192822889E+04
 0.11182314298861E+04
 0.11197647885500E+04
 0.11103244331964E+04
 0.11103888753618E+04
 0.11087294073667E+04
 0.11072538845790E+04
 0.11142784925426E+04
 0.11183579055542E+04
 0.11149223749009E+04
 0.11205123020409E+04
 0.11148307131019E+04
 0.11147212809582E+04
 0.11199595924556E+04
 0.11103460555797E+04
 0.11112306956082E+04
 0.11145811951971E+04
 0.11091454577477E+04
 0.11194620639373E+04
 0.11148677469149E+04
 0.11189760962744E+04
 0.11083860679807E+04
 0.11071980762386E+04
 0.11122466777168E+04
 0.11142522955292E+04
 0.11097381742813E+04
 0.11117244221740E+04
 0.11089801268546E+04
 0.11108964077562E+04
 0.11149566269855E+04
 0.11078570132655E+04
 0.11088603122437E+04
 0.11087903247291E+04
 0.11114067170446E+04
 0.11160331928669E+04
 0.11185084212099E+04
 0.11120120433779E+04
 0.11128935617770E+04
 0.11091823448652E+04
 0.11111611390945E+04
 0.11156352836592E+04
 0.11162937641617E+04
 0.11105448575950E+04
 0.11209177255312E+04
 0.11208280945517E+04
 0.11108504073696E+04
 0.11193940753797E+04
 0.11099130328724E+04
 0.11156905253340E+04
 0.11218310349609E+04
 0.11191381362573E+04
 0.11218355968919E+04
 0.11162808912581E+04
 0.11220125588647E+04
 0.11120697793060E+04
 0.11177042253403E+04
 0.11131662352785E+04
 0.11232754243147E+04
 0.11146077784911E+04
 0.11110289745802E+04
 0.11176633742352E+04
 0.11180578684963E+04
 0.11110297888554E+04
 0.11211955510179E+04
 0.11189655803982E+04
 0.11158547878665E+04
 0.11175323185482E+04
 0.11181689296385E+04
 0.11215366919650E+04
 0.11180066095202E+04
 0.11154676012302E+04
 0.11203352536160E+04
 0.11293348372570E+04
 0.11265439292767E+04
 0.11170883706054E+04
 0.11209552347890E+04
 0.11270164482568E+04
 0.11277642513876E+04
 0.11295417363466E+04
 0.11287249793898E+04
 0.11244759087011E+04
 0.11261165992577E+04
 0.11310205601721E+04
 0.11282394952839E+04
 0.11277043978067E+04
 0.11315669867247E+04
 0.11377441522100E+04
 0.11295035264443E+04
 0.11364562788863E+04
 0.11386848130799E+04
 0.11364004060952E+04
 0.11427002630923E+04
 0.11335839103133E+04
 0.11342441759876E+04
 0.11387363051384E+04
 0.11433409127454E+04
 0.11419157580038E+04
 0.11528567561491E+04
 0.11528326037785E+04
 0.11419432655692E+04
 0.11545227012959E+04
 0.11425142001364E+04
 0.11521868207696E+04
 0.11532621096652E+04
 0.11479659153240E+04
 0.11516688274773E+04
 0.11532743332680E+04
 0.11537185854850E+04
 0.11662002048676E+04
 0.11553157444897E+04
 0.11597964643397E+04
 0.11618624349134E+04
 0.11661471367661E+04
 0.11651820169647E+04
 0.11678862271158E+04
 0.11802826510634E+04
