 0.13708386865292E+03
 0.13708386865287E+03
 0.13708386865247E+03
 0.13708386873844E+03
 0.13708387189689E+03
 0.13708390168899E+03
 0.13708403341705E+03
 0.13708440082843E+03
 0.13708516533350E+03
 0.13708647602207E+03
 0.13708844612656E+03
 0.13709114522010E+03
 0.13709460442903E+03
 0.13709882259662E+03
 0.13710377721798E+03
 0.13710942430855E+03
 0.13711571070408E+03
 0.13712257074632E+03
 0.13712993500837E+03
 0.13713772855202E+03
 0.13710562906123E+03
 0.13710369862449E+03
 0.13710145851590E+03
 0.13709889846281E+03
 0.13709601685630E+03
 0.13709281177311E+03
 0.13708929164016E+03
 0.13708546935333E+03
 0.13708135811652E+03
 0.13707698139743E+03
 0.13707236681300E+03
 0.13706754253934E+03
 0.13706254237271E+03
 0.13705740603693E+03
 0.13705216858092E+03
 0.13704687532111E+03
 0.13704155536531E+03
 0.13703626564537E+03
 0.13703103881944E+03
 0.13702590933094E+03
 0.13702092283384E+03
 0.13701611208527E+03
 0.13701149718122E+03
 0.13700713566243E+03
 0.13700303345717E+03
 0.13699922755707E+03
 0.13699573284084E+03
 0.13699256651313E+03
 0.13698974423121E+03
 0.13698728923376E+03
 0.13698519123750E+03
 0.13698346965059E+03
 0.13698212611289E+03
 0.13698115570172E+03
 0.13698060455270E+03
 0.13698041347726E+03
 0.13698060360244E+03
 0.13698116695373E+03
 0.13698214049897E+03
 0.13698350861707E+03
 0.13698523898485E+03
 0.13698735816992E+03
 0.13698987952900E+03
 0.13699280385090E+03
 0.13699613327492E+03
 0.13699988416672E+03
 0.13700411852520E+03
 0.13700871235125E+03
 0.13701393240388E+03
 0.13701951138609E+03
 0.13702575924960E+03
 0.13703250955197E+03
 0.13704000103578E+03
 0.13704805467244E+03
 0.13705684394067E+03
 0.13706645492005E+03
 0.13707691356283E+03
 0.13708831380928E+03
 0.13710077954368E+03
 0.13711422112976E+03
 0.13712905870691E+03
 0.13714515180957E+03
 0.13716254430563E+03
 0.13718163140482E+03
 0.13720242538038E+03
 0.13722511195901E+03
 0.13724967818206E+03
 0.13727645120443E+03
 0.13730573114932E+03
 0.13733738684434E+03
 0.13737175603533E+03
 0.13740940418960E+03
 0.13744992026963E+03
 0.13749407955807E+03
 0.13754203536806E+03
 0.13759415659918E+03
 0.13765045688805E+03
 0.13771148892352E+03
 0.13777758207952E+03
 0.13784914114440E+03
 0.13792660389065E+03
 0.13801024662770E+03
 0.13810049274301E+03
 0.13819838319896E+03
 0.13830381217189E+03
 0.13841756885251E+03
 0.13854021678229E+03
 0.13867269286682E+03
 0.13881599048701E+03
 0.13896954213393E+03
 0.13913569154227E+03
 0.13931487097912E+03
 0.13950744768079E+03
 0.13971545206376E+03
 0.13993969344073E+03
 0.14017923718306E+03
 0.14044071832520E+03
 0.14072095880818E+03
 0.14102283021976E+03
 0.14134750857839E+03
 0.14169894371740E+03
 0.14207704345788E+03
 0.14248657110617E+03
 0.14292562911601E+03
 0.14340362098734E+03
 0.14391565186557E+03
 0.14447058239937E+03
 0.14507711175326E+03
 0.14573236948906E+03
 0.14643803779504E+03
 0.14720849577742E+03
 0.14804513983127E+03
 0.14894741900301E+03
 0.14994155528369E+03
 0.15102415910830E+03
 0.15220120158667E+03
 0.15349119259730E+03
 0.15491423034799E+03
 0.15646946781503E+03
 0.15817235965270E+03
 0.16008391230821E+03
 0.16214216611875E+03
 0.16445849363983E+03
 0.16701467232802E+03
 0.16988256304986E+03
 0.17306013234607E+03
 0.17658352677584E+03
 0.18056072910718E+03
 0.18501796167498E+03
 0.19002164166945E+03
 0.19555176705454E+03
 0.20183318928231E+03
 0.20877103255739E+03
 0.21653908056256E+03
 0.22515480206177E+03
 0.23461773333791E+03
 0.24502381669454E+03
 0.25631249075621E+03
 0.26847558311838E+03
 0.28153050798539E+03
 0.29531609154051E+03
 0.30981402613300E+03
 0.32500656936425E+03
 0.34073538207435E+03
 0.35699510401520E+03
 0.37382671980863E+03
 0.39096097363891E+03
 0.40859535342838E+03
 0.42657350328974E+03
 0.44495406783619E+03
 0.46361468029085E+03
 0.48271885913768E+03
 0.50196266893641E+03
 0.52163035873324E+03
 0.54150691705756E+03
 0.56178983726556E+03
 0.58233777588860E+03
 0.60318137957429E+03
 0.62424639345508E+03
 0.64557722032483E+03
 0.66725008121559E+03
 0.68925560391283E+03
 0.71155512219105E+03
 0.73405156864744E+03
 0.75686174777492E+03
 0.78002521141193E+03
 0.80348154478296E+03
 0.82723105566744E+03
 0.85118425561745E+03
 0.87556421645293E+03
 0.90015744227292E+03
 0.92515549682663E+03
 0.95049055429059E+03
 0.97607910116349E+03
 0.10019877781098E+04
 0.10282506771109E+04
 0.10548537666916E+04
 0.10817353729646E+04
 0.11090081804974E+04
 0.11366335425131E+04
