 0.83175735907662E+02
 0.83175735907670E+02
 0.83175735907921E+02
 0.83175735963491E+02
 0.83175737895137E+02
 0.83175756057593E+02
 0.83175836474229E+02
 0.83176061515861E+02
 0.83176532197262E+02
 0.83177345150254E+02
 0.83178578681401E+02
 0.83180289341619E+02
 0.83182513304743E+02
 0.83185272535463E+02
 0.83188576383082E+02
 0.83192422997184E+02
 0.83196809932242E+02
 0.83201722277256E+02
 0.83207140699179E+02
 0.83213050485905E+02
 0.83195008261550E+02
 0.83195544420162E+02
 0.83196182252414E+02
 0.83196933091622E+02
 0.83197812294929E+02
 0.83198823828346E+02
 0.83199984371454E+02
 0.83201309109987E+02
 0.83202795141525E+02
 0.83204463330663E+02
 0.83206331362742E+02
 0.83208405754867E+02
 0.83210697686443E+02
 0.83213233070664E+02
 0.83216013898638E+02
 0.83219076389955E+02
 0.83222385251845E+02
 0.83226024400883E+02
 0.83229969022518E+02
 0.83234214629572E+02
 0.83238811521244E+02
 0.83243754734629E+02
 0.83249004476195E+02
 0.83254688295980E+02
 0.83260719019165E+02
 0.83267167709011E+02
 0.83274007817321E+02
 0.83281247292818E+02
 0.83288897774044E+02
 0.83297009972237E+02
 0.83305509751332E+02
 0.83314450654772E+02
 0.83323828898679E+02
 0.83333611839798E+02
 0.83344003822224E+02
 0.83354742623033E+02
 0.83365925624778E+02
 0.83377527397738E+02
 0.83389712768708E+02
 0.83402433930731E+02
 0.83415534913726E+02
 0.83429155829689E+02
 0.83443288638993E+02
 0.83457977481249E+02
 0.83473129055624E+02
 0.83488841655857E+02
 0.83505307007767E+02
 0.83521925106248E+02
 0.83539720410001E+02
 0.83557487426996E+02
 0.83576431722558E+02
 0.83595672530450E+02
 0.83616080361951E+02
 0.83636692551400E+02
 0.83658065538135E+02
 0.83680307633354E+02
 0.83703274748773E+02
 0.83727089242159E+02
 0.83751899995867E+02
 0.83777024946806E+02
 0.83803817840222E+02
 0.83831311194274E+02
 0.83859350587779E+02
 0.83888875557103E+02
 0.83919501581341E+02
 0.83951478361880E+02
 0.83984169056590E+02
 0.84018214083955E+02
 0.84054040733500E+02
 0.84090692477201E+02
 0.84128665244896E+02
 0.84168958382851E+02
 0.84209796617765E+02
 0.84252670585020E+02
 0.84297447180019E+02
 0.84344285704371E+02
 0.84392475625089E+02
 0.84442834722890E+02
 0.84495221522944E+02
 0.84549863805504E+02
 0.84606886349871E+02
 0.84666054943173E+02
 0.84727564971810E+02
 0.84792303128092E+02
 0.84859499183696E+02
 0.84929410466640E+02
 0.85002305032247E+02
 0.85078764899921E+02
 0.85159188294955E+02
 0.85241966434751E+02
 0.85329442224561E+02
 0.85420941122832E+02
 0.85516278394554E+02
 0.85616556649267E+02
 0.85721748610563E+02
 0.85829922110717E+02
 0.85946807757813E+02
 0.86067784003801E+02
 0.86194758510375E+02
 0.86327646172998E+02
 0.86468340101402E+02
 0.86615665503323E+02
 0.86772028256939E+02
 0.86934499841372E+02
 0.87108629549461E+02
 0.87289337298000E+02
 0.87481208473683E+02
 0.87688070285399E+02
 0.87906092002570E+02
 0.88134352230426E+02
 0.88379542445984E+02
 0.88639759425022E+02
 0.88913034968123E+02
 0.89210212522828E+02
 0.89526737842934E+02
 0.89862812220222E+02
 0.90224043235188E+02
 0.90616004282794E+02
 0.91034608502382E+02
 0.91482756421828E+02
 0.91984293910610E+02
 0.92497219055410E+02
 0.93075908278439E+02
 0.93698636535840E+02
 0.94386287803098E+02
 0.95131481751412E+02
 0.95939738407362E+02
 0.96837838950229E+02
 0.97824802944263E+02
 0.98911970793986E+02
 0.10008519832960E+03
 0.10139834339227E+03
 0.10281615175883E+03
 0.10437639463820E+03
 0.10607515635882E+03
 0.10790581565307E+03
 0.10988677614811E+03
 0.11199966762418E+03
 0.11424094719969E+03
 0.11661409557618E+03
 0.11908277623072E+03
 0.12164418560873E+03
 0.12429553986891E+03
 0.12700232319693E+03
 0.12976424254042E+03
 0.13259040362719E+03
 0.13542141496141E+03
 0.13830046472715E+03
 0.14119274894046E+03
 0.14411036589185E+03
 0.14702632774302E+03
 0.14997514668488E+03
 0.15289118228981E+03
 0.15583487849893E+03
 0.15875980674076E+03
 0.16170752564914E+03
 0.16464750993430E+03
 0.16758634665133E+03
 0.17050813980093E+03
 0.17342202366599E+03
 0.17634338014000E+03
 0.17926993323672E+03
 0.18219345136026E+03
 0.18509425662639E+03
 0.18799573890220E+03
 0.19090534816945E+03
 0.19381089566553E+03
 0.19671207621487E+03
 0.19959124969403E+03
 0.20249168792768E+03
 0.20537158403048E+03
 0.20826750784616E+03
 0.21116606051036E+03
 0.21405095308057E+03
 0.21693461130863E+03
 0.21982300422048E+03
 0.22271308854456E+03
 0.22559301016668E+03
 0.22848317606720E+03
 0.23137592907018E+03
