 0.20942673356029E+01
 0.20942673356029E+01
 0.20942673356029E+01
 0.20942673356029E+01
 0.20942673356029E+01
 0.20942673311248E+01
 0.20942673131905E+01
 0.20942674048933E+01
 0.20942674448854E+01
 0.20942670094657E+01
 0.20942738681973E+01
 0.20942635301884E+01
 0.20942613916057E+01
 0.20942647413533E+01
 0.20942680905648E+01
 0.20942728602509E+01
 0.20942556058032E+01
 0.20942625358156E+01
 0.20942626417376E+01
 0.20942673552094E+01
 0.20942668165682E+01
 0.20942569884417E+01
 0.20942666534525E+01
 0.20942660772226E+01
 0.20942651396494E+01
 0.20942611529819E+01
 0.20942614853442E+01
 0.20942656055209E+01
 0.20942684652390E+01
 0.20942489022980E+01
 0.20942566327670E+01
 0.20942518683330E+01
 0.20942627095680E+01
 0.20942278917400E+01
 0.20942732728276E+01
 0.20942288630579E+01
 0.20942532860493E+01
 0.20942480871953E+01
 0.20942137746061E+01
 0.20942479793629E+01
 0.20941966174043E+01
 0.20941959450776E+01
 0.20942573378649E+01
 0.20941906724475E+01
 0.20942351485874E+01
 0.20942269495343E+01
 0.20942369201659E+01
 0.20942482444273E+01
 0.20942447386505E+01
 0.20942285940529E+01
 0.20942390059553E+01
 0.20941830611292E+01
 0.20941749552336E+01
 0.20941580175580E+01
 0.20942013224767E+01
 0.20941940031453E+01
 0.20941823362715E+01
 0.20941720112929E+01
 0.20941070155388E+01
 0.20941061836222E+01
 0.20941597633780E+01
 0.20940812184312E+01
 0.20939720547778E+01
 0.20940529875993E+01
 0.20939881935258E+01
 0.20939819553719E+01
 0.20939256252360E+01
 0.20938814054029E+01
 0.20938206774479E+01
 0.20939314631795E+01
 0.20937287991415E+01
 0.20937365122762E+01
 0.20936147123047E+01
 0.20934109368750E+01
 0.20933670683368E+01
 0.20932198229014E+01
 0.20931816028083E+01
 0.20931611713934E+01
 0.20929146483457E+01
 0.20928269394566E+01
 0.20925971132087E+01
 0.20924571425809E+01
 0.20923698444848E+01
 0.20920576749106E+01
 0.20920260548494E+01
 0.20916059275044E+01
 0.20914800361648E+01
 0.20912388025660E+01
 0.20909100289180E+01
 0.20905527337723E+01
 0.20901824225312E+01
 0.20896153118225E+01
 0.20893162467887E+01
 0.20888317386955E+01
 0.20883580196099E+01
 0.20878302608280E+01
 0.20871968479305E+01
 0.20866994772985E+01
 0.20860824193735E+01
 0.20855692219704E+01
 0.20848425178660E+01
 0.20840396948119E+01
 0.20832665555692E+01
 0.20823422457855E+01
 0.20816099940893E+01
 0.20805561252131E+01
 0.20795779816831E+01
 0.20786437525952E+01
 0.20774771832098E+01
 0.20763555916498E+01
 0.20753556999276E+01
 0.20739000852146E+01
 0.20726638037264E+01
 0.20715020929386E+01
 0.20699226870099E+01
 0.20684779474134E+01
 0.20669168406376E+01
 0.20654845973851E+01
 0.20638549840981E+01
 0.20621630299667E+01
 0.20605812953476E+01
 0.20587816404272E+01
 0.20567888455633E+01
 0.20551022993003E+01
 0.20529494909153E+01
 0.20510061832893E+01
 0.20488528750963E+01
 0.20467789914448E+01
 0.20447294769952E+01
 0.20422813835284E+01
 0.20401239069475E+01
 0.20377482205090E+01
 0.20353385981536E+01
 0.20331225946585E+01
 0.20304221151602E+01
 0.20281225472622E+01
 0.20253903924568E+01
 0.20227052370973E+01
 0.20200238434693E+01
 0.20174208771879E+01
 0.20145173084897E+01
 0.20116906416301E+01
 0.20087891880977E+01
 0.20060653362189E+01
 0.20032489850629E+01
 0.20002682907836E+01
 0.19971486461361E+01
 0.19942771032825E+01
 0.19909623025875E+01
 0.19879221382685E+01
 0.19846772420049E+01
 0.19814681821731E+01
 0.19784619971143E+01
 0.19752480060603E+01
 0.19717519121170E+01
 0.19683565005265E+01
 0.19651849673126E+01
 0.19618132378442E+01
 0.19581392421322E+01
 0.19547812680353E+01
 0.19510178214132E+01
 0.19475152075482E+01
 0.19438565207965E+01
 0.19400460649978E+01
 0.19362025334107E+01
 0.19323721649199E+01
 0.19288024716498E+01
 0.19246941629699E+01
 0.19207968218807E+01
 0.19168812969640E+01
 0.19128001180871E+01
 0.19087899359509E+01
 0.19046424579170E+01
 0.19005823626636E+01
 0.18964138407961E+01
 0.18923132576957E+01
 0.18880381850807E+01
 0.18836258302654E+01
 0.18793467002112E+01
 0.18750472385072E+01
 0.18707297551827E+01
 0.18661646751226E+01
 0.18618173816163E+01
 0.18573635749920E+01
 0.18528888815421E+01
 0.18486591607954E+01
 0.18439051317556E+01
 0.18394202022128E+01
 0.18348412953701E+01
 0.18304582769447E+01
 0.18256463800265E+01
 0.18208704155494E+01
 0.18162934476851E+01
 0.18116171610279E+01
 0.18070100240392E+01
 0.18022966713282E+01
 0.17977290297659E+01
 0.17928682364266E+01
 0.17882662383590E+01
 0.17832661577126E+01
