 0.13708386865292E+03
 0.13708386865287E+03
 0.13708386865247E+03
 0.13708386873844E+03
 0.13708387189689E+03
 0.13708390168899E+03
 0.13708403341705E+03
 0.13708440082843E+03
 0.13708516533350E+03
 0.13708647602207E+03
 0.13708844612656E+03
 0.13709114522010E+03
 0.13709460442903E+03
 0.13709882259660E+03
 0.13710377721794E+03
 0.13710942430858E+03
 0.13711571070402E+03
 0.13712257074651E+03
 0.13712993500737E+03
 0.13713772855353E+03
 0.13710562905838E+03
 0.13710369862577E+03
 0.13710145851723E+03
 0.13709889845946E+03
 0.13709601685912E+03
 0.13709281177366E+03
 0.13708929163952E+03
 0.13708546934391E+03
 0.13708135812149E+03
 0.13707698140406E+03
 0.13707236678155E+03
 0.13706754252138E+03
 0.13706254224590E+03
 0.13705740610096E+03
 0.13705216823425E+03
 0.13704687518396E+03
 0.13704155526584E+03
 0.13703626581689E+03
 0.13703103881510E+03
 0.13702590919166E+03
 0.13702092274496E+03
 0.13701611167941E+03
 0.13701149635279E+03
 0.13700713475015E+03
 0.13700303200363E+03
 0.13699922561048E+03
 0.13699572966700E+03
 0.13699256112366E+03
 0.13698973640419E+03
 0.13698727784505E+03
 0.13698517495763E+03
 0.13698344695581E+03
 0.13698209441621E+03
 0.13698111114498E+03
 0.13698054405851E+03
 0.13698033224833E+03
 0.13698049525408E+03
 0.13698102285233E+03
 0.13698195304546E+03
 0.13698326513649E+03
 0.13698492826642E+03
 0.13698696211503E+03
 0.13698937771243E+03
 0.13699217625602E+03
 0.13699534873301E+03
 0.13699891418978E+03
 0.13700292567177E+03
 0.13700725701407E+03
 0.13701216297530E+03
 0.13701737442387E+03
 0.13702319038266E+03
 0.13702944308608E+03
 0.13703635232363E+03
 0.13704373669900E+03
 0.13705175510108E+03
 0.13706048352895E+03
 0.13706993635881E+03
 0.13708019444950E+03
 0.13709135883634E+03
 0.13710332305030E+03
 0.13711650514764E+03
 0.13713074241610E+03
 0.13714608073417E+03
 0.13716285090352E+03
 0.13718106423627E+03
 0.13720088245675E+03
 0.13722227372737E+03
 0.13724553117390E+03
 0.13727092427131E+03
 0.13729830735473E+03
 0.13732798818086E+03
 0.13736045571970E+03
 0.13739533064263E+03
 0.13743330363840E+03
 0.13747448656465E+03
 0.13751922852306E+03
 0.13756749720012E+03
 0.13761978191139E+03
 0.13767637009570E+03
 0.13773759993106E+03
 0.13780386563266E+03
 0.13787535981284E+03
 0.13795250237657E+03
 0.13803617069668E+03
 0.13812623164406E+03
 0.13822339804746E+03
 0.13832817754138E+03
 0.13844130922031E+03
 0.13856370904824E+03
 0.13869482163855E+03
 0.13883672920259E+03
 0.13898972782339E+03
 0.13915420609875E+03
 0.13933184731201E+03
 0.13952334303391E+03
 0.13972788164389E+03
 0.13995122584574E+03
 0.14019055498908E+03
 0.14044826160786E+03
 0.14072545606041E+03
 0.14102547548455E+03
 0.14134818880648E+03
 0.14169781266021E+03
 0.14207225027548E+03
 0.14247997290902E+03
 0.14291667511775E+03
 0.14338958351711E+03
 0.14390607437998E+03
 0.14446419275857E+03
 0.14506467847491E+03
 0.14571996258502E+03
 0.14643079598852E+03
 0.14719675451390E+03
 0.14804014399361E+03
 0.14895752756352E+03
 0.14995394779634E+03
 0.15104451697631E+03
 0.15224596674012E+03
 0.15355702450574E+03
 0.15499112326314E+03
 0.15658244793690E+03
 0.15834124128413E+03
 0.16024967635976E+03
 0.16240553757275E+03
 0.16480111293850E+03
 0.16745187863051E+03
 0.17038752356066E+03
 0.17369821353599E+03
 0.17740691829878E+03
 0.18157063641700E+03
 0.18617870238433E+03
 0.19142121088953E+03
 0.19723147057415E+03
 0.20377031646596E+03
 0.21107228150089E+03
 0.21915502098043E+03
 0.22812459821091E+03
 0.23796143775962E+03
 0.24868962564398E+03
 0.26034344692140E+03
 0.27278909842580E+03
 0.28602533587714E+03
 0.30002959627202E+03
 0.31465624796304E+03
 0.32989455183701E+03
 0.34576437529833E+03
 0.36199951378892E+03
 0.37881218510832E+03
 0.39596771353926E+03
 0.41358347659732E+03
 0.43151498524511E+03
 0.44990323818293E+03
 0.46845526597296E+03
 0.48743303381380E+03
 0.50664636618847E+03
 0.52627126592540E+03
 0.54615232571422E+03
 0.56634466990849E+03
 0.58676753283642E+03
 0.60744057370701E+03
 0.62846848794138E+03
 0.64982684190614E+03
 0.67145053252618E+03
 0.69330166360309E+03
 0.71545546180168E+03
 0.73795659289128E+03
 0.76072421845841E+03
 0.78379914934423E+03
 0.80707088988437E+03
 0.83076348120183E+03
 0.85465469004440E+03
 0.87895291448320E+03
 0.90355990932665E+03
 0.92843055349559E+03
 0.95361192286781E+03
 0.97912308477787E+03
 0.10049791444417E+04
 0.10311097157761E+04
 0.10576115201016E+04
 0.10844697894925E+04
