 0.30966386294506E+03
 0.30966386294510E+03
 0.30966386294574E+03
 0.30966386298241E+03
 0.30966386388633E+03
 0.30966386761272E+03
 0.30966385083566E+03
 0.30966367797331E+03
 0.30966298400405E+03
 0.30966109445740E+03
 0.30965702590182E+03
 0.30964955004353E+03
 0.30963730736216E+03
 0.30961887988951E+03
 0.30959291451872E+03
 0.30955819087598E+03
 0.30951355400496E+03
 0.30945811550470E+03
 0.30939117416052E+03
 0.30931206274373E+03
 0.30919927202290E+03
 0.30908917536777E+03
 0.30896579419027E+03
 0.30882910766100E+03
 0.30867916393139E+03
 0.30851625808115E+03
 0.30834060354392E+03
 0.30815250445401E+03
 0.30795260448109E+03
 0.30774128411781E+03
 0.30751898743398E+03
 0.30728639008282E+03
 0.30704413375102E+03
 0.30679265922991E+03
 0.30653278700475E+03
 0.30626481518971E+03
 0.30599013862339E+03
 0.30570829336814E+03
 0.30542049296399E+03
 0.30512757156352E+03
 0.30482951807780E+03
 0.30452710610496E+03
 0.30422157954972E+03
 0.30391157687650E+03
 0.30359898463231E+03
 0.30328317699054E+03
 0.30296499388435E+03
 0.30264467506097E+03
 0.30232235406610E+03
 0.30199750403564E+03
 0.30167144775912E+03
 0.30134350426560E+03
 0.30101386580985E+03
 0.30068308654326E+03
 0.30034800231398E+03
 0.30001269139625E+03
 0.29967556773434E+03
 0.29933703173305E+03
 0.29899437602189E+03
 0.29864823429949E+03
 0.29830090022082E+03
 0.29795011299232E+03
 0.29759590896527E+03
 0.29723732673327E+03
 0.29687586426560E+03
 0.29650973323110E+03
 0.29613595842166E+03
 0.29576340458615E+03
 0.29537667014354E+03
 0.29499371578558E+03
 0.29459644358945E+03
 0.29419763702004E+03
 0.29378480293011E+03
 0.29337186112173E+03
 0.29295062895292E+03
 0.29251952433608E+03
 0.29208071326435E+03
 0.29163234836542E+03
 0.29117255974531E+03
 0.29071117884097E+03
 0.29022878693787E+03
 0.28973933606101E+03
 0.28924538384041E+03
 0.28873357968698E+03
 0.28820966515324E+03
 0.28767024897681E+03
 0.28712486043412E+03
 0.28656439319431E+03
 0.28598335779790E+03
 0.28539560960567E+03
 0.28479400386746E+03
 0.28416609103633E+03
 0.28353593762780E+03
 0.28288360287937E+03
 0.28221224571272E+03
 0.28151910161798E+03
 0.28081488558832E+03
 0.28008936022226E+03
 0.27934482989859E+03
 0.27857899806137E+03
 0.27779062679390E+03
 0.27698450823615E+03
 0.27615726100716E+03
 0.27529953844859E+03
 0.27442196793029E+03
 0.27352243716011E+03
 0.27259716700226E+03
 0.27164179246757E+03
 0.27065177787597E+03
 0.26964780377733E+03
 0.26860333496937E+03
 0.26752794143473E+03
 0.26642449353642E+03
 0.26528204815583E+03
 0.26410277898678E+03
 0.26291075146451E+03
 0.26164201307356E+03
 0.26035151445062E+03
 0.25902111251966E+03
 0.25765208695795E+03
 0.25622807681401E+03
 0.25476347333078E+03
 0.25323610645191E+03
 0.25168132502706E+03
 0.25004453798414E+03
 0.24837856282994E+03
 0.24664645696266E+03
 0.24481630875218E+03
 0.24292591834733E+03
 0.24099223846211E+03
 0.23895942091565E+03
 0.23685300567669E+03
 0.23469392954860E+03
 0.23240135006136E+03
 0.23002285712556E+03
 0.22756568260777E+03
 0.22499770282042E+03
 0.22229279688861E+03
 0.21949422796877E+03
 0.21659340701793E+03
 0.21352743419969E+03
 0.21035190155594E+03
 0.20700395037466E+03
 0.20356540008098E+03
 0.19992086633380E+03
 0.19616152208646E+03
 0.19229507554240E+03
 0.18824277504580E+03
 0.18406533219158E+03
 0.17977899523327E+03
 0.17549416497966E+03
 0.17109937342248E+03
 0.16678723276496E+03
 0.16252766366536E+03
 0.15842465825609E+03
 0.15458114105587E+03
 0.15104627238787E+03
 0.14792427490211E+03
 0.14527577627589E+03
 0.14314319098128E+03
 0.14157353833118E+03
 0.14055758091003E+03
 0.14007562667477E+03
 0.14009204673419E+03
 0.14055744982821E+03
 0.14142675861856E+03
 0.14262583297256E+03
 0.14413079803599E+03
 0.14587092974605E+03
 0.14782629374281E+03
 0.14994289343297E+03
 0.15221857179983E+03
 0.15457854047364E+03
 0.15705173459840E+03
 0.15958732810697E+03
 0.16220658473859E+03
 0.16486890288244E+03
 0.16757652754859E+03
 0.17030610795132E+03
 0.17305550838550E+03
 0.17584094108393E+03
 0.17865341867077E+03
 0.18147631438781E+03
 0.18429910636205E+03
 0.18713452762428E+03
 0.18998928213235E+03
 0.19284543460334E+03
 0.19570953439948E+03
 0.19855823387261E+03
 0.20143484004711E+03
 0.20429419294391E+03
 0.20717632317229E+03
 0.21006096865851E+03
 0.21293850990348E+03
 0.21581741881446E+03
 0.21870070968489E+03
 0.22159034394555E+03
 0.22447235786841E+03
 0.22736442246258E+03
 0.23026299332156E+03
