 0.21139157607065E+08
 0.21139157607060E+08
 0.21139157606989E+08
 0.21139157606494E+08
 0.21139157605725E+08
 0.21139157609289E+08
 0.21139157687105E+08
 0.21139158197546E+08
 0.21139159926713E+08
 0.21139164496020E+08
 0.21139174531701E+08
 0.21139194305599E+08
 0.21139228284595E+08
 0.21139282391955E+08
 0.21139363335514E+08
 0.21139477458443E+08
 0.21139633743824E+08
 0.21139837636527E+08
 0.21140095164789E+08
 0.21140416092123E+08
 0.21140808068119E+08
 0.21141274421003E+08
 0.21141821208083E+08
 0.21142455466135E+08
 0.21143184518206E+08
 0.21144011069434E+08
 0.21144943240903E+08
 0.21145989698326E+08
 0.21147147969398E+08
 0.21148425459625E+08
 0.21149834231564E+08
 0.21151374958411E+08
 0.21153052342173E+08
 0.21154880916255E+08
 0.21156858494074E+08
 0.21159007228651E+08
 0.21161297649378E+08
 0.21163788836208E+08
 0.21166456557485E+08
 0.21169296343719E+08
 0.21172338121613E+08
 0.21175575806107E+08
 0.21178977821915E+08
 0.21182636585626E+08
 0.21186481495860E+08
 0.21190567073550E+08
 0.21194865091448E+08
 0.21199382259824E+08
 0.21204120948618E+08
 0.21209120068761E+08
 0.21214315253587E+08
 0.21219747359229E+08
 0.21225406556767E+08
 0.21231259374107E+08
 0.21237479672240E+08
 0.21243830337598E+08
 0.21250393275453E+08
 0.21257133054956E+08
 0.21264185022359E+08
 0.21271507920348E+08
 0.21278945200319E+08
 0.21286615545043E+08
 0.21294489966111E+08
 0.21302607259986E+08
 0.21310856582624E+08
 0.21319316340497E+08
 0.21328142981965E+08
 0.21336787499518E+08
 0.21346131446229E+08
 0.21355090831895E+08
 0.21364709306570E+08
 0.21374202767771E+08
 0.21384288445620E+08
 0.21394108230694E+08
 0.21404125001678E+08
 0.21414407755178E+08
 0.21424792043702E+08
 0.21435367865816E+08
 0.21446230574839E+08
 0.21456733474088E+08
 0.21468045560620E+08
 0.21479301113306E+08
 0.21490290714672E+08
 0.21501818527212E+08
 0.21513508080469E+08
 0.21525527851324E+08
 0.21537284433928E+08
 0.21549294676935E+08
 0.21561878073362E+08
 0.21574150372397E+08
 0.21586529730419E+08
 0.21599748512720E+08
 0.21612294285708E+08
 0.21625386297085E+08
 0.21638781969443E+08
 0.21652620627191E+08
 0.21666232247773E+08
 0.21680209286250E+08
 0.21694377551629E+08
 0.21708849683310E+08
 0.21723667498319E+08
 0.21738505464360E+08
 0.21753552381183E+08
 0.21769326745760E+08
 0.21785171356127E+08
 0.21801130325955E+08
 0.21817457693385E+08
 0.21834351171107E+08
 0.21852025170497E+08
 0.21869212076198E+08
 0.21887493060934E+08
 0.21906219444188E+08
 0.21925165358883E+08
 0.21944952898182E+08
 0.21965416646667E+08
 0.21985031701473E+08
 0.22007621607030E+08
 0.22029760255868E+08
 0.22052564416432E+08
 0.22075856550946E+08
 0.22100515100510E+08
 0.22125667861843E+08
 0.22152525581822E+08
 0.22178953323596E+08
 0.22208053278515E+08
 0.22236753000170E+08
 0.22266995203886E+08
 0.22300635156066E+08
 0.22335411869108E+08
 0.22370205065559E+08
 0.22408189836791E+08
 0.22447856587373E+08
 0.22487988711277E+08
 0.22533045284652E+08
 0.22580273996916E+08
 0.22629332472638E+08
 0.22681972662551E+08
 0.22739731036683E+08
 0.22800294798044E+08
 0.22864231846957E+08
 0.22935320923509E+08
 0.23011283951261E+08
 0.23093662006738E+08
 0.23182785553543E+08
 0.23282704719495E+08
 0.23390256920888E+08
 0.23506311711217E+08
 0.23637455759415E+08
 0.23782404343881E+08
 0.23943233807342E+08
 0.24116052817874E+08
 0.24313218494558E+08
 0.24526167410063E+08
 0.24763472900444E+08
 0.25024015513278E+08
 0.25305853997649E+08
 0.25612176950963E+08
 0.25938445944241E+08
 0.26282507568868E+08
 0.26642142219788E+08
 0.27006947184240E+08
 0.27373049134493E+08
 0.27735357470151E+08
 0.28084563528265E+08
 0.28417211189869E+08
 0.28730973743863E+08
 0.29016233134018E+08
 0.29277507281391E+08
 0.29508448536466E+08
 0.29711465251639E+08
 0.29884273442684E+08
 0.30029624526887E+08
 0.30144830597430E+08
 0.30234229943204E+08
 0.30297337703474E+08
 0.30336649580496E+08
 0.30352648294558E+08
 0.30346973426386E+08
 0.30321063223453E+08
 0.30276437419654E+08
 0.30214231068341E+08
 0.30135501363883E+08
 0.30041757815729E+08
 0.29934429650404E+08
 0.29814197497949E+08
 0.29681709533977E+08
 0.29538520288519E+08
 0.29385193844233E+08
 0.29223661801421E+08
 0.29052576334180E+08
 0.28874928092502E+08
 0.28689199174602E+08
 0.28497129250389E+08
 0.28299828786588E+08
 0.28097398884867E+08
 0.27890145065461E+08
 0.27678419554331E+08
 0.27463568283567E+08
 0.27244875246699E+08
 0.27022928930620E+08
