 0.25955908804632E+10
 0.25957108867719E+10
 0.25959108782898E+10
 0.25961908750767E+10
 0.25965508759658E+10
 0.25969908781553E+10
 0.25975108684409E+10
 0.25981108744504E+10
 0.25987908512540E+10
 0.25995508450152E+10
 0.26003908356715E+10
 0.26013108421428E+10
 0.26023108331886E+10
 0.26033908192054E+10
 0.26045508311118E+10
 0.26057908220213E+10
 0.26071108320593E+10
 0.26085108448089E+10
 0.26099908729181E+10
 0.26115509133544E+10
 0.26131909895131E+10
 0.26149110772510E+10
 0.26167111831805E+10
 0.26185913504500E+10
 0.26205515747566E+10
 0.26225918325245E+10
 0.26247121270506E+10
 0.26269125344726E+10
 0.26291930180568E+10
 0.26315536221115E+10
 0.26339942139920E+10
 0.26365149594162E+10
 0.26391158543378E+10
 0.26417967504996E+10
 0.26445578737104E+10
 0.26473989533772E+10
 0.26503200158793E+10
 0.26533212406581E+10
 0.26564024008895E+10
 0.26595636773699E+10
 0.26628047658283E+10
 0.26661257407655E+10
 0.26695265053376E+10
 0.26730069939582E+10
 0.26765671586500E+10
 0.26802068473682E+10
 0.26839258670570E+10
 0.26877240118288E+10
 0.26916012416242E+10
 0.26955572685516E+10
 0.26995916719189E+10
 0.27037044523173E+10
 0.27078950386685E+10
 0.27121632257499E+10
 0.27165084650544E+10
 0.27209302688621E+10
 0.27254280942379E+10
 0.27300015285481E+10
 0.27346496560057E+10
 0.27393715473227E+10
 0.27441671036792E+10
 0.27490344897412E+10
 0.27539734974776E+10
 0.27589826402507E+10
 0.27640613067656E+10
 0.27692075173695E+10
 0.27744201214441E+10
 0.27796979121857E+10
 0.27850397434022E+10
 0.27904430574096E+10
 0.27959057427528E+10
 0.28014263814448E+10
 0.28070035916101E+10
 0.28126353350780E+10
 0.28183183387573E+10
 0.28240507789797E+10
 0.28298294042125E+10
 0.28356531085362E+10
 0.28415195409744E+10
 0.28474211405364E+10
 0.28533598833356E+10
 0.28593306717200E+10
 0.28653293912243E+10
 0.28713537592280E+10
 0.28773977801826E+10
 0.28834593948695E+10
 0.28895362794876E+10
 0.28956217645014E+10
 0.29017107031880E+10
 0.29077961384820E+10
 0.29138812573935E+10
 0.29199543127967E+10
 0.29260116533414E+10
 0.29320469134076E+10
 0.29380615026016E+10
 0.29440468320710E+10
 0.29499789453304E+10
 0.29558773730598E+10
 0.29617234789673E+10
 0.29675068932445E+10
 0.29732304237663E+10
 0.29788837188459E+10
 0.29844620387242E+10
 0.29899488978587E+10
 0.29953438835212E+10
 0.30006426514637E+10
 0.30058334553484E+10
 0.30109099407459E+10
 0.30158639668203E+10
 0.30207121584512E+10
 0.30254264120211E+10
 0.30300142820698E+10
 0.30344613663261E+10
 0.30387777908848E+10
 0.30429428198504E+10
 0.30470089417912E+10
 0.30509496057699E+10
 0.30547820913891E+10
 0.30585226126157E+10
 0.30621910919903E+10
 0.30658166148047E+10
 0.30694391479864E+10
 0.30730654327568E+10
 0.30767414998179E+10
 0.30805409755704E+10
 0.30844976056622E+10
 0.30886459832049E+10
 0.30930301108066E+10
 0.30977032517800E+10
 0.31027312461479E+10
 0.31081228780384E+10
 0.31139229950418E+10
 0.31201486434886E+10
 0.31268153885510E+10
 0.31339021123589E+10
 0.31414005438217E+10
 0.31492485469204E+10
 0.31574365219804E+10
 0.31659121446675E+10
 0.31746187358761E+10
 0.31835212314973E+10
 0.31926049826606E+10
 0.32018381332699E+10
 0.32111873835748E+10
 0.32206601730687E+10
 0.32302580072907E+10
 0.32399773267324E+10
 0.32498037807957E+10
 0.32597391261056E+10
 0.32698061542134E+10
 0.32799814518872E+10
 0.32902808918548E+10
 0.33007162206368E+10
 0.33112435408908E+10
 0.33219152044183E+10
 0.33326728011698E+10
 0.33435688190702E+10
 0.33545768078879E+10
 0.33657042106340E+10
 0.33769427418073E+10
 0.33882891668297E+10
 0.33997554630451E+10
 0.34113247416320E+10
 0.34230075642662E+10
 0.34347889557025E+10
 0.34466934019720E+10
 0.34586853370318E+10
 0.34707943886983E+10
 0.34829914446656E+10
 0.34952949914221E+10
 0.35077022662048E+10
 0.35201945228408E+10
 0.35328069792190E+10
 0.35454987467170E+10
 0.35582729893810E+10
 0.35711708453123E+10
 0.35841415636302E+10
 0.35972090268039E+10
 0.36103845667710E+10
 0.36236482099608E+10
 0.36369900851037E+10
 0.36504302697709E+10
 0.36639530951405E+10
 0.36775757388387E+10
 0.36912835559641E+10
 0.37050929982348E+10
 0.37189727842107E+10
 0.37329394127080E+10
 0.37470045252265E+10
 0.37611677095231E+10
 0.37753940140199E+10
 0.37897214744990E+10
 0.38041363596626E+10
 0.38186297810568E+10
 0.38332142048467E+10
 0.38478855440515E+10
 0.38626365913384E+10
 0.38774758814065E+10
 0.38923900857073E+10
 0.39074118209183E+10
