 0.10189891284960E+00
 0.10189891284961E+00
 0.10189891284978E+00
 0.10189891285078E+00
 0.10189891285480E+00
 0.10189891286596E+00
 0.10189891261479E+00
 0.10189891145552E+00
 0.10189890729663E+00
 0.10189889613219E+00
 0.10189887143470E+00
 0.10189882426969E+00
 0.10189874225041E+00
 0.10189861152835E+00
 0.10189841759609E+00
 0.10189814120343E+00
 0.10189776652582E+00
 0.10189727643551E+00
 0.10189665367677E+00
 0.10189588116904E+00
 0.10189493472926E+00
 0.10189381575857E+00
 0.10189249861908E+00
 0.10189097145240E+00
 0.10188921615328E+00
 0.10188722027208E+00
 0.10188496274455E+00
 0.10188245737809E+00
 0.10187967716487E+00
 0.10187660029919E+00
 0.10187319778826E+00
 0.10186949779717E+00
 0.10186545042643E+00
 0.10186102834249E+00
 0.10185628021037E+00
 0.10185113121297E+00
 0.10184559346996E+00
 0.10183960893698E+00
 0.10183322922430E+00
 0.10182645868663E+00
 0.10181910893592E+00
 0.10181133303616E+00
 0.10180310228823E+00
 0.10179436874727E+00
 0.10178503695104E+00
 0.10177520886775E+00
 0.10176494398439E+00
 0.10175414556582E+00
 0.10174274946353E+00
 0.10173078672983E+00
 0.10171835433829E+00
 0.10170532779565E+00
 0.10169181190691E+00
 0.10167773094275E+00
 0.10166304517685E+00
 0.10164784128063E+00
 0.10163215974374E+00
 0.10161581540707E+00
 0.10159902952455E+00
 0.10158191286124E+00
 0.10156373864842E+00
 0.10154559445765E+00
 0.10152691163815E+00
 0.10150741211984E+00
 0.10148788098537E+00
 0.10146728198349E+00
 0.10144653847941E+00
 0.10142598118960E+00
 0.10140438881416E+00
 0.10138281228583E+00
 0.10136014516718E+00
 0.10133736432559E+00
 0.10131499845243E+00
 0.10129109265542E+00
 0.10126772696756E+00
 0.10124348025161E+00
 0.10121912193799E+00
 0.10119398149262E+00
 0.10116969421610E+00
 0.10114405259827E+00
 0.10111850457743E+00
 0.10109280159369E+00
 0.10106703356861E+00
 0.10104086026844E+00
 0.10101346015821E+00
 0.10098676832147E+00
 0.10095995655262E+00
 0.10093212122238E+00
 0.10090414739527E+00
 0.10087545084885E+00
 0.10084777450477E+00
 0.10081987639260E+00
 0.10079055311895E+00
 0.10076051751702E+00
 0.10073179281879E+00
 0.10070302821523E+00
 0.10067208349778E+00
 0.10064224860460E+00
 0.10061146927400E+00
 0.10058064765119E+00
 0.10054855837376E+00
 0.10051712052312E+00
 0.10048541285696E+00
 0.10045238474587E+00
 0.10041814830312E+00
 0.10038428629371E+00
 0.10035083898653E+00
 0.10031456279373E+00
 0.10027822618859E+00
 0.10024242260268E+00
 0.10020624150908E+00
 0.10016796819367E+00
 0.10012918434251E+00
 0.10008889916403E+00
 0.10004648284963E+00
 0.10000444668781E+00
 0.99960884660785E-01
 0.99915940068073E-01
 0.99868541710316E-01
 0.99819714386578E-01
 0.99769637216665E-01
 0.99718337818452E-01
 0.99661882531226E-01
 0.99602988379057E-01
 0.99542881931522E-01
 0.99480483228487E-01
 0.99415029206856E-01
 0.99342667687773E-01
 0.99266870779294E-01
 0.99187782212991E-01
 0.99102762276343E-01
 0.99009630509355E-01
 0.98912436647608E-01
 0.98805974475280E-01
 0.98688851722410E-01
 0.98565173331978E-01
 0.98426140604311E-01
 0.98274831891203E-01
 0.98108268349839E-01
 0.97926651587413E-01
 0.97726638419900E-01
 0.97502632693737E-01
 0.97253680306178E-01
 0.96977662801071E-01
 0.96668638103363E-01
 0.96327406967673E-01
 0.95944296526171E-01
 0.95522117772294E-01
 0.95053197275550E-01
 0.94536013341611E-01
 0.93982377674645E-01
 0.93380470237970E-01
 0.92735386253372E-01
 0.92068001873697E-01
 0.91375884249166E-01
 0.90679982117195E-01
 0.89986294744723E-01
 0.89311034262347E-01
 0.88659054392742E-01
 0.88044990794493E-01
 0.87473046370689E-01
 0.86945043144092E-01
 0.86465566021059E-01
 0.86036006348474E-01
 0.85657104409085E-01
 0.85324381141400E-01
 0.85038782536068E-01
 0.84797398836047E-01
 0.84597822991280E-01
 0.84438275322800E-01
 0.84316710496619E-01
 0.84229308577025E-01
 0.84175135307036E-01
 0.84152231519839E-01
 0.84157781176195E-01
 0.84190564672407E-01
 0.84248450097965E-01
 0.84330328293878E-01
 0.84434385103064E-01
 0.84560204142768E-01
 0.84704030199671E-01
 0.84867909281158E-01
 0.85048386843715E-01
 0.85247471465379E-01
 0.85460384479165E-01
 0.85689902337290E-01
 0.85931288259375E-01
 0.86187836578900E-01
 0.86456378991425E-01
 0.86738400341436E-01
 0.87030770311704E-01
 0.87336575747825E-01
 0.87652809967636E-01
 0.87979148548645E-01
 0.88314275397740E-01
 0.88657776954736E-01
 0.89012169273993E-01
 0.89376613199430E-01
 0.89749260168785E-01
 0.90128381321490E-01
 0.90516417062453E-01
 0.90911211017602E-01
 0.91316969911547E-01
 0.91726121879804E-01
 0.92146619365164E-01
 0.92569510119498E-01
 0.93002105221780E-01
 0.93441538126693E-01
 0.93886250011057E-01
 0.94336658639097E-01
 0.94794574543977E-01
 0.95257923638812E-01
 0.95730482984792E-01
 0.96203733862485E-01
 0.96684106204642E-01
 0.97170333593016E-01
 0.97662118260758E-01
 0.98160141256405E-01
 0.98659517778901E-01
 0.99168473651900E-01
 0.99679716928263E-01
 0.10019834526663E+00
 0.10072311173418E+00
 0.10124920121538E+00
 0.10178334940214E+00
 0.10231841091434E+00
 0.10285898785363E+00
 0.10340436241286E+00
 0.10395556223703E+00
 0.10450984850862E+00
 0.10506530350226E+00
 0.10563108584142E+00
 0.10619925382305E+00
 0.10676972359892E+00
 0.10734856249105E+00
 0.10792592612405E+00
 0.10851098153058E+00
 0.10909647059396E+00
 0.10969225489659E+00
 0.11028695013421E+00
 0.11088549523197E+00
 0.11149077683833E+00
 0.11209586619577E+00
 0.11270754339976E+00
 0.11332364209698E+00
 0.11393893544936E+00
 0.11456367936905E+00
 0.11519057217239E+00
 0.11581899557363E+00
 0.11645486171348E+00
 0.11708709992860E+00
 0.11773094153435E+00
 0.11837065098876E+00
 0.11901957663186E+00
 0.11967103839227E+00
 0.12032285164786E+00
 0.12098088743668E+00
 0.12164370141804E+00
 0.12230392870293E+00
 0.12297432491336E+00
 0.12364118363280E+00
 0.12431857640353E+00
 0.12499480165835E+00
 0.12567533558648E+00
 0.12635572475146E+00
 0.12704558210459E+00
 0.12773526232281E+00
 0.12843000932625E+00
 0.12912466912285E+00
 0.12982352855408E+00
 0.13052471323892E+00
 0.13123006082324E+00
 0.13194008053248E+00
 0.13265234744382E+00
 0.13336601504565E+00
 0.13408419904183E+00
 0.13480468869605E+00
 0.13552344792800E+00
 0.13625394168698E+00
 0.13698446625116E+00
 0.13771563200520E+00
 0.13845027859247E+00
 0.13918827334436E+00
 0.13992857779033E+00
 0.14067144844426E+00
 0.14142145559318E+00
 0.14216809420854E+00
 0.14292053616749E+00
 0.14367307120013E+00
 0.14442757196706E+00
 0.14519405384041E+00
 0.14594966722312E+00
 0.14671983117808E+00
 0.14748573528285E+00
 0.14825632237719E+00
 0.14903358423398E+00
 0.14980815412205E+00
 0.15058911971429E+00
 0.15137140527052E+00
 0.15215590688957E+00
