 0.51033030801949E+03
 0.51033030801932E+03
 0.51033030801738E+03
 0.51033030806993E+03
 0.51033030954641E+03
 0.51033031525878E+03
 0.51033028379629E+03
 0.51032998622612E+03
 0.51032880070411E+03
 0.51032557666431E+03
 0.51031863191651E+03
 0.51030585479791E+03
 0.51028490316392E+03
 0.51025330867377E+03
 0.51020873716113E+03
 0.51014888615071E+03
 0.51007185867926E+03
 0.50997595623916E+03
 0.50985976883517E+03
 0.50972220155145E+03
 0.50952771742071E+03
 0.50933596237386E+03
 0.50912046833392E+03
 0.50888114311177E+03
 0.50861805630229E+03
 0.50833152282815E+03
 0.50802180575619E+03
 0.50768994431367E+03
 0.50733648564354E+03
 0.50696203781540E+03
 0.50656728067610E+03
 0.50615391629025E+03
 0.50572239163368E+03
 0.50527353211735E+03
 0.50480962360902E+03
 0.50433074102211E+03
 0.50383843760767E+03
 0.50333313542633E+03
 0.50281693754580E+03
 0.50229123776809E+03
 0.50175405732308E+03
 0.50120916860750E+03
 0.50065708707318E+03
 0.50009786480713E+03
 0.49953088669267E+03
 0.49895858695363E+03
 0.49838247435224E+03
 0.49780156341741E+03
 0.49721525418312E+03
 0.49662435240357E+03
 0.49603060549206E+03
 0.49543218713338E+03
 0.49483064157854E+03
 0.49422496155480E+03
 0.49361413122429E+03
 0.49299935819702E+03
 0.49238099548718E+03
 0.49175585957250E+03
 0.49112683363773E+03
 0.49049497274270E+03
 0.48984913629600E+03
 0.48920462993352E+03
 0.48855264776404E+03
 0.48788848057674E+03
 0.48722259530667E+03
 0.48653973134483E+03
 0.48585232804903E+03
 0.48516416876378E+03
 0.48445721795708E+03
 0.48374577936185E+03
 0.48301340278632E+03
 0.48227321114417E+03
 0.48153174578216E+03
 0.48076091953815E+03
 0.47998905296694E+03
 0.47919574791401E+03
 0.47839105351129E+03
 0.47756463871413E+03
 0.47673868056933E+03
 0.47588216615411E+03
 0.47501424827767E+03
 0.47413083690900E+03
 0.47323255028020E+03
 0.47231434795491E+03
 0.47136414225837E+03
 0.47040793215773E+03
 0.46943396475191E+03
 0.46842919070271E+03
 0.46740534721874E+03
 0.46635416392605E+03
 0.46529849453908E+03
 0.46422127491570E+03
 0.46310537240678E+03
 0.46196075838799E+03
 0.46081388533471E+03
 0.45964608564618E+03
 0.45842883667760E+03
 0.45720545668728E+03
 0.45594796438877E+03
 0.45466914634955E+03
 0.45335094029710E+03
 0.45201981067526E+03
 0.45066296863543E+03
 0.44926608919629E+03
 0.44783025746157E+03
 0.44637684138275E+03
 0.44490719846263E+03
 0.44337580393535E+03
 0.44182111913645E+03
 0.44025036170292E+03
 0.43865232013068E+03
 0.43700266351807E+03
 0.43532412748736E+03
 0.43360272761471E+03
 0.43183054684923E+03
 0.43004138488020E+03
 0.42821027768635E+03
 0.42633978342827E+03
 0.42441547233359E+03
 0.42245247010031E+03
 0.42045459506459E+03
 0.41842219334539E+03
 0.41630312399626E+03
 0.41413728277811E+03
 0.41194250689786E+03
 0.40970640899265E+03
 0.40742188253346E+03
 0.40503965061884E+03
 0.40261171719299E+03
 0.40014474363616E+03
 0.39760932382844E+03
 0.39498332155075E+03
 0.39233010869969E+03
 0.38959047484699E+03
 0.38676060671024E+03
 0.38390919711087E+03
 0.38094336855242E+03
 0.37792514210649E+03
 0.37487235492575E+03
 0.37172118805668E+03
 0.36861764761217E+03
 0.36545341233784E+03
 0.36230301300233E+03
 0.35921520216581E+03
 0.35621498809027E+03
 0.35340887044491E+03
 0.35082753090654E+03
 0.34862413733411E+03
 0.34689053417527E+03
 0.34578044571465E+03
 0.34550057840625E+03
 0.34616384944027E+03
 0.34795466847869E+03
 0.35102255148184E+03
 0.35547817198251E+03
 0.36136521907756E+03
 0.36871884127951E+03
 0.37748514978975E+03
 0.38764587457669E+03
 0.39905712650944E+03
 0.41163257087543E+03
 0.42530652663137E+03
 0.43994909647237E+03
 0.45545156442573E+03
 0.47169316058977E+03
 0.48869609445219E+03
 0.50631251091809E+03
 0.52451750003745E+03
 0.54327506357205E+03
 0.56251742073458E+03
 0.58216726492734E+03
 0.60234514860845E+03
 0.62292727666880E+03
 0.64378126341096E+03
 0.66512427956597E+03
 0.68688720204933E+03
 0.70883934127751E+03
 0.73126550940102E+03
 0.75399195853297E+03
 0.77718095418376E+03
 0.80046067453693E+03
 0.82426546682044E+03
 0.84830339882303E+03
 0.87286686190659E+03
 0.89758592030079E+03
 0.92278045237197E+03
 0.94813671667872E+03
 0.97396090974936E+03
 0.10000691576102E+04
 0.10266019654380E+04
 0.10533980233174E+04
 0.10806788061599E+04
 0.11082930200566E+04
 0.11362515619582E+04
 0.11645123298043E+04
 0.11930791961623E+04
 0.12221093964944E+04
 0.12515758250743E+04
 0.12814020347412E+04
 0.13115227006103E+04
 0.13420819781498E+04
 0.13729851481680E+04
 0.14044479917220E+04
 0.14361338717050E+04
 0.14684234646234E+04
 0.15009203242135E+04
 0.15339725378260E+04
 0.15674589453126E+04
 0.16013281549309E+04
 0.16356060819791E+04
 0.16703876925356E+04
 0.17055922619718E+04
 0.17413905015738E+04
 0.17774347230426E+04
 0.18140085067105E+04
 0.18510667072383E+04
 0.18886066416744E+04
 0.19266682625595E+04
 0.19650636611499E+04
 0.20041327740209E+04
 0.20435924139571E+04
 0.20836585527986E+04
 0.21242885193127E+04
 0.21653025786395E+04
 0.22069735013675E+04
 0.22490328198715E+04
 0.22916703849995E+04
 0.23348667177227E+04
 0.23786732718818E+04
 0.24229877869233E+04
 0.24677526343993E+04
 0.25133271203329E+04
 0.25594142510008E+04
 0.26060232885324E+04
 0.26533947049549E+04
 0.27011604495840E+04
 0.27496795198172E+04
 0.27986923366410E+04
 0.28485752326291E+04
 0.28989099087732E+04
 0.29498924953302E+04
 0.30016433604185E+04
 0.30539129724075E+04
 0.31069620266225E+04
 0.31607262271923E+04
 0.32150170252466E+04
 0.32702265389715E+04
 0.33260924105085E+04
 0.33826086593738E+04
 0.34399988507073E+04
 0.34978733919901E+04
 0.35567977203461E+04
 0.36162118700780E+04
 0.36766068150543E+04
 0.37377564621681E+04
 0.37995978206147E+04
 0.38623546170386E+04
 0.39259780095810E+04
 0.39902176524534E+04
 0.40555627949601E+04
 0.41215098803400E+04
 0.41885943304504E+04
 0.42564005349606E+04
 0.43251434285379E+04
 0.43946798050169E+04
 0.44653574078635E+04
 0.45368635183706E+04
 0.46093812966017E+04
 0.46827564428576E+04
 0.47571525772352E+04
 0.48325215037736E+04
 0.49089363923618E+04
 0.49864378291235E+04
 0.50649587603992E+04
 0.51444820140842E+04
 0.52251404140020E+04
 0.53068739978060E+04
 0.53895570538881E+04
 0.54736724432294E+04
 0.55588370831545E+04
 0.56451136420674E+04
 0.57325772116886E+04
 0.58212766510255E+04
 0.59111870362134E+04
 0.60023443909543E+04
 0.60949130509318E+04
 0.61885753594642E+04
 0.62836492019208E+04
 0.63799870914456E+04
 0.64776670823361E+04
 0.65770288741373E+04
 0.66773730509606E+04
 0.67795350760974E+04
 0.68829555053777E+04
 0.69879213509167E+04
 0.70945307631073E+04
 0.72025590940201E+04
 0.73122617654565E+04
 0.74235438019546E+04
 0.75364597201638E+04
