 0.83176571363982E+02
 0.83176571363993E+02
 0.83176571364246E+02
 0.83176571419259E+02
 0.83176573347217E+02
 0.83176591494077E+02
 0.83176671867343E+02
 0.83176896760619E+02
 0.83177367131976E+02
 0.83178179585701E+02
 0.83179412468727E+02
 0.83181122434615E+02
 0.83183345317821E+02
 0.83186103500780E+02
 0.83189404507909E+02
 0.83193251397832E+02
 0.83197635365046E+02
 0.83202544242537E+02
 0.83207962298498E+02
 0.83213869147905E+02
 0.83195984915222E+02
 0.83196517294733E+02
 0.83197154020989E+02
 0.83197905669074E+02
 0.83198783668415E+02
 0.83199797358966E+02
 0.83200963911938E+02
 0.83202280115853E+02
 0.83203762280833E+02
 0.83205429962164E+02
 0.83207302834732E+02
 0.83209371244917E+02
 0.83211667996270E+02
 0.83214215751857E+02
 0.83216989413597E+02
 0.83220037825500E+02
 0.83223361743364E+02
 0.83226995732241E+02
 0.83230921446924E+02
 0.83235139047605E+02
 0.83239758656483E+02
 0.83244696702823E+02
 0.83249977626336E+02
 0.83255636204739E+02
 0.83261722632248E+02
 0.83268191824470E+02
 0.83275016106955E+02
 0.83282251617925E+02
 0.83289936417530E+02
 0.83298062954488E+02
 0.83306588258663E+02
 0.83315579144240E+02
 0.83325003973547E+02
 0.83334886019288E+02
 0.83345277020617E+02
 0.83356137032415E+02
 0.83367454234720E+02
 0.83379337393301E+02
 0.83391687340509E+02
 0.83404478742529E+02
 0.83418074890686E+02
 0.83431961980005E+02
 0.83446435924813E+02
 0.83461676560302E+02
 0.83477309873289E+02
 0.83493862215099E+02
 0.83510928715516E+02
 0.83528367731604E+02
 0.83546820603249E+02
 0.83565787868558E+02
 0.83585867832368E+02
 0.83606601009544E+02
 0.83627803881041E+02
 0.83650444939848E+02
 0.83673599286795E+02
 0.83697952950008E+02
 0.83723217923832E+02
 0.83749779750094E+02
 0.83776867545341E+02
 0.83805672929612E+02
 0.83835501633930E+02
 0.83866588223425E+02
 0.83898898876223E+02
 0.83932722457495E+02
 0.83968545952389E+02
 0.84005453347613E+02
 0.84043980816453E+02
 0.84084657166169E+02
 0.84127139654888E+02
 0.84171818377996E+02
 0.84217894057962E+02
 0.84266118017458E+02
 0.84317257026092E+02
 0.84371048859692E+02
 0.84426513096001E+02
 0.84484495704637E+02
 0.84546416343937E+02
 0.84610520350873E+02
 0.84678124205985E+02
 0.84748850813832E+02
 0.84823782953213E+02
 0.84901695126371E+02
 0.84983507937826E+02
 0.85070073514475E+02
 0.85161554330414E+02
 0.85257162318879E+02
 0.85357009288468E+02
 0.85463917051153E+02
 0.85575845698091E+02
 0.85693053861487E+02
 0.85816268502683E+02
 0.85947257711706E+02
 0.86085171724339E+02
 0.86231296235796E+02
 0.86386587035093E+02
 0.86549513670070E+02
 0.86721799394015E+02
 0.86904795959042E+02
 0.87099487553160E+02
 0.87305603430380E+02
 0.87523914457616E+02
 0.87755402894527E+02
 0.88004338770084E+02
 0.88269817692668E+02
 0.88551124005239E+02
 0.88850416572449E+02
 0.89170086463341E+02
 0.89516372546650E+02
 0.89886721311425E+02
 0.90282231675230E+02
 0.90708330509368E+02
 0.91170962854714E+02
 0.91665797321034E+02
 0.92203490845829E+02
 0.92789690103083E+02
 0.93419845008215E+02
 0.94114613694348E+02
 0.94853449215259E+02
 0.95690787524469E+02
 0.96586171179795E+02
 0.97563492507928E+02
 0.98637985935226E+02
 0.99811240775548E+02
 0.10108826812873E+03
 0.10248020860825E+03
 0.10397887807268E+03
 0.10560172563608E+03
 0.10733094735819E+03
 0.10917370181773E+03
 0.11112326946292E+03
 0.11313825746321E+03
 0.11525400255955E+03
 0.11745794677903E+03
 0.11970556387315E+03
 0.12202366326908E+03
 0.12437986178498E+03
 0.12678516146110E+03
 0.12921803096065E+03
 0.13169660035156E+03
 0.13419161146750E+03
 0.13670424845173E+03
 0.13924746080396E+03
 0.14180831655515E+03
 0.14438181337832E+03
 0.14695740308335E+03
 0.14955443152664E+03
 0.15215786238900E+03
 0.15476868221287E+03
 0.15739016594360E+03
 0.16001303824799E+03
 0.16263148109341E+03
 0.16527463992790E+03
 0.16791567614182E+03
 0.17054273033432E+03
 0.17318992421554E+03
 0.17584697038839E+03
 0.17848306316665E+03
 0.18114199558584E+03
 0.18379064231979E+03
 0.18646889431550E+03
 0.18910419030637E+03
 0.19177338396232E+03
 0.19442636209636E+03
 0.19712047488517E+03
 0.19978087887035E+03
 0.20247203457892E+03
 0.20513489318040E+03
 0.20782121732213E+03
 0.21050685758189E+03
 0.21320224966971E+03
 0.21588837018422E+03
 0.21860137578319E+03
 0.22131312979504E+03
 0.22402864874883E+03
 0.22673839680049E+03
 0.22944316433717E+03
 0.23216457663873E+03
 0.23490295689440E+03
 0.23764182858179E+03
 0.24036987351121E+03
 0.24311595708518E+03
 0.24585459419960E+03
 0.24862768668450E+03
 0.25137849160165E+03
 0.25416739924984E+03
 0.25691986957450E+03
 0.25971146907958E+03
 0.26249885263273E+03
 0.26529179724588E+03
 0.26808441619812E+03
 0.27090054299213E+03
 0.27371270208482E+03
 0.27655583220228E+03
 0.27937160383629E+03
 0.28220422444267E+03
 0.28504922706027E+03
 0.28790054056506E+03
 0.29076510915960E+03
 0.29361366123830E+03
 0.29649810786392E+03
 0.29936838948203E+03
 0.30226877705824E+03
 0.30518152075947E+03
 0.30808331242013E+03
 0.31100616155515E+03
 0.31391447433657E+03
 0.31683853997838E+03
 0.31977493414554E+03
 0.32272465347842E+03
 0.32567599038127E+03
 0.32861538333569E+03
 0.33159736036415E+03
 0.33458185655853E+03
 0.33756290934526E+03
 0.34057796756784E+03
 0.34356242943100E+03
 0.34657990001182E+03
 0.34958521395882E+03
 0.35263312022253E+03
 0.35566156854051E+03
 0.35869628909309E+03
 0.36176024616627E+03
 0.36481510776289E+03
 0.36788336711968E+03
 0.37097184282310E+03
 0.37404530811523E+03
 0.37714974438872E+03
 0.38025803363584E+03
 0.38336729515014E+03
 0.38650368361090E+03
 0.38961445861226E+03
 0.39277001644433E+03
 0.39590368857629E+03
 0.39906624744652E+03
 0.40223549567226E+03
 0.40540527696210E+03
 0.40859927657930E+03
 0.41179390495336E+03
 0.41497430156928E+03
 0.41820572290359E+03
 0.42140463438008E+03
 0.42465693825447E+03
 0.42789157533808E+03
 0.43112870097429E+03
 0.43437720337880E+03
 0.43765509737325E+03
 0.44092896821410E+03
 0.44421421571710E+03
 0.44748924426704E+03
 0.45079360075290E+03
 0.45410068200358E+03
 0.45740669384254E+03
 0.46075136628296E+03
 0.46409522922286E+03
 0.46742284658237E+03
 0.47077830134055E+03
 0.47414459480507E+03
 0.47749157019707E+03
 0.48088987685390E+03
 0.48428334214158E+03
 0.48768103486773E+03
 0.49108697778801E+03
 0.49450398799747E+03
 0.49793207522346E+03
 0.50135316927962E+03
 0.50480402253494E+03
 0.50824379833779E+03
 0.51170283839603E+03
 0.51516058305510E+03
 0.51863109258215E+03
 0.52214068645677E+03
 0.52559208701867E+03
 0.52911491376668E+03
 0.53262032548087E+03
 0.53614232674488E+03
 0.53967250012144E+03
 0.54320765884763E+03
 0.54676122073744E+03
 0.55030657416343E+03
 0.55387745033847E+03
