 0.22012047225508E+01
 0.22012047225508E+01
 0.22012047225508E+01
 0.22012047225508E+01
 0.22012047225508E+01
 0.22012047225508E+01
 0.22012047225508E+01
 0.22012047225508E+01
 0.22012047225509E+01
 0.22012046921021E+01
 0.22012050888252E+01
 0.22012045357365E+01
 0.22012041451643E+01
 0.22012044430752E+01
 0.22012038045248E+01
 0.22012040697297E+01
 0.22012039230940E+01
 0.22012045719827E+01
 0.22012043316713E+01
 0.22012038525428E+01
 0.22012040699015E+01
 0.22012045662938E+01
 0.22012044163182E+01
 0.22012033875666E+01
 0.22012030981813E+01
 0.22012039863606E+01
 0.22012042708764E+01
 0.22012035302979E+01
 0.22012029815680E+01
 0.22012040043619E+01
 0.22012051849073E+01
 0.22012026943382E+01
 0.22012060969725E+01
 0.22012059984389E+01
 0.22012045775042E+01
 0.22012068844540E+01
 0.22012059329996E+01
 0.22012060557005E+01
 0.22012147814452E+01
 0.22012060885340E+01
 0.22012038512463E+01
 0.22012082153816E+01
 0.22012053995455E+01
 0.22012147892703E+01
 0.22012372118955E+01
 0.22012404370905E+01
 0.22012338722176E+01
 0.22012149094423E+01
 0.22012061929386E+01
 0.22012372616457E+01
 0.22012060095924E+01
 0.22012518193546E+01
 0.22012197249498E+01
 0.22012086991122E+01
 0.22012116094859E+01
 0.22012569300474E+01
 0.22011950029359E+01
 0.22012058210489E+01
 0.22012662125276E+01
 0.22012281338912E+01
 0.22012587762506E+01
 0.22012468587952E+01
 0.22011984597436E+01
 0.22012378770104E+01
 0.22011641500561E+01
 0.22012413949190E+01
 0.22012520031546E+01
 0.22011862968063E+01
 0.22012651318936E+01
 0.22012066729402E+01
 0.22012667070339E+01
 0.22012619143407E+01
 0.22012038550813E+01
 0.22012673218343E+01
 0.22011750724326E+01
 0.22012658805277E+01
 0.22012074663583E+01
 0.22011873936270E+01
 0.22011995935319E+01
 0.22012028562266E+01
 0.22012082507239E+01
 0.22012034460885E+01
 0.22012678886301E+01
 0.22012360067220E+01
 0.22011997157463E+01
 0.22012698421266E+01
 0.22012053746903E+01
 0.22011911212030E+01
 0.22012066419759E+01
 0.22012109633901E+01
 0.22012701895002E+01
 0.22012246913335E+01
 0.22012098549849E+01
 0.22012663816137E+01
 0.22011710529013E+01
 0.22012570434412E+01
 0.22012061152787E+01
 0.22012138988226E+01
 0.22012750468272E+01
 0.22012733725509E+01
 0.22012013640957E+01
 0.22012262375914E+01
 0.22012198307161E+01
 0.22012075381839E+01
 0.22012816521647E+01
 0.22012668367647E+01
 0.22012813949507E+01
 0.22011841906348E+01
 0.22012272653199E+01
 0.22012466290629E+01
 0.22013133702668E+01
 0.22012408985453E+01
 0.22013263928426E+01
 0.22012854850451E+01
 0.22012771716827E+01
 0.22012783437599E+01
 0.22013113312956E+01
 0.22013139086052E+01
 0.22012641186009E+01
 0.22013261987449E+01
 0.22013602366333E+01
 0.22013248285472E+01
 0.22013173301554E+01
 0.22014019002797E+01
 0.22014307744655E+01
 0.22013975335478E+01
 0.22013683373925E+01
 0.22013974148815E+01
 0.22014525815714E+01
 0.22014949062955E+01
 0.22014163355336E+01
 0.22014369259959E+01
 0.22014900538389E+01
 0.22014734864199E+01
 0.22015225859498E+01
 0.22015397361177E+01
 0.22016277664857E+01
 0.22015627484615E+01
 0.22016679788218E+01
 0.22016838016022E+01
 0.22016318628191E+01
 0.22016966826491E+01
 0.22017386437919E+01
 0.22017198338427E+01
 0.22017323740824E+01
 0.22018149095620E+01
 0.22018293905914E+01
 0.22018200126639E+01
 0.22018913078126E+01
 0.22019043108809E+01
 0.22018953027119E+01
 0.22019317529814E+01
 0.22019229410858E+01
 0.22019855242643E+01
 0.22019346078545E+01
 0.22019524914295E+01
 0.22019700277736E+01
 0.22019656727780E+01
 0.22018712108541E+01
 0.22018422620282E+01
 0.22017981667731E+01
 0.22017213583796E+01
 0.22017591017636E+01
 0.22016882540796E+01
 0.22015499072233E+01
 0.22014565220072E+01
 0.22013696196798E+01
 0.22012871798505E+01
 0.22011347627557E+01
 0.22009756237817E+01
 0.22008917208670E+01
 0.22007665888370E+01
 0.22005852877197E+01
 0.22003826590356E+01
 0.22002482453946E+01
 0.22000646620786E+01
 0.21998254021064E+01
 0.21996311816364E+01
 0.21994652174420E+01
 0.21990854351211E+01
 0.21988685955545E+01
 0.21986076679575E+01
 0.21983173388583E+01
 0.21980998629622E+01
 0.21977809973593E+01
 0.21973736181709E+01
 0.21969917929461E+01
 0.21966614493701E+01
 0.21963590058802E+01
 0.21959629480578E+01
 0.21955543739756E+01
 0.21949865261627E+01
 0.21946032383963E+01
 0.21941130317522E+01
 0.21936134191591E+01
 0.21931727833677E+01
 0.21926631076637E+01
 0.21921329800067E+01
 0.21915911970334E+01
 0.21910469897872E+01
 0.21904460457140E+01
 0.21898088923197E+01
 0.21892140184386E+01
 0.21885565946839E+01
 0.21879483859889E+01
 0.21872849604619E+01
 0.21866366839193E+01
 0.21858701563241E+01
 0.21851828672623E+01
 0.21843862676046E+01
 0.21836723997528E+01
 0.21829190231318E+01
 0.21820609860915E+01
 0.21813681092229E+01
 0.21804870974033E+01
 0.21796498442333E+01
 0.21787952490549E+01
 0.21779517555129E+01
 0.21770959297424E+01
 0.21761121027725E+01
 0.21751561769367E+01
 0.21742514395720E+01
 0.21732498882329E+01
 0.21723175930350E+01
 0.21713261617945E+01
 0.21702771193857E+01
 0.21693741282391E+01
 0.21682164471697E+01
 0.21671844411042E+01
 0.21662005880729E+01
 0.21649598415396E+01
 0.21638980036213E+01
 0.21628809167888E+01
 0.21617282107492E+01
 0.21605628630086E+01
 0.21592860720819E+01
 0.21582433824397E+01
 0.21569662832454E+01
 0.21557422067018E+01
 0.21545361540778E+01
 0.21532852964294E+01
 0.21521374736818E+01
 0.21507620118148E+01
 0.21495858776908E+01
 0.21483035802906E+01
 0.21469617141780E+01
 0.21456596604764E+01
 0.21442038207406E+01
 0.21429987579638E+01
 0.21414504288998E+01
 0.21401661328648E+01
 0.21388274277068E+01
 0.21373564122726E+01
 0.21359668718261E+01
 0.21345997799363E+01
 0.21331404529997E+01
 0.21316616965223E+01
 0.21303276472268E+01
 0.21288512531944E+01
 0.21273032360051E+01
 0.21259179461255E+01
 0.21243259111969E+01
 0.21228172719782E+01
 0.21212852518636E+01
 0.21197466130725E+01
 0.21182746035173E+01
 0.21166236972761E+01
 0.21151376476644E+01
 0.21136449150087E+01
 0.21120954799261E+01
 0.21104170080630E+01
 0.21088228965402E+01
 0.21072350446941E+01
 0.21055806910758E+01
 0.21039294540341E+01
 0.21023600475491E+01
 0.21008229465020E+01
 0.20990652205571E+01
 0.20975643880822E+01
 0.20958538874039E+01
 0.20941336779323E+01
 0.20925262116259E+01
 0.20908978434459E+01
 0.20890741427403E+01
 0.20875366570450E+01
 0.20857284147994E+01
 0.20839404334475E+01
 0.20824340549053E+01
 0.20805791054383E+01
 0.20788770145811E+01
 0.20772364353845E+01
 0.20754024447006E+01
 0.20736933679276E+01
 0.20719012765710E+01
 0.20702185954480E+01
 0.20684750587799E+01
 0.20667016873401E+01
 0.20648604123657E+01
 0.20632989663823E+01
 0.20613995480777E+01
