 0.21140089951492E+08
 0.21140089951487E+08
 0.21140089951416E+08
 0.21140089951002E+08
 0.21140089949331E+08
 0.21140089944668E+08
 0.21140090048753E+08
 0.21140090529864E+08
 0.21140092253790E+08
 0.21140096868176E+08
 0.21140107191162E+08
 0.21140126663459E+08
 0.21140160645046E+08
 0.21140214944618E+08
 0.21140295299849E+08
 0.21140410022651E+08
 0.21140565507696E+08
 0.21140768967942E+08
 0.21141027355843E+08
 0.21141347827536E+08
 0.21141740618410E+08
 0.21142204979633E+08
 0.21142751685037E+08
 0.21143385306984E+08
 0.21144113861394E+08
 0.21144942289237E+08
 0.21145879335343E+08
 0.21146919254655E+08
 0.21148073405295E+08
 0.21149351049767E+08
 0.21150763708886E+08
 0.21152300116742E+08
 0.21153981074811E+08
 0.21155817666355E+08
 0.21157790542257E+08
 0.21159929724233E+08
 0.21162230833051E+08
 0.21164718298394E+08
 0.21167370129172E+08
 0.21170185368276E+08
 0.21173242024703E+08
 0.21176476559621E+08
 0.21179901204899E+08
 0.21183536203399E+08
 0.21187420811006E+08
 0.21191514350478E+08
 0.21195790344793E+08
 0.21200290795743E+08
 0.21205040824328E+08
 0.21210029461116E+08
 0.21215216087457E+08
 0.21220651062357E+08
 0.21226294867592E+08
 0.21232174160123E+08
 0.21238308643335E+08
 0.21244661424982E+08
 0.21251215946578E+08
 0.21258048210208E+08
 0.21265064559945E+08
 0.21272224030733E+08
 0.21279823342834E+08
 0.21287407870820E+08
 0.21295214827019E+08
 0.21303368017360E+08
 0.21311525468911E+08
 0.21320125746872E+08
 0.21328785827263E+08
 0.21337351804292E+08
 0.21346347791339E+08
 0.21355319256046E+08
 0.21364741851759E+08
 0.21374185072049E+08
 0.21383441007442E+08
 0.21393318273537E+08
 0.21402954105340E+08
 0.21412920840045E+08
 0.21422906277528E+08
 0.21433184406749E+08
 0.21443053308621E+08
 0.21453473754768E+08
 0.21463793029713E+08
 0.21474139092940E+08
 0.21484436883921E+08
 0.21494861082834E+08
 0.21505736776319E+08
 0.21516230452744E+08
 0.21526723895598E+08
 0.21537553785415E+08
 0.21548374312527E+08
 0.21559405122467E+08
 0.21569917111269E+08
 0.21580423899215E+08
 0.21591424986301E+08
 0.21602629414834E+08
 0.21613148978634E+08
 0.21623563119314E+08
 0.21634803755468E+08
 0.21645455735691E+08
 0.21656355847798E+08
 0.21667133573706E+08
 0.21678363063739E+08
 0.21689107844884E+08
 0.21699856319573E+08
 0.21711023258067E+08
 0.21722562276933E+08
 0.21733750617030E+08
 0.21744618793299E+08
 0.21756606181056E+08
 0.21768362221175E+08
 0.21779833033000E+08
 0.21791289216288E+08
 0.21803507553477E+08
 0.21815815306266E+08
 0.21828654119119E+08
 0.21842291544237E+08
 0.21855674334910E+08
 0.21869508425044E+08
 0.21884114822688E+08
 0.21899651313361E+08
 0.21915814371126E+08
 0.21932596824800E+08
 0.21950077341725E+08
 0.21969832637203E+08
 0.21991003556827E+08
 0.22013062824615E+08
 0.22036537617513E+08
 0.22062001206502E+08
 0.22091197890014E+08
 0.22122903611228E+08
 0.22157283134656E+08
 0.22195713723686E+08
 0.22239614597236E+08
 0.22287579760758E+08
 0.22342394997595E+08
 0.22405437123126E+08
 0.22475556944460E+08
 0.22557740621871E+08
 0.22651628468923E+08
 0.22759750793745E+08
 0.22883520121369E+08
 0.23026233217842E+08
 0.23192613471504E+08
 0.23384607415989E+08
 0.23605191767427E+08
 0.23858711613311E+08
 0.24144991908594E+08
 0.24469211548980E+08
 0.24827446900944E+08
 0.25220284087534E+08
 0.25643394011853E+08
 0.26082812963574E+08
 0.26541258060439E+08
 0.27009319871720E+08
 0.27470849456246E+08
 0.27925630566519E+08
 0.28362099247534E+08
 0.28778297623237E+08
 0.29167496869373E+08
 0.29530592050698E+08
 0.29861930420399E+08
 0.30161542896154E+08
 0.30431027139621E+08
 0.30669188007549E+08
 0.30876460269089E+08
 0.31053116595549E+08
 0.31201753208880E+08
 0.31322646188327E+08
 0.31417196755192E+08
 0.31486874684954E+08
 0.31532755688437E+08
 0.31556197017517E+08
 0.31558878368861E+08
 0.31541691594616E+08
 0.31506141433305E+08
 0.31453204066206E+08
 0.31383917922913E+08
 0.31300068954071E+08
 0.31201725336885E+08
 0.31090749664752E+08
 0.30966612412789E+08
 0.30833085897077E+08
 0.30687848668814E+08
 0.30533931742497E+08
 0.30369155627770E+08
 0.30198121961644E+08
 0.30017970421068E+08
 0.29832748435918E+08
 0.29640024487425E+08
 0.29441713170795E+08
 0.29237737695594E+08
 0.29029833244763E+08
 0.28815964955324E+08
 0.28598517578388E+08
 0.28377533264867E+08
 0.28154154214133E+08
 0.27928650431840E+08
 0.27699803789396E+08
 0.27467858628349E+08
 0.27234353802170E+08
 0.27000475202523E+08
 0.26764259415942E+08
 0.26527912448064E+08
 0.26288419832178E+08
 0.26050418707664E+08
 0.25809405700351E+08
 0.25571425084748E+08
 0.25330722766415E+08
 0.25090869295431E+08
 0.24851266118625E+08
 0.24612498307131E+08
 0.24372860533898E+08
 0.24134637622429E+08
 0.23895245153352E+08
 0.23659285252273E+08
 0.23423477128097E+08
 0.23188253720871E+08
 0.22954165896501E+08
 0.22720801108716E+08
 0.22490412329634E+08
 0.22259233420154E+08
 0.22030997031548E+08
 0.21802546078196E+08
 0.21575266673622E+08
 0.21350867081570E+08
 0.21127119459179E+08
 0.20906565430292E+08
 0.20687120211023E+08
 0.20469065172924E+08
 0.20252390832883E+08
 0.20037901762591E+08
 0.19826548765387E+08
 0.19614704851394E+08
 0.19405074212341E+08
 0.19198079143715E+08
 0.18991289774029E+08
 0.18788866210542E+08
 0.18586765157353E+08
 0.18387858303073E+08
 0.18188763498573E+08
 0.17993288763768E+08
 0.17799845940528E+08
 0.17607122060589E+08
 0.17417351043962E+08
 0.17229217998701E+08
 0.17042354302944E+08
 0.16858761435428E+08
 0.16675832279126E+08
 0.16495093135127E+08
 0.16316677640094E+08
 0.16139201601871E+08
 0.15965435402916E+08
 0.15791674305854E+08
 0.15621377619475E+08
 0.15451932343739E+08
 0.15284451477922E+08
 0.15119233593833E+08
 0.14955120848079E+08
 0.14793239106631E+08
 0.14634253025132E+08
 0.14475107898051E+08
 0.14319672308207E+08
 0.14163979945374E+08
 0.14011273693159E+08
 0.13860588657047E+08
 0.13711524454994E+08
 0.13563302971030E+08
 0.13417363237521E+08
 0.13273012975475E+08
 0.13131129714675E+08
 0.12990072189614E+08
 0.12850912488742E+08
 0.12713779830734E+08
 0.12577095955679E+08
 0.12442414563128E+08
 0.12310272103276E+08
 0.12178984933539E+08
 0.12049184271272E+08
 0.11921944154397E+08
 0.11794689340484E+08
 0.11669456368049E+08
 0.11545869522046E+08
 0.11423784973373E+08
 0.11303078526014E+08
 0.11183746952010E+08
 0.11066371235649E+08
 0.10949720976233E+08
 0.10835105817360E+08
 0.10721534810290E+08
 0.10609640422155E+08
 0.10498965162815E+08
 0.10388715969202E+08
 0.10281776459019E+08
 0.10174287703927E+08
 0.10068843941005E+08
 0.99644530980225E+07
 0.98613370803686E+07
 0.97595714069110E+07
 0.96587550113408E+07
 0.95596215464338E+07
 0.94612307440023E+07
