 0.83176571363982E+02
 0.83176571363993E+02
 0.83176571364246E+02
 0.83176571419259E+02
 0.83176573347217E+02
 0.83176591494077E+02
 0.83176671867343E+02
 0.83176896760619E+02
 0.83177367131976E+02
 0.83178179585701E+02
 0.83179412468717E+02
 0.83181122434703E+02
 0.83183345317833E+02
 0.83186103500830E+02
 0.83189404507622E+02
 0.83193251398332E+02
 0.83197635364934E+02
 0.83202544241955E+02
 0.83207962298616E+02
 0.83213869143531E+02
 0.83195984917488E+02
 0.83196517299360E+02
 0.83197154024116E+02
 0.83197905671639E+02
 0.83198783652124E+02
 0.83199797368627E+02
 0.83200963922653E+02
 0.83202280127951E+02
 0.83203762299605E+02
 0.83205429960183E+02
 0.83207302877727E+02
 0.83209371371719E+02
 0.83211668157680E+02
 0.83214216105728E+02
 0.83216990197617E+02
 0.83220038952724E+02
 0.83223363494606E+02
 0.83226998575347E+02
 0.83230925979884E+02
 0.83235146330438E+02
 0.83239768955503E+02
 0.83244712431494E+02
 0.83250000166903E+02
 0.83255669744022E+02
 0.83261769441972E+02
 0.83268256146416E+02
 0.83275103149754E+02
 0.83282369788599E+02
 0.83290094126408E+02
 0.83298269474453E+02
 0.83306853575322E+02
 0.83315922797700E+02
 0.83325437417840E+02
 0.83335436680683E+02
 0.83345960534421E+02
 0.83356983565153E+02
 0.83368497998176E+02
 0.83380607068141E+02
 0.83393223825600E+02
 0.83406330292178E+02
 0.83420288820765E+02
 0.83434596072554E+02
 0.83449544813565E+02
 0.83465337230001E+02
 0.83481590167721E+02
 0.83498849889516E+02
 0.83516709107635E+02
 0.83535037989451E+02
 0.83554488986975E+02
 0.83574572290200E+02
 0.83595891019737E+02
 0.83618018435188E+02
 0.83640742902844E+02
 0.83665089784359E+02
 0.83690091925536E+02
 0.83716506574126E+02
 0.83744012142792E+02
 0.83773034627812E+02
 0.83802826154180E+02
 0.83834570552261E+02
 0.83867595432139E+02
 0.83902164883960E+02
 0.83938285470588E+02
 0.83976198615347E+02
 0.84016497621399E+02
 0.84058226503916E+02
 0.84102000663553E+02
 0.84148341282782E+02
 0.84196899667964E+02
 0.84248199371216E+02
 0.84301345032390E+02
 0.84357231099347E+02
 0.84416602831198E+02
 0.84479282029792E+02
 0.84544297283247E+02
 0.84612553078859E+02
 0.84685545107156E+02
 0.84761462990998E+02
 0.84841859634687E+02
 0.84926302318015E+02
 0.85015980719164E+02
 0.85109709696961E+02
 0.85208513754814E+02
 0.85313413347941E+02
 0.85424544990429E+02
 0.85541342165639E+02
 0.85663845825084E+02
 0.85795310498526E+02
 0.85933649223183E+02
 0.86079183859368E+02
 0.86232843299343E+02
 0.86396801366588E+02
 0.86570173232185E+02
 0.86754664245494E+02
 0.86951616518755E+02
 0.87159365679132E+02
 0.87380413577496E+02
 0.87615925724893E+02
 0.87867986090724E+02
 0.88136237515617E+02
 0.88422199210757E+02
 0.88727327795786E+02
 0.89057161127487E+02
 0.89411286534565E+02
 0.89789255047053E+02
 0.90194403462608E+02
 0.90630540672297E+02
 0.91105979072753E+02
 0.91619085477437E+02
 0.92171837306187E+02
 0.92772425164241E+02
 0.93430135711283E+02
 0.94139644781778E+02
 0.94922497272983E+02
 0.95762159886976E+02
 0.96699181164936E+02
 0.97722553908745E+02
 0.98840502380443E+02
 0.10006018915327E+03
 0.10138236004370E+03
 0.10281019027508E+03
 0.10435449178461E+03
 0.10600420336840E+03
 0.10774678896118E+03
 0.10958425922189E+03
 0.11149072820478E+03
 0.11347606287905E+03
 0.11551436988488E+03
 0.11761409688450E+03
 0.11976560054528E+03
 0.12193372512059E+03
 0.12415380070959E+03
 0.12642613758630E+03
 0.12870438932889E+03
 0.13102302237991E+03
 0.13335130967138E+03
 0.13570539906714E+03
 0.13807198751383E+03
 0.14046808437445E+03
 0.14286511942953E+03
 0.14527357932733E+03
 0.14770268789010E+03
 0.15014489139586E+03
 0.15259429518136E+03
 0.15504077123540E+03
 0.15750748450498E+03
 0.15998039580212E+03
 0.16245668097531E+03
 0.16494972674716E+03
 0.16744149557523E+03
 0.16993010840115E+03
 0.17244390009869E+03
 0.17495764462616E+03
 0.17746125836853E+03
 0.17998627653953E+03
 0.18252450495542E+03
 0.18504194975432E+03
 0.18758574434555E+03
 0.19012159842998E+03
 0.19269029567523E+03
 0.19521587523363E+03
 0.19777923626108E+03
 0.20033206905930E+03
 0.20292600502275E+03
 0.20548944905449E+03
 0.20808656525460E+03
 0.21065395373328E+03
 0.21325247071819E+03
 0.21584451718245E+03
 0.21845837477688E+03
 0.22106034051438E+03
 0.22369255863850E+03
 0.22632633144403E+03
 0.22896090231074E+03
 0.23159567481365E+03
 0.23422614560310E+03
 0.23687629561516E+03
 0.23954647904204E+03
 0.24221905152667E+03
 0.24487832153999E+03
 0.24756271588005E+03
 0.25023580367963E+03
 0.25295064693413E+03
 0.25563796001659E+03
 0.25836675061642E+03
 0.26106538210334E+03
 0.26379635047875E+03
 0.26653635944456E+03
 0.26927353558707E+03
 0.27201335908267E+03
 0.27477937363315E+03
 0.27754322170060E+03
 0.28034025079900E+03
 0.28310736424115E+03
 0.28589351681879E+03
 0.28869551696696E+03
 0.29150026299619E+03
 0.29432545747614E+03
 0.29713091628687E+03
 0.29996982232211E+03
 0.30280274916441E+03
 0.30566685940303E+03
 0.30854037612596E+03
 0.31140072039379E+03
 0.31428557585258E+03
 0.31715705177425E+03
 0.32004794145405E+03
 0.32294975838442E+03
 0.32586742134502E+03
 0.32878598533870E+03
 0.33170003627424E+03
 0.33464489707483E+03
 0.33759559955350E+03
 0.34054431974658E+03
 0.34352909087703E+03
 0.34648929536570E+03
 0.34946949208930E+03
 0.35245435131212E+03
 0.35547688088416E+03
 0.35847553617801E+03
 0.36148552913061E+03
 0.36452992996547E+03
 0.36755066175769E+03
 0.37059008264151E+03
 0.37366336491038E+03
 0.37670232648137E+03
 0.37979357470799E+03
 0.38287568076423E+03
 0.38595890884691E+03
 0.38907329824627E+03
 0.39216238338570E+03
 0.39529601380436E+03
 0.39841445921324E+03
 0.40155536053607E+03
 0.40470461809992E+03
 0.40785088764445E+03
 0.41102138763694E+03
 0.41419871287168E+03
 0.41736565506881E+03
 0.42057529219420E+03
 0.42375787068609E+03
 0.42698399686266E+03
 0.43020158487875E+03
 0.43342504222703E+03
 0.43665072645129E+03
 0.43991123672518E+03
 0.44316790688043E+03
 0.44644013437512E+03
 0.44969829923524E+03
 0.45298655203968E+03
 0.45628194793609E+03
 0.45957173308226E+03
 0.46290128268996E+03
 0.46621888277472E+03
 0.46954438356039E+03
 0.47287978106052E+03
 0.47624037121999E+03
 0.47957079942347E+03
 0.48295336162296E+03
 0.48632539767951E+03
 0.48971280752250E+03
 0.49310637997735E+03
 0.49651092041682E+03
 0.49991709053486E+03
 0.50333330185249E+03
 0.50677295393018E+03
