 0.20941382915855E+01
 0.20941382915855E+01
 0.20941382915855E+01
 0.20941382915855E+01
 0.20941382915855E+01
 0.20941382992905E+01
 0.20941382692321E+01
 0.20941382760857E+01
 0.20941382460806E+01
 0.20941374377408E+01
 0.20941410070969E+01
 0.20941363943827E+01
 0.20941366056762E+01
 0.20941355605136E+01
 0.20941393009926E+01
 0.20941374629281E+01
 0.20941380850365E+01
 0.20941370950334E+01
 0.20941352996515E+01
 0.20941391373862E+01
 0.20941372086187E+01
 0.20941368277347E+01
 0.20941357934057E+01
 0.20941425515030E+01
 0.20941441521206E+01
 0.20941376368970E+01
 0.20941352636568E+01
 0.20941403242078E+01
 0.20941458754309E+01
 0.20941393346880E+01
 0.20941393619184E+01
 0.20941465104667E+01
 0.20941535864749E+01
 0.20941554189636E+01
 0.20941369212493E+01
 0.20941632961645E+01
 0.20941504910296E+01
 0.20941432692752E+01
 0.20941737440217E+01
 0.20941512735690E+01
 0.20941394580872E+01
 0.20941649557651E+01
 0.20941423144726E+01
 0.20941745657674E+01
 0.20941908638555E+01
 0.20941904690720E+01
 0.20941849722928E+01
 0.20941667331834E+01
 0.20941435128517E+01
 0.20941795780160E+01
 0.20941316519103E+01
 0.20941787716297E+01
 0.20941534097412E+01
 0.20941357721079E+01
 0.20941242260715E+01
 0.20941504878120E+01
 0.20941642853666E+01
 0.20940654244204E+01
 0.20940991878925E+01
 0.20940853425183E+01
 0.20940736281984E+01
 0.20940526261788E+01
 0.20940219055749E+01
 0.20939912378156E+01
 0.20940796166910E+01
 0.20939240930277E+01
 0.20938895272535E+01
 0.20940090267953E+01
 0.20938128844914E+01
 0.20937493944738E+01
 0.20936760636398E+01
 0.20935782027362E+01
 0.20935662930314E+01
 0.20934626998871E+01
 0.20935285269369E+01
 0.20933206176633E+01
 0.20931827970978E+01
 0.20931991888214E+01
 0.20931253232706E+01
 0.20929561460752E+01
 0.20927459643483E+01
 0.20926173356090E+01
 0.20923947133008E+01
 0.20921653128739E+01
 0.20920069098864E+01
 0.20917925271935E+01
 0.20916033542281E+01
 0.20913977177609E+01
 0.20910591053825E+01
 0.20907250422163E+01
 0.20903885309183E+01
 0.20902040364846E+01
 0.20897204860493E+01
 0.20894028376714E+01
 0.20889879003653E+01
 0.20884541660918E+01
 0.20880929115160E+01
 0.20874042101768E+01
 0.20870727147798E+01
 0.20865503590783E+01
 0.20858044097218E+01
 0.20851510485512E+01
 0.20844727667837E+01
 0.20837195495450E+01
 0.20831817959773E+01
 0.20822520434081E+01
 0.20816052144253E+01
 0.20805526410727E+01
 0.20796492289150E+01
 0.20788664696163E+01
 0.20777037146387E+01
 0.20769457262171E+01
 0.20756558232942E+01
 0.20746365055558E+01
 0.20734657512713E+01
 0.20723571514874E+01
 0.20710567115891E+01
 0.20697298852462E+01
 0.20687136789073E+01
 0.20671067600165E+01
 0.20658514324902E+01
 0.20645076198435E+01
 0.20629393647243E+01
 0.20616602426890E+01
 0.20601625692210E+01
 0.20585800529205E+01
 0.20569911407192E+01
 0.20553063016402E+01
 0.20534239326671E+01
 0.20516931381773E+01
 0.20501897759096E+01
 0.20481107735101E+01
 0.20462329288303E+01
 0.20440587117118E+01
 0.20419957633742E+01
 0.20397727552961E+01
 0.20376271351286E+01
 0.20350093943065E+01
 0.20328386983611E+01
 0.20304697040654E+01
 0.20277314742199E+01
 0.20250578022620E+01
 0.20224354418598E+01
 0.20198563299819E+01
 0.20171852360612E+01
 0.20141669758127E+01
 0.20113277031406E+01
 0.20085772120500E+01
 0.20051531764368E+01
 0.20022242725130E+01
 0.19991386295767E+01
 0.19960165943768E+01
 0.19927155845219E+01
 0.19895515033278E+01
 0.19861241277010E+01
 0.19828042511998E+01
 0.19793259129679E+01
 0.19757282473568E+01
 0.19723155379786E+01
 0.19689734301410E+01
 0.19653468880468E+01
 0.19614539380944E+01
 0.19575926675297E+01
 0.19541124585264E+01
 0.19501328753412E+01
 0.19461387650048E+01
 0.19423453693645E+01
 0.19385290807966E+01
 0.19344527494511E+01
 0.19302154659998E+01
 0.19262714731047E+01
 0.19220111806188E+01
 0.19181104716222E+01
 0.19140388342190E+01
 0.19095725177843E+01
 0.19053331610628E+01
 0.19008125284870E+01
 0.18967561956706E+01
 0.18922461602505E+01
 0.18879425349355E+01
 0.18835191861357E+01
 0.18789228035295E+01
 0.18743781010281E+01
 0.18698869795830E+01
 0.18653570899655E+01
 0.18605887812587E+01
 0.18561134252250E+01
 0.18517727248911E+01
 0.18466728501763E+01
 0.18421336790461E+01
 0.18374890772774E+01
 0.18326844349446E+01
 0.18279276048306E+01
 0.18231523694608E+01
 0.18182145391501E+01
 0.18138384720050E+01
 0.18086929024017E+01
 0.18041651421020E+01
 0.17990221599107E+01
 0.17941448149963E+01
 0.17892889733010E+01
 0.17844430170591E+01
 0.17794517825156E+01
 0.17745207023029E+01
 0.17695907102352E+01
 0.17647264403346E+01
 0.17599932389160E+01
 0.17550051965174E+01
 0.17499686762322E+01
 0.17450354905948E+01
 0.17396926278564E+01
 0.17350835625289E+01
 0.17300056793563E+01
 0.17249778081902E+01
 0.17198688838614E+01
 0.17150252859522E+01
 0.17097651166680E+01
 0.17046772191208E+01
 0.16998348356696E+01
 0.16947217034156E+01
 0.16896980240600E+01
 0.16845440863912E+01
 0.16798498402558E+01
 0.16745141245432E+01
 0.16695097231882E+01
 0.16647442374692E+01
 0.16597783605463E+01
 0.16546497861477E+01
 0.16494704509013E+01
 0.16446988047966E+01
 0.16398209702332E+01
 0.16347111899960E+01
 0.16298456630185E+01
 0.16246274415034E+01
 0.16195942061422E+01
 0.16147053474220E+01
 0.16096189492058E+01
 0.16048464353245E+01
 0.15997521138066E+01
 0.15948968366752E+01
 0.15902634674202E+01
 0.15851335261099E+01
 0.15804631328759E+01
 0.15755526799686E+01
 0.15702357531522E+01
 0.15657386920848E+01
 0.15608057369364E+01
 0.15560258922035E+01
 0.15510342147863E+01
 0.15461372368646E+01
 0.15413453162969E+01
 0.15364265807686E+01
 0.15320660926447E+01
 0.15269933407278E+01
 0.15221881663297E+01
 0.15176757658801E+01
 0.15130359605378E+01
 0.15081011135179E+01
 0.15036639210979E+01
 0.14986887581203E+01
 0.14940720694530E+01
 0.14893227033098E+01
 0.14847581105574E+01
 0.14799022960146E+01
 0.14755074564976E+01
 0.14708677434668E+01
 0.14662722094496E+01
 0.14616399065280E+01
 0.14573901556767E+01
 0.14527612564055E+01
 0.14480042840886E+01
 0.14434926893293E+01
 0.14390728024098E+01
 0.14345964274393E+01
 0.14301780878108E+01
 0.14256159179965E+01
 0.14212286111384E+01
 0.14167722379194E+01
 0.14123849294866E+01
 0.14081193585191E+01
 0.14039432910632E+01
 0.13995885020519E+01
 0.13952309179437E+01
 0.13909700619931E+01
 0.13864033817314E+01
 0.13821853428729E+01
 0.13781756789721E+01
 0.13739370069910E+01
 0.13697187017893E+01
 0.13653763209732E+01
 0.13612000329304E+01
 0.13569702035800E+01
 0.13529950798563E+01
 0.13487117408603E+01
 0.13445474389191E+01
 0.13404444066585E+01
 0.13364287058426E+01
 0.13324187599024E+01
 0.13283761068355E+01
 0.13244179394427E+01
