 0.30964654458033E+03
 0.30964654458037E+03
 0.30964654458102E+03
 0.30964654462233E+03
 0.30964654557380E+03
 0.30964654936996E+03
 0.30964653212187E+03
 0.30964635945306E+03
 0.30964566553023E+03
 0.30964377523013E+03
 0.30963970462720E+03
 0.30963222550581E+03
 0.30961998037094E+03
 0.30960155328411E+03
 0.30957561172116E+03
 0.30954086596230E+03
 0.30949625382267E+03
 0.30944084647389E+03
 0.30937388596845E+03
 0.30929479832818E+03
 0.30918212740046E+03
 0.30907210100978E+03
 0.30894874963511E+03
 0.30881207598822E+03
 0.30866216913158E+03
 0.30849925090568E+03
 0.30832352320061E+03
 0.30813558443646E+03
 0.30793577949040E+03
 0.30772449411947E+03
 0.30750214895369E+03
 0.30726967712636E+03
 0.30702738216291E+03
 0.30677575811331E+03
 0.30651603031189E+03
 0.30624831106306E+03
 0.30597345253826E+03
 0.30569173471853E+03
 0.30540429025449E+03
 0.30511188185085E+03
 0.30481356785760E+03
 0.30451131053271E+03
 0.30420541309703E+03
 0.30389595541297E+03
 0.30358267991557E+03
 0.30326683099902E+03
 0.30294920615437E+03
 0.30262937050547E+03
 0.30230701206506E+03
 0.30198258608972E+03
 0.30165694440442E+03
 0.30132926225316E+03
 0.30100024095304E+03
 0.30066939164009E+03
 0.30033628790024E+03
 0.30000145520390E+03
 0.29966505702998E+03
 0.29932540956949E+03
 0.29898412913932E+03
 0.29864147697008E+03
 0.29829203020964E+03
 0.29794330426553E+03
 0.29759097230092E+03
 0.29723232506165E+03
 0.29687288171453E+03
 0.29650462533353E+03
 0.29613380660354E+03
 0.29576242349068E+03
 0.29538093172180E+03
 0.29499667471347E+03
 0.29460109678078E+03
 0.29420083663106E+03
 0.29379881279573E+03
 0.29338082962846E+03
 0.29296089141402E+03
 0.29252861211030E+03
 0.29208872169213E+03
 0.29163580326935E+03
 0.29118098307250E+03
 0.29070792226920E+03
 0.29022649053640E+03
 0.28973381528998E+03
 0.28923046097723E+03
 0.28871305009767E+03
 0.28817515049885E+03
 0.28762973853546E+03
 0.28707027045254E+03
 0.28648965094590E+03
 0.28589339672399E+03
 0.28527674817759E+03
 0.28465142540687E+03
 0.28400715637779E+03
 0.28333537996297E+03
 0.28263970271599E+03
 0.28193425632806E+03
 0.28120846190212E+03
 0.28044530871741E+03
 0.27966849906634E+03
 0.27886176191712E+03
 0.27803065133818E+03
 0.27716430911581E+03
 0.27627765605107E+03
 0.27536127654162E+03
 0.27440679643833E+03
 0.27341371519215E+03
 0.27239230568625E+03
 0.27134181319246E+03
 0.27023513770006E+03
 0.26909414921158E+03
 0.26791932504701E+03
 0.26670384876411E+03
 0.26543200864065E+03
 0.26411454960489E+03
 0.26274128678022E+03
 0.26130502700514E+03
 0.25982452637932E+03
 0.25828355082749E+03
 0.25667669653711E+03
 0.25499562706178E+03
 0.25324671897329E+03
 0.25142794581113E+03
 0.24953631071274E+03
 0.24753780044997E+03
 0.24544951846972E+03
 0.24328064694042E+03
 0.24102179218179E+03
 0.23865820380701E+03
 0.23615779042470E+03
 0.23354312105282E+03
 0.23081966700702E+03
 0.22796012699853E+03
 0.22493985454969E+03
 0.22180103888022E+03
 0.21849428325449E+03
 0.21500634919948E+03
 0.21138912624532E+03
 0.20756036232794E+03
 0.20357382729184E+03
 0.19937218801233E+03
 0.19507404621566E+03
 0.19060485176226E+03
 0.18597321668392E+03
 0.18122369809026E+03
 0.17640780648008E+03
 0.17154905327647E+03
 0.16674534578728E+03
 0.16202230555331E+03
 0.15750946954423E+03
 0.15326651555448E+03
 0.14938394011495E+03
 0.14599363573744E+03
 0.14308857134308E+03
 0.14072810039464E+03
 0.13895720743414E+03
 0.13773804423601E+03
 0.13705492851280E+03
 0.13685871445776E+03
 0.13709829763951E+03
 0.13772429370296E+03
 0.13867715727648E+03
 0.13990949363516E+03
 0.14138475786541E+03
 0.14306213620391E+03
 0.14490379906706E+03
 0.14687835802134E+03
 0.14897717230582E+03
 0.15117066528629E+03
 0.15344278844566E+03
 0.15578743290141E+03
 0.15818558736569E+03
 0.16061729067351E+03
 0.16311286971864E+03
 0.16563336106121E+03
 0.16816364617291E+03
 0.17073849068640E+03
 0.17333844837161E+03
 0.17592676098299E+03
 0.17855474840646E+03
 0.18118470107856E+03
 0.18384911832974E+03
 0.18647875932048E+03
 0.18914843495379E+03
 0.19180902276410E+03
 0.19451246874394E+03
 0.19718659180449E+03
 0.19989413906813E+03
 0.20257625396446E+03
 0.20528157221475E+03
 0.20798978945014E+03
 0.21071054419906E+03
 0.21342372822140E+03
 0.21616079343329E+03
 0.21890075147636E+03
 0.22164054753362E+03
 0.22438032550150E+03
 0.22711166872216E+03
 0.22986088914860E+03
 0.23262784533158E+03
 0.23539424312892E+03
 0.23815247384005E+03
 0.24092742212708E+03
 0.24369348243115E+03
 0.24649046239509E+03
 0.24927074041973E+03
 0.25208085843124E+03
 0.25486403637763E+03
 0.25767947508551E+03
 0.26049593181038E+03
 0.26331496474117E+03
 0.26613492901514E+03
 0.26897155465458E+03
 0.27180872310208E+03
 0.27467872305443E+03
 0.27751725561560E+03
 0.28037351583485E+03
 0.28323958382555E+03
 0.28611160683960E+03
 0.28899872928620E+03
 0.29186912764294E+03
 0.29477658579602E+03
 0.29766630917685E+03
 0.30058831097995E+03
 0.30352255052877E+03
 0.30644167703804E+03
 0.30938570553359E+03
 0.31231428150110E+03
 0.31525748700200E+03
 0.31820694074950E+03
 0.32117850384336E+03
 0.32414784075539E+03
 0.32711115157268E+03
 0.33010578062092E+03
 0.33310492063292E+03
 0.33610258936754E+03
 0.33913345058887E+03
 0.34213383981194E+03
 0.34516946069816E+03
 0.34819239580941E+03
 0.35125664232474E+03
 0.35429933023603E+03
 0.35734818004843E+03
 0.36042945963447E+03
 0.36349309535382E+03
 0.36657671244373E+03
 0.36968053033413E+03
 0.37276777756973E+03
 0.37588459751010E+03
 0.37901001339447E+03
 0.38212920446820E+03
 0.38527508136127E+03
 0.38839844139745E+03
 0.39157020013968E+03
 0.39471890896816E+03
 0.39789136463259E+03
 0.40107815634677E+03
 0.40425531444676E+03
 0.40744927911379E+03
 0.41066818764583E+03
 0.41385824244670E+03
 0.41710112474384E+03
 0.42030900580130E+03
 0.42357291267832E+03
 0.42681656281609E+03
 0.43006574188066E+03
 0.43332165485290E+03
 0.43660213002056E+03
 0.43989144131510E+03
 0.44318624443613E+03
 0.44648283785922E+03
 0.44978937340514E+03
 0.45310060517753E+03
 0.45641792580194E+03
 0.45977177798222E+03
 0.46311973655388E+03
 0.46646089425246E+03
 0.46982919804918E+03
 0.47320629621695E+03
 0.47656557973516E+03
 0.47996393094920E+03
 0.48336584461069E+03
 0.48677088867627E+03
 0.49017849319908E+03
 0.49360727056223E+03
 0.49703250678183E+03
 0.50046914512265E+03
 0.50392408093782E+03
 0.50737514506271E+03
 0.51085180140831E+03
 0.51430522377410E+03
 0.51778117498781E+03
 0.52130423723860E+03
 0.52477010201616E+03
 0.52828772378286E+03
 0.53180707295062E+03
 0.53533701901531E+03
 0.53887820358419E+03
 0.54241128140831E+03
 0.54597166823298E+03
 0.54952748580592E+03
 0.55309274257268E+03
