 0.10189891284960E+00
 0.10189891284961E+00
 0.10189891284978E+00
 0.10189891285078E+00
 0.10189891285480E+00
 0.10189891286596E+00
 0.10189891261479E+00
 0.10189891145552E+00
 0.10189890729663E+00
 0.10189889613219E+00
 0.10189887143470E+00
 0.10189882426969E+00
 0.10189874225041E+00
 0.10189861152833E+00
 0.10189841759604E+00
 0.10189814120326E+00
 0.10189776652575E+00
 0.10189727643533E+00
 0.10189665367558E+00
 0.10189588117041E+00
 0.10189493472856E+00
 0.10189381575713E+00
 0.10189249862300E+00
 0.10189097146028E+00
 0.10188921615836E+00
 0.10188722028436E+00
 0.10188496281272E+00
 0.10188245736419E+00
 0.10187967714647E+00
 0.10187660026300E+00
 0.10187319773356E+00
 0.10186949773168E+00
 0.10186545026458E+00
 0.10186102830012E+00
 0.10185628000643E+00
 0.10185113134556E+00
 0.10184559342704E+00
 0.10183960853830E+00
 0.10183322965358E+00
 0.10182645865053E+00
 0.10181910891276E+00
 0.10181133341224E+00
 0.10180310278542E+00
 0.10179436850990E+00
 0.10178503797080E+00
 0.10177520993621E+00
 0.10176494582932E+00
 0.10175414787849E+00
 0.10174275552275E+00
 0.10173079368022E+00
 0.10171836723438E+00
 0.10170534750959E+00
 0.10169183847286E+00
 0.10167776869472E+00
 0.10166309839477E+00
 0.10164791537969E+00
 0.10163225857427E+00
 0.10161594661819E+00
 0.10159920359797E+00
 0.10158213894655E+00
 0.10156402636777E+00
 0.10154596504632E+00
 0.10152738651779E+00
 0.10150799950230E+00
 0.10148861519128E+00
 0.10146819344214E+00
 0.10144764839500E+00
 0.10142734012482E+00
 0.10140602986965E+00
 0.10138478462647E+00
 0.10136251202811E+00
 0.10134016723323E+00
 0.10131830354268E+00
 0.10129497834816E+00
 0.10127227473767E+00
 0.10124875911950E+00
 0.10122523513857E+00
 0.10120106100063E+00
 0.10117782990182E+00
 0.10115331493745E+00
 0.10112907519691E+00
 0.10110476135516E+00
 0.10108056600527E+00
 0.10105613317340E+00
 0.10103059294348E+00
 0.10100597986954E+00
 0.10098132937773E+00
 0.10095588038558E+00
 0.10093050164747E+00
 0.10090458214101E+00
 0.10087986776039E+00
 0.10085510009853E+00
 0.10082919441872E+00
 0.10080272882901E+00
 0.10077776766774E+00
 0.10075301120996E+00
 0.10072619941254E+00
 0.10070074284785E+00
 0.10067446694718E+00
 0.10064833684576E+00
 0.10062105317315E+00
 0.10059452721680E+00
 0.10056774719342E+00
 0.10053964751120E+00
 0.10051043817325E+00
 0.10048144458562E+00
 0.10045276504467E+00
 0.10042082901294E+00
 0.10038866517797E+00
 0.10035629623576E+00
 0.10032294267868E+00
 0.10028676872047E+00
 0.10024894516384E+00
 0.10020812615629E+00
 0.10016365591643E+00
 0.10011748465059E+00
 0.10006745730477E+00
 0.10001274804881E+00
 0.99952081303733E-01
 0.99885635251201E-01
 0.99812776246203E-01
 0.99732488700286E-01
 0.99639650564670E-01
 0.99535767066065E-01
 0.99420596006310E-01
 0.99291698963940E-01
 0.99146311810013E-01
 0.98978097953789E-01
 0.98788797765603E-01
 0.98576773846394E-01
 0.98336338795059E-01
 0.98062710431031E-01
 0.97758623323216E-01
 0.97415383392580E-01
 0.97028777201444E-01
 0.96603185843002E-01
 0.96125533500686E-01
 0.95600094250205E-01
 0.95024640390563E-01
 0.94402899051679E-01
 0.93735766769101E-01
 0.93023511750087E-01
 0.92275917050643E-01
 0.91503523430455E-01
 0.90713988662457E-01
 0.89924853082679E-01
 0.89140403689829E-01
 0.88377084516983E-01
 0.87640774101232E-01
 0.86939519328211E-01
 0.86289095406326E-01
 0.85680241416541E-01
 0.85115592506859E-01
 0.84606806094710E-01
 0.84144299582211E-01
 0.83732607113233E-01
 0.83367245588101E-01
 0.83047456901434E-01
 0.82769006287117E-01
 0.82532257051731E-01
 0.82334013031085E-01
 0.82170821127450E-01
 0.82041727179429E-01
 0.81944437562358E-01
 0.81877528964110E-01
 0.81838375389628E-01
 0.81825655137542E-01
 0.81837826474125E-01
 0.81873449995484E-01
 0.81931203479844E-01
 0.82009566535008E-01
 0.82108029223948E-01
 0.82225104598770E-01
 0.82359105955371E-01
 0.82510650512346E-01
 0.82678465229926E-01
 0.82859959421144E-01
 0.83057194615835E-01
 0.83267386789442E-01
 0.83492649617044E-01
 0.83726924943043E-01
 0.83975622276951E-01
 0.84234480298482E-01
 0.84507680849459E-01
 0.84788341531336E-01
 0.85081503425179E-01
 0.85381890106296E-01
 0.85693339219015E-01
 0.86013770717642E-01
 0.86343854635007E-01
 0.86681480819552E-01
 0.87029645327948E-01
 0.87385724043062E-01
 0.87749012646566E-01
 0.88119111806461E-01
 0.88495383009971E-01
 0.88880089199003E-01
 0.89274008283237E-01
 0.89674002981019E-01
 0.90078314988468E-01
