 0.10000000133514E-09
 0.10000000133514E-09
 0.10000000133514E-09
 0.10000000133514E-09
 0.10000000133514E-09
 0.10000000133514E-09
 0.10000000133514E-09
 0.10000000133514E-09
 0.10000000133514E-09
 0.10000000133514E-09
 0.10000000133514E-09
 0.10000000133514E-09
 0.10000000133514E-09
 0.10000000133514E-09
 0.10000000133514E-09
 0.10000000133514E-09
 0.10000000133514E-09
 0.10000000133514E-09
 0.89568734676820E-04
 0.89568734676820E-04
 0.19512363962436E-03
 0.27370896417586E-03
 0.37339707050419E-03
 0.49713226537664E-03
 0.64783750770731E-03
 0.82835967844560E-03
 0.10414245951269E-02
 0.12896086393744E-02
 0.15753482452314E-02
 0.19009457205883E-02
 0.22684537186382E-02
 0.26796713711993E-02
 0.31364127476304E-02
 0.36400940478435E-02
 0.41919375193673E-02
 0.47932567569242E-02
 0.54448677530935E-02
 0.61477004616786E-02
 0.69023373272742E-02
 0.77092343302774E-02
 0.85691478134899E-02
 0.94822860610062E-02
 0.10448690277732E-01
 0.11468666790044E-01
 0.12542520518317E-01
 0.13670170029436E-01
 0.14851351934076E-01
 0.16086353550335E-01
 0.17375175655823E-01
 0.18717673332808E-01
 0.20114597162954E-01
 0.21564341352128E-01
 0.23066670796351E-01
 0.24622511319481E-01
 0.26231664869143E-01
 0.27894011417437E-01
 0.29608311186746E-01
 0.31375186700962E-01
 0.33196745651983E-01
 0.35067348486155E-01
 0.36995245566611E-01
 0.38973277939341E-01
 0.41001836375589E-01
 0.43085337162266E-01
 0.45218702382671E-01
 0.47408551683367E-01
 0.49648940347241E-01
 0.51935963413655E-01
 0.54283474983255E-01
 0.56678237242834E-01
 0.59131772627104E-01
 0.61636730166110E-01
 0.64193129870931E-01
 0.66804517406410E-01
 0.69470271946137E-01
 0.72188910273457E-01
 0.74966002300211E-01
 0.77799566928002E-01
 0.80680274656085E-01
 0.83627133752508E-01
 0.86627564408340E-01
 0.89689768578698E-01
 0.92801292450531E-01
 0.95977635651055E-01
 0.99225636166361E-01
 0.10252484930076E+00
 0.10589223950436E+00
 0.10932718474216E+00
 0.11282577718219E+00
 0.11639339632665E+00
 0.12001991250655E+00
 0.12372042752092E+00
 0.12750421359736E+00
 0.13136284505811E+00
 0.13529288281362E+00
 0.13928848011294E+00
 0.14339202882120E+00
 0.14756598656776E+00
 0.15182864692800E+00
 0.15618386288649E+00
 0.16065122869080E+00
 0.16519738911755E+00
 0.16984430927642E+00
 0.17461303420300E+00
 0.17950317692485E+00
 0.18450472916859E+00
 0.18961999286886E+00
 0.19490159101946E+00
 0.20031455092387E+00
 0.20586321206533E+00
 0.21157534318982E+00
 0.21747663374162E+00
 0.22356906328178E+00
 0.22987744107959E+00
 0.23643268753342E+00
 0.24322594910317E+00
 0.25028122664167E+00
 0.25763698928407E+00
 0.26529395287481E+00
 0.27316912294721E+00
 0.28113042065464E+00
 0.28899393264510E+00
 0.29653975174019E+00
 0.30355606226166E+00
 0.30998796699016E+00
 0.31590899363887E+00
 0.32143301155086E+00
 0.32666624842088E+00
 0.33166403498952E+00
 0.33649926423386E+00
 0.34122096299998E+00
 0.34586127852997E+00
 0.35043463154635E+00
 0.35497290855785E+00
 0.35948212472744E+00
 0.36396749125993E+00
 0.36844221454320E+00
 0.37291055403381E+00
 0.37737270937116E+00
 0.38182981382703E+00
 0.38628447527009E+00
 0.39073974249592E+00
 0.39519278551914E+00
 0.39964480700087E+00
 0.40409463525373E+00
 0.40853894563471E+00
 0.41298001937803E+00
 0.41741417885096E+00
 0.42183922264820E+00
 0.42625855729176E+00
 0.43066525612260E+00
 0.43505795217180E+00
 0.43944070708173E+00
 0.44380512793104E+00
 0.44815268179287E+00
 0.45248218908120E+00
 0.45679068147045E+00
 0.46107762891058E+00
 0.46534243770707E+00
 0.46958252349109E+00
 0.47379683069456E+00
 0.47798403986416E+00
 0.48214429632566E+00
 0.48627653549413E+00
 0.49037721723210E+00
 0.49444752527144E+00
 0.49848745451124E+00
 0.50249588624304E+00
 0.50647078611829E+00
 0.51041231345605E+00
 0.51431965074975E+00
 0.51819457539738E+00
 0.52203414230274E+00
 0.52583803593390E+00
 0.52960747107298E+00
 0.53334216686482E+00
 0.53703988661422E+00
 0.54070346231349E+00
 0.54433015982275E+00
 0.54792225688548E+00
 0.55147833943790E+00
 0.55499852001589E+00
 0.55848414067458E+00
 0.56193386136822E+00
 0.56534828968801E+00
 0.56872763931514E+00
 0.57207138090191E+00
 0.57538095268050E+00
 0.57865632361650E+00
 0.58189719700842E+00
 0.58510411320836E+00
 0.58827755846105E+00
 0.59141735529158E+00
 0.59452425455148E+00
 0.59759816795460E+00
 0.60063962712806E+00
 0.60364898798954E+00
 0.60662673941807E+00
 0.60957303152333E+00
 0.61248812490649E+00
 0.61537250177135E+00
 0.61822627626999E+00
 0.62105066469471E+00
 0.62384465345791E+00
 0.62660980734875E+00
 0.62934555511918E+00
 0.63205294671603E+00
 0.63473208505701E+00
 0.63738337352831E+00
 0.64000694082728E+00
 0.64260363555697E+00
 0.64517348151001E+00
 0.64771689526317E+00
 0.65023400691926E+00
 0.65272536883183E+00
 0.65519141681513E+00
 0.65763237924350E+00
 0.66004851213004E+00
 0.66244019651868E+00
 0.66480801185539E+00
 0.66715186967799E+00
 0.66947252553891E+00
 0.67177005805078E+00
 0.67404484376523E+00
 0.67629712184277E+00
 0.67852686945402E+00
 0.68073517613683E+00
 0.68292170967409E+00
 0.68508705735955E+00
 0.68723138884076E+00
 0.68935503317733E+00
 0.69145845529368E+00
 0.69354164671392E+00
 0.69560500956583E+00
 0.69764893171290E+00
 0.69967324120282E+00
 0.70167872980376E+00
 0.70366547506107E+00
 0.70563362673539E+00
 0.70758350485192E+00
 0.70951539231638E+00
 0.71142943238065E+00
 0.71332594878435E+00
 0.71520518894741E+00
 0.71706738207721E+00
 0.71891271460369E+00
 0.72074152765347E+00
 0.72255394634671E+00
 0.72435008903280E+00
 0.72613036279460E+00
 0.72789467498411E+00
 0.72964374157958E+00
 0.73137732683565E+00
 0.73309586181614E+00
 0.73479939952396E+00
 0.73648830473910E+00
 0.73816266787181E+00
 0.73982262384008E+00
 0.74146830895817E+00
 0.74310016378733E+00
 0.74471816202101E+00
 0.74632256098250E+00
 0.74791353777231E+00
 0.74949114456027E+00
 0.75105564308999E+00
 0.75260720383922E+00
 0.75414609660469E+00
 0.75567232727415E+00
 0.75718597988059E+00
 0.75868742678141E+00
 0.76017676763077E+00
 0.76165413835978E+00
 0.76311940447809E+00
 0.76457309821013E+00
 0.76601522567147E+00
 0.76744603943253E+00
 0.76886546243428E+00
 0.77027369423741E+00
 0.77167103304518E+00
 0.77305746547853E+00
 0.77443297753856E+00
 0.77579807653309E+00
 0.77715257234831E+00
 0.77849673864970E+00
 0.77983063454417E+00
 0.78115452201300E+00
 0.78246814843954E+00
 0.78377207098062E+00
 0.78506609486294E+00
 0.78635048181870E+00
 0.78762550910030E+00
 0.78889076489364E+00
 0.79014685810568E+00
 0.79139386118363E+00
 0.79263147253517E+00
 0.79386030957164E+00
 0.79508011096531E+00
 0.79629092050743E+00
 0.79749334986304E+00
 0.79868684973014E+00
