 0.20942673356029E+01
 0.20942673356029E+01
 0.20942673356029E+01
 0.20942673356029E+01
 0.20942673356029E+01
 0.20942673311248E+01
 0.20942673131905E+01
 0.20942674048933E+01
 0.20942674448854E+01
 0.20942670094657E+01
 0.20942738681973E+01
 0.20942635301884E+01
 0.20942613916057E+01
 0.20942647438954E+01
 0.20942680781677E+01
 0.20942729184350E+01
 0.20942556066297E+01
 0.20942625533203E+01
 0.20942625837158E+01
 0.20942674586658E+01
 0.20942666914076E+01
 0.20942571124123E+01
 0.20942666442202E+01
 0.20942671019470E+01
 0.20942615678025E+01
 0.20942650120490E+01
 0.20942493298222E+01
 0.20942670332927E+01
 0.20942750022873E+01
 0.20942413489622E+01
 0.20942616893956E+01
 0.20942465671043E+01
 0.20942588135166E+01
 0.20942196023147E+01
 0.20942790806222E+01
 0.20942326266824E+01
 0.20942571071804E+01
 0.20942518153400E+01
 0.20942066358917E+01
 0.20942484240245E+01
 0.20942064689371E+01
 0.20942108886643E+01
 0.20942525789594E+01
 0.20941964079819E+01
 0.20942498427526E+01
 0.20942350697899E+01
 0.20942441502882E+01
 0.20942553503403E+01
 0.20942574531958E+01
 0.20942439667814E+01
 0.20942635509034E+01
 0.20942452237046E+01
 0.20942091431588E+01
 0.20942116830912E+01
 0.20942558605368E+01
 0.20942686309543E+01
 0.20942741005937E+01
 0.20943002773234E+01
 0.20942462835842E+01
 0.20942661162376E+01
 0.20943910471438E+01
 0.20943364419365E+01
 0.20942951618021E+01
 0.20943982807379E+01
 0.20944380753236E+01
 0.20944431781572E+01
 0.20944947955911E+01
 0.20945028041028E+01
 0.20945258318133E+01
 0.20948143128807E+01
 0.20946926516419E+01
 0.20949215308680E+01
 0.20948960066518E+01
 0.20949413671430E+01
 0.20950018060692E+01
 0.20952097450462E+01
 0.20953947664410E+01
 0.20956270019495E+01
