 0.35172283106890E+01
 0.35172283106890E+01
 0.35172283106890E+01
 0.35172283106890E+01
 0.35172283106890E+01
 0.35172283106890E+01
 0.35172283106890E+01
 0.35172283106890E+01
 0.35172283106890E+01
 0.35172283219305E+01
 0.35172277795404E+01
 0.35172285559806E+01
 0.35172286448131E+01
 0.35172285003888E+01
 0.35172283564830E+01
 0.35172279028846E+01
 0.35172289676696E+01
 0.35172285737735E+01
 0.35172286618328E+01
 0.35172283635165E+01
 0.35172283680580E+01
 0.35172289200544E+01
 0.35172283541452E+01
 0.35172282979800E+01
 0.35172286549789E+01
 0.35172284750024E+01
 0.35172293287560E+01
 0.35172282102035E+01
 0.35172276304498E+01
 0.35172333816758E+01
 0.35172284886735E+01
 0.35172300814409E+01
 0.35172286961082E+01
 0.35172437162276E+01
 0.35172270531686E+01
 0.35172364929313E+01
 0.35172287969482E+01
 0.35172287360342E+01
 0.35172483328636E+01
 0.35172286871372E+01
 0.35172480763399E+01
 0.35172458862218E+01
 0.35172288525148E+01
 0.35172542527634E+01
 0.35172289157336E+01
 0.35172365176139E+01
 0.35172314250083E+01
 0.35172286109103E+01
 0.35173061857656E+01
 0.35172957430136E+01
 0.35173114418086E+01
 0.35172376007187E+01
 0.35172560585560E+01
 0.35172679116996E+01
 0.35172976026711E+01
 0.35173033519523E+01
 0.35173024207748E+01
 0.35172353208563E+01
 0.35172655732576E+01
 0.35172822958091E+01
 0.35172263362180E+01
 0.35173044419926E+01
 0.35172668503924E+01
 0.35173146598900E+01
 0.35172515276462E+01
 0.35173090226021E+01
 0.35173102288456E+01
 0.35172884899491E+01
 0.35172070173291E+01
 0.35172156688695E+01
 0.35173166912063E+01
 0.35172362603519E+01
 0.35172480064096E+01
 0.35172559168516E+01
 0.35172177240172E+01
 0.35172605485376E+01
 0.35173023622329E+01
 0.35172502383826E+01
