 0.30966386294506E+03
 0.30966386294510E+03
 0.30966386294574E+03
 0.30966386298241E+03
 0.30966386388633E+03
 0.30966386761267E+03
 0.30966385083561E+03
 0.30966367797290E+03
 0.30966298400774E+03
 0.30966109446353E+03
 0.30965702588057E+03
 0.30964955005157E+03
 0.30963730763873E+03
 0.30961888044869E+03
 0.30959292401037E+03
 0.30955822911228E+03
 0.30951367036568E+03
 0.30945842814211E+03
 0.30939193724629E+03
 0.30931377726756E+03
 0.30920264498021E+03
 0.30909581742087E+03
 0.30897816344797E+03
 0.30885102780591E+03
 0.30871631664530E+03
 0.30857674233268E+03
 0.30843553570508E+03
 0.30829661869957E+03
 0.30816480963172E+03
 0.30804513723511E+03
 0.30794298929214E+03
 0.30786410986086E+03
 0.30781407527190E+03
 0.30779868641191E+03
 0.30782113540069E+03
 0.30788531356109E+03
 0.30799428621276E+03
 0.30814780058289E+03
 0.30834569616513E+03
 0.30858565257593E+03
 0.30886328100338E+03
 0.30917260729965E+03
 0.30950706647171E+03
 0.30985672033097E+03
 0.31021306233600E+03
 0.31056492524518E+03
 0.31090157829990E+03
 0.31121159626386E+03
 0.31148330864914E+03
 0.31170489942955E+03
 0.31186582713643E+03
 0.31195453151250E+03
 0.31195998140611E+03
 0.31187231117781E+03
 0.31167818195486E+03
 0.31137108920116E+03
 0.31093959144639E+03
 0.31037346956397E+03
 0.30966016726208E+03
 0.30878787337882E+03
 0.30774861061529E+03
 0.30652696440022E+03
 0.30510775530039E+03
 0.30347400678463E+03
 0.30161016579131E+03
 0.29949089826011E+03
 0.29708422130313E+03
 0.29437876725379E+03
 0.29129460760888E+03
 0.28783299868654E+03
 0.28387260022566E+03
 0.27936757647063E+03
 0.27414194110484E+03
 0.26807564195936E+03
 0.26083432991541E+03
 0.25188281800572E+03
 0.23990488267627E+03
 0.21983247561975E+03
