 0.21139157607065E+08
 0.21139157607060E+08
 0.21139157606989E+08
 0.21139157606494E+08
 0.21139157605725E+08
 0.21139157609287E+08
 0.21139157687104E+08
 0.21139158197528E+08
 0.21139159926757E+08
 0.21139164495989E+08
 0.21139174531897E+08
 0.21139194305525E+08
 0.21139228280835E+08
 0.21139282385363E+08
 0.21139363382217E+08
 0.21139477758132E+08
 0.21139634560584E+08
 0.21139839882677E+08
 0.21140100595800E+08
 0.21140428281955E+08
 0.21140833462231E+08
 0.21141324170875E+08
 0.21141913658197E+08
 0.21142618901946E+08
 0.21143460737615E+08
 0.21144458865788E+08
 0.21145643487480E+08
 0.21147047033114E+08
 0.21148694862603E+08
 0.21150623574141E+08
 0.21152872841518E+08
 0.21155469834799E+08
 0.21158439531386E+08
 0.21161802573335E+08
 0.21165569284395E+08
 0.21169744301371E+08
 0.21174268002314E+08
 0.21179150958060E+08
 0.21184297706608E+08
 0.21189610967640E+08
 0.21195001600518E+08
 0.21200327861213E+08
 0.21205396213604E+08
 0.21210112144059E+08
 0.21214207997918E+08
 0.21217517472339E+08
 0.21219783425306E+08
 0.21220772911943E+08
 0.21220243339218E+08
 0.21217971424048E+08
 0.21213649365227E+08
 0.21207051236446E+08
 0.21197924562316E+08
 0.21185993586018E+08
 0.21171145478664E+08
 0.21152949906161E+08
 0.21131242340233E+08
 0.21105734773564E+08
 0.21076349936956E+08
 0.21042741066409E+08
 0.21004630519842E+08
 0.20961903262905E+08
 0.20914222236526E+08
 0.20861385056301E+08
 0.20803154167151E+08
 0.20739238867152E+08
 0.20669386717681E+08
 0.20593265813237E+08
 0.20510436516419E+08
 0.20420729489393E+08
 0.20323420600716E+08
 0.20218268382935E+08
 0.20104242953872E+08
 0.19981248529281E+08
 0.19847903054046E+08
 0.19702953672771E+08
 0.19543992010549E+08
 0.19367231156227E+08
