 0.10000000133514E-09
 0.10000000133514E-09
 0.10000000133514E-09
 0.10000000133514E-09
 0.10000000133514E-09
 0.10000000133514E-09
 0.10000000133514E-09
 0.10000000133514E-09
 0.10000000133514E-09
 0.10000000133514E-09
 0.10000000133514E-09
 0.10000000133514E-09
 0.10000000133514E-09
 0.10000000133514E-09
 0.10000000133514E-09
 0.10000000133514E-09
 0.10000000133514E-09
 0.10000000133514E-09
 0.10000000133514E-09
 0.10000000133514E-09
 0.10000000133514E-09
 0.10000000133514E-09
 0.10000000133514E-09
 0.10000000133514E-09
 0.10000000133514E-09
 0.10000000133514E-09
 0.10000000133514E-09
 0.31593143065028E-04
 0.31593143065028E-04
 0.59499876482536E-04
 0.79306180445419E-04
 0.10391675102103E-03
 0.13406345732142E-03
 0.17051644702000E-03
 0.21407754588000E-03
 0.26557357312235E-03
 0.32584708310246E-03
 0.39576761256283E-03
 0.47620368536438E-03
 0.56801037211914E-03
 0.67208738734679E-03
 0.78928109147729E-03
 0.92041841837612E-03
 0.10664286955498E-02
 0.12280488223916E-02
 0.14061672572353E-02
 0.16015316390585E-02
 0.18149270245799E-02
 0.20471049400359E-02
 0.22988211557653E-02
 0.25707463513670E-02
 0.28635970134078E-02
 0.31779913759854E-02
 0.35145341312128E-02
 0.38740918720153E-02
 0.42569729488171E-02
 0.46638118165293E-02
 0.50951620198702E-02
 0.55516913247303E-02
 0.60339527585510E-02
 0.65422814427695E-02
 0.70770756030194E-02
 0.76389340080230E-02
 0.82289304056617E-02
 0.88466724446315E-02
 0.94925407927960E-02
 0.10167797922158E-01
 0.10872209619502E-01
 0.11607266865300E-01
 0.12371055972514E-01
 0.13166717018745E-01
 0.13993605067817E-01
 0.14852288408223E-01
 0.15742428555049E-01
 0.16664760838814E-01
 0.17620767940248E-01
 0.18609942350167E-01
 0.19632428369873E-01
 0.20690680314213E-01
 0.21781858246411E-01
 0.22911247745965E-01
 0.24076160675888E-01
 0.25274378532234E-01
 0.26513123706579E-01
 0.27790141391648E-01
 0.29104414789726E-01
 0.30457130777189E-01
 0.31851199501832E-01
 0.33286484575591E-01
 0.34760551560133E-01
 0.36275659749811E-01
 0.37837795591556E-01
 0.39439316877224E-01
 0.41088659788163E-01
 0.42782213817303E-01
 0.44524643926010E-01
 0.46314046896923E-01
 0.48150405576947E-01
 0.50037863134618E-01
 0.51977018430926E-01
 0.53968697094090E-01
 0.56015053699601E-01
 0.58112080184869E-01
 0.60272674375517E-01
 0.62486795914968E-01
 0.64764580591938E-01
 0.67101526720646E-01
 0.69501863700327E-01
 0.71972929063610E-01
 0.74506567483977E-01
 0.77111732452253E-01
 0.79794805680324E-01
 0.82546870432875E-01
 0.85380877803102E-01
 0.88297314179601E-01
 0.91284525818977E-01
 0.94378941380788E-01
 0.97556865569740E-01
 0.10082813703117E+00
 0.10419246643843E+00
 0.10766792438280E+00
 0.11124581352561E+00
 0.11494375210454E+00
 0.11874727876815E+00
 0.12268502190135E+00
 0.12673593843893E+00
 0.13093161994292E+00
 0.13527969471065E+00
 0.13977591327521E+00
 0.14441615730737E+00
 0.14922642260584E+00
 0.15421134511987E+00
 0.15934955075519E+00
 0.16470563114070E+00
 0.17025363244031E+00
 0.17599284773774E+00
 0.18194733223648E+00
 0.18813540562985E+00
 0.19453317702306E+00
 0.20115317175712E+00
 0.20801561420120E+00
 0.21510344527757E+00
 0.22241605026001E+00
 0.22993628409643E+00
 0.23769105626312E+00
 0.24561026574913E+00
 0.25366098386941E+00
 0.26186244451914E+00
 0.27014781600429E+00
 0.27847520424602E+00
 0.28674378761557E+00
 0.29500532116832E+00
 0.30312600949067E+00
 0.31112767386978E+00
 0.31896517242769E+00
 0.32661339193029E+00
 0.33408278723620E+00
 0.34136451251552E+00
 0.34846737195659E+00
 0.35540687699604E+00
 0.36218434478649E+00
 0.36881713331832E+00
 0.37531958345212E+00
 0.38169657967834E+00
 0.38795934832022E+00
 0.39411906837874E+00
 0.40017438597148E+00
 0.40613863888530E+00
 0.41201079045924E+00
 0.41779709491799E+00
 0.42349689157625E+00
 0.42911764307161E+00
 0.43465464720030E+00
 0.44011415606857E+00
 0.44549569684409E+00
 0.45080192610925E+00
 0.45603346650300E+00
 0.46118922523810E+00
 0.46627233173797E+00
 0.47128232177300E+00
 0.47622135046744E+00
 0.48108995431715E+00
 0.48588856981597E+00
 0.49061831968406E+00
 0.49528035889010E+00
 0.49987578909802E+00
 0.50440534180615E+00
 0.50887002910905E+00
 0.51327031778442E+00
 0.51760853112754E+00
 0.52188434943754E+00
 0.52609969685564E+00
 0.53025545869468E+00
 0.53435189674353E+00
 0.53839082183171E+00
 0.54237311905598E+00
 0.54629971843716E+00
 0.55017151823598E+00
 0.55398967864251E+00
 0.55775545881600E+00
