 0.12287950801012E+01
 0.12287950884543E+01
 0.12287951262238E+01
 0.12287952304563E+01
 0.12287954541222E+01
 0.12287958681033E+01
 0.12287965729548E+01
 0.12287977303932E+01
 0.12287996166377E+01
 0.12288026798916E+01
 0.12288075825889E+01
 0.12288152124745E+01
 0.12288266801412E+01
 0.12288432698042E+01
 0.12288664055863E+01
 0.12288976227420E+01
 0.12289384480201E+01
 0.12289904687294E+01
 0.12290552391836E+01
 0.12291341937257E+01
 0.12292287155368E+01
 0.12293401408714E+01
 0.12294696716377E+01
 0.12296183912993E+01
 0.12297872475363E+01
 0.12299771626193E+01
 0.12301888626088E+01
 0.12304229772374E+01
 0.12306801825940E+01
 0.12309608970833E+01
 0.12312654430125E+01
 0.12315941662450E+01
 0.12319472830938E+01
 0.12323248124915E+01
 0.12327268879654E+01
 0.12331532846301E+01
 0.12336042845233E+01
 0.12340791051898E+01
 0.12345778050239E+01
 0.12351001698798E+01
 0.12356455005545E+01
 0.12362134578263E+01
 0.12368039119878E+01
 0.12374152994221E+01
 0.12380477802499E+01
 0.12387001184509E+01
 0.12393718676684E+01
 0.12400622062684E+01
 0.12407702830726E+01
 0.12414948305263E+01
 0.12422356399895E+01
 0.12429913410985E+01
 0.12437610818789E+01
 0.12445442300947E+01
 0.12453379543438E+01
 0.12461437235174E+01
 0.12469596331862E+01
 0.12477850044171E+01
 0.12486173587420E+01
 0.12494561596672E+01
 0.12503018263529E+01
 0.12511522029232E+01
 0.12520064919269E+01
 0.12528632848890E+01
 0.12537225996935E+01
 0.12545828249582E+01
 0.12554410927465E+01
 0.12563022927472E+01
 0.12571561831030E+01
 0.12580132468637E+01
 0.12588615442481E+01
 0.12597085689087E+01
 0.12605456280247E+01
 0.12613811727783E+01
 0.12622093718776E+01
 0.12630288321747E+01
 0.12638402549623E+01
 0.12646423073401E+01
 0.12654329937354E+01
 0.12662188889205E+01
 0.12669862661480E+01
 0.12677443568451E+01
 0.12684949128289E+01
 0.12692279193048E+01
 0.12699476090277E+01
 0.12706511183855E+01
 0.12713453174666E+01
 0.12720236127327E+01
 0.12726816392537E+01
 0.12733295535049E+01
 0.12739624536716E+01
 0.12745707548404E+01
 0.12751726875006E+01
 0.12757535425588E+01
 0.12763154201419E+01
 0.12768567775950E+01
 0.12773860914624E+01
 0.12778954101236E+01
 0.12783870881338E+01
 0.12788598173857E+01
 0.12793129200853E+01
 0.12797507958512E+01
 0.12801709689791E+01
 0.12805672043850E+01
 0.12809477397847E+01
 0.12813120337263E+01
 0.12816578742126E+01
 0.12819821623396E+01
 0.12822829980684E+01
 0.12825773153325E+01
 0.12828445577985E+01
 0.12830936274182E+01
 0.12833284172373E+01
 0.12835405643154E+01
 0.12837332525514E+01
 0.12839293776810E+01
 0.12840744639489E+01
 0.12842182841632E+01
 0.12843458336484E+01
 0.12844605789841E+01
 0.12845504910186E+01
 0.12846296894008E+01
 0.12846814092264E+01
 0.12847375498403E+01
 0.12847540918214E+01
 0.12847781426897E+01
 0.12847803845931E+01
 0.12847369987038E+01
 0.12846833967237E+01
 0.12846335687281E+01
 0.12845441363652E+01
 0.12844403706980E+01
 0.12843373757823E+01
 0.12841773115169E+01
 0.12839960784081E+01
 0.12838013504437E+01
 0.12835674484931E+01
 0.12832773600667E+01
 0.12829588668529E+01
 0.12826077160961E+01
 0.12821699909706E+01
 0.12816754890941E+01
 0.12811025692925E+01
 0.12804455626145E+01
 0.12796475661807E+01
 0.12787503372216E+01
 0.12777440372086E+01
 0.12765432948428E+01
 0.12751715996427E+01
 0.12736066424923E+01
 0.12719302545651E+01
 0.12699868353573E+01
 0.12679348469732E+01
 0.12656915304479E+01
 0.12633118640963E+01
 0.12608554384392E+01
 0.12583087417062E+01
 0.12557336465582E+01
 0.12531548277700E+01
 0.12505779198037E+01
 0.12480707570048E+01
 0.12456313155562E+01
 0.12432530905834E+01
 0.12409864818394E+01
 0.12388108724794E+01
 0.12367109348052E+01
 0.12347502225801E+01
 0.12328511248936E+01
 0.12310608332101E+01
 0.12293493754340E+01
 0.12277401771291E+01
 0.12261886822639E+01
 0.12247564138826E+01
 0.12233701157500E+01
 0.12220718687099E+01
 0.12208172997011E+01
 0.12196361318205E+01
 0.12185103421912E+01
 0.12174505935281E+01
 0.12164469518686E+01
 0.12154804055268E+01
 0.12145518877322E+01
 0.12136694779744E+01
 0.12128362868554E+01
 0.12120396539440E+01
 0.12112666120293E+01
 0.12105291423378E+01
 0.12098230909682E+01
 0.12091599449010E+01
 0.12085039206947E+01
 0.12078861474022E+01
 0.12072817993803E+01
 0.12066943442335E+01
 0.12061361659426E+01
 0.12055991111079E+01
 0.12050750003549E+01
 0.12045677811184E+01
 0.12040833240882E+01
 0.12036065683887E+01
 0.12031393839711E+01
