 0.11312241377893E+03
 0.11312241377892E+03
 0.11312241377876E+03
 0.11312241378960E+03
 0.11312241419240E+03
 0.11312241800309E+03
 0.11312243433335E+03
 0.11312247901872E+03
 0.11312256863140E+03
 0.11312271436476E+03
 0.11312291745864E+03
 0.11312316756997E+03
 0.11312344634892E+03
 0.11312372055411E+03
 0.11312395946135E+03
 0.11312410701653E+03
 0.11312411907519E+03
 0.11312393348815E+03
 0.11312347249169E+03
 0.11312264089460E+03
 0.11311603266232E+03
 0.11311260824335E+03
 0.11310815683174E+03
 0.11310236213375E+03
 0.11309480504396E+03
 0.11308497059100E+03
 0.11307219752382E+03
 0.11305579847210E+03
 0.11303486747744E+03
 0.11300838489705E+03
 0.11297522074149E+03
 0.11293404785255E+03
 0.11288400678229E+03
 0.11282360433999E+03
 0.11275175980455E+03
 0.11266705053716E+03
 0.11256836957558E+03
 0.11245452092880E+03
 0.11232459238345E+03
 0.11217778021613E+03
 0.11201264546067E+03
 0.11182884099452E+03
 0.11162547947957E+03
 0.11140184007763E+03
 0.11115690333983E+03
 0.11089019968699E+03
 0.11060100134570E+03
 0.11028812464135E+03
 0.10995023073492E+03
 0.10958643240496E+03
 0.10919534365299E+03
 0.10877539752340E+03
 0.10832465571986E+03
 0.10784133538991E+03
 0.10732229449333E+03
 0.10676541818922E+03
 0.10616839979795E+03
 0.10552597640756E+03
 0.10483576934949E+03
 0.10409267795716E+03
 0.10328790305896E+03
 0.10241989216308E+03
 0.10147651753150E+03
 0.10044560453791E+03
 0.99316917061492E+02
 0.98064305197265E+02
 0.96662520646766E+02
 0.95068248362196E+02
 0.93169286707889E+02
 0.90734001096767E+02
