 0.10813086768930E+04
 0.10813086768930E+04
 0.10813086768930E+04
 0.10813086768930E+04
 0.10813086768930E+04
 0.10813086768930E+04
 0.10813086768930E+04
 0.10813086768930E+04
 0.10813086768930E+04
 0.10813001936183E+04
 0.10814168631599E+04
 0.10812570832628E+04
 0.10811551961542E+04
 0.10812320685437E+04
 0.10810722137684E+04
 0.10811364702020E+04
 0.10811003400226E+04
 0.10812669424037E+04
 0.10812031220861E+04
 0.10810840125707E+04
 0.10811366249169E+04
 0.10812634186688E+04
 0.10812084127253E+04
 0.10810081475966E+04
 0.10809782738048E+04
 0.10811397945950E+04
 0.10812105694930E+04
 0.10812773127111E+04
 0.10809721313864E+04
 0.10810573127760E+04
 0.10815467774933E+04
 0.10810891805701E+04
 0.10819004335900E+04
 0.10820442733808E+04
 0.10812898519721E+04
 0.10825022127027E+04
 0.10818815195420E+04
 0.10816405812825E+04
 0.10766562408046E+04
 0.10816827004970E+04
 0.10812441535210E+04
 0.10824191938772E+04
 0.10815058257688E+04
 0.10767464416005E+04
 0.10780271396404E+04
 0.10780041651292E+04
 0.10779207523029E+04
 0.10765248289071E+04
 0.10819262612770E+04
 0.10777775073623E+04
 0.10818096688192E+04
 0.10791982165392E+04
 0.10767399002661E+04
 0.10760440821595E+04
 0.10762862466469E+04
 0.10795497684521E+04
 0.10792536597482E+04
 0.10816061203937E+04
 0.10815249601437E+04
 0.10768519625685E+04
 0.10799320033312E+04
 0.10781016100762E+04
 0.10799423338618E+04
 0.10776510747775E+04
 0.10770885527072E+04
 0.10781740393871E+04
 0.10790673905277E+04
 0.10868952493380E+04
 0.10810995093012E+04
 0.10885854302833E+04
