 0.25955908804632E+10
 0.25957108867719E+10
 0.25959108782898E+10
 0.25961908750767E+10
 0.25965508759658E+10
 0.25969908675171E+10
 0.25975108699712E+10
 0.25981108668127E+10
 0.25987908496498E+10
 0.25995508518119E+10
 0.26003908464581E+10
 0.26013108479089E+10
 0.26023108230293E+10
 0.26033908240775E+10
 0.26045508116119E+10
 0.26057908109883E+10
 0.26071107878726E+10
 0.26085107400992E+10
 0.26099906193582E+10
 0.26115502854737E+10
 0.26131896183108E+10
 0.26149083079631E+10
 0.26167059466037E+10
 0.26185818734982E+10
 0.26205351650989E+10
 0.26225644884684E+10
 0.26246681083812E+10
 0.26268438271348E+10
 0.26290886551608E+10
 0.26313991050772E+10
 0.26337705100984E+10
 0.26361956938936E+10
 0.26386713460268E+10
 0.26411883898566E+10
 0.26437382421936E+10
 0.26463101751992E+10
 0.26488926979050E+10
 0.26514731586472E+10
 0.26540364866259E+10
 0.26565675209929E+10
 0.26590478016536E+10
 0.26614584721155E+10
 0.26637782454443E+10
 0.26659864043477E+10
 0.26680593330594E+10
 0.26699729751875E+10
 0.26717011100073E+10
 0.26732172906609E+10
 0.26744924718885E+10
 0.26755002393759E+10
 0.26762086000622E+10
 0.26765907799565E+10
 0.26766100211309E+10
 0.26762397074163E+10
 0.26754390117303E+10
 0.26741767578313E+10
 0.26724249344731E+10
 0.26701322750220E+10
 0.26672732175888E+10
 0.26637977763986E+10
 0.26596534894887E+10
 0.26548147189876E+10
 0.26492065095553E+10
 0.26427643883543E+10
 0.26354323353934E+10
 0.26270812423375E+10
 0.26175933647138E+10
 0.26067959252459E+10
 0.25942091714336E+10
 0.25789125455517E+10
