 0.67197792076794E+03
 0.67197792076794E+03
 0.67197792076794E+03
 0.67197792076794E+03
 0.67197792076794E+03
 0.67197823877565E+03
 0.67197734998231E+03
 0.67197756846389E+03
 0.67197660663052E+03
 0.67195495340662E+03
 0.67205188985754E+03
 0.67192827157642E+03
 0.67949582194605E+03
 0.67190633634510E+03
 0.67942965274651E+03
 0.67947477267217E+03
 0.67945972969675E+03
 0.67194404236533E+03
 0.67189493495517E+03
 0.67943914507355E+03
 0.67948071329734E+03
 0.67193495829407E+03
 0.67190470754046E+03
 0.67935253530545E+03
 0.67931080776140E+03
 0.67946942908067E+03
 0.67952500347390E+03
 0.67938649877792E+03
 0.68186077168892E+03
 0.67948386630925E+03
 0.67206804124161E+03
 0.68177504485804E+03
 0.67237022602318E+03
 0.67231880497236E+03
 0.67198330539397E+03
 0.67279144702520E+03
 0.67226374867835E+03
 0.67207734371504E+03
 0.67321599819625E+03
 0.67245295934827E+03
 0.67932657616539E+03
 0.67289073063082E+03
 0.67198634731050E+03
 0.67333481115804E+03
 0.67443306896592E+03
 0.67430862830134E+03
 0.67436884380623E+03
 0.67322490091812E+03
 0.67264730086076E+03
 0.67423886528283E+03
 0.67241126290546E+03
 0.67542562128752E+03
 0.67347325639644E+03
 0.67308252210763E+03
 0.67309037795181E+03
 0.67598127298673E+03
 0.68061909511984E+03
 0.67210984554950E+03
 0.67715273939783E+03
 0.67377215987651E+03
 0.67617890059440E+03
 0.67489195454041E+03
 0.68140909562910E+03
 0.67417951296080E+03
 0.67878588097773E+03
 0.67452780759945E+03
 0.67532772707219E+03
 0.67637359321723E+03
 0.67684677681399E+03
 0.67298706495395E+03
 0.67854199954038E+03
 0.67960305942936E+03
 0.68197389351227E+03
 0.67870849242629E+03
 0.67944696525494E+03
 0.67701940771324E+03
 0.68284383756657E+03
 0.68002538247188E+03
 0.67513004528617E+03
 0.67462918994338E+03
 0.67283943208665E+03
 0.68204336474847E+03
 0.67887304289567E+03
 0.68172291937040E+03
 0.67633420131322E+03
 0.67858320840595E+03
 0.67442473537347E+03
 0.67602887073693E+03
 0.67974137302406E+03
 0.67809140249654E+03
 0.67871186476303E+03
 0.68310578836014E+03
 0.67972545051682E+03
 0.68531204691178E+03
 0.67916424187131E+03
 0.68228132629868E+03
 0.68131142392654E+03
 0.67967259062249E+03
 0.68638403310573E+03
 0.68595165681803E+03
 0.68458049036644E+03
 0.68670485881852E+03
 0.68593378913614E+03
 0.68578992012817E+03
 0.68974793561883E+03
 0.68819817047592E+03
 0.69132368089881E+03
 0.69188528032391E+03
 0.69167854318406E+03
 0.69554268149261E+03
 0.69064190222201E+03
 0.69645099593046E+03
 0.69383432051651E+03
 0.69762812904425E+03
 0.69526567433551E+03
 0.70617346756932E+03
 0.69732175925929E+03
 0.69774694687724E+03
 0.70326425732014E+03
 0.70903332850558E+03
 0.70731085869121E+03
 0.70310758261291E+03
 0.70921612444326E+03
 0.71352555495304E+03
 0.71213702419048E+03
 0.71670593205605E+03
 0.71884470484804E+03
 0.71326739158741E+03
 0.71489382919819E+03
 0.71665889660733E+03
 0.72559650957825E+03
 0.71842441235695E+03
 0.72204146873348E+03
 0.72222208477388E+03
 0.72187028200554E+03
 0.72777598276650E+03
 0.72597927097673E+03
 0.72780374881150E+03
 0.73657460789294E+03
 0.73081440137223E+03
 0.73897109088279E+03
 0.73676621789244E+03
 0.73592992988890E+03
 0.74110108901016E+03
 0.73958198169933E+03
 0.74320673839694E+03
 0.74523406835492E+03
 0.75372545856525E+03
 0.75474380080392E+03
 0.74815763875091E+03
 0.75177935788838E+03
 0.75922654452317E+03
 0.75327878696267E+03
 0.76570525877098E+03
 0.76025683530780E+03
 0.76137176577584E+03
 0.76293818189309E+03
 0.76436355497038E+03
 0.77543975251540E+03
 0.77405190584277E+03
 0.77199871018865E+03
 0.77934344780872E+03
 0.78343809130457E+03
 0.78274536820287E+03
 0.77860173283001E+03
 0.78125492373396E+03
 0.79156303088772E+03
 0.78666540222112E+03
 0.79038478043567E+03
 0.78543973721404E+03
 0.79329483893570E+03
 0.79102006858742E+03
 0.79965780188403E+03
 0.79387918914035E+03
 0.79656460245514E+03
 0.80424071154013E+03
 0.80484034970347E+03
 0.81261605817278E+03
 0.80559541363322E+03
 0.80702781677666E+03
 0.81948703754203E+03
 0.81850690429067E+03
 0.81759543300878E+03
 0.82065119337920E+03
 0.82610381295576E+03
 0.82556986935920E+03
 0.82482533525640E+03
 0.83220871999832E+03
 0.83638079256116E+03
 0.83154675891324E+03
 0.83508836607945E+03
 0.84327501293190E+03
 0.84337929187800E+03
 0.84374628791994E+03
 0.84627172460622E+03
 0.84687317651373E+03
 0.85861523183127E+03
 0.85701049967908E+03
 0.85927296722893E+03
 0.86459327990980E+03
 0.86294107837161E+03
 0.85994229286471E+03
 0.86822521317966E+03
 0.86497531840986E+03
 0.86776913112289E+03
 0.88032869688487E+03
 0.88222106566271E+03
 0.88308481556525E+03
 0.87936960684317E+03
 0.89204906077173E+03
 0.88629896197864E+03
 0.88739773811844E+03
 0.88921594905658E+03
 0.89519240093344E+03
 0.89154594495765E+03
 0.90202879503884E+03
 0.89611058253117E+03
 0.90545516996006E+03
 0.91333819699651E+03
 0.90513727978050E+03
 0.91590188647778E+03
 0.91750449574243E+03
 0.92083278189254E+03
 0.91787327581597E+03
 0.92861922572165E+03
 0.92621797302398E+03
 0.92855149159659E+03
 0.92993887354331E+03
 0.93770251910291E+03
 0.93041555016012E+03
 0.93596535257777E+03
 0.93929430174680E+03
 0.94815644124556E+03
 0.94968049577283E+03
 0.95235062701392E+03
 0.95637033190083E+03
 0.95873451890607E+03
 0.95253929927988E+03
 0.95612365723621E+03
 0.95824051701512E+03
 0.96464998622909E+03
 0.96383690544061E+03
 0.97463996545985E+03
 0.97483924031105E+03
 0.97084130042991E+03
 0.97726219557822E+03
 0.98597109459651E+03
 0.97798294807281E+03
 0.98209944066647E+03
 0.98335834477368E+03
 0.98836392280920E+03
 0.98864350514312E+03
 0.10002901476654E+04
 0.99407043017346E+03
 0.99645398830191E+03
 0.10084913082470E+04
 0.10142937010497E+04
 0.10050532769782E+04
 0.10124095794277E+04
 0.10112449961564E+04
 0.10126813128797E+04
 0.10166167499600E+04
 0.10231165382750E+04
 0.10216768658548E+04
 0.10345489936273E+04
 0.10288769695366E+04
 0.10294273407534E+04
 0.10351578330222E+04
 0.10398742917855E+04
 0.10445246933804E+04
 0.10451032038895E+04
 0.10471594290247E+04
 0.10448778248327E+04
 0.10597100015971E+04
 0.10500785248375E+04
 0.10624934512565E+04
 0.10580245698579E+04
 0.10633676045976E+04
 0.10703268248500E+04
 0.10764692929812E+04
 0.10732044291928E+04
 0.10821247131924E+04
 0.10752691104207E+04
 0.10762873061523E+04
 0.10876591497178E+04
 0.10952080123452E+04
 0.10877334272035E+04
 0.11030686227421E+04
 0.11041149100371E+04
 0.10975212588040E+04
 0.10967492801276E+04
 0.11011727339891E+04
 0.11117307084054E+04
 0.11113686891047E+04
 0.11125107892759E+04
 0.11243536180388E+04
 0.11122944993172E+04
 0.11297776251937E+04
 0.11249369595031E+04
 0.11194681239207E+04
