 0.98444459134164E+00
 0.98444459134164E+00
 0.98444459134164E+00
 0.98444459134164E+00
 0.98444459134164E+00
 0.98444459134164E+00
 0.98444459134164E+00
 0.98444459134164E+00
 0.98444459134164E+00
 0.98444459763444E+00
 0.98444429401300E+00
 0.98444472865203E+00
 0.98444477837906E+00
 0.98444469753260E+00
 0.98444461697639E+00
 0.98444436305912E+00
 0.98444495910910E+00
 0.98444473861220E+00
 0.98444478790643E+00
 0.98444462091361E+00
 0.98444462342464E+00
 0.98444491134648E+00
 0.98444448791142E+00
 0.98444464648322E+00
 0.98444487720679E+00
 0.98444493021401E+00
 0.98444503898982E+00
 0.98444479978188E+00
 0.98444397585691E+00
 0.98444634007555E+00
 0.98444480473488E+00
 0.98444491903711E+00
 0.98444490864956E+00
 0.98445129724725E+00
 0.98444394760106E+00
 0.98444978067697E+00
 0.98444632826171E+00
 0.98444722976224E+00
 0.98445605232503E+00
 0.98444461189795E+00
 0.98445622529389E+00
 0.98446071751257E+00
 0.98444470426504E+00
 0.98445857126990E+00
 0.98444730857001E+00
 0.98445056153205E+00
 0.98444697232753E+00
 0.98444468858343E+00
 0.98448807793683E+00
 0.98448346392125E+00
 0.98449107710170E+00
 0.98445148181119E+00
 0.98445975622395E+00
 0.98446482601766E+00
 0.98448441131564E+00
 0.98448607308919E+00
 0.98448698852414E+00
 0.98444552451040E+00
 0.98446628678156E+00
 0.98447402206317E+00
 0.98444440203460E+00
 0.98448782915539E+00
 0.98447271951789E+00
 0.98449428060302E+00
