 0.16434232347461E+00
 0.16434232347457E+00
 0.16434232347403E+00
 0.16434232346865E+00
 0.16434232342544E+00
 0.16434232326774E+00
 0.16434232175691E+00
 0.16434231349656E+00
 0.16434228584872E+00
 0.16434221352604E+00
 0.16434205371773E+00
 0.16434174355391E+00
 0.16434120257026E+00
 0.16434031861063E+00
 0.16433894937514E+00
 0.16433692956602E+00
 0.16433394503086E+00
 0.16432964629299E+00
 0.16432351855231E+00
 0.16431469864887E+00
 0.16430204229669E+00
 0.16428410513418E+00
 0.16425889554654E+00
 0.16422386886783E+00
 0.16417587288701E+00
 0.16411131110299E+00
 0.16402591019735E+00
 0.16391413294800E+00
 0.16377255575391E+00
 0.16359527352446E+00
 0.16337695796769E+00
 0.16311271183969E+00
 0.16279798869119E+00
 0.16242837194820E+00
 0.16200067690337E+00
 0.16151168065690E+00
 0.16095985781794E+00
 0.16034245801746E+00
 0.15965865106279E+00
 0.15890879625574E+00
 0.15809142483003E+00
 0.15720572382065E+00
 0.15625248323901E+00
 0.15522839829392E+00
 0.15413407293249E+00
 0.15296653397735E+00
 0.15172516930605E+00
 0.15040625825749E+00
 0.14900611568734E+00
 0.14752082052402E+00
 0.14594831008823E+00
 0.14428043492620E+00
 0.14251178985949E+00
 0.14063812424696E+00
 0.13864118455123E+00
 0.13652171728678E+00
 0.13426074309787E+00
 0.13184466950377E+00
 0.12924276701635E+00
 0.12643254632081E+00
 0.12337824465717E+00
 0.12001158855379E+00
 0.11621795001754E+00
 0.11174840467598E+00
