 0.77828127914593E+07
 0.77828127914647E+07
 0.77828127915301E+07
 0.77828127918517E+07
 0.77828127940319E+07
 0.77828128089106E+07
 0.77828129398203E+07
 0.77828135133172E+07
 0.77828154249527E+07
 0.77828204369390E+07
 0.77828314346379E+07
 0.77828523521727E+07
 0.77828883629254E+07
 0.77829457143329E+07
 0.77830307212524E+07
 0.77831518014613E+07
 0.77833156923109E+07
 0.77835299252938E+07
 0.77838014105768E+07
 0.77841362416722E+07
 0.77845415994673E+07
 0.77850156599141E+07
 0.77855615419243E+07
 0.77861756253142E+07
 0.77868512853635E+07
 0.77875748757054E+07
 0.77883289587537E+07
 0.77890791649276E+07
 0.77897914586685E+07
 0.77904205386063E+07
 0.77909104550151E+07
 0.77911785292927E+07
 0.77911455820796E+07
 0.77907128378127E+07
 0.77897454099960E+07
 0.77880775884975E+07
 0.77856238109488E+07
 0.77821850195089E+07
 0.77775508740226E+07
 0.77715094411890E+07
 0.77638547073074E+07
 0.77543102251593E+07
 0.77426026147365E+07
 0.77284446268661E+07
 0.77115550203362E+07
 0.76915838160831E+07
 0.76681836524667E+07
 0.76410161564942E+07
 0.76097187741503E+07
 0.75739063450233E+07
 0.75331945010702E+07
 0.74871891921342E+07
 0.74354743169555E+07
 0.73776523247902E+07
 0.73132900415679E+07
 0.72419573005675E+07
 0.71632161585976E+07
 0.70765796612016E+07
 0.69817606442913E+07
 0.68781028276448E+07
 0.67651046216757E+07
 0.66424664820743E+07
 0.65096134445057E+07
 0.63657483953763E+07
 0.62106471668447E+07
 0.60432582341502E+07
 0.58634341673395E+07
 0.56707929470776E+07
 0.54634853785319E+07
 0.52417924355651E+07
 0.50036181688219E+07
 0.47486916083826E+07
 0.44764452545003E+07
 0.41838362750739E+07
 0.38709546583592E+07
 0.35347134209411E+07
 0.31734863071050E+07
 0.27832820167241E+07
 0.23637432089109E+07
 0.19056044845111E+07
 0.14048343969589E+07
 0.84965174632944E+06
 0.21419515274112E+06
