 0.10813086768930E+04
 0.10813086768930E+04
 0.10813086768930E+04
 0.10813086768930E+04
 0.10813086768930E+04
 0.10813086768930E+04
 0.10813086768930E+04
 0.10813086768930E+04
 0.10813086768930E+04
 0.10813001936183E+04
 0.10814168631599E+04
 0.10812570832628E+04
 0.10811551961542E+04
 0.10812320685437E+04
 0.10810722137684E+04
 0.10811364702020E+04
 0.10811003400226E+04
 0.10812669424037E+04
 0.10812031220861E+04
 0.10810840125707E+04
 0.10811366249169E+04
 0.10812648701833E+04
 0.10812242502846E+04
 0.10809762595047E+04
 0.10809137327792E+04
 0.10811161062353E+04
 0.10811856459128E+04
 0.10810378657596E+04
 0.10808766617990E+04
 0.10810657992885E+04
 0.10813345850020E+04
 0.10808868621649E+04
 0.10819803111561E+04
 0.10819854375129E+04
 0.10813582154474E+04
 0.10824654161735E+04
 0.10817383622081E+04
 0.10816361564981E+04
 0.10762961561554E+04
 0.10818794780037E+04
 0.10809733934168E+04
 0.10760382186196E+04
 0.10817681670429E+04
 0.10766229076731E+04
 0.10778083673192E+04
 0.10781122269333E+04
 0.10776693438939E+04
 0.10764538754910E+04
 0.10819274897171E+04
 0.10777872700423E+04
 0.10818343006896E+04
 0.10794999526612E+04
 0.10767884190076E+04
 0.10763234101193E+04
 0.10762437563147E+04
 0.10798478869088E+04
 0.10791885631392E+04
 0.10816674438506E+04
 0.10817873589068E+04
 0.10771030179019E+04
 0.10796722357457E+04
 0.10785531285845E+04
 0.10803918911452E+04
 0.10776080285586E+04
 0.10769369458816E+04
 0.10780691535707E+04
 0.10793633545254E+04
 0.10866877411683E+04
 0.10805492007479E+04
 0.10889710307908E+04
 0.10830871830358E+04
 0.10847737524579E+04
 0.10809165469006E+04
 0.10829864565636E+04
 0.10777621679331E+04
 0.10813605221611E+04
 0.10823762833063E+04
 0.10789299157808E+04
 0.10855351895119E+04
 0.10844283743632E+04
 0.10822314629486E+04
 0.10808988756794E+04
 0.10838207942678E+04
 0.10872627477244E+04
 0.10797275037896E+04
 0.10834139773415E+04
 0.10837242786466E+04
 0.10861946981001E+04
 0.10841687071188E+04
 0.10832979193883E+04
 0.10832502019237E+04
 0.10769536957829E+04
 0.10841250682372E+04
 0.10784050181133E+04
 0.10780663342420E+04
 0.10866320800941E+04
 0.10802139798832E+04
 0.10843220341235E+04
 0.10802362250028E+04
 0.10795825673901E+04
 0.10792181313427E+04
 0.10817201121170E+04
 0.10801240478996E+04
 0.10789130916585E+04
 0.10842070141774E+04
 0.10768157002876E+04
 0.10864322723478E+04
 0.10884650741375E+04
 0.10882498003865E+04
 0.10808111987750E+04
 0.10779633876381E+04
 0.10787405980575E+04
 0.10819713632988E+04
 0.10872955570372E+04
 0.10869866673401E+04
 0.10807586405781E+04
 0.10869900145636E+04
 0.10889390384944E+04
 0.10755163091375E+04
 0.10773240614514E+04
 0.10884952848558E+04
 0.10776384615783E+04
 0.10765047380040E+04
 0.10840457165902E+04
 0.10821568326962E+04
 0.10884689310414E+04
 0.10886642135028E+04
 0.10812107563650E+04
 0.10788404139363E+04
 0.10762762106884E+04
 0.10768482123928E+04
 0.10789553507518E+04
 0.10801824086096E+04
 0.10758778160330E+04
 0.10831827934440E+04
 0.10829719336024E+04
 0.10797347973179E+04
 0.10840810596841E+04
 0.10814523867360E+04
 0.10853917174212E+04
 0.10733057366649E+04
 0.10816368862405E+04
 0.10766676621894E+04
 0.10782829348811E+04
 0.10771719561769E+04
 0.10781789277695E+04
 0.10798648921066E+04
 0.10790560475930E+04
 0.10811852067771E+04
 0.10818102941193E+04
 0.10787151319220E+04
 0.10857251299419E+04
 0.10787004090098E+04
 0.10756415550336E+04
 0.10865597319946E+04
 0.10854415300621E+04
 0.10862779586048E+04
 0.10879447997277E+04
 0.10766441624762E+04
 0.10774151943101E+04
 0.10769559040099E+04
 0.10761382008776E+04
 0.10891767545417E+04
 0.10776520272029E+04
 0.10806741580628E+04
 0.10811146166374E+04
 0.10821241579809E+04
 0.10817271876704E+04
 0.10842771816412E+04
 0.10830408291754E+04
 0.10881789792132E+04
 0.10861953305449E+04
 0.10854929414107E+04
 0.10959274050974E+04
 0.10826054633982E+04
 0.10903208703310E+04
 0.10863733372497E+04
 0.10850840785017E+04
 0.10989881875152E+04
 0.10898845948104E+04
 0.10943836143131E+04
 0.10909575761668E+04
 0.10911567534674E+04
 0.10973250036532E+04
 0.10931702695825E+04
 0.10923158335316E+04
 0.11001016299032E+04
 0.10947697745606E+04
 0.10969091346901E+04
 0.11071023998129E+04
 0.11011627550842E+04
 0.11019151048952E+04
 0.11008479758428E+04
 0.11148773076881E+04
 0.11047896505842E+04
 0.11053440819111E+04
 0.11160319927062E+04
 0.11087728533417E+04
 0.11181026862699E+04
 0.11110848344664E+04
 0.11134050387727E+04
 0.11238776511841E+04
 0.11134431711462E+04
 0.11276440385004E+04
 0.11206709069456E+04
 0.11176580517647E+04
 0.11211566198996E+04
 0.11276398348755E+04
 0.11282695159016E+04
 0.11261138314705E+04
 0.11311063537290E+04
 0.11269730649969E+04
 0.11391739918393E+04
 0.11311696530709E+04
 0.11324530689151E+04
 0.11367282784177E+04
 0.11498287458062E+04
 0.11467216021492E+04
 0.11435081515159E+04
 0.11529852821281E+04
 0.11459398207900E+04
 0.11563121990826E+04
 0.11600275424898E+04
 0.11511903845114E+04
 0.11518037059769E+04
 0.11645489942191E+04
 0.11639124436100E+04
 0.11625175779115E+04
 0.11727372638638E+04
 0.11723463148367E+04
 0.11647395276116E+04
 0.11664120420660E+04
 0.11765008876793E+04
 0.11682933947557E+04
 0.11852945880095E+04
 0.11750040888023E+04
 0.11827276827631E+04
 0.11896039794761E+04
 0.11810425406052E+04
 0.11910583925218E+04
 0.11954832241401E+04
 0.11902878874123E+04
 0.11875503411620E+04
 0.12028504031914E+04
 0.11960339093624E+04
 0.12077698795779E+04
 0.12101291582617E+04
 0.12067984902857E+04
 0.12075257981310E+04
 0.12048826131827E+04
 0.12207652758059E+04
 0.12116541159355E+04
 0.12237307293109E+04
 0.12165249321779E+04
 0.12221098924045E+04
 0.12240673933603E+04
 0.12218323696220E+04
 0.12236852267409E+04
 0.12303853295438E+04
 0.12407569487606E+04
 0.12313075247360E+04
 0.12418426946332E+04
 0.12418535249585E+04
 0.12375791844718E+04
 0.12393425964471E+04
 0.12423665100030E+04
 0.12566628714308E+04
 0.12566664621598E+04
 0.12528475325711E+04
 0.12542679518968E+04
 0.12562213779240E+04
 0.12579160318502E+04
 0.12716863207898E+04
 0.12690729849164E+04
 0.12785429173147E+04
 0.12692384958197E+04
 0.12714790954298E+04
 0.12880097310652E+04
 0.12837494780712E+04
 0.12905013549772E+04
 0.12834679139442E+04
 0.12859301389740E+04
 0.12978704787878E+04
 0.12900223956711E+04
 0.13044470969950E+04
 0.12952526485821E+04
 0.13091128831495E+04
 0.13110024485928E+04
 0.13039107315751E+04
 0.13091303883020E+04
 0.13240481976735E+04
 0.13120471813204E+04
 0.13146083168245E+04
 0.13244999806452E+04
 0.13203454656104E+04
 0.13315722471470E+04
 0.13280039531689E+04
 0.13339815297228E+04
 0.13370552301568E+04
 0.13375717141017E+04
