 0.10813086768930E+04
 0.10813086768930E+04
 0.10813086768930E+04
 0.10813086768930E+04
 0.10813086768930E+04
 0.10813086768930E+04
 0.10813086768930E+04
 0.10813086768930E+04
 0.10813086768930E+04
 0.10813001936183E+04
 0.10814168631599E+04
 0.10812570832628E+04
 0.10811551961542E+04
 0.10812320685437E+04
 0.10810722137684E+04
 0.10811364702020E+04
 0.10811003400226E+04
 0.10812669424037E+04
 0.10812031220861E+04
 0.10810840125707E+04
 0.10811366249169E+04
 0.10812648701833E+04
 0.10812242502846E+04
 0.10809762595047E+04
 0.10809137327792E+04
 0.10811161062353E+04
 0.10811856459128E+04
 0.10810086898520E+04
 0.10808888165124E+04
 0.10811118252647E+04
 0.10813921950064E+04
 0.10807897825773E+04
 0.10819126178633E+04
 0.10820046982361E+04
 0.10812809288893E+04
 0.10823599259074E+04
 0.10817768292715E+04
 0.10815014359909E+04
 0.10765832678821E+04
 0.10817159793986E+04
 0.10809383163345E+04
 0.10760780035020E+04
 0.10815617989773E+04
 0.10764928158530E+04
 0.10780142586732E+04
 0.10781382562839E+04
 0.10778280130708E+04
 0.10764430054943E+04
 0.10824026463297E+04
 0.10777523470800E+04
 0.10818524359285E+04
 0.10792393038760E+04
 0.10766770134449E+04
 0.10761765976243E+04
 0.10762655388961E+04
 0.10799913621556E+04
 0.10792947378730E+04
 0.10816397552718E+04
 0.10815020727547E+04
 0.10771925961219E+04
 0.10801905169459E+04
 0.10787488186274E+04
 0.10804422827007E+04
 0.10777769933477E+04
 0.10769951629098E+04
 0.10783434704158E+04
 0.10792301425352E+04
 0.10866312387237E+04
 0.10811265608477E+04
 0.10890187007706E+04
 0.10832346070975E+04
 0.10848089405592E+04
 0.10812201477393E+04
 0.10835091641676E+04
 0.10771733925815E+04
 0.10819086335784E+04
 0.10764825874090E+04
 0.10784701222577E+04
 0.10849153114814E+04
 0.10850443030116E+04
 0.10830157428371E+04
 0.10806646057020E+04
 0.10843292989101E+04
 0.10871703174024E+04
 0.10801224188874E+04
 0.10827337764677E+04
 0.10841007732935E+04
 0.10862204234206E+04
 0.10847637606218E+04
 0.10823887426456E+04
 0.10837546986938E+04
 0.10764143236698E+04
 0.10839958784724E+04
 0.10784703444899E+04
 0.10768790254772E+04
 0.10863650536577E+04
 0.10798816641132E+04
 0.10854637494386E+04
 0.10804906661751E+04
 0.10792120372800E+04
 0.10784796131988E+04
 0.10820763619474E+04
 0.10793093828736E+04
 0.10902395991027E+04
 0.10846900634000E+04
 0.10776548224218E+04
 0.10865397467568E+04
 0.10886050287771E+04
 0.10871323144881E+04
 0.10796725189675E+04
 0.10791169765323E+04
 0.10792988348677E+04
 0.10825653208755E+04
 0.10878486571251E+04
 0.10854297005662E+04
 0.10807990915103E+04
 0.10879513249830E+04
 0.10898301722058E+04
 0.10873008753000E+04
 0.10776833912182E+04
 0.10883249089613E+04
 0.10793741271375E+04
 0.10883236769237E+04
 0.10862796911051E+04
 0.10835381902467E+04
 0.10882351491258E+04
 0.10805686419587E+04
 0.10843036297514E+04
 0.10794164785094E+04
 0.10811221281601E+04
 0.10752667371182E+04
 0.10778865167075E+04
 0.10793766741951E+04
 0.10889697660290E+04
 0.10817265940347E+04
 0.10808401377031E+04
 0.10827256769147E+04
 0.10876468833732E+04
 0.10816308669547E+04
 0.10890837558481E+04
 0.10793878796058E+04
 0.10823346633881E+04
 0.10804420272424E+04
 0.10798017953926E+04
 0.10858779720797E+04
 0.10768736824988E+04
 0.10785350524619E+04
 0.10761332550321E+04
 0.10811147169068E+04
 0.10818221554669E+04
 0.10784902086685E+04
 0.10813335687852E+04
 0.10818487229467E+04
 0.10814667016381E+04
 0.10872736580241E+04
 0.10817174852713E+04
 0.10845381566612E+04
 0.10896558692183E+04
 0.10884833242587E+04
 0.10804192678031E+04
 0.10780013480421E+04
 0.10913505155634E+04
 0.10866986072465E+04
 0.10885032083053E+04
 0.10838058153065E+04
 0.10840856526207E+04
 0.10856251841855E+04
 0.10912424864424E+04
 0.10944879021364E+04
 0.10868116487113E+04
 0.10868696654172E+04
 0.10841778182675E+04
 0.10879383900934E+04
 0.10891990534156E+04
 0.10872552261791E+04
 0.10891075842643E+04
 0.10901532355278E+04
 0.10880113911953E+04
 0.11025710179887E+04
 0.10991437198340E+04
 0.10975842246611E+04
 0.11022729655569E+04
 0.10939349584738E+04
 0.10977987694954E+04
 0.10943367597927E+04
 0.11081050453074E+04
 0.10992699413464E+04
 0.10991132308633E+04
 0.11073880883208E+04
 0.11062951777678E+04
 0.11065340480691E+04
 0.11017057001893E+04
 0.11155993833139E+04
 0.11061658027233E+04
 0.11067221466504E+04
 0.11121777644708E+04
 0.11208511645910E+04
 0.11150405456591E+04
 0.11137602369671E+04
 0.11162883745194E+04
 0.11140332926536E+04
 0.11209009783154E+04
 0.11170312629442E+04
 0.11200353330602E+04
 0.11207475775605E+04
 0.11305540425167E+04
 0.11338042178340E+04
 0.11266360314528E+04
 0.11313318136518E+04
 0.11267215098888E+04
 0.11371174106675E+04
 0.11427958340937E+04
 0.11448764708230E+04
 0.11375532652991E+04
 0.11437114199690E+04
 0.11405204264735E+04
 0.11509931744914E+04
 0.11487732218008E+04
 0.11426962269954E+04
 0.11555795633166E+04
 0.11592164023025E+04
 0.11595572235172E+04
 0.11599028861202E+04
 0.11604749647957E+04
 0.11585567012139E+04
 0.11684252164691E+04
 0.11667863032735E+04
 0.11589824246277E+04
 0.11611618796927E+04
 0.11712044211737E+04
 0.11776869411936E+04
 0.11764636768306E+04
 0.11758899224185E+04
 0.11764432112821E+04
 0.11811971891870E+04
 0.11821251511946E+04
 0.11797422208918E+04
 0.11889222357859E+04
 0.11937699887613E+04
 0.11943246932739E+04
 0.11908757241636E+04
 0.11937329533494E+04
 0.11923047609268E+04
 0.12014702575570E+04
 0.12089040653023E+04
 0.12100429845375E+04
 0.12005619418490E+04
 0.12105448740582E+04
 0.12122677744321E+04
 0.12125272932389E+04
 0.12233371526760E+04
 0.12122808655945E+04
 0.12296592512093E+04
 0.12250703772056E+04
 0.12204116114612E+04
 0.12264254879694E+04
 0.12369364241398E+04
 0.12279692127646E+04
 0.12328436031138E+04
 0.12407774280834E+04
 0.12411857001023E+04
 0.12387373181695E+04
 0.12456083819650E+04
 0.12378666232077E+04
 0.12569923336438E+04
 0.12604808315228E+04
 0.12545691555383E+04
 0.12576371288812E+04
 0.12541876273074E+04
 0.12570322301620E+04
 0.12649608655548E+04
 0.12636412079774E+04
 0.12650681096422E+04
 0.12653039793919E+04
 0.12674411906763E+04
 0.12722597077197E+04
 0.12859290643199E+04
 0.12764560270044E+04
 0.12919880755686E+04
 0.12903214828824E+04
 0.12906766008333E+04
 0.12892984534020E+04
 0.12892111940693E+04
 0.12898828839324E+04
 0.13089805131370E+04
 0.13056575016891E+04
 0.13016518065275E+04
 0.13035267568547E+04
 0.13090382517878E+04
 0.13111465738828E+04
 0.13265106293120E+04
 0.13215392847649E+04
 0.13296892207128E+04
 0.13307634306927E+04
 0.13319062298877E+04
 0.13221732970208E+04
 0.13255870853342E+04
 0.13406606904984E+04
 0.13459574726785E+04
 0.13348176078798E+04
