 0.10000000133514E-09
 0.10000000133514E-09
 0.10000000133514E-09
 0.10000000133514E-09
 0.10000000133514E-09
 0.10000000133514E-09
 0.10000000133514E-09
 0.10000000133514E-09
 0.10000000133514E-09
 0.10000000133514E-09
 0.10000000133514E-09
 0.10000000133514E-09
 0.10000000133514E-09
 0.10000000133514E-09
 0.10000000133514E-09
 0.10000000133514E-09
 0.10000000133514E-09
 0.10000000133514E-09
 0.10000000133514E-09
 0.10000000133514E-09
 0.10000000133514E-09
 0.10000000133514E-09
 0.54331580732718E-04
 0.54331580732718E-04
 0.10998087796503E-03
 0.15055358376974E-03
 0.20161697227399E-03
 0.26474294270004E-03
 0.34155157616680E-03
 0.43368908704076E-03
 0.54280142093588E-03
 0.67049523385682E-03
 0.81842867141062E-03
 0.98813631962526E-03
 0.11811237829254E-02
 0.13988915509440E-02
 0.16428066492707E-02
 0.19142333030383E-02
 0.22143983625209E-02
 0.25444547621216E-02
 0.29056277363455E-02
 0.32989007455174E-02
 0.37251732921221E-02
 0.41854002897796E-02
 0.46804696188082E-02
 0.52110969384586E-02
 0.57779035490037E-02
 0.63816411165672E-02
 0.70229665333501E-02
 0.77022772472037E-02
 0.84201698069767E-02
 0.91770426337640E-02
 0.99732801717737E-02
 0.10809419817374E-01
 0.11685881340524E-01
 0.12602897155277E-01
 0.13560747260301E-01
 0.14559747041022E-01
 0.15600473610382E-01
 0.16682230165389E-01
 0.17807353093284E-01
 0.18973513377809E-01
 0.20182708269910E-01
 0.21434480113433E-01
 0.22728991876812E-01
 0.24067917102760E-01
 0.25450026305390E-01
 0.26873041713287E-01
 0.28343585132138E-01
 0.29856844934704E-01
 0.31416561926250E-01
 0.33020845420795E-01
 0.34668731539165E-01
 0.36364425060950E-01
 0.38105325100400E-01
 0.39892462601414E-01
 0.41728213769674E-01
 0.43613680266671E-01
 0.45536585814132E-01
 0.47516668742024E-01
 0.49546246269039E-01
 0.51625533774136E-01
 0.53749757832625E-01
 0.55927349903647E-01
 0.58162171326712E-01
 0.60443664835391E-01
 0.62780425746543E-01
 0.65169985661233E-01
 0.67620232106550E-01
 0.70126437713894E-01
 0.72680716630679E-01
 0.75297954132388E-01
 0.77978762380305E-01
 0.80719211317319E-01
 0.83516797646266E-01
 0.86373051010395E-01
 0.89310959239166E-01
 0.92304550203005E-01
 0.95364851006630E-01
 0.98497401381577E-01
 0.10171075815598E+00
 0.10498531535370E+00
 0.10833580279589E+00
 0.11177099627420E+00
 0.11529035180082E+00
 0.11889050624704E+00
 0.12256780889136E+00
 0.12635648634683E+00
 0.13022628670229E+00
 0.13417956842510E+00
 0.13823516000840E+00
 0.14240042037742E+00
 0.14667244184967E+00
 0.15105841662911E+00
 0.15556823822024E+00
 0.16019328958291E+00
 0.16493554681784E+00
 0.16981669405311E+00
 0.17484307295992E+00
 0.18000678379753E+00
 0.18531629958426E+00
 0.19078303709195E+00
 0.19641937024115E+00
 0.20223532791073E+00
 0.20821360629705E+00
 0.21435762265259E+00
 0.22068612213702E+00
 0.22722924039078E+00
 0.23396132200098E+00
 0.24086036786435E+00
 0.24793493780979E+00
 0.25522546155908E+00
 0.26262152390665E+00
 0.27016026983217E+00
 0.27779984303003E+00
 0.28544487563849E+00
 0.29310102743808E+00
 0.30066476336704E+00
 0.30809528576137E+00
 0.31532950316059E+00
 0.32234854031530E+00
 0.32916120140127E+00
 0.33575947185996E+00
 0.34215371012953E+00
 0.34837287668315E+00
 0.35442779227594E+00
 0.36034945812429E+00
 0.36615228504086E+00
 0.37185620162087E+00
 0.37747260573976E+00
 0.38300551062002E+00
 0.38847456325298E+00
 0.39388493020494E+00
 0.39923528679078E+00
 0.40453526392945E+00
 0.40978352187597E+00
 0.41498548247515E+00
 0.42014102262757E+00
 0.42525088966373E+00
 0.43031476128782E+00
 0.43533397777775E+00
 0.44030855936244E+00
 0.44523708276342E+00
 0.45012038986671E+00
 0.45495608807768E+00
 0.45974651932784E+00
 0.46448913325602E+00
 0.46918365418886E+00
 0.47383081623930E+00
 0.47842983098932E+00
 0.48298036955778E+00
 0.48748231550135E+00
 0.49193468317600E+00
 0.49633622491755E+00
 0.50069114566248E+00
 0.50499611063755E+00
 0.50925175336680E+00
 0.51345850315006E+00
 0.51761644762034E+00
 0.52172615037338E+00
 0.52578632182466E+00
 0.52979939368501E+00
 0.53376428228044E+00
 0.53768264665787E+00
 0.54155326882377E+00
 0.54537796995317E+00
 0.54915584047057E+00
 0.55288874806076E+00
 0.55657620236639E+00
 0.56021942243570E+00
 0.56381826990663E+00
 0.56737424809330E+00
 0.57088663939264E+00
 0.57435681545474E+00
 0.57778493253710E+00
 0.58117199446558E+00
 0.58451815833065E+00
 0.58782435292707E+00
 0.59109098558593E+00
 0.59431854912085E+00
 0.59750776559275E+00
 0.60065916455661E+00
 0.60377319145756E+00
 0.60685050792007E+00
 0.60989186465822E+00
 0.61289762806005E+00
 0.61586807725475E+00
 0.61880425309877E+00
 0.62170630814310E+00
 0.62457498316626E+00
 0.62741071794484E+00
 0.63021416701255E+00
 0.63298594113834E+00
 0.63572629051748E+00
 0.63843561431425E+00
 0.64111458945699E+00
 0.64376371216431E+00
 0.64638340743476E+00
 0.64897409473482E+00
 0.65153654701153E+00
 0.65407066255783E+00
 0.65657749086174E+00
 0.65905714001785E+00
 0.66150982890731E+00
 0.66393649467627E+00
 0.66633699650150E+00
 0.66871207409851E+00
 0.67106222856418E+00
 0.67338769374201E+00
 0.67568878589036E+00
 0.67796616791327E+00
 0.68021967506106E+00
 0.68245020243628E+00
 0.68465786671787E+00
 0.68684322676311E+00
 0.68900624540113E+00
 0.69114764900183E+00
 0.69326734938996E+00
 0.69536634618103E+00
 0.69744422638817E+00
 0.69950164841764E+00
 0.70153897291463E+00
 0.70355637642367E+00
 0.70555415624844E+00
 0.70753266820795E+00
 0.70949230433070E+00
 0.71143315442799E+00
 0.71335556647771E+00
 0.71525970821519E+00
 0.71714601395656E+00
 0.71901459578565E+00
 0.72086589507619E+00
 0.72269993532712E+00
 0.72451713039998E+00
 0.72631783153729E+00
 0.72810199873633E+00
 0.72986971503274E+00
 0.73162189819369E+00
 0.73335782733843E+00
 0.73507883108212E+00
 0.73678399013556E+00
 0.73847476981548E+00
 0.74014992485236E+00
 0.74181102876310E+00
 0.74345726257904E+00
 0.74508930436536E+00
 0.74670723558917E+00
 0.74831116800389E+00
 0.74990163432776E+00
 0.75147836280198E+00
 0.75304201399827E+00
 0.75459229037543E+00
 0.75612967906417E+00
 0.75765418753222E+00
 0.75916609008779E+00
 0.76066546104652E+00
 0.76215244163746E+00
 0.76362743780213E+00
 0.76509030637518E+00
 0.76654131010705E+00
 0.76798067987095E+00
 0.76940840302211E+00
 0.77082473952038E+00
 0.77222967478817E+00
 0.77362377296810E+00
 0.77500672407592E+00
 0.77637879960093E+00
 0.77774009169705E+00
 0.77909088225096E+00
 0.78043117687930E+00
 0.78176130371800E+00
 0.78308104427766E+00
 0.78439087966591E+00
 0.78569051856885E+00
 0.78698040910677E+00
 0.78826055269379E+00
 0.78953115544377E+00
 0.79079220897030E+00
 0.79204390017420E+00
 0.79328630731284E+00
