 0.21140089951492E+08
 0.21140089951487E+08
 0.21140089951416E+08
 0.21140089951002E+08
 0.21140089949331E+08
 0.21140089944668E+08
 0.21140090048753E+08
 0.21140090529864E+08
 0.21140092253790E+08
 0.21140096868176E+08
 0.21140107191164E+08
 0.21140126663454E+08
 0.21140160645061E+08
 0.21140214944648E+08
 0.21140295299821E+08
 0.21140410022803E+08
 0.21140565507466E+08
 0.21140768968180E+08
 0.21141027355526E+08
 0.21141347826312E+08
 0.21141740614390E+08
 0.21142204983477E+08
 0.21142751696662E+08
 0.21143385313518E+08
 0.21144113868021E+08
 0.21144942293485E+08
 0.21145879298171E+08
 0.21146919280656E+08
 0.21148073428425E+08
 0.21149351032459E+08
 0.21150763728267E+08
 0.21152300189912E+08
 0.21153981438108E+08
 0.21155818347352E+08
 0.21157791047180E+08
 0.21159930659330E+08
 0.21162232438384E+08
 0.21164720602171E+08
 0.21167373735453E+08
 0.21170190468467E+08
 0.21173248931899E+08
 0.21176486572216E+08
 0.21179914483995E+08
 0.21183553393771E+08
 0.21187442837360E+08
 0.21191541827309E+08
 0.21195823601719E+08
 0.21200330688110E+08
 0.21205088299441E+08
 0.21210082660912E+08
 0.21215273447440E+08
 0.21220712274093E+08
 0.21226355895488E+08
 0.21232232930165E+08
 0.21238356762295E+08
 0.21244691232872E+08
 0.21251220799098E+08
 0.21258012896195E+08
 0.21264976031012E+08
 0.21272061617649E+08
 0.21279563208175E+08
 0.21287028550464E+08
 0.21294683366886E+08
 0.21302643329955E+08
 0.21310570420829E+08
 0.21318892310341E+08
 0.21327218951465E+08
 0.21335396937234E+08
 0.21343931997492E+08
 0.21352371443686E+08
 0.21361172968520E+08
 0.21369921380486E+08
 0.21378381890130E+08
 0.21387339280029E+08
 0.21395953194559E+08
 0.21404778345738E+08
 0.21413483154963E+08
 0.21422329224678E+08
 0.21430634707749E+08
 0.21439307187714E+08
 0.21447717555590E+08
 0.21455961351438E+08
 0.21464000725457E+08
 0.21471933515116E+08
 0.21480106185495E+08
 0.21487680547508E+08
 0.21495038187960E+08
 0.21502482943480E+08
 0.21509664416703E+08
 0.21516785069478E+08
 0.21523150176612E+08
 0.21529236003204E+08
 0.21535491649511E+08
 0.21541679781377E+08
 0.21546904913137E+08
 0.21551747939348E+08
 0.21557055577524E+08
 0.21561472215349E+08
 0.21565820180520E+08
 0.21569762729137E+08
 0.21573750425575E+08
 0.21577038164299E+08
 0.21579993318725E+08
 0.21583043887723E+08
 0.21586115447798E+08
 0.21588608105706E+08
 0.21590576550065E+08
 0.21593263817003E+08
 0.21595590695485E+08
 0.21597499271554E+08
 0.21599284079839E+08
 0.21601664364562E+08
 0.21604188716234E+08
 0.21607290387948E+08
 0.21611282553666E+08
 0.21615434863315E+08
 0.21620608113582E+08
 0.21627055566890E+08
 0.21635321634561E+08
 0.21645440969522E+08
 0.21657736768116E+08
 0.21672753142324E+08
 0.21692387753909E+08
 0.21716674567762E+08
 0.21745856755311E+08
 0.21781491075958E+08
 0.21825363299046E+08
 0.21880798910586E+08
 0.21948711108298E+08
 0.22031379015890E+08
 0.22133279682324E+08
 0.22259929599719E+08
 0.22412984096269E+08
 0.22600781044569E+08
 0.22830165064954E+08
 0.23102166708592E+08
 0.23428286358273E+08
 0.23806950344673E+08
 0.24238576430406E+08
 0.24716377647373E+08
 0.25232677195019E+08
 0.25781737657015E+08
 0.26349055231041E+08
 0.26921518591394E+08
 0.27491563192446E+08
 0.28045361699998E+08
 0.28581477789261E+08
 0.29090639256753E+08
 0.29571959540375E+08
 0.30022886291085E+08
 0.30435136546915E+08
 0.30816936710942E+08
 0.31167616994575E+08
 0.31481143424779E+08
 0.31763647013208E+08
 0.32012771480766E+08
 0.32231977263647E+08
 0.32420858930000E+08
 0.32582450454961E+08
 0.32716257921485E+08
 0.32824093763074E+08
 0.32908051951697E+08
 0.32968676412023E+08
 0.33007352552832E+08
 0.33025061333821E+08
 0.33023284901002E+08
 0.33003030578142E+08
 0.32965370283188E+08
 0.32911228790727E+08
 0.32841686900926E+08
 0.32758058485813E+08
 0.32660296286337E+08
 0.32549933272779E+08
 0.32428402625155E+08
 0.32295106311299E+08
 0.32151072180641E+08
 0.31998743040759E+08
 0.31836347735575E+08
 0.31666054919598E+08
 0.31486785556809E+08
 0.31303076185043E+08
 0.31110881074748E+08
 0.30913647515575E+08
 0.30708239902270E+08
 0.30500180003137E+08
 0.30285711808403E+08
 0.30069008466499E+08
 0.29846877913077E+08
 0.29621648696925E+08
 0.29392429300552E+08
 0.29161526993793E+08
 0.28926310510635E+08
 0.28688922932906E+08
 0.28450077512921E+08
 0.28209847207901E+08
 0.27969069088893E+08
 0.27726352686251E+08
 0.27481250074597E+08
 0.27236139878219E+08
 0.26991173090836E+08
 0.26744538256175E+08
 0.26499441728726E+08
 0.26251324595679E+08
 0.26005700669370E+08
 0.25758036581406E+08
 0.25513123108507E+08
 0.25267149490356E+08
 0.25021454237215E+08
 0.24777500468390E+08
 0.24534106282338E+08
 0.24290806496211E+08
 0.24048922240936E+08
 0.23806470485834E+08
 0.23567746525932E+08
 0.23329481632494E+08
 0.23092035492889E+08
 0.22856446468510E+08
 0.22621335555321E+08
 0.22389078994144E+08
 0.22157132063229E+08
 0.21928120013770E+08
 0.21698917098572E+08
 0.21470665509905E+08
 0.21246124733181E+08
 0.21021944567555E+08
 0.20801127703255E+08
 0.20581868678637E+08
 0.20363859864491E+08
 0.20147058287464E+08
 0.19933339893762E+08
 0.19721408475165E+08
 0.19510135488474E+08
 0.19301516979561E+08
 0.19094980512383E+08
 0.18888857182776E+08
 0.18687330136121E+08
 0.18486019117809E+08
 0.18287569472925E+08
 0.18089217204516E+08
 0.17894582403150E+08
 0.17702065062375E+08
 0.17510136908166E+08
 0.17321547833405E+08
 0.17134355337634E+08
 0.16948454568267E+08
 0.16765953262887E+08
 0.16584164948603E+08
 0.16404020242264E+08
 0.16226777656382E+08
 0.16050451939634E+08
 0.15877884050194E+08
 0.15705081613345E+08
 0.15535685576468E+08
 0.15367465085197E+08
 0.15201257636656E+08
 0.15036849681288E+08
 0.14874007913524E+08
 0.14713358955846E+08
 0.14555300528869E+08
 0.14397197153612E+08
 0.14242851885611E+08
 0.14088329940860E+08
 0.13936733302844E+08
 0.13787029036157E+08
 0.13639166445208E+08
 0.13492446253878E+08
 0.13347117717473E+08
 0.13203873141191E+08
 0.13062726775163E+08
 0.12922752498992E+08
 0.12784607019322E+08
 0.12648308419549E+08
 0.12512849206726E+08
 0.12379154620269E+08
 0.12247435707351E+08
 0.12117655883939E+08
 0.11988679401979E+08
 0.11862245541339E+08
 0.11735776900593E+08
 0.11611387038000E+08
 0.11488927484864E+08
 0.11367717144471E+08
 0.11247899504835E+08
 0.11129952862646E+08
 0.11012682815949E+08
 0.10897042285686E+08
 0.10783720559307E+08
 0.10670443516560E+08
 0.10559595768537E+08
 0.10449579350796E+08
 0.10340526764618E+08
 0.10233683454517E+08
 0.10127139262111E+08
 0.10022557362647E+08
 0.99191597093402E+07
 0.98164377492509E+07
 0.97157052620494E+07
 0.96155434514603E+07
 0.95166193462883E+07
 0.94190711184431E+07
