 0.53405578660231E+07
 0.53405578660231E+07
 0.53405578660231E+07
 0.53405578660231E+07
 0.53405578660231E+07
 0.53405578660231E+07
 0.53405578660231E+07
 0.53405578660231E+07
 0.53405578660231E+07
 0.53405578660231E+07
 0.53405578660232E+07
 0.53405578660234E+07
 0.53405578660238E+07
 0.53405578660235E+07
 0.53405578660229E+07
 0.53405578660228E+07
 0.53405578660221E+07
 0.53405578660210E+07
 0.53405578660193E+07
 0.53405578660168E+07
 0.53405578660177E+07
 0.53405578660124E+07
 0.53405578660078E+07
 0.53405578660014E+07
 0.53405578659952E+07
 0.53405578659910E+07
 0.53405578659976E+07
 0.53405578659799E+07
 0.53405578659554E+07
 0.53405578659374E+07
 0.53405578659365E+07
 0.53405578659060E+07
 0.53405578658967E+07
 0.53405578658906E+07
 0.53405578658381E+07
 0.53405578658115E+07
 0.53405578657536E+07
 0.53405578657873E+07
 0.53405578656704E+07
 0.53405578654698E+07
 0.53405578654660E+07
 0.53405578654465E+07
 0.53405578653718E+07
 0.53405578652123E+07
 0.53405578654570E+07
 0.53405578654176E+07
 0.53405578651251E+07
 0.53405578647011E+07
 0.53405578646331E+07
 0.53405578647171E+07
 0.53405578644018E+07
 0.53405578642203E+07
 0.53405578633216E+07
 0.53405578633462E+07
 0.53405578631199E+07
 0.53405578624192E+07
 0.53405578611097E+07
 0.53405578618228E+07
 0.53405578613795E+07
 0.53405578585661E+07
 0.53405578638623E+07
 0.53405578599460E+07
 0.53405578602310E+07
 0.53405578625112E+07
 0.53405578588333E+07
 0.53405578652404E+07
 0.53405578686364E+07
 0.53405578590183E+07
 0.53405578599255E+07
 0.53405578512890E+07
 0.53405578588860E+07
 0.53405578679886E+07
 0.53405578428806E+07
 0.53405578637430E+07
 0.53405578422962E+07
 0.53405578526588E+07
 0.53405578584916E+07
 0.53405578675607E+07
 0.53405578416389E+07
 0.53405578503263E+07
 0.53405578670631E+07
 0.53405578517115E+07
 0.53405578094451E+07
 0.53405578226847E+07
 0.53405578502910E+07
 0.53405578363939E+07
 0.53405578265331E+07
 0.53405578383888E+07
 0.53405578570416E+07
 0.53405579321507E+07
 0.53405578791263E+07
 0.53405578203399E+07
 0.53405578341032E+07
 0.53405579523834E+07
 0.53405578767552E+07
 0.53405577861160E+07
 0.53405578997596E+07
 0.53405578560893E+07
 0.53405578011100E+07
 0.53405578543748E+07
 0.53405579444192E+07
 0.53405578066558E+07
 0.53405578158072E+07
 0.53405578121574E+07
 0.53405579039384E+07
 0.53405579120058E+07
 0.53405579166360E+07
 0.53405580960287E+07
 0.53405581950586E+07
 0.53405579612226E+07
 0.53405577851531E+07
 0.53405576829122E+07
 0.53405576347257E+07
 0.53405577607564E+07
 0.53405577181499E+07
 0.53405576727364E+07
 0.53405576257448E+07
 0.53405575290625E+07
 0.53405575779630E+07
 0.53405577548851E+07
 0.53405579066034E+07
 0.53405576515747E+07
 0.53405579577690E+07
 0.53405586701143E+07
 0.53405584190969E+07
 0.53405580344430E+07
 0.53405573222127E+07
 0.53405577619622E+07
 0.53405570270321E+07
 0.53405572833641E+07
 0.53405569512824E+07
 0.53405576114721E+07
 0.53405568645822E+07
 0.53405564929335E+07
 0.53405571484935E+07
 0.53405557139646E+07
 0.53405571824549E+07
 0.53405580909376E+07
 0.53405578505351E+07
 0.53405577042531E+07
 0.53405573150153E+07
 0.53405576250741E+07
 0.53405579146233E+07
 0.53405575574034E+07
 0.53405581880124E+07
 0.53405564312673E+07
 0.53405573019638E+07
 0.53405562518910E+07
 0.53405560599655E+07
 0.53405569004902E+07
 0.53405551279785E+07
 0.53405555957245E+07
 0.53405563159628E+07
 0.53405565364979E+07
 0.53405584285588E+07
 0.53405564704278E+07
 0.53405576272374E+07
 0.53405568280219E+07
 0.53405576634041E+07
 0.53405565361058E+07
 0.53405560178643E+07
 0.53405561636615E+07
 0.53405549094665E+07
 0.53405567276373E+07
 0.53405554708723E+07
 0.53405548619694E+07
 0.53405550698622E+07
 0.53405548771445E+07
 0.53405565255124E+07
 0.53405552234708E+07
 0.53405548298419E+07
 0.53405556246850E+07
 0.53405560961442E+07
 0.53405555381242E+07
 0.53405549304892E+07
 0.53405566432799E+07
 0.53405542413814E+07
 0.53405550784714E+07
 0.53405554264896E+07
 0.53405576137584E+07
 0.53405553857192E+07
 0.53405542933161E+07
 0.53405525718526E+07
 0.53405562104096E+07
 0.53405541530090E+07
 0.53405548574108E+07
 0.53405532275988E+07
 0.53405537674465E+07
 0.53405536869998E+07
 0.53405545650593E+07
 0.53405524670657E+07
 0.53405536555398E+07
 0.53405547785693E+07
 0.53405552493008E+07
 0.53405542821622E+07
 0.53405522952508E+07
 0.53405522524364E+07
 0.53405533932950E+07
 0.53405543523535E+07
 0.53405517097059E+07
 0.53405538124427E+07
 0.53405515419590E+07
 0.53405524205907E+07
 0.53405510164856E+07
 0.53405532990616E+07
 0.53405503058961E+07
 0.53405516108135E+07
 0.53405519023244E+07
 0.53405526355877E+07
 0.53405505259759E+07
 0.53405509656908E+07
 0.53405513594624E+07
 0.53405541408972E+07
 0.53405521758344E+07
 0.53405526430813E+07
 0.53405529761683E+07
 0.53405518031216E+07
 0.53405521324855E+07
 0.53405521142486E+07
 0.53405527367534E+07
 0.53405516111448E+07
 0.53405524374789E+07
 0.53405553172725E+07
 0.53405549565940E+07
 0.53405565496176E+07
 0.53405552275413E+07
 0.53405553557401E+07
 0.53405551122498E+07
 0.53405573861463E+07
 0.53405560472448E+07
 0.53405534349666E+07
 0.53405554327128E+07
 0.53405555561162E+07
 0.53405564915847E+07
 0.53405582186613E+07
 0.53405559669514E+07
 0.53405578910186E+07
 0.53405570989870E+07
 0.53405600920786E+07
 0.53405587417481E+07
 0.53405570270903E+07
 0.53405589436082E+07
 0.53405573030201E+07
 0.53405575329146E+07
 0.53405585518322E+07
 0.53405559707366E+07
 0.53405566392345E+07
 0.53405581505308E+07
 0.53405564390892E+07
 0.53405592607890E+07
 0.53405547526740E+07
 0.53405563803185E+07
 0.53405544125327E+07
 0.53405561964236E+07
 0.53405549960140E+07
 0.53405544416417E+07
 0.53405558217102E+07
 0.53405564205362E+07
 0.53405525886111E+07
 0.53405559488864E+07
 0.53405524862236E+07
 0.53405550216563E+07
 0.53405559532868E+07
 0.53405537825975E+07
 0.53405532072089E+07
 0.53405528410215E+07
 0.53405540655768E+07
 0.53405541030668E+07
 0.53405526796407E+07
 0.53405530815996E+07
 0.53405538532222E+07
 0.53405514049002E+07
 0.53405526434617E+07
 0.53405533779308E+07
 0.53405523001873E+07
 0.53405524216937E+07
 0.53405535688430E+07
 0.53405494881912E+07
 0.53405519467164E+07
 0.53405528215731E+07
 0.53405527193556E+07
 0.53405515716453E+07
 0.53405519935482E+07
 0.53405514045038E+07
 0.53405501447786E+07
 0.53405528087295E+07
 0.53405503927855E+07
 0.53405490522540E+07
 0.53405474358146E+07
 0.53405469145887E+07
 0.53405503210639E+07
 0.53405452746784E+07
 0.53405485638833E+07
 0.53405471822590E+07
 0.53405456253751E+07
 0.53405474978352E+07
 0.53405473322118E+07
 0.53405471942892E+07
 0.53405473716871E+07
 0.53405473726457E+07
