 0.16432730420240E+00
 0.16432730420236E+00
 0.16432730420183E+00
 0.16432730419992E+00
 0.16432730418737E+00
 0.16432730411556E+00
 0.16432730225332E+00
 0.16432729422964E+00
 0.16432726668586E+00
 0.16432719381834E+00
 0.16432703280102E+00
 0.16432672136132E+00
 0.16432618676871E+00
 0.16432532434233E+00
 0.16432404580218E+00
 0.16432220009755E+00
 0.16431968649192E+00
 0.16431637669952E+00
 0.16431213382442E+00
 0.16430683270465E+00
 0.16430025887601E+00
 0.16429244500517E+00
 0.16428316853521E+00
 0.16427230779252E+00
 0.16425971458642E+00
 0.16424527554189E+00
 0.16422878757151E+00
 0.16421032143953E+00
 0.16418966204305E+00
 0.16416658542875E+00
 0.16414084436147E+00
 0.16411260640864E+00
 0.16408145463344E+00
 0.16404712357827E+00
 0.16400996820384E+00
 0.16396936961692E+00
 0.16392536045384E+00
 0.16387748425262E+00
 0.16382605969704E+00
 0.16377109953522E+00
 0.16371114065492E+00
 0.16364733490180E+00
 0.16357941206871E+00
 0.16350694371267E+00
 0.16342924332421E+00
 0.16334702596374E+00
 0.16326067205132E+00
 0.16316948237174E+00
 0.16307294405606E+00
 0.16297124701668E+00
 0.16286507522218E+00
 0.16275349145317E+00
 0.16263717378964E+00
 0.16251565884454E+00
 0.16238850002900E+00
 0.16225631096820E+00
 0.16211933829119E+00
 0.16197617217472E+00
 0.16182843175462E+00
 0.16167660689232E+00
 0.16151570503385E+00
 0.16135317379701E+00
 0.16118501570225E+00
 0.16100907175614E+00
 0.16083077529371E+00
 0.16064281761967E+00
 0.16045138925903E+00
 0.16025867198246E+00
 0.16005602682187E+00
 0.15985071893374E+00
 0.15963479143907E+00
 0.15941482621999E+00
 0.15919413770065E+00
 0.15895937862988E+00
 0.15872438452003E+00
 0.15847922905893E+00
 0.15822901940142E+00
 0.15796888334388E+00
 0.15770985862639E+00
 0.15743627747832E+00
 0.15715815679802E+00
 0.15687305803235E+00
 0.15658184758031E+00
 0.15628158491516E+00
 0.15596658212115E+00
 0.15564964139007E+00
 0.15532434521002E+00
 0.15498448887441E+00
 0.15463629524997E+00
 0.15427491995045E+00
 0.15391152537042E+00
 0.15353794757883E+00
 0.15314546577193E+00
 0.15273811930341E+00
 0.15232986762131E+00
 0.15191039424181E+00
 0.15146530523927E+00
 0.15101660730252E+00
 0.15054934669885E+00
 0.15006996985052E+00
 0.14956871023903E+00
 0.14905890662420E+00
 0.14853314846811E+00
 0.14798400393384E+00
 0.14741249970002E+00
 0.14682804694144E+00
 0.14623051190553E+00
 0.14559593286437E+00
 0.14494541128977E+00
 0.14428031935053E+00
 0.14359467085519E+00
 0.14287543947807E+00
 0.14213377712963E+00
 0.14136067664642E+00
 0.14055213395967E+00
 0.13972479656049E+00
 0.13886603669425E+00
 0.13797329649392E+00
 0.13703964614261E+00
 0.13607272365276E+00
 0.13507232915686E+00
 0.13403670785511E+00
 0.13294029560006E+00
 0.13179784304307E+00
 0.13062040177851E+00
 0.12939975971350E+00
 0.12812932950250E+00
 0.12678185494229E+00
 0.12537971115149E+00
 0.12392805281423E+00
 0.12240599557069E+00
 0.12079727277183E+00
 0.11913681425133E+00
 0.11738395287020E+00
 0.11553215434147E+00
 0.11361562269196E+00
 0.11157250876686E+00
 0.10943142795802E+00
 0.10717904997613E+00
 0.10482212838155E+00
 0.10234915435316E+00
 0.99725788795728E-01
 0.96968447823154E-01
 0.94072244021974E-01
 0.91017318504023E-01
 0.87826145085830E-01
 0.84457321819658E-01
 0.80945943968945E-01
 0.77272102984201E-01
 0.73437733470651E-01
 0.69530260906070E-01
 0.65480635037875E-01
 0.61327700562129E-01
 0.57171517270574E-01
 0.52996859640271E-01
 0.48897173964234E-01
 0.44889655402496E-01
 0.41048908777846E-01
 0.37382442661053E-01
 0.33961651389294E-01
 0.30798496937249E-01
 0.27885894718146E-01
 0.25240368183208E-01
 0.22854723416496E-01
 0.20721973504124E-01
 0.18807071375171E-01
 0.17101129824440E-01
 0.15581788022060E-01
 0.14227107769630E-01
 0.13021636961656E-01
 0.11950353453484E-01
 0.10986696753866E-01
 0.10126596390603E-01
 0.93608047771277E-02
 0.86675472492772E-02
 0.80429195497636E-02
 0.74840473356164E-02
 0.69739546944972E-02
 0.65133875050341E-02
 0.60911822719590E-02
 0.57128333043310E-02
 0.53635110333868E-02
 0.50455722999435E-02
 0.47501605761161E-02
 0.44823839973856E-02
 0.42333129710613E-02
 0.40062992295010E-02
 0.37948649979554E-02
 0.35996301709877E-02
 0.34180216071829E-02
 0.32498009059833E-02
 0.30922736463747E-02
 0.29455589386502E-02
 0.28089166181203E-02
 0.26817606465958E-02
 0.25631129623735E-02
 0.24513692650623E-02
 0.23459622275346E-02
 0.22472144443748E-02
 0.21548979456252E-02
 0.20675710992031E-02
 0.19855139641726E-02
 0.19074044492572E-02
 0.18343507235602E-02
 0.17645052762050E-02
 0.16992682828182E-02
 0.16368862967904E-02
 0.15776788373206E-02
 0.15216610839116E-02
 0.14685634536174E-02
 0.14178950228602E-02
 0.13697207143426E-02
 0.13235591102911E-02
 0.12800219703018E-02
 0.12384087058923E-02
 0.11986092592256E-02
 0.11607082286201E-02
 0.11243443424581E-02
 0.10898230830453E-02
 0.10565101671659E-02
 0.10248416498690E-02
 0.99432643195028E-03
 0.96495694536723E-03
 0.93708590640691E-03
 0.91014279540940E-03
 0.88446669849216E-03
 0.85974069054560E-03
 0.83598986812377E-03
 0.81303698275348E-03
 0.79111682570692E-03
 0.77009304434051E-03
 0.74962154563039E-03
 0.72997293087405E-03
 0.71112629000030E-03
 0.69277141712040E-03
 0.67526440743265E-03
 0.65829687201206E-03
 0.64199190192306E-03
 0.62610991814281E-03
 0.61088125262286E-03
 0.59618280905558E-03
 0.58190730994564E-03
 0.56815441450751E-03
 0.55485483453797E-03
 0.54192273919794E-03
 0.52950734631997E-03
 0.51735749271192E-03
 0.50565460206855E-03
 0.49434273331781E-03
 0.48332684938500E-03
 0.47274936271617E-03
 0.46237457238716E-03
 0.45238033272993E-03
 0.44267963289950E-03
 0.43324376952656E-03
 0.42410659638371E-03
 0.41520991320023E-03
 0.40656189585173E-03
 0.39825026421027E-03
 0.39005123206217E-03
 0.38217502345659E-03
 0.37442883692840E-03
 0.36696270680143E-03
 0.35970346876784E-03
 0.35264618249931E-03
 0.34573500329593E-03
 0.33902719389504E-03
 0.33248780436717E-03
 0.32614576713866E-03
 0.31996921715570E-03
 0.31394860787104E-03
 0.30808877645615E-03
 0.30234664404660E-03
 0.29675073883930E-03
 0.29134306615283E-03
 0.28603691885918E-03
 0.28087510435326E-03
 0.27586550729050E-03
 0.27092418785135E-03
 0.26611183977006E-03
 0.26144360671056E-03
 0.25688131229630E-03
 0.25240495111492E-03
 0.24806182290931E-03
 0.24381719162146E-03
 0.23964547219660E-03
 0.23560611265586E-03
 0.23163573274804E-03
 0.22777607688762E-03
 0.22400546860378E-03
 0.22029318006763E-03
 0.21670200067919E-03
 0.21315155215937E-03
 0.20970140590634E-03
 0.20632769103685E-03
 0.20302060933691E-03
 0.19978405249765E-03
 0.19662018590199E-03
 0.19351787871628E-03
 0.19049146365554E-03
