 0.30964654458033E+03
 0.30964654458037E+03
 0.30964654458102E+03
 0.30964654462233E+03
 0.30964654557380E+03
 0.30964654936996E+03
 0.30964653212187E+03
 0.30964635945306E+03
 0.30964566553023E+03
 0.30964377523013E+03
 0.30963970462720E+03
 0.30963222550581E+03
 0.30961998037095E+03
 0.30960155328442E+03
 0.30957561171745E+03
 0.30954086596110E+03
 0.30949625382196E+03
 0.30944084647998E+03
 0.30937388598088E+03
 0.30929479833226E+03
 0.30918212737275E+03
 0.30907210096147E+03
 0.30894874957447E+03
 0.30881207595308E+03
 0.30866216911772E+03
 0.30849925083542E+03
 0.30832352326775E+03
 0.30813558396341E+03
 0.30793577935556E+03
 0.30772449447869E+03
 0.30750214851196E+03
 0.30726967685166E+03
 0.30702738239670E+03
 0.30677575716909E+03
 0.30651603007205E+03
 0.30624830866607E+03
 0.30597344779534E+03
 0.30569172897607E+03
 0.30540428300264E+03
 0.30511186966748E+03
 0.30481354794160E+03
 0.30451127840587E+03
 0.30420536287487E+03
 0.30389587494063E+03
 0.30358256138482E+03
 0.30326666065248E+03
 0.30294896656014E+03
 0.30262903514411E+03
 0.30230656624932E+03
 0.30198197692719E+03
 0.30165616605975E+03
 0.30132821091440E+03
 0.30099889075814E+03
 0.30066771993871E+03
 0.30033415867878E+03
 0.29999880176883E+03
 0.29966178654997E+03
 0.29932145954373E+03
 0.29897938492574E+03
 0.29863585374676E+03
 0.29828535273923E+03
 0.29793554797037E+03
 0.29758193429441E+03
 0.29722197164085E+03
 0.29686110777688E+03
 0.29649137232527E+03
 0.29611899973724E+03
 0.29574595004204E+03
 0.29536289505651E+03
 0.29497715366900E+03
 0.29458012376830E+03
 0.29417840038601E+03
 0.29377518749374E+03
 0.29335623231664E+03
 0.29293576407994E+03
 0.29250315158199E+03
 0.29206349754863E+03
 0.29161146685196E+03
 0.29115831543086E+03
 0.29068756620360E+03
 0.29020939384612E+03
 0.28972107635837E+03
 0.28922332402738E+03
 0.28871290923147E+03
 0.28818376930597E+03
 0.28764899111235E+03
 0.28710179098389E+03
 0.28653558125936E+03
 0.28595668342464E+03
 0.28535996402887E+03
 0.28475683882809E+03
 0.28413871688926E+03
 0.28349649379969E+03
 0.28283423851632E+03
 0.28216626613563E+03
 0.28148184668196E+03
 0.28076599214446E+03
 0.28004137119943E+03
 0.27929242397033E+03
 0.27852576616283E+03
 0.27773111252335E+03
 0.27692230950691E+03
 0.27609154639209E+03
 0.27523104704021E+03
 0.27434177726239E+03
 0.27343342645206E+03
 0.27250584731208E+03
 0.27153388094830E+03
 0.27053955073927E+03
 0.26952408392359E+03
 0.26848124205290E+03
 0.26739720435590E+03
 0.26628365962595E+03
 0.26513092331817E+03
 0.26393479285209E+03
 0.26271236506152E+03
 0.26145050874860E+03
 0.26014622460182E+03
 0.25879203271050E+03
 0.25739591177594E+03
 0.25595733392719E+03
 0.25447418320972E+03
 0.25291942976682E+03
 0.25130824709765E+03
 0.24965204100235E+03
 0.24794190107335E+03
 0.24617053214032E+03
 0.24430870168854E+03
 0.24237984208819E+03
 0.24038906779259E+03
 0.23831382119108E+03
 0.23613646494938E+03
 0.23389407313745E+03
 0.23154272600607E+03
 0.22907537826764E+03
 0.22652841877526E+03
 0.22383578982125E+03
 0.22102833634016E+03
 0.21809216996991E+03
 0.21503570786637E+03
 0.21186690705033E+03
 0.20848657181572E+03
 0.20499369358028E+03
 0.20134722994324E+03
 0.19753843953375E+03
 0.19359837175884E+03
 0.18949356004710E+03
 0.18527339103798E+03
 0.18093376171060E+03
 0.17649799297725E+03
 0.17207859494645E+03
 0.16763790695714E+03
 0.16325242226001E+03
 0.15905553562529E+03
 0.15507810211992E+03
 0.15144347916228E+03
 0.14820688443985E+03
 0.14545569580762E+03
 0.14322027882867E+03
 0.14154812222130E+03
 0.14043416051079E+03
 0.13985647365420E+03
 0.13978369902683E+03
 0.14016785051131E+03
 0.14095143621639E+03
 0.14208833284981E+03
 0.14352200982497E+03
 0.14520645446848E+03
 0.14710316471498E+03
 0.14917165836982E+03
 0.15137499460132E+03
 0.15371273222195E+03
 0.15614240112531E+03
 0.15863319055705E+03
 0.16120714781908E+03
 0.16383615395522E+03
 0.16648449720474E+03
 0.16919085108443E+03
 0.17191418755209E+03
 0.17468485259960E+03
 0.17742897669881E+03
 0.18021802890515E+03
 0.18300454303793E+03
 0.18583871992981E+03
 0.18864404603050E+03
 0.19148507272506E+03
 0.19429830501475E+03
 0.19713750537159E+03
 0.19997349784395E+03
 0.20282148222079E+03
 0.20566459074050E+03
 0.20852893617632E+03
 0.21139531458899E+03
 0.21425909780468E+03
 0.21711322777636E+03
 0.21996075604740E+03
 0.22282417031265E+03
 0.22570539939367E+03
 0.22858180654691E+03
 0.23144351143305E+03
 0.23432034065519E+03
 0.23719074392370E+03
 0.24008869949608E+03
 0.24296156622016E+03
 0.24586898430330E+03
 0.24874214707610E+03
 0.25164464898507E+03
 0.25455390681839E+03
 0.25745831266372E+03
 0.26036057920220E+03
 0.26327761823177E+03
 0.26619728238758E+03
 0.26914016907188E+03
 0.27205875249659E+03
 0.27498854379910E+03
 0.27792993997093E+03
 0.28086870611746E+03
 0.28382469603509E+03
 0.28676543533874E+03
 0.28973653028541E+03
 0.29269324527168E+03
 0.29567297098189E+03
 0.29867160223014E+03
 0.30164615347477E+03
 0.30464887262576E+03
 0.30763665059731E+03
 0.31063829216166E+03
 0.31364518934878E+03
 0.31667412688718E+03
 0.31968879129994E+03
 0.32269990404769E+03
 0.32575130392597E+03
 0.32879965558419E+03
 0.33184137278087E+03
 0.33492104107105E+03
 0.33797524154305E+03
 0.34105010213838E+03
 0.34411916304797E+03
 0.34722213474836E+03
 0.35031088715061E+03
 0.35340371014588E+03
 0.35651843179109E+03
 0.35962987882957E+03
 0.36274808986988E+03
 0.36588925485774E+03
 0.36901331696732E+03
 0.37217810914230E+03
 0.37533420144326E+03
 0.37849124746983E+03
 0.38167128682253E+03
 0.38482999654075E+03
 0.38803211352681E+03
 0.39122135576921E+03
 0.39441979689048E+03
 0.39763372556898E+03
 0.40084822041124E+03
 0.40407958327997E+03
 0.40732215209808E+03
 0.41053903880816E+03
 0.41381161155236E+03
 0.41705567190034E+03
 0.42034485561130E+03
 0.42361446110916E+03
 0.42689126449095E+03
 0.43017401381304E+03
 0.43348576619258E+03
 0.43679713684060E+03
 0.44012190737058E+03
 0.44344240175802E+03
 0.44677124200424E+03
 0.45011068342709E+03
 0.45345532729666E+03
 0.45682676457242E+03
 0.46020680055251E+03
 0.46356660810522E+03
 0.46695560494182E+03
 0.47034506153591E+03
 0.47372631027433E+03
 0.47715261108522E+03
 0.48058174681300E+03
 0.48399933923449E+03
 0.48742969323419E+03
 0.49088578891874E+03
 0.49432917230617E+03
 0.49778370285253E+03
 0.50126813024072E+03
 0.50473136204332E+03
 0.50822351817831E+03
 0.51170663064876E+03
 0.51519671511933E+03
 0.51872006961892E+03
 0.52221608255692E+03
 0.52575855197907E+03
 0.52928818342271E+03
 0.53282559644718E+03
 0.53637889298834E+03
 0.53994222672175E+03
 0.54351110634826E+03
 0.54709583581538E+03
 0.55067785016011E+03
