 0.68078073132365E+03
 0.68078073132365E+03
 0.68078073132365E+03
 0.68078073132365E+03
 0.68078073132365E+03
 0.68078077442978E+03
 0.68078114837779E+03
 0.68077935927660E+03
 0.68077870938202E+03
 0.68078667953001E+03
 0.68065784775778E+03
 0.68085097818366E+03
 0.68089076619930E+03
 0.68082913945398E+03
 0.68076670205368E+03
 0.68067849202368E+03
 0.68099516790277E+03
 0.68086856031938E+03
 0.68086996103501E+03
 0.68078399926303E+03
 0.68079144851245E+03
 0.68096970762841E+03
 0.68079752352246E+03
 0.68081499939322E+03
 0.68082364890148E+03
 0.68090344993284E+03
 0.68087214687488E+03
 0.68084905965572E+03
 0.68067449728161E+03
 0.68110347186522E+03
 0.68092232886552E+03
 0.68105640696138E+03
 0.68081786855849E+03
 0.68169116599260E+03
 0.68050506619681E+03
 0.68129014310112E+03
 0.68113631476134E+03
 0.68123184820267E+03
 0.68172308430767E+03
 0.68098195004103E+03
 0.68169331650488E+03
 0.68180632318070E+03
 0.68074993703542E+03
 0.67193297963316E+03
 0.68118167835503E+03
 0.68132459584699E+03
 0.68109498904460E+03
 0.68088734483988E+03
 0.67474838212531E+03
 0.67378908401495E+03
 0.67543602760630E+03
 0.68151761369925E+03
 0.67952250512180E+03
 0.67194418896768E+03
 0.67416864721967E+03
 0.67435417056905E+03
 0.67416759053425E+03
 0.68116036541687E+03
 0.67236086633256E+03
 0.67298837337157E+03
 0.68033851382986E+03
 0.67804386063600E+03
 0.68014456641912E+03
 0.67586600736702E+03
 0.68178325494214E+03
 0.67431085850531E+03
 0.67784273448126E+03
 0.67300759186929E+03
 0.67289606813914E+03
 0.67816156032454E+03
 0.67487315349219E+03
 0.68038462613773E+03
 0.67564352119635E+03
 0.68019907025518E+03
 0.67228082892512E+03
 0.68059239123268E+03
 0.67900945667528E+03
 0.67284841197038E+03
 0.67951063486327E+03
 0.67768118491069E+03
 0.68033387395105E+03
 0.67518642823175E+03
 0.67281405648317E+03
 0.68044472669922E+03
 0.67731665443742E+03
 0.67961079791900E+03
 0.67486192191414E+03
 0.67796939448188E+03
 0.67787939170443E+03
 0.68101557981700E+03
 0.67511395720703E+03
 0.68538395831220E+03
 0.67953346704973E+03
 0.67612048156244E+03
 0.67982846042138E+03
 0.68562880589195E+03
 0.68480026931279E+03
 0.67873715900647E+03
 0.68039182155070E+03
 0.68066642720416E+03
 0.68404650348724E+03
 0.68461695094559E+03
 0.68724072305503E+03
 0.68297507706667E+03
 0.68760049343450E+03
 0.68211079645635E+03
 0.68621517045844E+03
 0.68942415647452E+03
 0.69146554647230E+03
 0.68971270242460E+03
 0.68705515683979E+03
 0.69537672478090E+03
 0.69030938992467E+03
 0.68987505237755E+03
 0.70042455079848E+03
 0.69781306701943E+03
 0.69058735247740E+03
 0.69492288635422E+03
 0.69277672564715E+03
 0.70229505582709E+03
 0.69840970260293E+03
 0.69545496616127E+03
 0.70652434695200E+03
 0.69827194808444E+03
 0.70830145631856E+03
 0.70897923186851E+03
 0.70710301796207E+03
 0.71139669945877E+03
 0.70571337877652E+03
 0.70923544699032E+03
 0.71624935895135E+03
 0.71753117121784E+03
 0.72171686468547E+03
 0.71624457488319E+03
 0.72065888937310E+03
 0.71345434200725E+03
 0.72625541225305E+03
 0.72528323292820E+03
 0.72384283210761E+03
 0.72421498792766E+03
 0.72630550228411E+03
 0.72914300094657E+03
 0.73237522195258E+03
 0.73051336949076E+03
 0.73369449701138E+03
 0.73152393005786E+03
 0.73292273336342E+03
 0.73571962481074E+03
 0.74437357905132E+03
 0.73718111981162E+03
 0.74898244892422E+03
 0.75242489185278E+03
 0.74479645980935E+03
 0.74471646695800E+03
 0.75613951688427E+03
 0.75767365095350E+03
 0.75740029540011E+03
 0.75951645943614E+03
 0.75742098539058E+03
 0.76898959536284E+03
 0.77006505719569E+03
 0.76322922752784E+03
 0.76776572981470E+03
 0.76904774512615E+03
 0.77909186560983E+03
 0.78266577546596E+03
 0.77473785557371E+03
 0.77611978552941E+03
 0.78064019410719E+03
 0.78101703130584E+03
 0.78340056005803E+03
 0.79337003578538E+03
 0.79694033667712E+03
 0.79081347116292E+03
 0.79103603252813E+03
 0.80370574979643E+03
 0.80493991586197E+03
 0.79771163371660E+03
 0.80313118314527E+03
 0.80516860789047E+03
 0.81614933493738E+03
 0.81639351456971E+03
 0.81454364787495E+03
 0.82502329116283E+03
 0.81443237644234E+03
 0.82895572473495E+03
 0.82893922801655E+03
 0.83139095686239E+03
 0.82593709255029E+03
 0.82531117583102E+03
 0.83164638261042E+03
 0.83538861902879E+03
 0.84306207143484E+03
 0.84486999013468E+03
 0.84922685459095E+03
 0.84502613572236E+03
 0.85260674730420E+03
 0.85281652207700E+03
 0.84785056107764E+03
 0.85200858509486E+03
