 0.10000000133514E-09
 0.10000000133514E-09
 0.10000000133514E-09
 0.10000000133514E-09
 0.10000000133514E-09
 0.10000000133514E-09
 0.10000000133514E-09
 0.10000000133514E-09
 0.10000000133514E-09
 0.10000000133514E-09
 0.10000000133514E-09
 0.10000000133514E-09
 0.10000000133514E-09
 0.10000000133514E-09
 0.10000000133514E-09
 0.10000000133514E-09
 0.10000000133514E-09
 0.55674760479073E-08
 0.55674760479073E-08
 0.95758444455070E-07
 0.23433628289338E-06
 0.44619352709575E-06
 0.80441195086234E-06
 0.13830483826337E-05
 0.22810851520123E-05
 0.36267122634609E-05
 0.55814996908553E-05
 0.83442419063863E-05
 0.12154162402463E-04
 0.17294210353771E-04
 0.24093290341939E-04
 0.32928195017476E-04
 0.44224846107237E-04
 0.58460494145231E-04
 0.76161823856468E-04
 0.97908904738334E-04
 0.12432748314860E-03
 0.15610561078760E-03
 0.19397615532602E-03
 0.23870379566228E-03
 0.29114736006076E-03
 0.35216692626897E-03
 0.42267262930144E-03
 0.50370590269800E-03
 0.59621808103096E-03
 0.70135567512389E-03
 0.82019443987668E-03
 0.95392722314056E-03
 0.11083255510734E-02
 0.12759317777659E-02
 0.14622942821561E-02
 0.16685682955164E-02
 0.18964528052463E-02
 0.21472125055216E-02
 0.24227169112911E-02
 0.27240463075739E-02
 0.30528975671502E-02
 0.34109396078513E-02
 0.38001861143018E-02
 0.42223195977487E-02
 0.46787610818781E-02
 0.51717052352248E-02
 0.57026749467610E-02
 0.62743562469085E-02
 0.68876787448386E-02
 0.75457050759220E-02
 0.82507018399362E-02
 0.90029077600079E-02
 0.98078979529383E-02
 0.10663170979658E-01
 0.11577454180089E-01
 0.12547802118949E-01
 0.13580316363141E-01
 0.14674199718470E-01
 0.15833577479678E-01
 0.17062275948600E-01
 0.18362089364689E-01
 0.19737250244641E-01
 0.21190342665905E-01
 0.22719001738226E-01
 0.24338914164272E-01
 0.26042707810634E-01
 0.27834935460679E-01
 0.29722657647277E-01
 0.31712821433493E-01
 0.33801741040548E-01
 0.35997930122249E-01
 0.38301636124058E-01
 0.40727156157893E-01
 0.43263162475333E-01
 0.45927159961013E-01
 0.48724353756575E-01
 0.51649676951985E-01
 0.54714865220190E-01
 0.57932462148412E-01
 0.61305229923739E-01
 0.64830878204179E-01
 0.68523170527275E-01
 0.72389276802014E-01
 0.76442678792965E-01
 0.80685760941465E-01
 0.85124676781978E-01
 0.89770919070434E-01
 0.94654396599329E-01
 0.99763989376009E-01
 0.10512852213017E+00
 0.11076325901315E+00
 0.11668986866561E+00
 0.12295908532555E+00
 0.12955453719148E+00
 0.13655861570023E+00
 0.14403185507841E+00
 0.15200995256255E+00
 0.16061539852381E+00
 0.16994274074383E+00
 0.17994996243913E+00
 0.19075511337738E+00
 0.20176854186064E+00
 0.21231474043223E+00
 0.22180643841804E+00
 0.23012979662891E+00
 0.23741379324228E+00
 0.24395316856113E+00
 0.24992577263320E+00
 0.25555341396516E+00
 0.26089525679784E+00
 0.26606152359581E+00
 0.27111504702796E+00
 0.27607490085818E+00
 0.28096230127298E+00
 0.28581881785374E+00
 0.29064413251620E+00
 0.29544940372763E+00
 0.30025902577869E+00
 0.30506038244784E+00
 0.30986521634044E+00
 0.31467354131395E+00
 0.31949169367218E+00
 0.32431490136160E+00
 0.32914367986527E+00
 0.33398397480336E+00
 0.33882903807806E+00
 0.34368104563492E+00
 0.34853663097904E+00
 0.35339759002292E+00
 0.35825807152412E+00
 0.36311786388442E+00
 0.36797681219438E+00
 0.37282994090457E+00
 0.37768134570655E+00
 0.38251914660264E+00
 0.38734939078295E+00
 0.39216661853603E+00
 0.39697034214874E+00
 0.40175712005780E+00
 0.40652555813000E+00
 0.41127481128555E+00
 0.41600218545059E+00
 0.42070559364935E+00
 0.42538511831554E+00
 0.43003735231508E+00
 0.43466187549576E+00
 0.43925725559350E+00
 0.44382057967174E+00
 0.44835279815063E+00
 0.45285352819150E+00
 0.45731769226117E+00
 0.46174796588136E+00
 0.46614347862898E+00
 0.47050191684793E+00
 0.47482261504682E+00
 0.47910612676742E+00
 0.48335063616320E+00
 0.48755822445946E+00
 0.49172433074837E+00
 0.49585208502510E+00
 0.49994068910204E+00
 0.50398952631672E+00
 0.50799748140920E+00
 0.51196536362554E+00
 0.51589421403431E+00
 0.51978248873566E+00
 0.52363056656813E+00
 0.52743818829730E+00
 0.53120593729927E+00
 0.53493450525709E+00
 0.53862364354247E+00
 0.54227307875999E+00
 0.54588427310912E+00
 0.54945641443816E+00
 0.55298905094111E+00
 0.55648403432277E+00
 0.55994166179401E+00
 0.56336163242953E+00
 0.56674401619438E+00
 0.57008971215652E+00
 0.57339908164132E+00
 0.57667178368555E+00
 0.57990922972359E+00
 0.58311177180690E+00
