 0.53405556261975E+07
 0.53405556261975E+07
 0.53405556261975E+07
 0.53405556261975E+07
 0.53405556261975E+07
 0.53405556261975E+07
 0.53405556261975E+07
 0.53405556261975E+07
 0.53405556261975E+07
 0.53405556261975E+07
 0.53405556261974E+07
 0.53405556261972E+07
 0.53405556261968E+07
 0.53405556261971E+07
 0.53405556261967E+07
 0.53405556261965E+07
 0.53405556261961E+07
 0.53405556261959E+07
 0.53405556261929E+07
 0.53405556261908E+07
 0.53405556261915E+07
 0.53405556261890E+07
 0.53405556261840E+07
 0.53405556261801E+07
 0.53405556261750E+07
 0.53405556261682E+07
 0.53405556261569E+07
 0.53405556261582E+07
 0.53405556261574E+07
 0.53405556261316E+07
 0.53405556261215E+07
 0.53405556261038E+07
 0.53405556260823E+07
 0.53405556260628E+07
 0.53405556260275E+07
 0.53405556260435E+07
 0.53405556259334E+07
 0.53405556260087E+07
 0.53405556260370E+07
 0.53405556260119E+07
 0.53405556260313E+07
 0.53405556259433E+07
 0.53405556256176E+07
 0.53405556256182E+07
 0.53405556253807E+07
 0.53405556255466E+07
 0.53405556254143E+07
 0.53405556252318E+07
 0.53405556251521E+07
 0.53405556251211E+07
 0.53405556249801E+07
 0.53405556248198E+07
 0.53405556248052E+07
 0.53405556238965E+07
 0.53405556262753E+07
 0.53405556258926E+07
 0.53405556252214E+07
 0.53405556231311E+07
 0.53405556225772E+07
 0.53405556255051E+07
 0.53405556233424E+07
 0.53405556233185E+07
 0.53405556225817E+07
 0.53405556235155E+07
 0.53405556213771E+07
 0.53405556169178E+07
 0.53405556218374E+07
 0.53405556082439E+07
 0.53405556236515E+07
 0.53405556044766E+07
 0.53405556171584E+07
 0.53405556125284E+07
 0.53405556361901E+07
 0.53405556211846E+07
 0.53405556133463E+07
 0.53405556254693E+07
 0.53405556082469E+07
 0.53405556058055E+07
 0.53405556355065E+07
 0.53405555806217E+07
 0.53405556099277E+07
 0.53405556292969E+07
 0.53405555759022E+07
 0.53405555705743E+07
 0.53405555741938E+07
 0.53405556126925E+07
 0.53405555702763E+07
 0.53405555598952E+07
 0.53405556236506E+07
 0.53405555885857E+07
 0.53405555393463E+07
 0.53405556667439E+07
 0.53405555328992E+07
 0.53405555178607E+07
 0.53405555497828E+07
 0.53405555950023E+07
 0.53405555881736E+07
 0.53405556060629E+07
 0.53405555649066E+07
 0.53405556108038E+07
 0.53405555987393E+07
 0.53405556032122E+07
 0.53405555390350E+07
 0.53405556174293E+07
 0.53405556863048E+07
 0.53405555801052E+07
 0.53405555133390E+07
 0.53405556049525E+07
 0.53405557729599E+07
 0.53405554653397E+07
 0.53405555395415E+07
 0.53405556968506E+07
 0.53405555104250E+07
 0.53405555497730E+07
 0.53405557470663E+07
 0.53405549650502E+07
 0.53405557918035E+07
 0.53405558616394E+07
 0.53405556763748E+07
 0.53405557393842E+07
 0.53405557581179E+07
 0.53405558685849E+07
 0.53405561670138E+07
 0.53405557155016E+07
 0.53405559357204E+07
 0.53405553939586E+07
 0.53405547671031E+07
 0.53405554580919E+07
 0.53405564232196E+07
 0.53405557522026E+07
 0.53405563586940E+07
 0.53405563643082E+07
 0.53405558802664E+07
 0.53405565175720E+07
 0.53405564850070E+07
 0.53405559272112E+07
 0.53405554047522E+07
 0.53405562705595E+07
 0.53405563846906E+07
 0.53405557564390E+07
 0.53405552299165E+07
 0.53405558513595E+07
 0.53405564237295E+07
 0.53405555113271E+07
 0.53405563998492E+07
 0.53405567485547E+07
 0.53405545564482E+07
 0.53405563353304E+07
 0.53405567305807E+07
 0.53405593849537E+07
 0.53405545410207E+07
 0.53405577412099E+07
 0.53405562267146E+07
 0.53405563936245E+07
 0.53405574638377E+07
 0.53405554775329E+07
 0.53405558313418E+07
 0.53405551928333E+07
 0.53405534254007E+07
 0.53405558957376E+07
 0.53405552547147E+07
 0.53405546433602E+07
 0.53405564505070E+07
 0.53405554262781E+07
 0.53405557348371E+07
 0.53405569740371E+07
 0.53405546404653E+07
 0.53405547429082E+07
 0.53405546287242E+07
 0.53405550425681E+07
 0.53405553238145E+07
 0.53405564647142E+07
 0.53405549714731E+07
 0.53405539294833E+07
 0.53405528452034E+07
 0.53405537302982E+07
 0.53405546207318E+07
 0.53405550242868E+07
 0.53405534781585E+07
 0.53405532655088E+07
 0.53405540359914E+07
 0.53405537504849E+07
 0.53405547306015E+07
 0.53405546412816E+07
 0.53405536976577E+07
 0.53405534837050E+07
 0.53405541328347E+07
 0.53405547671148E+07
 0.53405522728106E+07
 0.53405537213635E+07
 0.53405527918534E+07
 0.53405529463672E+07
 0.53405541408067E+07
 0.53405534832257E+07
 0.53405514505592E+07
 0.53405524631367E+07
 0.53405520420813E+07
 0.53405516597392E+07
 0.53405517198475E+07
 0.53405538695581E+07
