 0.98445526788544E+00
 0.98445526788544E+00
 0.98445526788544E+00
 0.98445526788544E+00
 0.98445526788544E+00
 0.98445526788544E+00
 0.98445526788544E+00
 0.98445526788544E+00
 0.98445526788544E+00
 0.98445524117202E+00
 0.98445644462219E+00
 0.98445474659539E+00
 0.98445353785076E+00
 0.98445434386831E+00
 0.98445270496311E+00
 0.98445338818560E+00
 0.98445295250129E+00
 0.98445486664520E+00
 0.98445416196184E+00
 0.98445289072232E+00
 0.98445355309864E+00
 0.98445475728037E+00
 0.98445432953585E+00
 0.98445154454734E+00
 0.98445078510554E+00
 0.98445297348158E+00
 0.98445380260766E+00
 0.98445206462217E+00
 0.98445047440052E+00
 0.98445320240463E+00
 0.98445607681962E+00
 0.98445005530836E+00
 0.98446111443022E+00
 0.98446239790005E+00
 0.98445604113234E+00
 0.98446612818618E+00
 0.98445953209990E+00
 0.98445894712576E+00
 0.98446914436104E+00
 0.98445959022594E+00
 0.98445264186142E+00
 0.98446786579020E+00
 0.98445609000986E+00
 0.98447155014144E+00
 0.98447996248303E+00
 0.98448087527285E+00
 0.98447889828629E+00
 0.98446972760626E+00
 0.98446039992170E+00
 0.98447870787868E+00
 0.98446035174768E+00
 0.98448422555833E+00
 0.98447197680538E+00
 0.98446864076010E+00
 0.98446948596355E+00
 0.98448564171837E+00
 0.98443765702794E+00
 0.98445799937704E+00
 0.98448452142621E+00
 0.98447677000587E+00
 0.98448522869245E+00
 0.98448346896560E+00
 0.98444493194621E+00
 0.98447844125159E+00
 0.98442782641513E+00
 0.98448047228328E+00
 0.98448378089394E+00
 0.98440632125831E+00
 0.98448539695610E+00
 0.98442533482774E+00
 0.98447429489263E+00
 0.98446492341685E+00
 0.98445400443045E+00
 0.98447577449444E+00
 0.98442769556998E+00
 0.98448486044548E+00
 0.98446694732993E+00
 0.98443200043165E+00
 0.98442207129041E+00
 0.98442663700262E+00
 0.98443833901161E+00
 0.98444822324411E+00
 0.98447639839746E+00
 0.98443740909992E+00
 0.98444191229168E+00
 0.98447626384762E+00
 0.98442696116516E+00
 0.98440488429454E+00
 0.98442409255685E+00
 0.98443501761213E+00
 0.98446691639291E+00
 0.98446736082669E+00
 0.98442454457710E+00
 0.98447512254653E+00
 0.98441988142343E+00
 0.98443599346744E+00
 0.98443431012494E+00
 0.98442507139554E+00
 0.98448042554778E+00
 0.98448101151716E+00
 0.98443105301393E+00
 0.98443228343483E+00
 0.98444471682476E+00
 0.98444453982421E+00
 0.98446490308047E+00
 0.98447100222403E+00
 0.98445889526930E+00
 0.98441757913884E+00
 0.98441199468292E+00
 0.98445812432385E+00
 0.98450709126918E+00
 0.98446937232215E+00
 0.98451478596160E+00
 0.98447378205282E+00
 0.98449512859857E+00
 0.98448686060353E+00
 0.98450911600759E+00
 0.98451126053596E+00
 0.98449437405634E+00
 0.98453268956890E+00
 0.98454501080626E+00
 0.98456901302637E+00
 0.98458801272200E+00
 0.98463213589269E+00
 0.98466405647249E+00
 0.98466096625224E+00
 0.98469074882447E+00
 0.98471716329691E+00
 0.98478912223631E+00
 0.98482581884951E+00
 0.98480301382139E+00
 0.98484550907410E+00
 0.98490299630475E+00
 0.98493539163389E+00
 0.98497358959322E+00
 0.98501842741774E+00
 0.98512329619476E+00
 0.98510682688705E+00
 0.98520542801746E+00
 0.98519686115854E+00
 0.98526070884481E+00
 0.98530170464029E+00
 0.98538070400107E+00
 0.98541414091838E+00
 0.98539719260045E+00
 0.98547696003520E+00
 0.98547131037209E+00
 0.98550450601638E+00
 0.98551877722709E+00
 0.98554914966992E+00
 0.98555386216851E+00
 0.98558436330620E+00
 0.98558505498722E+00
 0.98562043121529E+00
 0.98559984220505E+00
 0.98562319746321E+00
 0.98556214052489E+00
 0.98558733823326E+00
 0.98555219122815E+00
 0.98551623737387E+00
 0.98546812453356E+00
 0.98545209724402E+00
 0.98544950472230E+00
 0.98536634297076E+00
 0.98524913244986E+00
 0.98521588262175E+00
 0.98511391535030E+00
 0.98502874825988E+00
 0.98498267570474E+00
 0.98481673273551E+00
 0.98470052150902E+00
 0.98455485809652E+00
 0.98443973724546E+00
 0.98428933394358E+00
 0.98415094336937E+00
 0.98400001928178E+00
 0.98373489108351E+00
 0.98359964424568E+00
 0.98336049778290E+00
 0.98316779637959E+00
 0.98294726102739E+00
 0.98266018602974E+00
 0.98244114471808E+00
 0.98212321841166E+00
 0.98188346122909E+00
 0.98149470398824E+00
 0.98128482122373E+00
 0.98089594527077E+00
 0.98054533966379E+00
 0.98018566465308E+00
 0.97985450770456E+00
 0.97944618549894E+00
 0.97910310040815E+00
 0.97868751486114E+00
 0.97818408697101E+00
 0.97773745106817E+00
 0.97735718232736E+00
 0.97685704400855E+00
 0.97636527325596E+00
 0.97582453431345E+00
 0.97532487760599E+00
 0.97478127837050E+00
 0.97427065742872E+00
 0.97376044321833E+00
 0.97319973410765E+00
 0.97258981812088E+00
 0.97198590507606E+00
 0.97135875457802E+00
 0.97068307091843E+00
 0.97006007838495E+00
 0.96943413849475E+00
 0.96877757345667E+00
 0.96803669521730E+00
 0.96734348857365E+00
 0.96660522135752E+00
 0.96591300514469E+00
 0.96514865969527E+00
 0.96439247067173E+00
 0.96359179051787E+00
 0.96283699272143E+00
 0.96205128631117E+00
 0.96123893747198E+00
 0.96044836295206E+00
 0.95959495150605E+00
 0.95880116454779E+00
 0.95781801856581E+00
 0.95701427878772E+00
 0.95608218301284E+00
 0.95519638923440E+00
 0.95433061249150E+00
 0.95344289100718E+00
 0.95247038028300E+00
 0.95152602328046E+00
 0.95059444298162E+00
 0.94959277594587E+00
 0.94864050740349E+00
 0.94762747022101E+00
 0.94668260011184E+00
 0.94568422268704E+00
 0.94465646619347E+00
 0.94358264669865E+00
 0.94252668732332E+00
 0.94145864858264E+00
 0.94035876305960E+00
 0.93934188319937E+00
 0.93831679458709E+00
 0.93716506864589E+00
 0.93606777370966E+00
 0.93504785018555E+00
 0.93379394475899E+00
 0.93271690906085E+00
 0.93158557409685E+00
 0.93052778371532E+00
 0.92932152620467E+00
 0.92816584390644E+00
 0.92699052480663E+00
 0.92585510242702E+00
 0.92470870767973E+00
 0.92345926176321E+00
 0.92224201131861E+00
 0.92102665326299E+00
 0.91990637213059E+00
 0.91868343960873E+00
 0.91736944732287E+00
 0.91616493648813E+00
 0.91498616345627E+00
 0.91377357406536E+00
 0.91250752329205E+00
 0.91112945444075E+00
 0.90993516171146E+00
 0.90865473148831E+00
 0.90735587818852E+00
 0.90610981839788E+00
 0.90483413986259E+00
 0.90349527178743E+00
 0.90233052123454E+00
 0.90096979649806E+00
 0.89971067718053E+00
 0.89835421945698E+00
 0.89697854708739E+00
 0.89570632289090E+00
 0.89447430110494E+00
 0.89313750035717E+00
 0.89183624492895E+00
 0.89037994264371E+00
 0.88916749786061E+00
 0.88769378467960E+00
 0.88647180188087E+00
 0.88515147043769E+00
 0.88369856657837E+00
 0.88234312487303E+00
 0.88110049310188E+00
 0.87965072311995E+00
 0.87828524457808E+00
 0.87685591041018E+00
 0.87555875832071E+00
 0.87416872447853E+00
 0.87287788045173E+00
 0.87149221122736E+00
 0.87008838773302E+00
