 0.10189891284960E+00
 0.10189891284961E+00
 0.10189891284978E+00
 0.10189891285078E+00
 0.10189891285480E+00
 0.10189891286596E+00
 0.10189891261479E+00
 0.10189891145552E+00
 0.10189890729663E+00
 0.10189889613219E+00
 0.10189887143470E+00
 0.10189882426970E+00
 0.10189874225036E+00
 0.10189861152825E+00
 0.10189841759610E+00
 0.10189814120175E+00
 0.10189776652561E+00
 0.10189727643457E+00
 0.10189665368201E+00
 0.10189588117056E+00
 0.10189493473278E+00
 0.10189381577643E+00
 0.10189249858391E+00
 0.10189097151015E+00
 0.10188921621572E+00
 0.10188722029222E+00
 0.10188496272312E+00
 0.10188245737988E+00
 0.10187967715209E+00
 0.10187660010499E+00
 0.10187319749031E+00
 0.10186949703862E+00
 0.10186544934532E+00
 0.10186102661158E+00
 0.10185627708431E+00
 0.10185112681752E+00
 0.10184558630136E+00
 0.10183959795038E+00
 0.10183321425113E+00
 0.10182643639934E+00
 0.10181907889468E+00
 0.10181129140154E+00
 0.10180304747212E+00
 0.10179429668469E+00
 0.10178494637828E+00
 0.10177509472118E+00
 0.10176480678714E+00
 0.10175398182696E+00
 0.10174255886168E+00
 0.10173057124158E+00
 0.10171811939090E+00
 0.10170507830501E+00
 0.10169155884138E+00
 0.10167748978478E+00
 0.10166283987916E+00
 0.10164770431585E+00
 0.10163212128699E+00
 0.10161592765408E+00
 0.10159935427334E+00
 0.10158251608565E+00
 0.10156470538898E+00
 0.10154702711432E+00
 0.10152893744068E+00
 0.10151015613068E+00
 0.10149151513956E+00
 0.10147196765592E+00
 0.10145249057416E+00
 0.10143342006084E+00
 0.10141358362746E+00
 0.10139404598960E+00
 0.10137371356199E+00
 0.10135362743482E+00
 0.10133430066528E+00
 0.10131388742217E+00
 0.10129442022135E+00
 0.10127454939714E+00
 0.10125508337678E+00
 0.10123542284539E+00
 0.10121714081066E+00
 0.10119817220856E+00
 0.10117993674793E+00
 0.10116224546657E+00
 0.10114517736459E+00
 0.10112855320490E+00
 0.10111151732134E+00
 0.10109601674548E+00
 0.10108124959495E+00
 0.10106646016151E+00
 0.10105246315447E+00
 0.10103881556945E+00
 0.10102712316262E+00
 0.10101624260785E+00
 0.10100522455954E+00
 0.10099456331922E+00
 0.10098632682993E+00
 0.10097920835016E+00
 0.10097124896976E+00
 0.10096559130924E+00
 0.10096026559254E+00
 0.10095606985042E+00
 0.10095203081990E+00
 0.10094982704800E+00
 0.10094852993213E+00
 0.10094727494457E+00
 0.10094619307872E+00
 0.10094655097334E+00
 0.10094820864433E+00
 0.10094840386389E+00
 0.10094951484007E+00
 0.10095166435406E+00
 0.10095398059233E+00
 0.10095494014601E+00
 0.10095539356538E+00
 0.10095425606750E+00
 0.10095074183875E+00
 0.10094634039532E+00
 0.10093881860434E+00
 0.10092745631636E+00
 0.10091064527217E+00
 0.10088795014994E+00
 0.10085822819941E+00
 0.10081964143158E+00
 0.10076711782985E+00
 0.10069962019385E+00
 0.10061552030531E+00
 0.10050992428002E+00
 0.10037715349965E+00
 0.10020690219422E+00
 0.99995215788140E-01
 0.99734406632806E-01
 0.99410460134088E-01
 0.99009446855407E-01
 0.98526750262377E-01
 0.97944566804067E-01
 0.97254250159932E-01
 0.96467609963502E-01
 0.95575869062672E-01
 0.94606358082276E-01
 0.93582043571339E-01
 0.92534716982622E-01
 0.91489953587988E-01
 0.90462972312577E-01
 0.89475658237410E-01
 0.88545569773070E-01
 0.87672394694832E-01
 0.86868895428451E-01
 0.86126822129105E-01
 0.85452381598567E-01
 0.84838038503216E-01
 0.84282464464454E-01
 0.83790275060573E-01
 0.83346844416150E-01
 0.82950836384790E-01
 0.82605901119874E-01
 0.82302800967238E-01
 0.82042198000717E-01
 0.81819148688898E-01
 0.81632699055348E-01
 0.81478815180075E-01
 0.81356971604333E-01
 0.81264756570108E-01
 0.81199807276778E-01
 0.81160954222555E-01
 0.81146652855220E-01
 0.81155587792337E-01
 0.81186347306900E-01
 0.81237783166244E-01
 0.81308840011768E-01
 0.81398473303705E-01
 0.81505918934109E-01
 0.81629589968321E-01
 0.81770219834069E-01
 0.81925847745586E-01
 0.82095079185291E-01
 0.82279192402939E-01
 0.82477183252209E-01
 0.82686208804529E-01
 0.82908926414360E-01
 0.83142688875906E-01
 0.83389741447305E-01
 0.83643896242658E-01
 0.83911246333450E-01
 0.84186934375652E-01
 0.84476396049725E-01
 0.84771438859409E-01
 0.85078758096813E-01
 0.85391200721266E-01
 0.85714330058621E-01
 0.86045531613527E-01
 0.86385707337399E-01
 0.86732851473489E-01
 0.87089273049159E-01
 0.87453339274748E-01
 0.87824407864608E-01
 0.88201140911788E-01
 0.88583550024977E-01
 0.88974545408693E-01
 0.89373842551338E-01
 0.89778885810271E-01
 0.90187835850746E-01
 0.90605365861528E-01
 0.91025944180970E-01
 0.91457720862946E-01
 0.91890819429949E-01
 0.92333596245479E-01
 0.92777975187673E-01
 0.93230009740362E-01
 0.93688351056845E-01
 0.94151748115252E-01
 0.94618059188222E-01
 0.95092802115503E-01
 0.95571091687734E-01
 0.96057536754641E-01
 0.96544624530203E-01
 0.97036943384069E-01
 0.97535906976369E-01
 0.98039069124420E-01
 0.98548068033374E-01
 0.99057665532516E-01
 0.99575883783485E-01
 0.10009631616687E+00
 0.10062409668692E+00
 0.10115731456507E+00
 0.10169149962289E+00
 0.10223285069100E+00
 0.10277428808076E+00
 0.10332241191873E+00
 0.10387323250417E+00
 0.10443115215474E+00
 0.10499088878382E+00
 0.10555214854939E+00
 0.10612302609279E+00
 0.10669533643094E+00
 0.10727131768960E+00
 0.10785486162987E+00
 0.10843550919345E+00
 0.10902465642759E+00
 0.10961448784307E+00
 0.11021372348049E+00
 0.11081148808877E+00
 0.11141237829822E+00
 0.11202134960779E+00
 0.11262912490166E+00
 0.11324345136105E+00
 0.11386369933218E+00
 0.11448125393068E+00
 0.11510731347011E+00
 0.11573591645544E+00
 0.11636645606244E+00
 0.11700413883949E+00
 0.11763858631288E+00
 0.11828418127286E+00
 0.11892621228375E+00
 0.11957564177068E+00
 0.12022643579975E+00
 0.12088169961661E+00
 0.12154299354099E+00
 0.12220470496545E+00
 0.12286590403271E+00
 0.12353771194790E+00
 0.12420635265837E+00
 0.12488447251583E+00
 0.12556108008597E+00
 0.12624134903965E+00
 0.12692464257985E+00
 0.12761351527284E+00
 0.12830459886925E+00
 0.12899765437341E+00
 0.12969136800663E+00
 0.13039293036335E+00
 0.13109609157659E+00
 0.13179900215680E+00
 0.13250955525463E+00
 0.13322261092636E+00
 0.13393729407084E+00
 0.13465331890531E+00
 0.13537541572425E+00
 0.13609481165669E+00
 0.13682367080503E+00
 0.13755562536507E+00
 0.13828722861520E+00
 0.13902142101214E+00
 0.13975998277648E+00
 0.14049980191340E+00
 0.14124357973976E+00
 0.14199036382205E+00
 0.14273602335604E+00
 0.14348943213483E+00
 0.14423993488644E+00
 0.14499726361830E+00
 0.14576116801357E+00
 0.14651981871869E+00
 0.14728722757638E+00
 0.14805595349642E+00
 0.14882407781667E+00
 0.14959772177913E+00
 0.15037389708235E+00
 0.15115279656334E+00
 0.15193744696666E+00
 0.15271923292825E+00
