 0.98445526788544E+00
 0.98445526788544E+00
 0.98445526788544E+00
 0.98445526788544E+00
 0.98445526788544E+00
 0.98445526788544E+00
 0.98445526788544E+00
 0.98445526788544E+00
 0.98445526788544E+00
 0.98445524117202E+00
 0.98445644462219E+00
 0.98445474659539E+00
 0.98445353785076E+00
 0.98445434386831E+00
 0.98445270496311E+00
 0.98445338818560E+00
 0.98445295250129E+00
 0.98445486664520E+00
 0.98445416196184E+00
 0.98445289072232E+00
 0.98445355309864E+00
 0.98445475728037E+00
 0.98445432953585E+00
 0.98445154454734E+00
 0.98445078510554E+00
 0.98445297348158E+00
 0.98445380260766E+00
 0.98445190913645E+00
 0.98445043072065E+00
 0.98445286909936E+00
 0.98445609275594E+00
 0.98445095882583E+00
 0.98446229966131E+00
 0.98446234208319E+00
 0.98445688563729E+00
 0.98446557709742E+00
 0.98445897138187E+00
 0.98445866999233E+00
 0.98446920645716E+00
 0.98445742316039E+00
 0.98445160906085E+00
 0.98446699086855E+00
 0.98445466456181E+00
 0.98447195521349E+00
 0.98448037456730E+00
 0.98448001372692E+00
 0.98447964074230E+00
 0.98447046742611E+00
 0.98446268084423E+00
 0.98447993477305E+00
 0.98446074106908E+00
 0.98448464479924E+00
 0.98447283432217E+00
 0.98446933249833E+00
 0.98447004082285E+00
 0.98448565860913E+00
 0.98443751689400E+00
 0.98446024342708E+00
 0.98448424254631E+00
 0.98447636399068E+00
 0.98448517083602E+00
 0.98448312384749E+00
 0.98443874332448E+00
 0.98447865779331E+00
 0.98442748204534E+00
 0.98448121167219E+00
 0.98448339259153E+00
 0.98440481214111E+00
 0.98448540797335E+00
 0.98442581152782E+00
 0.98447751493800E+00
 0.98446695111569E+00
 0.98445564794741E+00
 0.98447491110222E+00
 0.98443170036804E+00
 0.98448476850431E+00
 0.98446415408692E+00
 0.98443387468864E+00
 0.98442072729595E+00
 0.98442919118864E+00
 0.98444075650768E+00
 0.98444806772583E+00
 0.98447487571236E+00
 0.98444121214139E+00
 0.98444351845622E+00
 0.98447629347162E+00
 0.98443210042344E+00
 0.98441451519630E+00
 0.98442657177171E+00
 0.98443191896537E+00
 0.98447829103975E+00
 0.98447032759327E+00
 0.98443296574691E+00
 0.98448185417624E+00
 0.98443348769417E+00
 0.98445550925489E+00
 0.98444018262000E+00
 0.98442808262925E+00
 0.98449077523424E+00
 0.98449615487479E+00
 0.98445546386645E+00
 0.98445571610308E+00
 0.98446699148639E+00
 0.98446943549445E+00
 0.98450602393595E+00
 0.98451031243558E+00
 0.98450077340070E+00
 0.98446334018898E+00
 0.98446441672578E+00
 0.98450655315133E+00
 0.98455479778190E+00
 0.98453535321455E+00
 0.98458630396258E+00
 0.98454226783235E+00
 0.98455912502293E+00
 0.98460247911790E+00
 0.98459871843180E+00
 0.98462974257147E+00
 0.98462411493574E+00
 0.98468255477542E+00
 0.98472290908754E+00
 0.98475225232469E+00
 0.98479647970117E+00
 0.98486780934124E+00
 0.98490869188035E+00
 0.98492254872164E+00
 0.98498336847835E+00
 0.98499477171579E+00
 0.98512467944962E+00
 0.98518287890832E+00
 0.98516622783432E+00
 0.98524054381269E+00
 0.98528377141673E+00
 0.98534105554489E+00
 0.98537934019096E+00
 0.98544043093788E+00
 0.98554728589734E+00
 0.98553455501966E+00
 0.98564515752610E+00
 0.98565897435728E+00
 0.98568876399396E+00
 0.98575205959775E+00
 0.98585555392519E+00
 0.98587196653552E+00
 0.98589814628409E+00
 0.98598114114486E+00
 0.98599355525988E+00
 0.98604904433184E+00
 0.98607457545866E+00
 0.98608309279349E+00
 0.98615050143897E+00
 0.98614018507970E+00
 0.98620939876105E+00
 0.98626417487719E+00
 0.98619620860590E+00
 0.98624374400845E+00
 0.98623488966643E+00
 0.98623591842822E+00
 0.98624917527966E+00
 0.98622802132648E+00
 0.98621030498577E+00
 0.98617914745496E+00
 0.98617486941928E+00
 0.98616518991411E+00
 0.98608453432783E+00
 0.98601408130085E+00
 0.98594928324189E+00
 0.98588909789362E+00
 0.98579812004168E+00
 0.98570020895177E+00
 0.98558761598155E+00
 0.98551558142522E+00
 0.98532029042196E+00
 0.98528864691567E+00
 0.98507393588597E+00
 0.98490886193144E+00
 0.98473073627311E+00
 0.98455017370688E+00
 0.98436938851253E+00
 0.98419401167234E+00
 0.98401001642303E+00
 0.98370442552834E+00
 0.98352031988807E+00
 0.98323570739079E+00
 0.98293718390693E+00
 0.98263061062922E+00
 0.98239986377177E+00
 0.98201589010565E+00
 0.98167454305327E+00
 0.98133544745644E+00
 0.98104017724248E+00
 0.98062577319021E+00
 0.98019076947756E+00
 0.97986951788845E+00
 0.97940305659488E+00
 0.97897468966431E+00
 0.97858466850880E+00
 0.97814573576381E+00
 0.97766491100026E+00
 0.97716497602841E+00
 0.97659995220514E+00
 0.97613936032167E+00
 0.97561462233099E+00
 0.97503298191554E+00
 0.97442076162780E+00
 0.97385301238532E+00
 0.97326858567588E+00
 0.97271454209354E+00
 0.97202717581560E+00
 0.97139042200609E+00
 0.97071257352094E+00
 0.97007375769486E+00
 0.96938130814451E+00
 0.96868000165210E+00
 0.96796272473607E+00
 0.96728977754037E+00
 0.96648509078301E+00
 0.96576925801963E+00
 0.96497957114771E+00
 0.96419956076635E+00
 0.96348194254098E+00
 0.96258813297858E+00
 0.96172888469626E+00
 0.96093710017093E+00
 0.96007347813786E+00
 0.95929878524886E+00
 0.95837969150133E+00
 0.95747539439497E+00
 0.95665795415467E+00
 0.95562638244178E+00
 0.95475168213931E+00
 0.95385472536426E+00
 0.95295047668660E+00
 0.95193695585799E+00
 0.95099416089219E+00
 0.94998619922951E+00
 0.94897265278035E+00
 0.94806152741327E+00
 0.94705091393554E+00
 0.94593383679861E+00
 0.94491408772734E+00
 0.94389975729618E+00
 0.94282830646488E+00
 0.94169688876749E+00
 0.94063493787517E+00
 0.93962278761879E+00
 0.93850940863470E+00
 0.93743483013134E+00
 0.93628862221005E+00
 0.93525800176823E+00
 0.93412365883416E+00
 0.93297624396930E+00
 0.93175800489761E+00
 0.93060293738621E+00
 0.92952333954443E+00
 0.92826346985447E+00
 0.92710995191196E+00
 0.92590375242753E+00
 0.92478397824178E+00
 0.92349171852166E+00
 0.92240383643003E+00
 0.92107447146138E+00
 0.91986990625718E+00
 0.91863552672976E+00
 0.91741656607399E+00
 0.91614280463856E+00
 0.91485871215424E+00
 0.91375385385721E+00
 0.91239705337525E+00
 0.91115718298540E+00
 0.90988350909510E+00
 0.90865355262135E+00
 0.90734454618090E+00
 0.90602698089212E+00
 0.90480058668464E+00
 0.90343327740373E+00
 0.90216416833801E+00
 0.90081903914925E+00
 0.89949469707366E+00
 0.89822795658452E+00
 0.89688946118053E+00
 0.89553112150047E+00
 0.89418298309222E+00
 0.89296710670502E+00
 0.89155082316148E+00
 0.89029008610627E+00
 0.88884658334545E+00
 0.88760074091825E+00
 0.88616688520645E+00
 0.88473986652498E+00
 0.88345169383087E+00
 0.88209936583407E+00
 0.88072643736170E+00
 0.87944495934710E+00
 0.87800327309787E+00
 0.87659995484125E+00
 0.87526181585882E+00
 0.87384954259321E+00
 0.87249064523746E+00
 0.87110339698683E+00
