 0.83176571363982E+02
 0.83176571363993E+02
 0.83176571364246E+02
 0.83176571419259E+02
 0.83176573347217E+02
 0.83176591494077E+02
 0.83176671867343E+02
 0.83176896760619E+02
 0.83177367131973E+02
 0.83178179585629E+02
 0.83179412468833E+02
 0.83181122434588E+02
 0.83183345317353E+02
 0.83186103500517E+02
 0.83189404507067E+02
 0.83193251398984E+02
 0.83197635363982E+02
 0.83202544243953E+02
 0.83207962298570E+02
 0.83213869154358E+02
 0.83195984916580E+02
 0.83196517311071E+02
 0.83197154043059E+02
 0.83197905739562E+02
 0.83198783792381E+02
 0.83199797697719E+02
 0.83200964647318E+02
 0.83202281600712E+02
 0.83203765219077E+02
 0.83205435456631E+02
 0.83207312878111E+02
 0.83209388580554E+02
 0.83211697091698E+02
 0.83214263331689E+02
 0.83217064871407E+02
 0.83220154031094E+02
 0.83223536383099E+02
 0.83227252693094E+02
 0.83231291883578E+02
 0.83235662562039E+02
 0.83240486295107E+02
 0.83245691291205E+02
 0.83251316669942E+02
 0.83257412111880E+02
 0.83264048241862E+02
 0.83271198908642E+02
 0.83278860242553E+02
 0.83287111655896E+02
 0.83296022566066E+02
 0.83305613694817E+02
 0.83315868994627E+02
 0.83326894294419E+02
 0.83338697317150E+02
 0.83351328453835E+02
 0.83364882169868E+02
 0.83379357947247E+02
 0.83394800161705E+02
 0.83411359490911E+02
 0.83428973950478E+02
 0.83447664779995E+02
 0.83467875822928E+02
 0.83489116353238E+02
 0.83511749469191E+02
 0.83536017078779E+02
 0.83561588745011E+02
 0.83589093235048E+02
 0.83618151421442E+02
 0.83648664266148E+02
 0.83681416309473E+02
 0.83715942273874E+02
 0.83752939643992E+02
 0.83792023976823E+02
 0.83833046409326E+02
 0.83877164958606E+02
 0.83923438879128E+02
 0.83972757956181E+02
 0.84024866726977E+02
 0.84080355521175E+02
 0.84138364953690E+02
 0.84200470268618E+02
 0.84265943198478E+02
 0.84335224749740E+02
 0.84408352322293E+02
 0.84485838933978E+02
 0.84568563094430E+02
 0.84655370777454E+02
 0.84747209485763E+02
 0.84844973846861E+02
 0.84948358839434E+02
 0.85058148747406E+02
 0.85173362930184E+02
 0.85295343256360E+02
 0.85425607922004E+02
 0.85563917688642E+02
 0.85709128745603E+02
 0.85862707398033E+02
 0.86027618735699E+02
 0.86201097155347E+02
 0.86385837984881E+02
 0.86581725841313E+02
 0.86791215701312E+02
 0.87012567811109E+02
 0.87248087302545E+02
 0.87500299460724E+02
 0.87769911486944E+02
 0.88057000071649E+02
 0.88362035919612E+02
 0.88692861412351E+02
 0.89045907384893E+02
 0.89423346905957E+02
 0.89828521182344E+02
 0.90268077685483E+02
 0.90742457084704E+02
 0.91257850116322E+02
 0.91821201937542E+02
 0.92431906546016E+02
 0.93100612794844E+02
 0.93837256053440E+02
 0.94654606741607E+02
 0.95561437901094E+02
 0.96571925624249E+02
 0.97702161601902E+02
 0.98985805129638E+02
 0.10043100727265E+03
 0.10204248294600E+03
 0.10379660604867E+03
 0.10568356455665E+03
 0.10766994767025E+03
 0.10966790287028E+03
 0.11162284956457E+03
 0.11352478496102E+03
 0.11538212278388E+03
 0.11716897208395E+03
 0.11892604399085E+03
 0.12066712369783E+03
 0.12237220149003E+03
 0.12408930621689E+03
 0.12580146674271E+03
 0.12751668871289E+03
 0.12922775911832E+03
 0.13094197122445E+03
 0.13267731238573E+03
 0.13442404014685E+03
 0.13617848583715E+03
 0.13795397188126E+03
 0.13973178725781E+03
 0.14153596158920E+03
 0.14334905948229E+03
 0.14518442107408E+03
 0.14704072708259E+03
 0.14888753869422E+03
 0.15076775649436E+03
 0.15267971930648E+03
 0.15458534841480E+03
 0.15652059249732E+03
 0.15846065240140E+03
 0.16042000220405E+03
 0.16239026026253E+03
 0.16438406736981E+03
 0.16638642945434E+03
 0.16839736376523E+03
 0.17043400216339E+03
 0.17248393477604E+03
 0.17454720527889E+03
 0.17661504593335E+03
 0.17870896328050E+03
 0.18081315948263E+03
 0.18293098131160E+03
 0.18506506415837E+03
 0.18721055425940E+03
 0.18935793684496E+03
 0.19153792337251E+03
 0.19372596722898E+03
 0.19591012286559E+03
 0.19812247546229E+03
 0.20035519435648E+03
 0.20257413362940E+03
 0.20482774357346E+03
 0.20708245033593E+03
 0.20937029118698E+03
 0.21162798371265E+03
 0.21392379100773E+03
 0.21621961868414E+03
 0.21856123122959E+03
 0.22087584731866E+03
 0.22323268863178E+03
 0.22556763594287E+03
 0.22793579944110E+03
 0.23030659469432E+03
 0.23270077883525E+03
 0.23509395901209E+03
 0.23751386709422E+03
 0.23994403394585E+03
 0.24237771973815E+03
 0.24482240431753E+03
 0.24726632634114E+03
 0.24972824744277E+03
 0.25221768654856E+03
 0.25471438797009E+03
 0.25720490629464E+03
 0.25972295522373E+03
 0.26223005891862E+03
 0.26477998907635E+03
 0.26731075603825E+03
 0.26988488160780E+03
 0.27243563220982E+03
 0.27501992791555E+03
 0.27761323015401E+03
 0.28021318989332E+03
 0.28281394355559E+03
 0.28544581821944E+03
 0.28807725475521E+03
 0.29074203910929E+03
 0.29338584436495E+03
 0.29605038749163E+03
 0.29872924587334E+03
 0.30141627799693E+03
 0.30412141093542E+03
 0.30681533953739E+03
 0.30954491560429E+03
 0.31226961696955E+03
 0.31502084093368E+03
 0.31778942749060E+03
 0.32055036999429E+03
 0.32333569458195E+03
 0.32610700888512E+03
 0.32890000902715E+03
 0.33170291417929E+03
 0.33453769975442E+03
 0.33735558756287E+03
 0.34018446399635E+03
 0.34304060476319E+03
 0.34590341820877E+03
 0.34876724298852E+03
 0.35166898732243E+03
 0.35454265050914E+03
 0.35744702544054E+03
 0.36034859869683E+03
 0.36329286294360E+03
 0.36622024193126E+03
 0.36915459168137E+03
 0.37211961874660E+03
 0.37507309939357E+03
 0.37804666397867E+03
 0.38103899617764E+03
 0.38401709685840E+03
 0.38703945631072E+03
 0.39005746630314E+03
 0.39308044530141E+03
 0.39612660061756E+03
 0.39914805554289E+03
 0.40222182044149E+03
 0.40527972675229E+03
 0.40835904576373E+03
 0.41145258394578E+03
 0.41453828003197E+03
 0.41765620155629E+03
 0.42077588076084E+03
 0.42388421064115E+03
 0.42703689597251E+03
 0.43017137490410E+03
 0.43334576114861E+03
 0.43651632310639E+03
 0.43968041143472E+03
 0.44285726841049E+03
 0.44606748940318E+03
 0.44927907054969E+03
 0.45249907936144E+03
 0.45572076588160E+03
 0.45895156100891E+03
 0.46220058252735E+03
 0.46545040911589E+03
 0.46871995585146E+03
 0.47200121328385E+03
 0.47528521761001E+03
 0.47857738013219E+03
 0.48190461292310E+03
 0.48518195453565E+03
 0.48852460991644E+03
 0.49185964981046E+03
 0.49520804259018E+03
 0.49855855671445E+03
 0.50192693668651E+03
 0.50528287523875E+03
 0.50868034255269E+03
 0.51206635128937E+03
 0.51545530312466E+03
 0.51886408362181E+03
 0.52228358211064E+03
 0.52570262394253E+03
 0.52916754232197E+03
 0.53257913440751E+03
 0.53604906899102E+03
 0.53950882288647E+03
 0.54297197040919E+03
 0.54647664434622E+03
 0.54996738233050E+03
 0.55347218296038E+03
 0.55698688254170E+03
 0.56050292334608E+03
