 0.83176571363982E+02
 0.83176571363993E+02
 0.83176571364246E+02
 0.83176571419259E+02
 0.83176573347217E+02
 0.83176591494075E+02
 0.83176671867265E+02
 0.83176896760758E+02
 0.83177367132688E+02
 0.83178179586469E+02
 0.83179412468397E+02
 0.83181122436295E+02
 0.83183345327238E+02
 0.83186103609164E+02
 0.83189405267313E+02
 0.83193254019959E+02
 0.83197643203502E+02
 0.83202565251880E+02
 0.83208013412743E+02
 0.83213983768751E+02
 0.83196066859328E+02
 0.83196681778079E+02
 0.83197465926947E+02
 0.83198468019316E+02
 0.83199752905910E+02
 0.83201402117127E+02
 0.83203526139844E+02
 0.83206239247806E+02
 0.83209701175546E+02
 0.83214100619886E+02
 0.83219655564431E+02
 0.83226575435124E+02
 0.83235141697363E+02
 0.83245641496722E+02
 0.83258404698951E+02
 0.83273657665570E+02
 0.83291760993732E+02
 0.83313070440874E+02
 0.83337883987329E+02
 0.83366521579163E+02
 0.83399420901538E+02
 0.83436815950632E+02
 0.83479044984839E+02
 0.83526451800721E+02
 0.83579445620178E+02
 0.83638286397708E+02
 0.83703263046252E+02
 0.83774805154776E+02
 0.83853322346468E+02
 0.83939213226406E+02
 0.84032775495889E+02
 0.84134566220455E+02
 0.84244970582058E+02
 0.84364602437309E+02
 0.84494018823201E+02
 0.84633658288401E+02
 0.84784319481125E+02
 0.84946727364077E+02
 0.85121279836741E+02
 0.85309063204037E+02
 0.85511486082589E+02
 0.85728501182876E+02
 0.85961750919645E+02
 0.86212849451724E+02
 0.86482251635554E+02
 0.86773111513079E+02
 0.87085292756060E+02
 0.87420460338114E+02
 0.87783185035595E+02
 0.88174289667983E+02
 0.88599701558588E+02
 0.89060984027405E+02
 0.89562080683640E+02
 0.90113702640489E+02
 0.90718686172066E+02
 0.91392355172692E+02
 0.92148472861498E+02
 0.93015811471261E+02
 0.94013549300436E+02
 0.95312925971509E+02
