 0.35172473832405E+01
 0.35172473832405E+01
 0.35172473832405E+01
 0.35172473832405E+01
 0.35172473832405E+01
 0.35172473832405E+01
 0.35172473832405E+01
 0.35172473832405E+01
 0.35172473832405E+01
 0.35172473355199E+01
 0.35172494853538E+01
 0.35172464520117E+01
 0.35172442927179E+01
 0.35172457325827E+01
 0.35172428048518E+01
 0.35172440253569E+01
 0.35172432470528E+01
 0.35172466664678E+01
 0.35172454076261E+01
 0.35172431366911E+01
 0.35172443199566E+01
 0.35172464710992E+01
 0.35172457069793E+01
 0.35172407318903E+01
 0.35172393752262E+01
 0.35172432845318E+01
 0.35172447656780E+01
 0.35172416609498E+01
 0.35172388853570E+01
 0.35172448476070E+01
 0.35172483001868E+01
 0.35172397109774E+01
 0.35172564029762E+01
 0.35172589906143E+01
 0.35172472881904E+01
 0.35172657089592E+01
 0.35172568106255E+01
 0.35172535628842E+01
 0.35172748608162E+01
 0.35172566600428E+01
 0.35172393993248E+01
 0.35172637611822E+01
 0.35172528571051E+01
 0.35172735777163E+01
 0.35172927822710E+01
 0.35172910115545E+01
 0.35172904470465E+01
 0.35172766280207E+01
 0.35172605031171E+01
 0.35172887777523E+01
 0.35172566179248E+01
 0.35172993473014E+01
 0.35172795638252E+01
 0.35172723557876E+01
 0.35172713441994E+01
 0.35173019337904E+01
 0.35172159921542E+01
 0.35172512707294E+01
 0.35172993069325E+01
 0.35172861024585E+01
 0.35173012528625E+01
 0.35172970940202E+01
 0.35172246769977E+01
 0.35172911046971E+01
 0.35171973703375E+01
 0.35172946562963E+01
 0.35172983107648E+01
 0.35171651327556E+01
 0.35173010312527E+01
 0.35171942177435E+01
 0.35172831990582E+01
 0.35172706642429E+01
 0.35172542774176E+01
 0.35172811327966E+01
 0.35172032451473E+01
 0.35173002073872E+01
 0.35172708413361E+01
 0.35172060029740E+01
 0.35172001052403E+01
 0.35171903687291E+01
 0.35172176381390E+01
 0.35172344935102E+01
 0.35172750265862E+01
 0.35172296425234E+01
 0.35172252709843E+01
 0.35172889166849E+01
 0.35172018358405E+01
 0.35171789257298E+01
 0.35172024197298E+01
 0.35172092230978E+01
 0.35172753032929E+01
 0.35172685632373E+01
 0.35171984344835E+01
 0.35172911256902E+01
 0.35171965344432E+01
 0.35172392344141E+01
 0.35172206287676E+01
 0.35172001866129E+01
 0.35173033296098E+01
 0.35173071843045E+01
 0.35172201799758E+01
 0.35172331978822E+01
 0.35172484243315E+01
 0.35172478560922E+01
 0.35173000823926E+01
 0.35173225173414E+01
 0.35172902415253E+01
 0.35172245576009E+01
 0.35172473526969E+01
 0.35172991056089E+01
 0.35173851521815E+01
 0.35173316297755E+01
 0.35174106406057E+01
 0.35173795674863E+01
 0.35173773456370E+01
 0.35174174113649E+01
 0.35174119659686E+01
 0.35174622477429E+01
 0.35174695180619E+01
 0.35175345760618E+01
 0.35175654329360E+01
 0.35176103711214E+01
 0.35176363265840E+01
 0.35177428964069E+01
 0.35178206264444E+01
 0.35178157266275E+01
 0.35179161763058E+01
 0.35179798652695E+01
 0.35181348935982E+01
 0.35182162844662E+01
 0.35182244206319E+01
 0.35183123949778E+01
 0.35183770528585E+01
 0.35184774699334E+01
 0.35185888023033E+01
 0.35186293290325E+01
 0.35188444914023E+01
 0.35187832690615E+01
 0.35190086690177E+01
 0.35190041755624E+01
 0.35190319153304E+01
 0.35191720000946E+01
 0.35193285291043E+01
 0.35193652831576E+01
 0.35193150129431E+01
 0.35194556889147E+01
 0.35195200642269E+01
 0.35195726474941E+01
 0.35196338500942E+01
 0.35196766957960E+01
 0.35197185819100E+01
 0.35197428187130E+01
 0.35197959319643E+01
 0.35198945539631E+01
 0.35197770888048E+01
 0.35199034831268E+01
 0.35198695775765E+01
 0.35198452692443E+01
 0.35197230443903E+01
 0.35196798160329E+01
 0.35197655420166E+01
 0.35196576482964E+01
 0.35196011318439E+01
 0.35195311563682E+01
 0.35193108940971E+01
 0.35192037267890E+01
 0.35191025438672E+01
 0.35190469892398E+01
 0.35188283048421E+01
 0.35186137578593E+01
 0.35184162503150E+01
 0.35182088828425E+01
 0.35179988109742E+01
 0.35178403577142E+01
 0.35174711895552E+01
 0.35172618939914E+01
 0.35168539885772E+01
 0.35165097075643E+01
 0.35161605343744E+01
 0.35158503057718E+01
 0.35153666927437E+01
 0.35149495087669E+01
 0.35146017914587E+01
 0.35139867980064E+01
 0.35134831853557E+01
 0.35129908777129E+01
 0.35124505986291E+01
 0.35118705065726E+01
 0.35111792883260E+01
 0.35106840301891E+01
 0.35100984975450E+01
 0.35093733407799E+01
 0.35085497903909E+01
 0.35078510082805E+01
 0.35070121210103E+01
 0.35064459254543E+01
 0.35056224959889E+01
 0.35048057015839E+01
 0.35038422666483E+01
 0.35029314988076E+01
 0.35020193406667E+01
 0.35012045054166E+01
 0.35000304966144E+01
 0.34991325648809E+01
 0.34980515557312E+01
 0.34971042016181E+01
 0.34959467101143E+01
 0.34949692730881E+01
 0.34937391118448E+01
 0.34926378889728E+01
 0.34913552286029E+01
 0.34903593431265E+01
 0.34889627950874E+01
 0.34877062866444E+01
 0.34865028631555E+01
 0.34851554515308E+01
 0.34839210549188E+01
 0.34823923763693E+01
 0.34810902428821E+01
 0.34796471033932E+01
 0.34783653702128E+01
 0.34768688819448E+01
 0.34753530546104E+01
 0.34738976589250E+01
 0.34722908271208E+01
 0.34708055493832E+01
 0.34692342610944E+01
 0.34675135394583E+01
 0.34658755302214E+01
 0.34643398732439E+01
 0.34627069272477E+01
 0.34608768128649E+01
 0.34591396865056E+01
 0.34574117641732E+01
 0.34556466050455E+01
 0.34538584381681E+01
 0.34521038407913E+01
 0.34502342555149E+01
 0.34484209279823E+01
 0.34465698710484E+01
 0.34448348641806E+01
 0.34427908176470E+01
 0.34408728201096E+01
 0.34389450162251E+01
 0.34371037125878E+01
 0.34349461643984E+01
 0.34330892674889E+01
 0.34309596837830E+01
 0.34290821213402E+01
 0.34268060930180E+01
 0.34247835736127E+01
 0.34226802114129E+01
 0.34206281063326E+01
 0.34186598978133E+01
 0.34164745319726E+01
 0.34142750698010E+01
 0.34122365774282E+01
 0.34099186720868E+01
 0.34077179880939E+01
 0.34056600493850E+01
 0.34033063525876E+01
 0.34009874581993E+01
 0.33988038110448E+01
 0.33964946200815E+01
 0.33943710878053E+01
 0.33920721687154E+01
 0.33896363972283E+01
 0.33873304339976E+01
 0.33850907663341E+01
 0.33826063896010E+01
 0.33802723634117E+01
 0.33779257627321E+01
 0.33754262895769E+01
 0.33730273860129E+01
 0.33707415101241E+01
 0.33682907060394E+01
 0.33659787740598E+01
 0.33635424732296E+01
 0.33611639926265E+01
 0.33586440195384E+01
 0.33560722508517E+01
 0.33535603411657E+01
 0.33510722568686E+01
 0.33486437244738E+01
 0.33462813331314E+01
 0.33435626241152E+01
 0.33411842144654E+01
 0.33386707778906E+01
 0.33360353633844E+01
 0.33333954824023E+01
 0.33310229588789E+01
 0.33285365598175E+01
 0.33257812951681E+01
 0.33232343937728E+01
 0.33206413383122E+01
 0.33181307272403E+01
 0.33156014984168E+01
 0.33128824295345E+01
 0.33102352829919E+01
 0.33075839227033E+01
