 0.21140089951492E+08
 0.21140089951487E+08
 0.21140089951416E+08
 0.21140089951002E+08
 0.21140089949331E+08
 0.21140089944668E+08
 0.21140090048753E+08
 0.21140090529864E+08
 0.21140092253791E+08
 0.21140096868171E+08
 0.21140107191147E+08
 0.21140126663458E+08
 0.21140160645055E+08
 0.21140214944602E+08
 0.21140295299906E+08
 0.21140410023228E+08
 0.21140565507222E+08
 0.21140768969032E+08
 0.21141027353889E+08
 0.21141347827941E+08
 0.21141740625606E+08
 0.21142204972476E+08
 0.21142751674489E+08
 0.21143385284652E+08
 0.21144113878950E+08
 0.21144942303627E+08
 0.21145879371488E+08
 0.21146919362894E+08
 0.21148073594510E+08
 0.21149351453172E+08
 0.21150764372018E+08
 0.21152301488068E+08
 0.21153983238868E+08
 0.21155821308528E+08
 0.21157795800532E+08
 0.21159937800067E+08
 0.21162243086901E+08
 0.21164735848333E+08
 0.21167394799115E+08
 0.21170219712458E+08
 0.21173287820758E+08
 0.21176536943344E+08
 0.21179979803052E+08
 0.21183634743239E+08
 0.21187543573818E+08
 0.21191662346735E+08
 0.21195967185114E+08
 0.21200496029082E+08
 0.21205275405682E+08
 0.21210290666963E+08
 0.21215498251231E+08
 0.21220947977253E+08
 0.21226592161128E+08
 0.21232458504619E+08
 0.21238556368284E+08
 0.21244838959027E+08
 0.21251297652024E+08
 0.21257986224426E+08
 0.21264809205731E+08
 0.21271710715990E+08
 0.21278978560322E+08
 0.21286150049124E+08
 0.21293449100936E+08
 0.21300979461008E+08
 0.21308387849365E+08
 0.21316104584590E+08
 0.21323716291965E+08
 0.21331069283454E+08
 0.21338658318441E+08
 0.21346018429346E+08
 0.21353596740640E+08
 0.21360957733195E+08
 0.21367883667751E+08
 0.21375117422201E+08
 0.21381812581710E+08
 0.21388521539763E+08
 0.21394894663850E+08
 0.21401190919048E+08
 0.21406725918606E+08
 0.21412369926961E+08
 0.21417504783592E+08
 0.21422208983780E+08
 0.21426425899926E+08
 0.21430256620108E+08
 0.21434005229676E+08
 0.21436883688873E+08
 0.21439217847639E+08
 0.21441299518829E+08
 0.21442775201858E+08
 0.21443854795444E+08
 0.21443860315521E+08
 0.21443206268735E+08
 0.21442353295047E+08
 0.21441009431289E+08
 0.21438406417575E+08
 0.21435042216551E+08
 0.21431673630458E+08
 0.21427096263217E+08
 0.21422056364246E+08
 0.21416211415450E+08
 0.21410007810290E+08
 0.21402766392732E+08
 0.21394844814094E+08
 0.21386630681545E+08
 0.21378052119291E+08
 0.21368668225095E+08
 0.21358545994433E+08
 0.21348834285607E+08
 0.21338610030928E+08
 0.21327974251819E+08
 0.21317304339402E+08
 0.21307318451090E+08
 0.21297786092210E+08
 0.21289346059480E+08
 0.21282594469312E+08
 0.21277233132337E+08
 0.21274444237723E+08
 0.21275133927964E+08
 0.21280548291795E+08
 0.21291769656629E+08
 0.21310418514638E+08
 0.21338737484769E+08
 0.21381035960701E+08
 0.21440489598417E+08
 0.21521410945046E+08
 0.21630451986819E+08
 0.21776118376376E+08
 0.21971147855923E+08
 0.22224239656704E+08
 0.22544488068697E+08
 0.22941217080670E+08
 0.23418838531202E+08
 0.23962971861935E+08
 0.24567474985157E+08
 0.25215505071232E+08
 0.25878764856123E+08
 0.26553944071375E+08
 0.27219009571078E+08
 0.27864605227927E+08
 0.28480879128301E+08
 0.29064955509397E+08
 0.29617953807957E+08
 0.30135292371348E+08
 0.30615074704535E+08
 0.31060333694736E+08
 0.31467745089792E+08
 0.31842310513907E+08
 0.32181869402918E+08
 0.32490133253987E+08
 0.32767221663195E+08
 0.33010874305062E+08
 0.33227447937642E+08
 0.33417627925436E+08
 0.33579367693968E+08
 0.33716327090999E+08
 0.33828366338627E+08
 0.33917544601713E+08
 0.33984389317813E+08
 0.34030695338803E+08
 0.34056830007472E+08
 0.34064092243632E+08
 0.34053530069017E+08
 0.34025941704940E+08
 0.33982247501624E+08
 0.33923527909792E+08
 0.33850209475065E+08
 0.33763468358269E+08
 0.33663855108063E+08
 0.33552061640928E+08
 0.33428948562747E+08
 0.33295794627027E+08
 0.33151524047506E+08
 0.32998209314494E+08
 0.32836964745677E+08
 0.32666541763639E+08
 0.32488099810870E+08
 0.32304023555414E+08
 0.32111933256689E+08
 0.31914369937860E+08
 0.31709582591313E+08
 0.31502366725282E+08
 0.31288419525767E+08
 0.31071097802478E+08
 0.30846713715429E+08
 0.30621630411130E+08
 0.30390703585524E+08
 0.30159098228532E+08
 0.29923392498873E+08
 0.29685691085109E+08
 0.29444950991303E+08
 0.29202799617888E+08
 0.28957707213004E+08
 0.28711164899945E+08
 0.28463844422237E+08
 0.28215960409681E+08
 0.27968017118132E+08
 0.27718453749350E+08
 0.27467100388861E+08
 0.27216376350125E+08
 0.26966495114619E+08
 0.26714965983616E+08
 0.26466002030462E+08
 0.26213883810783E+08
 0.25964921194812E+08
 0.25713822705678E+08
 0.25466125949749E+08
 0.25217648930220E+08
 0.24969617648020E+08
 0.24723189894354E+08
 0.24478313326674E+08
 0.24233201198642E+08
 0.23989865804697E+08
 0.23746085789057E+08
 0.23505967256059E+08
 0.23266833026430E+08
 0.23028618883420E+08
 0.22791945061421E+08
 0.22556743897838E+08
 0.22324239901172E+08
 0.22091565006786E+08
 0.21862186978701E+08
 0.21632791130175E+08
 0.21404720134313E+08
 0.21180025763936E+08
 0.20955785166796E+08
 0.20735370455702E+08
 0.20515785345497E+08
 0.20298502034243E+08
 0.20082047176634E+08
 0.19868337958554E+08
 0.19657091034731E+08
 0.19446138003280E+08
 0.19237853932612E+08
 0.19032167177446E+08
 0.18826535725007E+08
 0.18625010451892E+08
 0.18424351118992E+08
 0.18226721068914E+08
 0.18029083454464E+08
 0.17835127110601E+08
 0.17643270649212E+08
 0.17451738424338E+08
 0.17263836010287E+08
 0.17077470892102E+08
 0.16892408524960E+08
 0.16710297320566E+08
 0.16529164489163E+08
 0.16349943441078E+08
 0.16173474383876E+08
 0.15997905870483E+08
 0.15825810859530E+08
 0.15653669978002E+08
 0.15485215767306E+08
 0.15317513843837E+08
 0.15151927409550E+08
 0.14988589457691E+08
 0.14826257188858E+08
 0.14666094509472E+08
 0.14508873252399E+08
 0.14351654171176E+08
 0.14197671899655E+08
 0.14043870767847E+08
 0.13892919880116E+08
 0.13744149981971E+08
 0.13596664655913E+08
 0.13450457305096E+08
 0.13305996878722E+08
 0.13163365455200E+08
 0.13022961139678E+08
 0.12883474589438E+08
 0.12746133805196E+08
 0.12610674003429E+08
 0.12475714111781E+08
 0.12342404748329E+08
 0.12211577068939E+08
 0.12081832336571E+08
 0.11953190526946E+08
 0.11828051981199E+08
 0.11702005539222E+08
 0.11578232082356E+08
 0.11455964022718E+08
 0.11335563260400E+08
 0.11216137034632E+08
 0.11098606721367E+08
 0.10981900969380E+08
 0.10866897513366E+08
 0.10753793612547E+08
 0.10641736679517E+08
 0.10531067921583E+08
 0.10421588880675E+08
 0.10312469938986E+08
 0.10206391059811E+08
 0.10100118793154E+08
 0.99961980628239E+07
 0.98931140923063E+07
 0.97908541037001E+07
 0.96903825690744E+07
 0.95906757610211E+07
 0.94923242633635E+07
 0.93951934882090E+07
