 0.77828127914593E+07
 0.77828127914647E+07
 0.77828127915301E+07
 0.77828127918517E+07
 0.77828127940319E+07
 0.77828128089108E+07
 0.77828129398257E+07
 0.77828135132613E+07
 0.77828154248921E+07
 0.77828204369148E+07
 0.77828314348293E+07
 0.77828523526679E+07
 0.77828883631649E+07
 0.77829457167361E+07
 0.77830307449954E+07
 0.77831519125957E+07
 0.77833160612808E+07
 0.77835309896933E+07
 0.77838042016688E+07
 0.77841429256721E+07
 0.77845563676526E+07
 0.77850460700909E+07
 0.77856205591222E+07
 0.77862843795896E+07
 0.77870425362670E+07
 0.77878978697831E+07
 0.77888548310616E+07
 0.77899080733371E+07
 0.77910602669059E+07
 0.77923120243890E+07
 0.77936632449517E+07
 0.77950984426499E+07
 0.77966179374962E+07
 0.77982144252376E+07
 0.77998580968218E+07
 0.78015458160715E+07
 0.78032499279943E+07
 0.78049550002921E+07
 0.78066141803691E+07
 0.78081871394422E+07
 0.78096741975943E+07
 0.78109878886828E+07
 0.78120788672909E+07
 0.78128963950988E+07
 0.78133715483013E+07
 0.78134439583673E+07
 0.78130005153716E+07
 0.78119740403827E+07
 0.78102839098792E+07
 0.78078181354089E+07
 0.78044519886245E+07
 0.78000878983693E+07
 0.77945943348476E+07
 0.77878444832861E+07
 0.77797200080295E+07
 0.77700543824354E+07
 0.77587112233491E+07
 0.77455567506118E+07
 0.77303885420664E+07
 0.77130449917550E+07
 0.76934490513751E+07
 0.76712743664968E+07
 0.76464232982001E+07
 0.76187388520993E+07
 0.75879548128834E+07
 0.75539389044652E+07
 0.75164388942698E+07
 0.74752306398277E+07
 0.74301588952419E+07
 0.73809571474566E+07
 0.73274116774451E+07
 0.72692843510839E+07
 0.72063223786324E+07
 0.71382847457919E+07
 0.70648722995860E+07
 0.69858939400907E+07
 0.69009450138659E+07
 0.68097206300416E+07
 0.67121455987380E+07
 0.66075086453444E+07
 0.64957973201647E+07
 0.63765140882663E+07
 0.62493540957728E+07
 0.61137229428263E+07
 0.59687472338497E+07
 0.58149124863033E+07
 0.56513114376563E+07
 0.54767127676288E+07
 0.52910449394958E+07
 0.50931922853564E+07
 0.48838862541996E+07
 0.46609878353138E+07
 0.44231234119707E+07
 0.41691321966082E+07
 0.39000590563987E+07
 0.36135449451959E+07
 0.33047526833185E+07
 0.29763010398082E+07
 0.26234306134512E+07
 0.22442925440048E+07
 0.18330992186875E+07
 0.13896284169724E+07
 0.90616611379726E+06
 0.37153722049325E+06
-0.22930131907390E+06
-0.91507608926453E+06
-0.16667232724995E+07
-0.24382107052515E+07
-0.30521129655457E+07
-0.35066662977116E+07
-0.39016498880416E+07
-0.42680666906702E+07
-0.46010296463322E+07
-0.48948713227918E+07
-0.51451048945249E+07
-0.53482855303334E+07
-0.55084063976899E+07
-0.56291576647033E+07
-0.57149405902189E+07
-0.57694905776424E+07
-0.57969636607029E+07
-0.58012403915740E+07
-0.57864864291844E+07
-0.57547841504750E+07
-0.57084945658874E+07
-0.56500860882755E+07
-0.55815459165980E+07
-0.55045497634486E+07
-0.54203368521362E+07
-0.53302044447878E+07
-0.52351940000253E+07
-0.51361164590271E+07
-0.50340503033310E+07
-0.49294204352814E+07
-0.48228027994419E+07
-0.47151107757429E+07
-0.46063152517031E+07
-0.44971083342657E+07
-0.43878280750721E+07
-0.42789084216675E+07
-0.41706446316813E+07
-0.40630026767925E+07
-0.39563554618594E+07
-0.38509526250188E+07
-0.37468330282586E+07
-0.36443926616127E+07
-0.35433295886059E+07
-0.34441318798006E+07
-0.33466497430939E+07
-0.32508903147908E+07
-0.31575220253467E+07
-0.30658851903676E+07
-0.29759151004563E+07
-0.28883854481042E+07
-0.28027397998680E+07
-0.27192905596205E+07
-0.26378483943020E+07
-0.25585829036043E+07
-0.24812159910135E+07
-0.24060400890414E+07
-0.23329478956599E+07
-0.22617434574540E+07
-0.21924960103740E+07
-0.21252143971951E+07
-0.20600072949947E+07
-0.19965663640565E+07
-0.19350045301485E+07
-0.18752856585603E+07
-0.18173023906838E+07
-0.17610807587662E+07
-0.17067012335749E+07
-0.16537752399520E+07
-0.16025545822924E+07
-0.15530537425559E+07
-0.15049897465986E+07
-0.14583525767320E+07
-0.14134149170888E+07
-0.13697028360402E+07
-0.13274719773206E+07
-0.12864524453850E+07
-0.12470443946659E+07
-0.12087130820979E+07
-0.11716936538806E+07
-0.11356323545948E+07
-0.11009982616572E+07
-0.10673097754680E+07
-0.10348895328845E+07
-0.10034119425804E+07
-0.97302373141538E+06
-0.94356623217685E+06
-0.91511187786115E+06
-0.88752055598428E+06
-0.86080205935253E+06
-0.83500685730661E+06
-0.81007278006803E+06
-0.78602975073887E+06
-0.76271237714774E+06
-0.74008807945821E+06
-0.71822021160627E+06
-0.69713342026900E+06
-0.67668255376329E+06
-0.65696060004703E+06
-0.63777084926669E+06
-0.61931450231678E+06
-0.60133323592063E+06
-0.58406872557838E+06
-0.56728093013587E+06
-0.55103456694262E+06
-0.53532518974078E+06
-0.52014833073841E+06
-0.50541531187393E+06
-0.49117725553690E+06
-0.47733792243587E+06
-0.46402376028714E+06
-0.45110727941636E+06
-0.43860646121473E+06
-0.42649899522764E+06
-0.41475075700780E+06
-0.40343815183623E+06
-0.39241141955084E+06
-0.38178169580777E+06
-0.37143835496019E+06
-0.36141362234857E+06
-0.35174025464377E+06
-0.34234475574967E+06
-0.33326813689220E+06
-0.32446794415274E+06
-0.31592992105252E+06
-0.30764230791631E+06
-0.29962747997506E+06
-0.29188291071550E+06
-0.28433014825888E+06
-0.27701654545853E+06
-0.26994719425903E+06
-0.26304819927566E+06
-0.25640325521297E+06
-0.24993837722632E+06
-0.24368157945795E+06
-0.23757439114986E+06
-0.23168839891858E+06
-0.22597553661567E+06
-0.22040571088285E+06
-0.21503153458260E+06
-0.20979591177818E+06
-0.20470758610276E+06
-0.19979550554762E+06
-0.19500356367193E+06
-0.19034543408631E+06
-0.18584304218637E+06
-0.18144819474312E+06
-0.17721105452450E+06
-0.17305862565260E+06
-0.16905570837046E+06
-0.16514397517078E+06
-0.16135535764140E+06
-0.15767368648900E+06
-0.15408029033570E+06
-0.15059274622317E+06
-0.14722950648615E+06
-0.14392227002792E+06
-0.14073944854576E+06
-0.13761432041107E+06
-0.13458557250671E+06
-0.13164452588903E+06
-0.12878640222371E+06
-0.12599409044041E+06
-0.12328019318864E+06
-0.12063547245948E+06
-0.11808182304071E+06
-0.11557990625025E+06
-0.11315337670557E+06
-0.11078601249977E+06
-0.10847368580280E+06
-0.10622410337062E+06
-0.10404213392596E+06
-0.10191260914278E+06
-0.99834397106260E+05
-0.97829800124982E+05
-0.95855284521522E+05
-0.93930315353892E+05
-0.92065551281320E+05
-0.90240377431573E+05
-0.88463760499375E+05
-0.86738294527574E+05
-0.85049421303093E+05
-0.83402308077010E+05
-0.81805426238429E+05
-0.80240201056817E+05
-0.78719137064987E+05
-0.77231558861845E+05
-0.75772100380871E+05
-0.74363835382798E+05
-0.72976374906204E+05
-0.71626158595556E+05
-0.70317853117363E+05
-0.69026238985090E+05
-0.67769424878506E+05
-0.66547941506665E+05
-0.65349508715233E+05
-0.64183963238216E+05
