 0.16432730420240E+00
 0.16432730420236E+00
 0.16432730420183E+00
 0.16432730419992E+00
 0.16432730418737E+00
 0.16432730411556E+00
 0.16432730225332E+00
 0.16432729422946E+00
 0.16432726668567E+00
 0.16432719381555E+00
 0.16432703280092E+00
 0.16432672135583E+00
 0.16432618678339E+00
 0.16432532434451E+00
 0.16432404579440E+00
 0.16432220009941E+00
 0.16431968652824E+00
 0.16431637674487E+00
 0.16431213328547E+00
 0.16430683118094E+00
 0.16430025567678E+00
 0.16429243725977E+00
 0.16428315040756E+00
 0.16427226678861E+00
 0.16425962863448E+00
 0.16424510400156E+00
 0.16422846323177E+00
 0.16420973503413E+00
 0.16418864386424E+00
 0.16416488276862E+00
 0.16413809295820E+00
 0.16410829569522E+00
 0.16407488724293E+00
 0.16403737225824E+00
 0.16399583243673E+00
 0.16394931393976E+00
 0.16389747810531E+00
 0.16383941888685E+00
 0.16377498772992E+00
 0.16370366028673E+00
 0.16362336712498E+00
 0.16353464296625E+00
 0.16343641349260E+00
 0.16332782384792E+00
 0.16320731657687E+00
 0.16307482521611E+00
 0.16293004497434E+00
 0.16277142888927E+00
 0.16259762747668E+00
 0.16240812017250E+00
 0.16220269394070E+00
 0.16197957081137E+00
 0.16173873527852E+00
 0.16147873934528E+00
 0.16119836674939E+00
 0.16089730045353E+00
 0.16057496818802E+00
 0.16022908300816E+00
 0.15986001237285E+00
 0.15946781455311E+00
 0.15904564404462E+00
 0.15860066526469E+00
 0.15812734242164E+00
 0.15762187547748E+00
 0.15708943867232E+00
 0.15651970195222E+00
 0.15591854121077E+00
 0.15528714788427E+00
 0.15461361035447E+00
 0.15390436660071E+00
 0.15314795747449E+00
 0.15235030601383E+00
 0.15151307048550E+00
 0.15061761310618E+00
 0.14967822169238E+00
 0.14868012783674E+00
 0.14762618970574E+00
 0.14650665812315E+00
 0.14533381016038E+00
 0.14408112132295E+00
 0.14276058180008E+00
 0.14136200846313E+00
 0.13988317149446E+00
 0.13831492015022E+00
 0.13663883751732E+00
 0.13487385056127E+00
 0.13299790335699E+00
 0.13099537707507E+00
 0.12886604715879E+00
 0.12658783671561E+00
 0.12417303592849E+00
 0.12158766511469E+00
 0.11879574597064E+00
 0.11577573221150E+00
 0.11253134328718E+00
 0.10900075878643E+00
 0.10507279179416E+00
 0.10073228883222E+00
 0.95785466001203E-01
 0.90016296887039E-01
 0.82947069043094E-01
 0.74150677843574E-01
 0.63547776151555E-01
 0.52642870011313E-01
 0.44269376011222E-01
 0.38533119487778E-01
 0.34425586733789E-01
 0.31241397272528E-01
 0.28698412503410E-01
 0.26598031476198E-01
 0.24815742626897E-01
 0.23260307858219E-01
 0.21895523945148E-01
 0.20676641584929E-01
 0.19574495128312E-01
 0.18582956880533E-01
 0.17676280610648E-01
 0.16840871006077E-01
 0.16065182240863E-01
 0.15346039971504E-01
 0.14676431623698E-01
 0.14051657116543E-01
 0.13457710420812E-01
 0.12898222500887E-01
 0.12374245376645E-01
 0.11880798113395E-01
 0.11413865891740E-01
 0.10964930281786E-01
 0.10539802397636E-01
 0.10138188636122E-01
 0.97545651447832E-02
 0.93860147670980E-02
 0.90385183620431E-02
 0.87045482215779E-02
 0.83831169151213E-02
 0.80799646904944E-02
 0.77856831719197E-02
 0.75045827501307E-02
 0.72354917651856E-02
 0.69789516587657E-02
 0.67337864549444E-02
 0.64972398904485E-02
 0.62702456660320E-02
 0.60530749556189E-02
 0.58440237707549E-02
 0.56446351854346E-02
 0.54518288184463E-02
 0.52675135585384E-02
 0.50897795820404E-02
 0.49181302689229E-02
 0.47559630602966E-02
 0.45986090739146E-02
 0.44452692448432E-02
 0.43001101342022E-02
 0.41594184074868E-02
 0.40250052259398E-02
 0.38950452149019E-02
 0.37705710370031E-02
 0.36500952910763E-02
 0.35347653093310E-02
 0.34237126801514E-02
 0.33164192635536E-02
 0.32130842032365E-02
 0.31135716472152E-02
 0.30182585915444E-02
 0.29258617512184E-02
 0.28369814181054E-02
 0.27511711616217E-02
 0.26684318074320E-02
 0.25887342745405E-02
 0.25123407970250E-02
 0.24378874131274E-02
 0.23662958493736E-02
 0.22978168089957E-02
 0.22311479900887E-02
 0.21666907205396E-02
 0.21052201414517E-02
 0.20451998427054E-02
 0.19875467937541E-02
 0.19313719085618E-02
 0.18781334386182E-02
 0.18259674992056E-02
 0.17760183568517E-02
 0.17269363949866E-02
 0.16802047923710E-02
 0.16345745802828E-02
 0.15910585566861E-02
 0.15485294846842E-02
 0.15076243280381E-02
 0.14678643524652E-02
 0.14295919664721E-02
 0.13921938420559E-02
 0.13561114986334E-02
 0.13212817982826E-02
 0.12875961076140E-02
 0.12551842340200E-02
 0.12235858496168E-02
 0.11928729866934E-02
 0.11631740094422E-02
 0.11345149503636E-02
