 0.22012047225508E+01
 0.22012047225508E+01
 0.22012047225508E+01
 0.22012047225508E+01
 0.22012047225508E+01
 0.22012047225508E+01
 0.22012047225508E+01
 0.22012047225508E+01
 0.22012047225509E+01
 0.22012046921021E+01
 0.22012050888252E+01
 0.22012045357365E+01
 0.22012041451643E+01
 0.22012044430752E+01
 0.22012038045248E+01
 0.22012040697297E+01
 0.22012039230940E+01
 0.22012045719827E+01
 0.22012043316713E+01
 0.22012038525428E+01
 0.22012040699015E+01
 0.22012045662938E+01
 0.22012044163182E+01
 0.22012033875666E+01
 0.22012031253794E+01
 0.22012039380856E+01
 0.22012044085747E+01
 0.22012042083330E+01
 0.22012029824779E+01
 0.22012035152280E+01
 0.22012047953198E+01
 0.22012034257042E+01
 0.22012062923594E+01
 0.22012066901094E+01
 0.22012046547870E+01
 0.22012068072583E+01
 0.22012058774265E+01
 0.22012059846658E+01
 0.22012149085496E+01
 0.22012062102515E+01
 0.22012035063719E+01
 0.22012068790538E+01
 0.22012057279915E+01
 0.22012183495482E+01
 0.22012367348813E+01
 0.22012397261383E+01
 0.22012361068375E+01
 0.22012157867068E+01
 0.22012066525983E+01
 0.22012360072018E+01
 0.22012064550343E+01
 0.22012529228929E+01
 0.22012169166029E+01
 0.22012076642394E+01
 0.22012069166434E+01
 0.22012583559251E+01
 0.22011933036025E+01
 0.22012059765379E+01
 0.22012669180904E+01
 0.22012273985824E+01
 0.22012584390297E+01
 0.22012463469491E+01
 0.22011988993208E+01
 0.22012345117676E+01
 0.22011580277062E+01
 0.22012458174137E+01
 0.22012542779664E+01
 0.22011841116937E+01
 0.22012664576568E+01
 0.22012091487442E+01
 0.22012684756778E+01
 0.22012644728242E+01
 0.22012065788114E+01
 0.22012694993901E+01
 0.22011740299089E+01
 0.22012721219988E+01
 0.22012171215591E+01
 0.22011899098221E+01
 0.22012124137801E+01
 0.22012119260478E+01
 0.22012202943952E+01
 0.22012178161308E+01
 0.22012814159699E+01
 0.22012634379897E+01
 0.22012298398545E+01
 0.22013008472895E+01
 0.22012437144069E+01
 0.22012305717036E+01
 0.22012580044163E+01
 0.22012704898223E+01
 0.22013411459554E+01
 0.22013162547025E+01
 0.22013071319254E+01
 0.22013804340264E+01
 0.22012962368035E+01
 0.22014086470100E+01
 0.22013839149822E+01
 0.22013945802888E+01
 0.22015041497593E+01
 0.22015334500753E+01
 0.22015145824083E+01
 0.22015728871541E+01
 0.22016170910221E+01
 0.22016583444290E+01
 0.22018016600208E+01
 0.22018355878425E+01
 0.22019285863047E+01
 0.22018755077438E+01
 0.22019395375075E+01
 0.22020662654685E+01
 0.22021897241264E+01
 0.22022090522160E+01
 0.22023500869522E+01
 0.22023772120155E+01
 0.22024367438610E+01
 0.22025466301930E+01
 0.22026215129217E+01
 0.22027348299695E+01
 0.22028124808400E+01
 0.22029472770793E+01
 0.22030500289958E+01
 0.22031804405450E+01
 0.22032961402909E+01
 0.22034878986093E+01
 0.22035843152422E+01
 0.22036903321418E+01
 0.22038500837978E+01
 0.22039782393615E+01
 0.22042068542464E+01
 0.22043604518876E+01
 0.22044560854255E+01
 0.22046193118807E+01
 0.22047900399430E+01
 0.22049570519551E+01
 0.22051019328681E+01
 0.22052574290060E+01
 0.22055186863679E+01
 0.22056174585653E+01
 0.22059128212072E+01
 0.22060330243894E+01
 0.22061718951997E+01
 0.22063868481880E+01
 0.22066338966339E+01
 0.22068390988017E+01
 0.22069804588610E+01
 0.22072484379170E+01
 0.22073249811207E+01
 0.22076211342022E+01
 0.22077089918591E+01
 0.22079173865188E+01
 0.22081211143053E+01
 0.22082864687934E+01
 0.22084762390445E+01
 0.22086630350855E+01
 0.22088024400187E+01
 0.22090352752253E+01
 0.22091292707003E+01
 0.22092787114212E+01
 0.22094133598371E+01
 0.22095721353366E+01
 0.22097732112674E+01
 0.22098265325187E+01
 0.22099415697271E+01
 0.22100441177657E+01
 0.22101386640792E+01
 0.22102511006886E+01
 0.22102900027043E+01
 0.22103487263877E+01
 0.22103942416639E+01
 0.22104951541911E+01
 0.22104547091829E+01
 0.22104717765992E+01
 0.22104189124537E+01
 0.22104451384280E+01
 0.22104422730793E+01
 0.22103659624085E+01
 0.22103050647371E+01
 0.22103176157309E+01
 0.22102183337730E+01
 0.22099993290507E+01
 0.22098952694493E+01
 0.22097474182307E+01
 0.22096548277090E+01
 0.22093967830589E+01
 0.22092981873962E+01
 0.22089750786724E+01
 0.22087236913989E+01
 0.22084596433473E+01
 0.22082164396112E+01
 0.22079862999358E+01
 0.22076115221277E+01
 0.22073588053160E+01
 0.22069438521690E+01
 0.22065729572910E+01
 0.22062223276122E+01
 0.22057106272229E+01
 0.22054244046070E+01
 0.22048935994825E+01
 0.22043650328140E+01
 0.22038853753366E+01
