 0.67197792076794E+03
 0.67197792076794E+03
 0.67197792076794E+03
 0.67197792076794E+03
 0.67197792076794E+03
 0.67197823877565E+03
 0.67197734998231E+03
 0.67197756846389E+03
 0.67197660663052E+03
 0.67195495340662E+03
 0.67205188985754E+03
 0.67192827157642E+03
 0.67949582194605E+03
 0.67190633634510E+03
 0.67942965274651E+03
 0.67947477267217E+03
 0.67945972969675E+03
 0.67194404236533E+03
 0.67189480151967E+03
 0.67943953198149E+03
 0.67948154902066E+03
 0.67193526239827E+03
 0.67190379596052E+03
 0.67935153844968E+03
 0.68186853856213E+03
 0.67946522691862E+03
 0.67950695819821E+03
 0.67937940350718E+03
 0.68177301395895E+03
 0.67950818923355E+03
 0.67208154104890E+03
 0.68184013319958E+03
 0.67246547599820E+03
 0.67260364368838E+03
 0.67198148379781E+03
 0.67277079905077E+03
 0.67231338148995E+03
 0.67224981372094E+03
 0.67331190359442E+03
 0.67228362588346E+03
 0.67933301407789E+03
 0.67293964873091E+03
 0.67218253055071E+03
 0.67339640600466E+03
 0.67436687345997E+03
 0.67451896892615E+03
 0.67433949436396E+03
 0.67329929971147E+03
 0.67239046076245E+03
 0.67427490366672E+03
 0.67235877775355E+03
 0.67558335718829E+03
 0.67346668083363E+03
 0.67311880532033E+03
 0.67308708913981E+03
 0.67607946490927E+03
 0.68067726370477E+03
 0.67213153327422E+03
 0.67733497687825E+03
 0.67369402405922E+03
 0.67613092953071E+03
 0.67490228124457E+03
 0.68141870857143E+03
 0.67435964565327E+03
 0.67862905488575E+03
 0.67467684668555E+03
 0.67536243472001E+03
 0.67605760099201E+03
 0.67685369464696E+03
 0.67281537069043E+03
 0.67861422814062E+03
 0.67939655293791E+03
 0.68173373201121E+03
 0.67864502623916E+03
 0.67890679012111E+03
 0.67673280624572E+03
 0.68253699264089E+03
 0.67944917059688E+03
 0.67441306483830E+03
 0.67403253344694E+03
 0.67734014109875E+03
 0.68102045526379E+03
 0.67858859541626E+03
 0.68104632851642E+03
 0.67533571955350E+03
 0.67683785944709E+03
 0.67842143364342E+03
 0.67474167683495E+03
 0.67880722941902E+03
 0.67697428742726E+03
 0.67698425973202E+03
 0.68204761369036E+03
 0.67784203928834E+03
 0.68427767454162E+03
 0.67800127407410E+03
 0.67884672343779E+03
 0.67888722120185E+03
 0.67701563437351E+03
 0.68404380831725E+03
 0.68261062004548E+03
 0.68244430335836E+03
 0.68493115215218E+03
 0.68201180248125E+03
 0.68959662811124E+03
 0.68469814012863E+03
 0.68538415589423E+03
 0.68544790322915E+03
 0.68587946162936E+03
 0.68684090939615E+03
 0.69265675514545E+03
 0.69340828718399E+03
 0.68853575309800E+03
 0.69293718185992E+03
 0.68828407458899E+03
 0.68835677781469E+03
 0.69700054966434E+03
 0.69829869455445E+03
 0.69902720140273E+03
 0.69274352385366E+03
 0.69685190490352E+03
 0.70332888635495E+03
 0.69555221985448E+03
 0.70759660239877E+03
 0.69870271682468E+03
 0.69792882649766E+03
 0.70325812757882E+03
 0.70471076403003E+03
 0.70824778524614E+03
 0.70790761458472E+03
 0.71007799402208E+03
 0.71297632127399E+03
 0.71093288278518E+03
 0.71164309395141E+03
 0.71542194674215E+03
 0.71138188927545E+03
 0.72247202861163E+03
 0.71704805929632E+03
 0.71971108374110E+03
 0.72860719356253E+03
 0.72136510601435E+03
 0.72949011806334E+03
 0.72549479878749E+03
 0.73813598646726E+03
 0.73494508499196E+03
 0.73125670432532E+03
 0.73927622545196E+03
 0.74030788589493E+03
 0.73844627081021E+03
 0.73803739660680E+03
 0.74508236767976E+03
 0.75124436507771E+03
 0.74286254380803E+03
 0.75267264020641E+03
 0.75405010954857E+03
 0.75093160915466E+03
 0.75336694257759E+03
 0.75952990982858E+03
 0.75471281282917E+03
 0.75877900155575E+03
 0.75785263589761E+03
 0.75998038692220E+03
 0.77073929181314E+03
 0.76461239410881E+03
 0.76373479463153E+03
 0.78086944842681E+03
 0.77054511834548E+03
 0.77307586421766E+03
 0.77673700497035E+03
 0.78205037456967E+03
 0.78131050330108E+03
 0.78162552919578E+03
 0.78823726014414E+03
 0.78781227181443E+03
 0.78915646417720E+03
 0.80241353296851E+03
 0.79284873485274E+03
 0.79699212649799E+03
 0.80683766457959E+03
 0.80320742568075E+03
 0.80938757665871E+03
 0.81531591589842E+03
 0.81071118898411E+03
 0.81476124680955E+03
 0.81748151759080E+03
 0.82591431029877E+03
 0.81659862988415E+03
 0.82807198730735E+03
 0.83168321781241E+03
 0.83738215253739E+03
 0.82344331501898E+03
 0.83421975363383E+03
 0.83049473837141E+03
 0.83155221653488E+03
 0.84495842828400E+03
 0.83804259617105E+03
 0.83830257740535E+03
 0.85738952464855E+03
 0.84887948698120E+03
 0.86004621900079E+03
 0.85919306737172E+03
 0.86427109831340E+03
 0.85445172293467E+03
 0.85998704283289E+03
 0.86287093470133E+03
 0.86690842300536E+03
 0.87534035951076E+03
 0.86617154500772E+03
 0.88274491565989E+03
 0.87983312495113E+03
 0.88764742177412E+03
 0.88754765391251E+03
 0.88567308744998E+03
 0.88773970404876E+03
 0.89116311681124E+03
 0.90330306272813E+03
 0.89959512977068E+03
 0.89970584966098E+03
 0.90663167073459E+03
 0.90449901878919E+03
 0.90257340347590E+03
 0.90695818963167E+03
 0.91504444955589E+03
 0.90819141018417E+03
 0.91504255874644E+03
 0.91296221759231E+03
 0.91620639560302E+03
 0.91926743485964E+03
 0.93601571076914E+03
 0.93135557184647E+03
 0.93123237087299E+03
 0.93979218114367E+03
 0.94043812010714E+03
 0.93700286853068E+03
 0.95137377387326E+03
 0.94961961504059E+03
 0.95145266307463E+03
 0.95609055679546E+03
 0.96419460117835E+03
 0.96358546434015E+03
 0.95341714206262E+03
 0.96414159478746E+03
 0.95965027484601E+03
 0.96167221893853E+03
 0.97730251435821E+03
 0.97799339676093E+03
 0.97164651296103E+03
 0.98038915292721E+03
 0.98907432886807E+03
 0.99100452900417E+03
 0.98620639963832E+03
 0.98737023509849E+03
 0.99784505444346E+03
 0.99596675033399E+03
 0.99270168932217E+03
 0.10008265747193E+04
 0.99591076914740E+03
 0.10019116382913E+04
 0.10194872000433E+04
 0.10066372518517E+04
 0.10129753373251E+04
 0.10232374917957E+04
 0.10127334346299E+04
 0.10193034500584E+04
 0.10345328047448E+04
 0.10246162455601E+04
 0.10325104223471E+04
 0.10309789459966E+04
 0.10360211639010E+04
 0.10467490143631E+04
 0.10450050376636E+04
 0.10407436756062E+04
 0.10467764819378E+04
 0.10578549504491E+04
 0.10634161323818E+04
 0.10498348274432E+04
 0.10565599208972E+04
 0.10682546972704E+04
 0.10658833621405E+04
 0.10636023612636E+04
 0.10799767451212E+04
 0.10776552071522E+04
 0.10845192074973E+04
 0.10729839092783E+04
 0.10798139024128E+04
 0.10795281473376E+04
 0.10846055261102E+04
 0.10937171058711E+04
 0.11019218306085E+04
 0.11027806473132E+04
 0.11063984412421E+04
 0.10966849900273E+04
 0.10992535851608E+04
 0.11053132872601E+04
 0.11007171120274E+04
 0.11236565651240E+04
 0.11256704544536E+04
 0.11120097915299E+04
 0.11138280986967E+04
 0.11307583313851E+04
 0.11343112616258E+04
