 0.25955908804632E+10
 0.25957108867719E+10
 0.25959108782898E+10
 0.25961908750767E+10
 0.25965508759658E+10
 0.25969908781553E+10
 0.25975108684409E+10
 0.25981108744504E+10
 0.25987908473095E+10
 0.25995508474839E+10
 0.26003908479393E+10
 0.26013108350787E+10
 0.26023108249321E+10
 0.26033908311753E+10
 0.26045508108070E+10
 0.26057908184547E+10
 0.26071108260577E+10
 0.26085108461344E+10
 0.26099908758482E+10
 0.26115509234554E+10
 0.26131909759071E+10
 0.26149110661915E+10
 0.26167111733542E+10
 0.26185913386147E+10
 0.26205515633506E+10
 0.26225918417466E+10
 0.26247121216397E+10
 0.26269125258628E+10
 0.26291929960868E+10
 0.26315535995473E+10
 0.26339941514696E+10
 0.26365148604335E+10
 0.26391156809729E+10
 0.26417964704766E+10
 0.26445574108977E+10
 0.26473981907231E+10
 0.26503188394014E+10
 0.26533194486002E+10
 0.26563997128508E+10
 0.26595597219109E+10
 0.26627990680203E+10
 0.26661176608695E+10
 0.26695152694633E+10
 0.26729915810609E+10
 0.26765463022635E+10
 0.26801789940078E+10
 0.26838891006491E+10
 0.26876760798193E+10
 0.26915393911534E+10
 0.26954783287044E+10
 0.26994918469397E+10
 0.27035793687845E+10
 0.27077396200012E+10
 0.27119714177092E+10
 0.27162739762819E+10
 0.27206456328219E+10
 0.27250852953941E+10
 0.27295907079222E+10
 0.27341608429653E+10
 0.27387933065136E+10
 0.27434870728097E+10
 0.27482389446430E+10
 0.27530476084118E+10
 0.27579101158562E+10
 0.27628252437876E+10
 0.27677885005747E+10
 0.27727986203125E+10
 0.27778527533474E+10
 0.27829476869420E+10
 0.27880805748221E+10
 0.27932469316609E+10
 0.27984444693121E+10
 0.28036711758178E+10
 0.28089217704407E+10
 0.28141939714469E+10
 0.28194824674685E+10
 0.28247841401365E+10
 0.28300960365060E+10
 0.28354162157197E+10
 0.28407330729216E+10
 0.28460498657985E+10
 0.28513593720592E+10
 0.28566583469703E+10
 0.28619419357732E+10
 0.28672008748149E+10
 0.28724373588295E+10
 0.28776468632597E+10
 0.28828182009802E+10
 0.28879519636185E+10
 0.28930352363712E+10
 0.28980792404337E+10
 0.29030667971647E+10
 0.29079909878748E+10
 0.29128477148936E+10
 0.29176472750017E+10
 0.29223785970879E+10
 0.29270064269253E+10
 0.29315670509191E+10
 0.29360343031722E+10
 0.29404054440085E+10
 0.29446760828802E+10
 0.29488505491976E+10
 0.29529220235834E+10
 0.29568686861386E+10
 0.29606980006688E+10
 0.29644162034684E+10
 0.29680187461358E+10
 0.29714797292871E+10
 0.29748169699519E+10
 0.29780533087306E+10
 0.29811664452950E+10
 0.29841514223653E+10
 0.29870197653551E+10
 0.29897729697304E+10
 0.29923969964894E+10
 0.29949704947948E+10
 0.29974667734860E+10
 0.29999109884449E+10
 0.30023251469249E+10
 0.30047606899256E+10
 0.30072718496873E+10
 0.30099324213763E+10
 0.30127730672802E+10
 0.30159264486756E+10
 0.30195563472836E+10
 0.30237570250029E+10
 0.30286591857342E+10
 0.30343075457775E+10
 0.30407229383380E+10
 0.30478318193187E+10
 0.30554778639659E+10
 0.30635339866080E+10
 0.30718667179827E+10
 0.30804119686402E+10
 0.30891060391645E+10
 0.30979331313578E+10
 0.31068647420821E+10
 0.31159299941230E+10
 0.31251280438462E+10
 0.31344522228066E+10
 0.31439102913788E+10
 0.31535203668713E+10
 0.31632753895171E+10
 0.31731571980242E+10
 0.31831812874649E+10
 0.31933519268801E+10
 0.32036637519656E+10
 0.32141009159132E+10
 0.32246619154629E+10
 0.32353645117113E+10
 0.32461799719340E+10
 0.32571228549608E+10
 0.32682010157684E+10
 0.32793667569396E+10
 0.32906723339287E+10
 0.33020552257604E+10
 0.33135673555442E+10
 0.33251813229407E+10
 0.33369043874426E+10
 0.33487262966634E+10
 0.33606448907121E+10
 0.33726708029153E+10
 0.33847885979679E+10
 0.33970075317451E+10
 0.34093123203016E+10
 0.34217291044887E+10
 0.34342209984513E+10
 0.34468197935467E+10
 0.34594950154520E+10
 0.34722657105805E+10
 0.34851289827376E+10
 0.34980668194215E+10
 0.35111158266937E+10
 0.35242329585551E+10
 0.35374238129850E+10
 0.35507296079266E+10
 0.35640981120160E+10
 0.35775552319321E+10
 0.35911108925553E+10
 0.36047470786878E+10
 0.36184527236872E+10
 0.36322495958634E+10
 0.36461203228080E+10
 0.36600854388078E+10
 0.36741267174810E+10
 0.36882624453620E+10
 0.37024613430227E+10
 0.37167425151492E+10
 0.37311151809426E+10
 0.37455779687308E+10
 0.37600970112159E+10
 0.37747135398846E+10
 0.37894102923336E+10
 0.38041804625275E+10
 0.38190352996363E+10
 0.38339718953894E+10
 0.38489821713237E+10
 0.38640762437737E+10
 0.38792400049161E+10
 0.38945064527200E+10
 0.39098363017768E+10
 0.39252410199458E+10
 0.39407418778134E+10
 0.39563123523508E+10
 0.39719701476396E+10
 0.39877003729132E+10
 0.40035152840398E+10
 0.40194044057128E+10
 0.40353730785406E+10
 0.40514307991891E+10
 0.40675625774052E+10
 0.40837692919963E+10
 0.41000635498505E+10
 0.41164285866099E+10
 0.41328866062661E+10
 0.41494092391024E+10
 0.41660165324572E+10
 0.41827082679426E+10
 0.41994708139605E+10
 0.42163220620803E+10
 0.42332510447458E+10
 0.42502545629038E+10
 0.42673394490485E+10
 0.42845061221460E+10
 0.43017615951596E+10
 0.43190880228745E+10
 0.43364902575332E+10
 0.43539717993221E+10
 0.43715407942713E+10
 0.43891944880980E+10
 0.44069234668721E+10
 0.44247274354457E+10
 0.44426184601323E+10
 0.44605798173601E+10
 0.44786344325881E+10
 0.44967615218792E+10
 0.45149735036300E+10
 0.45332563535308E+10
 0.45516194934175E+10
 0.45700766452422E+10
 0.45886072495837E+10
 0.46072213485323E+10
 0.46259033717280E+10
 0.46446821583238E+10
 0.46635307957190E+10
 0.46824653873578E+10
 0.47014824434887E+10
 0.47205739667875E+10
 0.47397400072116E+10
 0.47590033043361E+10
 0.47783392971460E+10
 0.47977566887539E+10
 0.48172521743432E+10
 0.48368267365804E+10
 0.48564959671278E+10
 0.48762254966249E+10
 0.48960534868457E+10
 0.49159567733229E+10
 0.49359346765285E+10
 0.49560004574331E+10
 0.49761455007180E+10
 0.49963730836982E+10
 0.50166795911318E+10
 0.50370680833182E+10
 0.50575276070508E+10
 0.50780838622208E+10
 0.50987157961883E+10
 0.51194354351238E+10
 0.51402273560849E+10
 0.51611026494757E+10
 0.51820541294202E+10
 0.52030908574345E+10
 0.52242079287812E+10
 0.52454060707290E+10
 0.52666918464093E+10
 0.52880514344671E+10
 0.53094938841794E+10
 0.53310218357261E+10
 0.53526328014326E+10
 0.53743131933341E+10
 0.53960907705845E+10
 0.54179427468078E+10
 0.54398641612663E+10
 0.54618857555240E+10
 0.54839823275218E+10
 0.55061619148693E+10
 0.55284122439594E+10
 0.55507565562516E+10
 0.55731797620583E+10
 0.55956834994308E+10
 0.56182684048009E+10
 0.56409336981099E+10
 0.56636869335775E+10
 0.56865072375846E+10
 0.57094306932423E+10
 0.57324126424281E+10
 0.57554933940127E+10
 0.57786514949297E+10
 0.58018820690003E+10
 0.58252034772396E+10
