 0.10189891284960E+00
 0.10189891284961E+00
 0.10189891284978E+00
 0.10189891285078E+00
 0.10189891285480E+00
 0.10189891286596E+00
 0.10189891261479E+00
 0.10189891145552E+00
 0.10189890729663E+00
 0.10189889613219E+00
 0.10189887143470E+00
 0.10189882426969E+00
 0.10189874225041E+00
 0.10189861152836E+00
 0.10189841759604E+00
 0.10189814120342E+00
 0.10189776652598E+00
 0.10189727643557E+00
 0.10189665367680E+00
 0.10189588117018E+00
 0.10189493472955E+00
 0.10189381575816E+00
 0.10189249862309E+00
 0.10189097145664E+00
 0.10188921615424E+00
 0.10188722027088E+00
 0.10188496274436E+00
 0.10188245738038E+00
 0.10187967716334E+00
 0.10187660026829E+00
 0.10187319780232E+00
 0.10186949776299E+00
 0.10186545021968E+00
 0.10186102832403E+00
 0.10185628016511E+00
 0.10185113126371E+00
 0.10184559336344E+00
 0.10183960874694E+00
 0.10183322941258E+00
 0.10182645848708E+00
 0.10181910898909E+00
 0.10181133313670E+00
 0.10180310271446E+00
 0.10179436892167E+00
 0.10178503716439E+00
 0.10177520900963E+00
 0.10176494480817E+00
 0.10175414535930E+00
 0.10174275043069E+00
 0.10173078799832E+00
 0.10171835435320E+00
 0.10170532677908E+00
 0.10169181219990E+00
 0.10167773078242E+00
 0.10166304529163E+00
 0.10164783824038E+00
 0.10163215564306E+00
 0.10161580105741E+00
 0.10159901476413E+00
 0.10158188724098E+00
 0.10156370096496E+00
 0.10154554447138E+00
 0.10152684903930E+00
 0.10150732172311E+00
 0.10148776435261E+00
 0.10146712732011E+00
 0.10144633574470E+00
 0.10142572595553E+00
 0.10140405864877E+00
 0.10138241299265E+00
 0.10135964942038E+00
 0.10133674181088E+00
 0.10131424437052E+00
 0.10129018003269E+00
 0.10126661811220E+00
 0.10124215371120E+00
 0.10121754374888E+00
 0.10119211484687E+00
 0.10116752118531E+00
 0.10114148056901E+00
 0.10111551409164E+00
 0.10108931674404E+00
 0.10106302377284E+00
 0.10103626924493E+00
 0.10100817695547E+00
 0.10098076394858E+00
 0.10095310984283E+00
 0.10092435271236E+00
 0.10089538490201E+00
 0.10086557183019E+00
 0.10083668565515E+00
 0.10080749588484E+00
 0.10077677091737E+00
 0.10074516354269E+00
 0.10071476487156E+00
 0.10068424002994E+00
 0.10065133887424E+00
 0.10061945336384E+00
 0.10058647028809E+00
 0.10055327251724E+00
 0.10051864022400E+00
 0.10048455796998E+00
 0.10044995186988E+00
 0.10041388652758E+00
 0.10037649974421E+00
 0.10033929304305E+00
 0.10030233316301E+00
 0.10026224845577E+00
 0.10022212129297E+00
 0.10018238077670E+00
 0.10014203722818E+00
 0.10009947773970E+00
 0.10005624585504E+00
 0.10001139249510E+00
 0.99964306479442E-01
 0.99917579473077E-01
 0.99869270007077E-01
 0.99819501260310E-01
 0.99767266495835E-01
 0.99713725128661E-01
 0.99659055399113E-01
 0.99603341420741E-01
 0.99542879845980E-01
 0.99479993294873E-01
 0.99416517217389E-01
 0.99351351713967E-01
 0.99284006029270E-01
 0.99210464493258E-01
 0.99134593105946E-01
 0.99056963273141E-01
 0.98974835307879E-01
 0.98886554985526E-01
 0.98796801448087E-01
 0.98700387300072E-01
 0.98596909860016E-01
 0.98490416989087E-01
 0.98373658080106E-01
 0.98250041518845E-01
 0.98118028764872E-01
 0.97978336386515E-01
 0.97829573685039E-01
 0.97667075960656E-01
 0.97491651347880E-01
 0.97303107998208E-01
 0.97096950416055E-01
 0.96875118728135E-01
 0.96630911979864E-01
 0.96365583421375E-01
 0.96073589068216E-01
 0.95751671754923E-01
 0.95406598435128E-01
 0.95024234417245E-01
 0.94602503012827E-01
 0.94149865923464E-01
 0.93657472192509E-01
 0.93132365398838E-01
 0.92573889471531E-01
 0.91990256245900E-01
 0.91383441665846E-01
 0.90769198305420E-01
 0.90155209163265E-01
 0.89549364888600E-01
 0.88963857098722E-01
 0.88407173074497E-01
 0.87889022200628E-01
 0.87409717243669E-01
 0.86976014706356E-01
 0.86588344035226E-01
 0.86247142529198E-01
 0.85952587625467E-01
 0.85704177281473E-01
 0.85497112940605E-01
 0.85331820354963E-01
 0.85206799155839E-01
 0.85117323642283E-01
 0.85062355666975E-01
 0.85040348634241E-01
 0.85048229571176E-01
 0.85084574487031E-01
 0.85147708699331E-01
 0.85234899565200E-01
 0.85346114297967E-01
 0.85478450499199E-01
 0.85632743002822E-01
 0.85805090391276E-01
 0.85996865935363E-01
 0.86203748175409E-01
 0.86428137374333E-01
 0.86667403596976E-01
 0.86922054964970E-01
 0.87189398722938E-01
 0.87471616807164E-01
 0.87765871852929E-01
 0.88071935585284E-01
 0.88388848566147E-01
 0.88715158612366E-01
 0.89053391972142E-01
 0.89403090120607E-01
 0.89761022603090E-01
 0.90127409522031E-01
 0.90503832480986E-01
 0.90886990745915E-01
 0.91281950528389E-01
 0.91681257083611E-01
 0.92092591822057E-01
 0.92506861201077E-01
 0.92931611960859E-01
 0.93362827075622E-01
 0.93800440566142E-01
 0.94244223512607E-01
 0.94695711396525E-01
 0.95153110367994E-01
 0.95620012166621E-01
 0.96087923131811E-01
 0.96563381291627E-01
 0.97045559549327E-01
 0.97532489499091E-01
 0.98026364508438E-01
 0.98522345930614E-01
 0.99027747071211E-01
 0.99535493325741E-01
 0.10005086691008E+00
 0.10057275455908E+00
 0.10109550190246E+00
 0.10162763702105E+00
 0.10215977128654E+00
 0.10269741666921E+00
 0.10324085886200E+00
 0.10379031581889E+00
 0.10434177733877E+00
 0.10489568452811E+00
 0.10545891718529E+00
 0.10602626873852E+00
 0.10659522925551E+00
 0.10717206805989E+00
 0.10774814360431E+00
 0.10833173348836E+00
 0.10891637080615E+00
 0.10951016896463E+00
 0.11010429440975E+00
 0.11070058894818E+00
 0.11130604193037E+00
 0.11190955166286E+00
 0.11251971570655E+00
 0.11313463424941E+00
 0.11375067635840E+00
 0.11437388885991E+00
 0.11499969354482E+00
 0.11562822536612E+00
 0.11626155984776E+00
 0.11689426822056E+00
 0.11753823149853E+00
 0.11817840887599E+00
 0.11882561639905E+00
 0.11947625456445E+00
 0.12012871370236E+00
 0.12078612152122E+00
 0.12144854317164E+00
 0.12210650951811E+00
 0.12277774101846E+00
 0.12344452061874E+00
 0.12412221943585E+00
 0.12479792635094E+00
 0.12547722231814E+00
 0.12615875447710E+00
 0.12684775502792E+00
 0.12753716949233E+00
 0.12823221306964E+00
 0.12892517275830E+00
 0.12962566942843E+00
 0.13032730274777E+00
 0.13103057655713E+00
 0.13174122908844E+00
 0.13245368248822E+00
 0.13316648814651E+00
 0.13388500195088E+00
 0.13460511507015E+00
 0.13532398867353E+00
 0.13605362692884E+00
 0.13678384437856E+00
 0.13751672107660E+00
 0.13825084120374E+00
 0.13899020455635E+00
 0.13973126779605E+00
 0.14047408590474E+00
 0.14122264406119E+00
 0.14196854416586E+00
 0.14272038838784E+00
 0.14347448390646E+00
 0.14423081179282E+00
 0.14499401227217E+00
 0.14575244174034E+00
 0.14651911667829E+00
 0.14728753609880E+00
 0.14805803117682E+00
 0.14883380266339E+00
 0.14960836958245E+00
 0.15039029642097E+00
 0.15117425548248E+00
 0.15195814488508E+00
