 0.11312241377893E+03
 0.11312241377892E+03
 0.11312241377876E+03
 0.11312241378960E+03
 0.11312241419240E+03
 0.11312241800312E+03
 0.11312243433314E+03
 0.11312247901929E+03
 0.11312256863194E+03
 0.11312271436522E+03
 0.11312291745954E+03
 0.11312316756621E+03
 0.11312344638812E+03
 0.11312372109333E+03
 0.11312396189259E+03
 0.11312411524371E+03
 0.11312414351537E+03
 0.11312399832389E+03
 0.11312362739399E+03
 0.11312298185640E+03
 0.11311683036297E+03
 0.11311414050533E+03
 0.11311094707351E+03
 0.11310720815371E+03
 0.11310287263831E+03
 0.11309790146065E+03
 0.11309222461210E+03
 0.11308586637679E+03
 0.11307875243566E+03
 0.11307080574074E+03
 0.11306194081942E+03
 0.11305221527306E+03
 0.11304148498096E+03
 0.11302965876023E+03
 0.11301685835426E+03
 0.11300286926428E+03
 0.11298770395179E+03
 0.11297120363594E+03
 0.11295347689444E+03
 0.11293452912076E+03
 0.11291385424713E+03
 0.11289184881899E+03
 0.11286841931631E+03
 0.11284341750756E+03
 0.11281660069697E+03
 0.11278822062681E+03
 0.11275840939294E+03
 0.11272691110132E+03
 0.11269356209612E+03
 0.11265842149379E+03
 0.11262171398905E+03
 0.11258312829834E+03
 0.11254290529807E+03
 0.11250085604717E+03
 0.11245684162948E+03
 0.11241105928901E+03
 0.11236361371317E+03
 0.11231398836766E+03
 0.11226276372428E+03
 0.11221010543826E+03
 0.11215426569813E+03
 0.11209783656313E+03
 0.11203943148882E+03
 0.11197828524533E+03
 0.11191627684637E+03
 0.11185087822508E+03
 0.11178424862751E+03
 0.11171712964157E+03
 0.11164650027362E+03
 0.11157491525408E+03
 0.11149957864077E+03
 0.11142274790592E+03
 0.11134568923366E+03
 0.11126362210380E+03
 0.11118137867651E+03
 0.11109558381910E+03
 0.11100795034501E+03
 0.11091675935590E+03
 0.11082590062464E+03
 0.11072985375429E+03
 0.11063214494862E+03
 0.11053193388684E+03
 0.11042946379158E+03
 0.11032380240306E+03
 0.11021268945377E+03
 0.11010085647331E+03
 0.10998602139376E+03
 0.10986596541336E+03
 0.10974274853592E+03
 0.10961472103972E+03
 0.10948597850325E+03
 0.10935346606132E+03
 0.10921406530266E+03
 0.10906924806551E+03
 0.10892384102087E+03
 0.10877454801899E+03
 0.10861577910428E+03
 0.10845554828872E+03
 0.10828853054982E+03
 0.10811682232555E+03
 0.10793709242211E+03
 0.10775413866589E+03
 0.10756509320401E+03
 0.10736745876804E+03
 0.10716134355333E+03
 0.10695018747327E+03
 0.10673414543502E+03
 0.10650423660201E+03
 0.10626814475099E+03
 0.10602657003938E+03
 0.10577687063414E+03
 0.10551447432241E+03
 0.10524320191728E+03
 0.10496010858170E+03
 0.10466331942517E+03
 0.10435908837940E+03
 0.10404215279378E+03
 0.10371231406879E+03
 0.10336634316543E+03
 0.10300707821513E+03
 0.10263444936920E+03
 0.10224793949941E+03
 0.10183716052070E+03
 0.10140763240895E+03
 0.10096385923625E+03
 0.10050219200218E+03
 0.10002061351216E+03
 0.99506685457201E+02
 0.98970790434337E+02
 0.98413859633509E+02
 0.97826788518069E+02
 0.97203676983010E+02
 0.96557766996266E+02
 0.95871917220873E+02
 0.95143941278644E+02
 0.94385123110873E+02
 0.93571791680337E+02
 0.92713131742523E+02
 0.91802878240984E+02
 0.90842824008816E+02
 0.89827208720314E+02
 0.88741544294293E+02
 0.87575448600683E+02
 0.86350756539661E+02
 0.85033765729043E+02
 0.83636934648261E+02
 0.82137756203369E+02
 0.80542679007782E+02
 0.78834902604447E+02
 0.77006737647888E+02
 0.75089830438808E+02
 0.73038873119950E+02
 0.70855204713075E+02
 0.68581276132063E+02
 0.66194574122837E+02
 0.63732160951581E+02
 0.61200263097027E+02
 0.58634624522433E+02
 0.56044253347100E+02
 0.53482327188219E+02
 0.50967931476527E+02
 0.48517251222148E+02
 0.46158606325076E+02
 0.43906633525972E+02
 0.41780917820907E+02
 0.39768981518701E+02
 0.37884740471123E+02
 0.36120903914063E+02
 0.34473133315367E+02
 0.32938452020867E+02
 0.31514607669094E+02
 0.30179278796569E+02
 0.28937135159852E+02
 0.27788159404981E+02
 0.26708130632745E+02
 0.25697833646114E+02
 0.24761090566595E+02
 0.23877672610884E+02
 0.23052045679150E+02
 0.22270981038355E+02
 0.21549578094219E+02
 0.20861011656960E+02
 0.20216909029199E+02
 0.19601129164762E+02
 0.19025655350346E+02
 0.18476462465246E+02
 0.17962474464888E+02
 0.17470893396203E+02
 0.17005145189674E+02
 0.16560479579218E+02
 0.16139289482617E+02
 0.15734980393008E+02
 0.15350150040386E+02
 0.14982967123027E+02
 0.14632714179360E+02
 0.14299294840841E+02
 0.13978257288961E+02
 0.13669144981886E+02
 0.13373989383374E+02
 0.13091352884728E+02
 0.12818810100653E+02
 0.12558180356011E+02
 0.12304853890706E+02
 0.12063458734789E+02
 0.11828110005725E+02
 0.11604033733712E+02
 0.11385945112057E+02
 0.11175776272710E+02
 0.10973008322632E+02
 0.10777303127391E+02
 0.10587451171445E+02
 0.10403972142736E+02
 0.10224956081801E+02
 0.10053657573124E+02
 0.98869776252092E+01
 0.97250337090510E+01
 0.95682735878132E+01
 0.94156703369118E+01
 0.92685936508995E+01
 0.91244286776671E+01
 0.89852400106942E+01
 0.88491965952355E+01
 0.87165051549617E+01
 0.85885369778677E+01
 0.84628341603941E+01
 0.83416674618825E+01
 0.82234481530619E+01
 0.81080062733431E+01
 0.79951715587103E+01
 0.78857281855052E+01
 0.77794100853388E+01
 0.76746716966516E+01
 0.75725302626665E+01
 0.74733417758896E+01
 0.73758212353231E+01
 0.72814769533675E+01
 0.71887103866064E+01
 0.70985698860043E+01
 0.70096202791651E+01
 0.69232548659411E+01
 0.68390627375499E+01
 0.67559180281976E+01
 0.66754167067063E+01
 0.65962273845752E+01
 0.65185802749486E+01
 0.64429154627512E+01
 0.63683621937301E+01
 0.62954811969477E+01
 0.62242043140804E+01
 0.61542044124904E+01
 0.60861019147218E+01
 0.60184585380580E+01
 0.59529525271310E+01
 0.58883267004660E+01
 0.58249466631469E+01
 0.57629417206172E+01
 0.57019383793539E+01
 0.56419226489090E+01
 0.55837642371395E+01
 0.55257320493574E+01
 0.54694729673294E+01
 0.54135409089337E+01
 0.53590698244944E+01
 0.53055356737704E+01
 0.52530198060535E+01
 0.52010707914970E+01
 0.51502359603438E+01
 0.51000868959411E+01
 0.50511836035679E+01
 0.50027749358233E+01
 0.49553185755351E+01
 0.49087513138841E+01
 0.48626479228083E+01
 0.48173831346408E+01
 0.47730344408903E+01
 0.47292179653555E+01
 0.46861912796341E+01
 0.46441099025080E+01
 0.46022054014401E+01
 0.45610997935221E+01
 0.45206516840408E+01
 0.44809194193000E+01
 0.44416630377307E+01
 0.44030681159865E+01
 0.43651137947633E+01
 0.43275711895565E+01
 0.42908773245967E+01
 0.42545584150426E+01
 0.42188015187604E+01
 0.41835910496559E+01
 0.41486865493003E+01
 0.41146487682843E+01
 0.40808292333647E+01
 0.40475404964058E+01
 0.40147473636795E+01
 0.39822993363673E+01
 0.39504693188854E+01
 0.39188828241101E+01
 0.38877577212991E+01
 0.38571696874701E+01
