 0.10000000133514E-09
 0.10000000133514E-09
 0.10000000133514E-09
 0.10000000133514E-09
 0.10000000133514E-09
 0.10000000133514E-09
 0.10000000133514E-09
 0.10000000133514E-09
 0.10000000133514E-09
 0.10000000133514E-09
 0.10000000133514E-09
 0.10000000133514E-09
 0.62632686515504E-07
 0.62632686515504E-07
 0.14136740796263E-05
 0.37366524433353E-05
 0.72150363921217E-05
 0.12947526359158E-04
 0.21863202548991E-04
 0.35079410092518E-04
 0.53962757041237E-04
 0.79924275362048E-04
 0.11462843482346E-03
 0.15988394988983E-03
 0.21763517880487E-03
 0.28995757807821E-03
 0.37904630538122E-03
 0.48719733343170E-03
 0.61682260958267E-03
 0.77050203937850E-03
 0.95088720225100E-03
 0.11607094185171E-02
 0.14030389336678E-02
 0.16927553947327E-02
 0.20107405129287E-02
 0.23713143589342E-02
 0.27774886197733E-02
 0.32339831367333E-02
 0.37435118725149E-02
 0.43107562337354E-02
 0.49401819511558E-02
 0.56344169907802E-02
 0.63982798440962E-02
 0.72363182618780E-02
 0.81529353828485E-02
 0.91510948135308E-02
 0.10234651298180E-01
 0.11409132694654E-01
 0.12674997569342E-01
 0.14037978439120E-01
 0.15501370414245E-01
 0.17068541128367E-01
 0.18742850474118E-01
 0.20526891509483E-01
 0.22424555375937E-01
 0.24436899940915E-01
 0.26574128524924E-01
 0.28833294390871E-01
 0.31213490966080E-01
 0.33729156514977E-01
 0.36385561452790E-01
 0.39171952860758E-01
 0.42108068861856E-01
 0.45201577146965E-01
 0.48438908520649E-01
 0.51849600103053E-01
 0.55426416641538E-01
 0.59180236586600E-01
 0.63126170068908E-01
 0.67280520978835E-01
 0.71669050216089E-01
 0.76306597017271E-01
 0.81204288113781E-01
 0.86441484847101E-01
 0.92052246143264E-01
 0.98150904687132E-01
 0.10495624620871E+00
 0.11298338919913E+00
