 0.12287856071230E+01
 0.12287856154771E+01
 0.12287856532512E+01
 0.12287857575042E+01
 0.12287859811654E+01
 0.12287863952370E+01
 0.12287871001456E+01
 0.12287882577202E+01
 0.12287901441648E+01
 0.12287932079904E+01
 0.12287981102194E+01
 0.12288057403165E+01
 0.12288172093736E+01
 0.12288337967947E+01
 0.12288569445099E+01
 0.12288881501300E+01
 0.12289289904813E+01
 0.12289810339385E+01
 0.12290458143615E+01
 0.12291248225102E+01
 0.12292194199216E+01
 0.12293310441934E+01
 0.12294608900273E+01
 0.12296101356492E+01
 0.12297798698310E+01
 0.12299711416780E+01
 0.12301848997707E+01
 0.12304222235223E+01
 0.12306840029592E+01
 0.12309711206514E+01
 0.12312844456898E+01
 0.12316251350037E+01
 0.12319940135197E+01
 0.12323923199524E+01
 0.12328209707011E+01
 0.12332810383207E+01
 0.12337738108402E+01
 0.12343004196738E+01
 0.12348624185328E+01
 0.12354613506710E+01
 0.12360979311303E+01
 0.12367743779940E+01
 0.12374922900033E+01
 0.12382532410788E+01
 0.12390587488394E+01
 0.12399110815039E+01
 0.12408125012780E+01
 0.12417648953511E+01
 0.12427699667729E+01
 0.12438304109934E+01
 0.12449489814473E+01
 0.12461278300029E+01
 0.12473702346545E+01
 0.12486786344736E+01
 0.12500560814433E+01
 0.12515059629865E+01
 0.12530329351328E+01
 0.12546393538380E+01
 0.12563292093011E+01
 0.12581090885055E+01
 0.12599822724436E+01
 0.12619541855135E+01
 0.12640320263656E+01
 0.12662225089888E+01
 0.12685306362751E+01
 0.12709678028521E+01
 0.12735417780771E+01
 0.12762636479854E+01
 0.12791463829110E+01
 0.12822062516244E+01
 0.12854643854614E+01
 0.12889415994374E+01
 0.12926600685243E+01
 0.12966724597825E+01
 0.13010195983491E+01
 0.13057887778711E+01
 0.13111248692332E+01
 0.13173597566940E+01
