 0.67197792076794E+03
 0.67197792076794E+03
 0.67197792076794E+03
 0.67197792076794E+03
 0.67197792076794E+03
 0.67197823877565E+03
 0.67197734998231E+03
 0.67197756846389E+03
 0.67197660663052E+03
 0.67195495340662E+03
 0.67205188985754E+03
 0.67192827157642E+03
 0.67949582194605E+03
 0.67190633634510E+03
 0.67942965274651E+03
 0.67947477267217E+03
 0.67945972969675E+03
 0.67194404236533E+03
 0.67189493495517E+03
 0.67943914507355E+03
 0.67948071329734E+03
 0.67193495829407E+03
 0.67190485210028E+03
 0.67935228927522E+03
 0.67931096992874E+03
 0.67947257638292E+03
 0.67952730929844E+03
 0.67938103099515E+03
 0.68185440886812E+03
 0.67944633822173E+03
 0.67203332538262E+03
 0.68177975262392E+03
 0.67243755822834E+03
 0.67265129690892E+03
 0.67948066934580E+03
 0.67289534214012E+03
 0.67240054799618E+03
 0.67224317837069E+03
 0.67324446228447E+03
 0.67221402072976E+03
 0.67945549420450E+03
 0.67286708095857E+03
 0.67224936537270E+03
 0.67330511623605E+03
 0.67450978065485E+03
 0.67460392065350E+03
 0.67433309936989E+03
 0.67326145695427E+03
 0.67254094344449E+03
 0.67422609100999E+03
 0.67241354137722E+03
 0.67543842565536E+03
 0.67343404369799E+03
 0.67304129427275E+03
 0.67321443751570E+03
 0.67588786862656E+03
 0.68065849258356E+03
 0.67217008562791E+03
 0.67724259611339E+03
 0.67376719118694E+03
 0.67595843047298E+03
 0.67501757504125E+03
 0.68126722163265E+03
 0.67421782596754E+03
 0.67874879786009E+03
 0.67439579890131E+03
 0.67522635500992E+03
 0.67614329430205E+03
 0.67698256559945E+03
 0.67284431739643E+03
 0.67844597546054E+03
 0.67938380446495E+03
 0.68197193029904E+03
 0.67881796417692E+03
 0.67909525727292E+03
 0.67684614842517E+03
 0.68305424018048E+03
 0.68035065556263E+03
 0.67527995899812E+03
 0.67438084471339E+03
 0.67775715812048E+03
 0.68146356400852E+03
 0.67913486437015E+03
 0.68176208816725E+03
 0.67581066355631E+03
 0.67812622431472E+03
 0.67882273877762E+03
 0.67537622864767E+03
 0.67913673457650E+03
 0.67819282767453E+03
 0.67866583868604E+03
 0.68282214836931E+03
 0.67915268373768E+03
 0.68499225251670E+03
 0.67786169009247E+03
 0.68036750090143E+03
 0.68110786593977E+03
 0.67859433028567E+03
 0.68587772445435E+03
 0.68448754472166E+03
 0.68401159292089E+03
 0.68634846673254E+03
 0.68477015057714E+03
 0.68467969401103E+03
 0.68739024057475E+03
 0.68716309878905E+03
 0.68855651988002E+03
 0.68950098006767E+03
 0.68982799262215E+03
 0.69570301730974E+03
 0.68824666915451E+03
 0.69227508530256E+03
 0.69769589851585E+03
 0.69458712715794E+03
 0.69104713002943E+03
 0.70265320365102E+03
 0.69236358961963E+03
 0.70332134467116E+03
 0.69561549499076E+03
 0.70195225796643E+03
 0.70230786827445E+03
 0.70231681518575E+03
 0.70092166554654E+03
 0.70482299734555E+03
 0.70441751841344E+03
 0.71155670990526E+03
 0.71261654940440E+03
 0.71530234650013E+03
 0.70674132645926E+03
 0.71738798564778E+03
 0.71605724245330E+03
 0.72134489811650E+03
 0.71690309315698E+03
 0.71957455156538E+03
 0.71526913412497E+03
 0.71977478218968E+03
 0.72331349678381E+03
 0.72693934444187E+03
 0.72119078111940E+03
 0.72952689004007E+03
 0.73551194841985E+03
 0.73050033528592E+03
 0.73627542017607E+03
 0.73070120341188E+03
 0.73435633570087E+03
 0.74135107891853E+03
 0.73426775703651E+03
 0.74064757148897E+03
 0.74478421752658E+03
 0.74392908809373E+03
 0.74257563440164E+03
 0.74727809364767E+03
 0.74778680402206E+03
 0.74817523853498E+03
 0.75540401737621E+03
 0.75046022762818E+03
 0.76400374791571E+03
 0.76611948535779E+03
 0.76177131701346E+03
 0.75927356750420E+03
 0.76794597465975E+03
 0.76661584942275E+03
 0.77661448603591E+03
 0.76911007805793E+03
 0.77787948880413E+03
 0.77837152747482E+03
 0.78420293643340E+03
 0.78066524431974E+03
 0.78274288066043E+03
 0.78846588865337E+03
 0.79270587979034E+03
 0.79026297987868E+03
 0.78841406929766E+03
 0.80000501417868E+03
 0.79762435937974E+03
 0.79616583895822E+03
 0.80201248447626E+03
 0.79894562303681E+03
 0.80315082586550E+03
 0.80764316268350E+03
 0.81294293929149E+03
 0.81889943108416E+03
 0.80918482760926E+03
 0.81707270870818E+03
 0.82408775270913E+03
 0.82273971327513E+03
 0.82438877222815E+03
 0.83244901683807E+03
 0.82671585374978E+03
 0.83972184801432E+03
 0.83096809732815E+03
 0.83188795996565E+03
 0.83604741542141E+03
 0.83952564532560E+03
 0.84417791965982E+03
 0.84224981552693E+03
 0.84551528197688E+03
 0.85073270411663E+03
 0.85858219566745E+03
 0.85753911862623E+03
