 0.10000000133514E-09
 0.10000000133514E-09
 0.10000000133514E-09
 0.10000000133514E-09
 0.10000000133514E-09
 0.10000000133514E-09
 0.10000000133514E-09
 0.10000000133514E-09
 0.10000000133514E-09
 0.10000000133514E-09
 0.10000000133514E-09
 0.10000000133514E-09
 0.10000000133514E-09
 0.10000000133514E-09
 0.10000000133514E-09
 0.10000000133514E-09
 0.10000000133514E-09
 0.10000000133514E-09
 0.10000000133514E-09
 0.10000000133514E-09
 0.10000000133514E-09
 0.10000000133514E-09
 0.20098655434370E-08
 0.20098655434370E-08
 0.28456904720831E-07
 0.64106200980378E-07
 0.11812228676148E-06
 0.20887981406658E-06
 0.35599860445782E-06
 0.58693749141371E-06
 0.93909334341243E-06
 0.14620921706763E-05
 0.22207258169878E-05
 0.32974443457270E-05
 0.47954965606747E-05
 0.68427399640615E-05
 0.95940622418433E-05
 0.13235907053291E-04
 0.17988750770137E-04
 0.24110846346973E-04
 0.31904279010065E-04
 0.41714767785593E-04
 0.53935202992931E-04
 0.69013446172015E-04
 0.87453804953576E-04
 0.10981748815953E-03
 0.13672354951977E-03
 0.16886509345170E-03
 0.20700328820385E-03
 0.25196083115658E-03
 0.30464276262948E-03
 0.36603078508782E-03
 0.43717743148093E-03
 0.51924087690426E-03
 0.61345906837256E-03
 0.72115007464905E-03
 0.84370188880035E-03
 0.98636944276257E-03
 0.11437434177870E-02
 0.13206848630642E-02
 0.15194564463278E-02
 0.17415133037015E-02
 0.19891797714599E-02
 0.22645605101253E-02
 0.25697821268760E-02
 0.29077158127358E-02
 0.32805400404508E-02
 0.36904844254608E-02
 0.41417084541375E-02
 0.46358976132670E-02
 0.51773224831840E-02
 0.57686257679763E-02
 0.64127850030787E-02
 0.71149218176025E-02
 0.78776734513686E-02
 0.87055302628745E-02
 0.96036224218562E-02
 0.10576557756802E-01
 0.11623531141140E-01
 0.12758759024654E-01
 0.13982667593919E-01
 0.15301711313671E-01
 0.16718171450492E-01
 0.18242481518333E-01
 0.19883398375509E-01
 0.21641149379824E-01
 0.23526725055747E-01
 0.25548901454085E-01
 0.27713759891648E-01
 0.30031561643999E-01
 0.32502148374223E-01
 0.35146506416894E-01
 0.37972885458133E-01
 0.40988517316122E-01
 0.44199455966696E-01
 0.47612828386460E-01
 0.51267897096015E-01
 0.55143869858658E-01
 0.59269298541096E-01
 0.63656155572426E-01
 0.68324354155366E-01
 0.73264875092240E-01
 0.78507715389838E-01
 0.84074318298618E-01
 0.89975485686838E-01
 0.96216729587544E-01
 0.10280199403191E+00
 0.10978874864945E+00
 0.11714597885384E+00
 0.12488341405526E+00
 0.13302327643408E+00
 0.14158572743234E+00
 0.15056103835466E+00
 0.15995676273963E+00
 0.16977786249688E+00
 0.17998693234052E+00
 0.19057220347110E+00
 0.20153113451906E+00
 0.21284733125817E+00
 0.22445983347805E+00
 0.23632850813943E+00
 0.24840192086751E+00
 0.26067749935995E+00
 0.27305860816026E+00
 0.28548845856695E+00
 0.29784287989357E+00
 0.31011479168949E+00
 0.32226348253914E+00
 0.33416399123351E+00
 0.34573253045160E+00
 0.35692862803300E+00
 0.36772112230803E+00
 0.37801950482142E+00
 0.38784858751993E+00
 0.39720624834355E+00
 0.40607407811006E+00
 0.41452533131723E+00
 0.42257005894265E+00
 0.43024936251199E+00
 0.43759628195554E+00
 0.44465048521383E+00
 0.45145188421650E+00
 0.45802530525236E+00
 0.46438883744971E+00
 0.47057157395677E+00
 0.47658111495643E+00
 0.48244388108263E+00
 0.48816362754594E+00
 0.49375520419066E+00
 0.49922759297834E+00
 0.50458238485012E+00
 0.50983407248524E+00
 0.51498499779927E+00
 0.52003836728912E+00
 0.52500224377409E+00
 0.52987571034896E+00
 0.53466562052439E+00
 0.53937336146980E+00
 0.54400358854235E+00
 0.54855641664331E+00
 0.55303520567781E+00
 0.55744177820416E+00
 0.56177889272312E+00
 0.56604945708795E+00
 0.57025191003552E+00
 0.57439011585989E+00
 0.57846499785297E+00
 0.58247994048541E+00
 0.58643332320897E+00
 0.59032856677538E+00
 0.59416570643046E+00
 0.59794785514168E+00
 0.60167500058071E+00
 0.60534821757958E+00
 0.60896897598200E+00
 0.61253868538669E+00
 0.61605739253080E+00
 0.61952770966064E+00
 0.62294929442366E+00
 0.62632451749966E+00
 0.62965234621697E+00
 0.63293567516443E+00
 0.63617452392898E+00
 0.63937023945385E+00
 0.64252297859696E+00
 0.64563444197517E+00
 0.64870444710929E+00
 0.65173486672760E+00
 0.65472566130523E+00
 0.65767815565967E+00
 0.66059275582624E+00
 0.66347071858822E+00
 0.66631220458928E+00
 0.66911800150327E+00
 0.67188900043218E+00
 0.67462532080007E+00
 0.67732826443568E+00
 0.67999857739843E+00
 0.68263605514844E+00
 0.68524187515925E+00
