 0.11312241377893E+03
 0.11312241377892E+03
 0.11312241377876E+03
 0.11312241378960E+03
 0.11312241419240E+03
 0.11312241800312E+03
 0.11312243433314E+03
 0.11312247901929E+03
 0.11312256863194E+03
 0.11312271436522E+03
 0.11312291745954E+03
 0.11312316756621E+03
 0.11312344638812E+03
 0.11312372109333E+03
 0.11312396189250E+03
 0.11312411524385E+03
 0.11312414351501E+03
 0.11312399832357E+03
 0.11312362739311E+03
 0.11312298185852E+03
 0.11311683037137E+03
 0.11311414050546E+03
 0.11311094707701E+03
 0.11310720813792E+03
 0.11310287262901E+03
 0.11309790146563E+03
 0.11309222464475E+03
 0.11308586631183E+03
 0.11307875245452E+03
 0.11307080579801E+03
 0.11306194074181E+03
 0.11305221522464E+03
 0.11304148509199E+03
 0.11302965868393E+03
 0.11301685805047E+03
 0.11300286925317E+03
 0.11298770375933E+03
 0.11297120344468E+03
 0.11295347680725E+03
 0.11293452906444E+03
 0.11291385403192E+03
 0.11289184828033E+03
 0.11286841897435E+03
 0.11284341485515E+03
 0.11281659964622E+03
 0.11278821768278E+03
 0.11275840414049E+03
 0.11272690547965E+03
 0.11269354792110E+03
 0.11265840190773E+03
 0.11262169835063E+03
 0.11258310738470E+03
 0.11254286452893E+03
 0.11250080227934E+03
 0.11245677000513E+03
 0.11241097200707E+03
 0.11236348956536E+03
 0.11231385083075E+03
 0.11226257497499E+03
 0.11220987327319E+03
 0.11215396911698E+03
 0.11209745755332E+03
 0.11203897864165E+03
 0.11197771343336E+03
 0.11191559314788E+03
 0.11185004608915E+03
 0.11178325743288E+03
 0.11171594304002E+03
 0.11164507915281E+03
 0.11157322837993E+03
 0.11149759675032E+03
 0.11142045968737E+03
 0.11134296620510E+03
 0.11126046584344E+03
 0.11117772507742E+03
 0.11109141883045E+03
 0.11100312105599E+03
 0.11091123954839E+03
 0.11081956601192E+03
 0.11072264891766E+03
 0.11062393049195E+03
 0.11052265040010E+03
 0.11041892872229E+03
 0.11031190239064E+03
 0.11019933551489E+03
 0.11008591080887E+03
 0.10996927139584E+03
 0.10984714517157E+03
 0.10972175176423E+03
 0.10959143837481E+03
 0.10946009532433E+03
 0.10932470343905E+03
 0.10918227727501E+03
 0.10903398644558E+03
 0.10888488162221E+03
 0.10873160985597E+03
 0.10856843948924E+03
 0.10840342545951E+03
 0.10823107814168E+03
 0.10805384429135E+03
 0.10786799487295E+03
 0.10767832713140E+03
 0.10748215437082E+03
 0.10727671652339E+03
 0.10706214696132E+03
 0.10684179674511E+03
 0.10661594839342E+03
 0.10637529350636E+03
 0.10612759647051E+03
 0.10587332011572E+03
 0.10560996793904E+03
 0.10533304619698E+03
 0.10504588797570E+03
 0.10474556977485E+03
 0.10443002685425E+03
 0.10410571907949E+03
 0.10376724607715E+03
 0.10341374554420E+03
 0.10304225329146E+03
 0.10265588209681E+03
 0.10225334720373E+03
 0.10183472352683E+03
 0.10138879293822E+03
 0.10092184882745E+03
 0.10043728756325E+03
 0.99931575823600E+02
 0.99402100773028E+02
 0.98836504326395E+02
 0.98244517204903E+02
 0.97626116790974E+02
 0.96973218837692E+02
 0.96278386367931E+02
 0.95554389591100E+02
 0.94784076813461E+02
 0.93963052758110E+02
 0.93104964410458E+02
 0.92181768907958E+02
 0.91204386246567E+02
 0.90165216787708E+02
 0.89065379431704E+02
 0.87898218132756E+02
 0.86636790536594E+02
 0.85308533363227E+02
 0.83885975995358E+02
 0.82362413464609E+02
 0.80745742406927E+02
 0.79012086801628E+02
 0.77172217561890E+02
 0.75209009522018E+02
 0.73122764929283E+02
 0.70952047943093E+02
 0.68653113357882E+02
 0.66242874953368E+02
 0.63774576840585E+02
 0.61234416170750E+02
 0.58673124555419E+02
 0.56101979713866E+02
 0.53564351403279E+02
 0.51063104558839E+02
 0.48649382497311E+02
 0.46330719374752E+02
 0.44112828307180E+02
 0.42010918463598E+02
 0.40029648065501E+02
 0.38176834218690E+02
 0.36434047221911E+02
 0.34806230981975E+02
 0.33288304404704E+02
 0.31868941757061E+02
 0.30546217667043E+02
 0.29316946011714E+02
 0.28161607739201E+02
 0.27082511270832E+02
 0.26081357807192E+02
 0.25136494821159E+02
 0.24249895151341E+02
 0.23424603335675E+02
 0.22642330794568E+02
 0.21909380674669E+02
 0.21212526635983E+02
 0.20566034145171E+02
 0.19948113376192E+02
 0.19367344316838E+02
 0.18809992570807E+02
 0.18287887383076E+02
 0.17787887481985E+02
 0.17317881839384E+02
 0.16867405520003E+02
 0.16439418787107E+02
 0.16030462679267E+02
 0.15640547693264E+02
 0.15266345822485E+02
 0.14908673117251E+02
 0.14566976912759E+02
 0.14240826470556E+02
 0.13928991359203E+02
 0.13628256967706E+02
 0.13338820566275E+02
 0.13060745498458E+02
 0.12794674956506E+02
 0.12537655328549E+02
 0.12290894099728E+02
 0.12051047858397E+02
 0.11822505025144E+02
 0.11598781368793E+02
 0.11385887042610E+02
 0.11178535249729E+02
 0.10977666063491E+02
 0.10784230319689E+02
 0.10597398712841E+02
 0.10415333189811E+02
 0.10239652941110E+02
 0.10068200742827E+02
 0.99034112985057E+01
 0.97433128015946E+01
 0.95876765347669E+01
 0.94364510293999E+01
 0.92894631656472E+01
 0.91475502849160E+01
 0.90083889329690E+01
 0.88739538712674E+01
 0.87421250729854E+01
 0.86138121105405E+01
 0.84897578986535E+01
 0.83680198074434E+01
 0.82506621970987E+01
 0.81355930741195E+01
 0.80236263738235E+01
 0.79137620406465E+01
 0.78073689173450E+01
 0.77038420947167E+01
 0.76018274958685E+01
 0.75024368024137E+01
 0.74056988123411E+01
 0.73105153192450E+01
 0.72184761601038E+01
 0.71278210384721E+01
 0.70398322899253E+01
 0.69527477309489E+01
 0.68683291583701E+01
 0.67858768635564E+01
 0.67047654630122E+01
 0.66257550032489E+01
 0.65481297489962E+01
 0.64719669540148E+01
 0.63979547769941E+01
 0.63247357641966E+01
 0.62532774489042E+01
 0.61833934947830E+01
 0.61144409604226E+01
 0.60476037065647E+01
 0.59813103688386E+01
 0.59168286307110E+01
 0.58532994523030E+01
 0.57910308876250E+01
 0.57300334187898E+01
 0.56699768737839E+01
 0.56109257199233E+01
 0.55535177069030E+01
 0.54963556812685E+01
 0.54409852587858E+01
 0.53858798391649E+01
 0.53320911937429E+01
 0.52793562272062E+01
 0.52276198751640E+01
 0.51763350043389E+01
 0.51261295319563E+01
 0.50767771949905E+01
 0.50283267322818E+01
 0.49807544002023E+01
 0.49337749587125E+01
 0.48877016233396E+01
 0.48421550202799E+01
 0.47975001739997E+01
 0.47537268829384E+01
 0.47102934098778E+01
 0.46677830238347E+01
 0.46260866998794E+01
 0.45846577373314E+01
 0.45440157551529E+01
 0.45039769762424E+01
 0.44646518483668E+01
 0.44259137813674E+01
 0.43877321838840E+01
 0.43501237191080E+01
 0.43128648786598E+01
 0.42765874408833E+01
 0.42405590024079E+01
 0.42051530303387E+01
 0.41702399375585E+01
 0.41356739651204E+01
 0.41019348004032E+01
 0.40682284303224E+01
 0.40354043370884E+01
 0.40028832242858E+01
 0.39707420870846E+01
 0.39390511023344E+01
 0.39077747922582E+01
 0.38769980985663E+01
 0.38465699107539E+01
