 0.61503569054433E+01
 0.61503569442521E+01
 0.61503571242289E+01
 0.61503576334659E+01
 0.61503587495692E+01
 0.61503608442607E+01
 0.61503643810685E+01
 0.61503698960624E+01
 0.61503779716234E+01
 0.61503891932745E+01
 0.61504041437638E+01
 0.61504233830926E+01
 0.61504477073913E+01
 0.61504776390010E+01
 0.61505143217425E+01
 0.61505580921430E+01
 0.61506105723797E+01
 0.61506729811110E+01
 0.61507467197545E+01
 0.61508335463592E+01
 0.61509339073394E+01
 0.61510520820400E+01
 0.61511884995931E+01
 0.61513448529777E+01
 0.61515225348827E+01
 0.61517230441175E+01
 0.61519461385836E+01
 0.61521949601059E+01
 0.61524684927661E+01
 0.61527645673645E+01
 0.61530804078106E+01
 0.61534180735281E+01
 0.61537710313424E+01
 0.61541339917920E+01
 0.61545097654483E+01
 0.61548869533521E+01
 0.61552624320197E+01
 0.61556258641971E+01
 0.61559767847012E+01
 0.61563104064531E+01
 0.61566009135247E+01
 0.61568583502257E+01
 0.61570725800791E+01
 0.61572307394146E+01
 0.61573167897966E+01
 0.61573334870475E+01
 0.61572788838079E+01
 0.61571357379243E+01
 0.61568897444477E+01
 0.61565364000911E+01
 0.61560776159394E+01
 0.61554929166698E+01
 0.61547843555437E+01
 0.61539386178475E+01
 0.61529423100007E+01
 0.61517969100243E+01
 0.61504991702563E+01
 0.61490238539840E+01
 0.61473853436301E+01
 0.61455862464221E+01
 0.61435495052709E+01
 0.61413737242704E+01
 0.61389995103119E+01
 0.61363886164774E+01
 0.61336138345827E+01
 0.61305678956229E+01
 0.61273344825557E+01
 0.61239386946128E+01
 0.61202546083325E+01
 0.61163838221854E+01
 0.61122096488471E+01
 0.61078219585183E+01
 0.61032651372311E+01
 0.60983484213848E+01
 0.60932643035671E+01
 0.60878763886082E+01
 0.60822479684443E+01
 0.60763133080490E+01
 0.60702271877290E+01
 0.60637678140881E+01
 0.60570755468955E+01
 0.60501209739929E+01
 0.60429102720669E+01
 0.60354098345270E+01
 0.60275288370195E+01
 0.60194640244316E+01
 0.60111195682770E+01
 0.60024055628005E+01
 0.59934175016173E+01
 0.59840925127609E+01
 0.59745936112308E+01
 0.59648026290434E+01
 0.59545995244148E+01
 0.59440402600431E+01
 0.59333394113796E+01
 0.59223639806216E+01
 0.59108886869758E+01
 0.58992487380222E+01
 0.58872276989001E+01
 0.58749383947410E+01
 0.58622323298801E+01
 0.58493189906505E+01
 0.58360978269590E+01
 0.58224685560154E+01
 0.58084472127121E+01
 0.57941852163569E+01
 0.57797082153493E+01
 0.57646495144042E+01
 0.57493427353344E+01
 0.57338165794883E+01
 0.57179919779619E+01
 0.57017049251071E+01
 0.56851092320327E+01
 0.56681089220266E+01
 0.56506476088666E+01
 0.56329967322294E+01
 0.56149689247917E+01
 0.55965587527671E+01
 0.55776802600535E+01
 0.55584766282545E+01
 0.55389352406726E+01
 0.55190845024367E+01
 0.54985396291091E+01
 0.54775805025063E+01
 0.54563627284153E+01
 0.54347942051184E+01
 0.54128234006630E+01
 0.53900643625713E+01
 0.53669084625616E+01
 0.53433947418636E+01
 0.53193070417079E+01
 0.52944548603627E+01
 0.52693099358367E+01
 0.52433820828419E+01
 0.52166011515322E+01
 0.51894595148768E+01
 0.51611603071118E+01
 0.51321166755207E+01
 0.51021729155983E+01
 0.50714245848091E+01
 0.50397353285835E+01
 0.50066714349735E+01
 0.49724119004915E+01
 0.49368667936120E+01
 0.48997095590481E+01
 0.48611793285378E+01
 0.48206652953721E+01
 0.47784293882962E+01
 0.47339957573273E+01
 0.46872943883371E+01
 0.46391222595461E+01
 0.45882673557473E+01
 0.45349408532497E+01
 0.44801770698773E+01
 0.44234155099423E+01
 0.43656363908491E+01
 0.43069187924828E+01
 0.42481606995151E+01
 0.41893404823154E+01
 0.41316742275236E+01
 0.40753666835022E+01
 0.40206071919822E+01
 0.39678507882538E+01
 0.39173044574099E+01
 0.38692710594910E+01
 0.38233569207977E+01
 0.37797865465560E+01
 0.37385143016568E+01
 0.36993131389262E+01
 0.36622106286485E+01
 0.36271971238253E+01
 0.35937809894225E+01
 0.35620916283820E+01
 0.35322469764193E+01
 0.35036558640213E+01
 0.34764260422667E+01
 0.34507036035736E+01
 0.34259642876545E+01
 0.34024464179264E+01
 0.33797640245654E+01
 0.33584178526965E+01
 0.33377286178965E+01
 0.33180095719656E+01
 0.32988252280257E+01
 0.32806033964398E+01
 0.32629178848037E+01
 0.32460663573014E+01
 0.32297024413895E+01
 0.32139497217890E+01
 0.31987020965767E+01
 0.31839763808703E+01
 0.31696653609597E+01
 0.31558133306382E+01
 0.31424138426926E+01
 0.31294646565179E+01
 0.31169318620308E+01
 0.31047017829215E+01
 0.30927916434365E+01
 0.30812134990510E+01
 0.30700035196633E+01
 0.30590517528422E+01
 0.30484154805040E+01
 0.30379646416068E+01
 0.30278891240949E+01
 0.30179242459704E+01
 0.30083305479714E+01
 0.29988899442532E+01
 0.29896474611795E+01
 0.29806504213133E+01
 0.29718685461235E+01
 0.29632253096507E+01
 0.29547974559293E+01
 0.29464924693595E+01
 0.29384249493638E+01
 0.29305100508085E+01
 0.29227407453828E+01
 0.29151182727225E+01
 0.29076381601974E+01
 0.29003436268904E+01
 0.28931276386854E+01
 0.28860875393898E+01
 0.28791240397184E+01
 0.28722838183393E+01
 0.28656063035401E+01
 0.28589984710119E+01
 0.28525654604589E+01
 0.28462052741675E+01
 0.28399611626969E+01
 0.28337843033652E+01
 0.28277468661048E+01
 0.28218202973932E+01
 0.28159360936176E+01
 0.28101538005042E+01
 0.28044769305259E+01
 0.27988491200152E+01
 0.27933567228603E+01
 0.27879073128632E+01
 0.27825715437626E+01
 0.27772550701505E+01
 0.27720554964918E+01
 0.27669361809316E+01
 0.27618638018069E+01
 0.27568818241118E+01
 0.27519517195423E+01
 0.27470786252927E+01
 0.27423030591375E+01
 0.27375486990534E+01
 0.27328718896586E+01
 0.27282631239383E+01
 0.27236861433481E+01
 0.27192110830931E+01
 0.27147466663648E+01
 0.27103686731495E+01
 0.27060270245588E+01
 0.27017409751281E+01
 0.26975119443686E+01
 0.26933210321372E+01
 0.26891725689522E+01
 0.26851066255138E+01
 0.26810380876593E+01
 0.26770630394429E+01
 0.26730874569401E+01
 0.26691775564140E+01
 0.26653176587205E+01
 0.26615050897181E+01
 0.26577055970192E+01
 0.26539597948382E+01
 0.26502537880103E+01
 0.26465912935104E+01
 0.26429716017833E+01
 0.26393763896403E+01
 0.26358268882451E+01
 0.26322985465806E+01
 0.26288159879467E+01
 0.26253791839230E+01
 0.26219523349291E+01
 0.26185750493348E+01
 0.26152405352482E+01
 0.26119122383070E+01
 0.26086256714048E+01
 0.26053689166099E+01
 0.26021499313967E+01
 0.25989604319878E+01
 0.25957987312782E+01
 0.25926663382880E+01
 0.25895478630985E+01
 0.25864882166126E+01
 0.25834362019754E+01
 0.25804184443404E+01
 0.25774261313688E+01
 0.25744490893601E+01
 0.25715222567292E+01
 0.25685884547844E+01
 0.25657097463302E+01
 0.25628443221734E+01
 0.25599978671694E+01
 0.25571759551917E+01
 0.25543761576923E+01
 0.25516051291014E+01
 0.25488518519670E+01
