 0.51033030801949E+03
 0.51033030801932E+03
 0.51033030801738E+03
 0.51033030806993E+03
 0.51033030954641E+03
 0.51033031525878E+03
 0.51033028379629E+03
 0.51032998622612E+03
 0.51032880070411E+03
 0.51032557666431E+03
 0.51031863191651E+03
 0.51030585479791E+03
 0.51028490316393E+03
 0.51025330867301E+03
 0.51020873716331E+03
 0.51014888615523E+03
 0.51007185866341E+03
 0.50997595623009E+03
 0.50985976883316E+03
 0.50972220160643E+03
 0.50952771748249E+03
 0.50933596237617E+03
 0.50912046844401E+03
 0.50888114313593E+03
 0.50861805627922E+03
 0.50833152290733E+03
 0.50802180600849E+03
 0.50768994396069E+03
 0.50733648546983E+03
 0.50696203733375E+03
 0.50656728078574E+03
 0.50615391606002E+03
 0.50572239044819E+03
 0.50527353225801E+03
 0.50480962319580E+03
 0.50433074316758E+03
 0.50383843532124E+03
 0.50333313296564E+03
 0.50281693033112E+03
 0.50229122797121E+03
 0.50175404532544E+03
 0.50120915460489E+03
 0.50065706913634E+03
 0.50009781836313E+03
 0.49953083739073E+03
 0.49895849899156E+03
 0.49838234198330E+03
 0.49780136675685E+03
 0.49721496367044E+03
 0.49662397035342E+03
 0.49603011475385E+03
 0.49543152383435E+03
 0.49482975474441E+03
 0.49422381628275E+03
 0.49361269419127E+03
 0.49299753593594E+03
 0.49237865340171E+03
 0.49175292672064E+03
 0.49112323515113E+03
 0.49049052041341E+03
 0.48984365900012E+03
 0.48919798496322E+03
 0.48854487734197E+03
 0.48787898943258E+03
 0.48721148152930E+03
 0.48652657321106E+03
 0.48583691439173E+03
 0.48514627342787E+03
 0.48443628478146E+03
 0.48372182773980E+03
 0.48298596750286E+03
 0.48224184424003E+03
 0.48149587044389E+03
 0.48072036944308E+03
 0.47994314624308E+03
 0.47914444159964E+03
 0.47833332238121E+03
 0.47750035860209E+03
 0.47666734526691E+03
 0.47580269557527E+03
 0.47492624715264E+03
 0.47403366549727E+03
 0.47312556964959E+03
 0.47219716978397E+03
 0.47123571734459E+03
 0.47026828559753E+03
 0.46928149411711E+03
 0.46826271157034E+03
 0.46722490857601E+03
 0.46615919740882E+03
 0.46508778447783E+03
 0.46399414793329E+03
 0.46286186013537E+03
 0.46169834982404E+03
 0.46053239648289E+03
 0.45934567880566E+03
 0.45810754417530E+03
 0.45686300205828E+03
 0.45558270798150E+03
 0.45428131481701E+03
 0.45293910228797E+03
 0.45158334893950E+03
 0.45020052560708E+03
 0.44877698850807E+03
 0.44731468193614E+03
 0.44583329799041E+03
 0.44433556436136E+03
 0.44277347106657E+03
 0.44119005346202E+03
 0.43958903404139E+03
 0.43795939569149E+03
 0.43627971048205E+03
 0.43456934654885E+03
 0.43281572860836E+03
 0.43101096456098E+03
 0.42919035402875E+03
 0.42732876917299E+03
 0.42542542064559E+03
 0.42346891958507E+03
 0.42147723109100E+03
 0.41944860832963E+03
 0.41738659744165E+03
 0.41524118022248E+03
 0.41304837656502E+03
 0.41082824465769E+03
 0.40856888473275E+03
 0.40626382038606E+03
 0.40386389941443E+03
 0.40141984805753E+03
 0.39893746434236E+03
 0.39639009885931E+03
 0.39375513038500E+03
 0.39109448517059E+03
 0.38834861424921E+03
 0.38551202482216E+03
 0.38265140607581E+03
 0.37967178324424E+03
 0.37663273773725E+03
 0.37352396571036E+03
 0.37036833124619E+03
 0.36716750420265E+03
 0.36383394643827E+03
 0.36054893932662E+03
 0.35720212601712E+03
 0.35383374199490E+03
 0.35051525393656E+03
 0.34723570144114E+03
 0.34409126714685E+03
 0.34111782563348E+03
 0.33841193362311E+03
 0.33614948017446E+03
 0.33436773585892E+03
 0.33324046753942E+03
 0.33297394051146E+03
 0.33369711515864E+03
 0.33558007161055E+03
 0.33874608092411E+03
 0.34328084387425E+03
 0.34925395171700E+03
 0.35663513691666E+03
 0.36539409119932E+03
 0.37548443981140E+03
 0.38680197123835E+03
 0.39924335315475E+03
 0.41266502528560E+03
 0.42704782415867E+03
 0.44225487918143E+03
 0.45819735013930E+03
 0.47484116004237E+03
 0.49208820621526E+03
 0.50984441196955E+03
 0.52819817612354E+03
 0.54702861806951E+03
 0.56619925581548E+03
 0.58589365547269E+03
 0.60600471793195E+03
 0.62638487181367E+03
 0.64725019281656E+03
 0.66841404594300E+03
 0.69005568418920E+03
 0.71180306051245E+03
 0.73404833639360E+03
 0.75653537807427E+03
 0.77954468174673E+03
 0.80270966865657E+03
 0.82633047401156E+03
 0.85011917282190E+03
 0.87434077393890E+03
 0.89885447453142E+03
 0.92373045585590E+03
 0.94892399543075E+03
 0.97452103643744E+03
 0.10004519342630E+04
 0.10266961668809E+04
 0.10532274585123E+04
 0.10800593110140E+04
 0.11073154006463E+04
 0.11349589190348E+04
 0.11629547838865E+04
 0.11912286804946E+04
 0.12199230577217E+04
 0.12489335476681E+04
 0.12784516424636E+04
 0.13081520481466E+04
 0.13384642518001E+04
 0.13689235885163E+04
 0.13999006212843E+04
 0.14313073276261E+04
 0.14630390671428E+04
 0.14951394745874E+04
 0.15277539502621E+04
 0.15607155394179E+04
 0.15942119999051E+04
 0.16279810448478E+04
 0.16621998853193E+04
 0.16968783750566E+04
 0.17320059531220E+04
 0.17675881127962E+04
 0.18035022124587E+04
 0.18400212980542E+04
 0.18768797658000E+04
 0.19143420758152E+04
 0.19522797963973E+04
 0.19905663022945E+04
 0.20294733822201E+04
 0.20686727938573E+04
 0.21084715661591E+04
 0.21487358892686E+04
 0.21896194529071E+04
 0.22308770578482E+04
 0.22725962876164E+04
 0.23150179937441E+04
 0.23579305821987E+04
 0.24013142992964E+04
 0.24453803885603E+04
 0.24897908865534E+04
 0.25349077960835E+04
 0.25804472515906E+04
 0.26267944554975E+04
 0.26735400340588E+04
 0.27208374540348E+04
 0.27688301049095E+04
 0.28173220378683E+04
 0.28664956315905E+04
 0.29163212483504E+04
 0.29666083254225E+04
 0.30177251959871E+04
 0.30694000931326E+04
 0.31216746102762E+04
 0.31747436635858E+04
 0.32282340876106E+04
 0.32826382576397E+04
 0.33375468980836E+04
 0.33932351780337E+04
 0.34495990764228E+04
 0.35066330168580E+04
 0.35644534582654E+04
 0.36230342632509E+04
 0.36821345752451E+04
 0.37422878674575E+04
 0.38028906067013E+04
 0.38645499175753E+04
 0.39268422828294E+04
 0.39898728266649E+04
 0.40536616104771E+04
 0.41184485272213E+04
 0.41839667852216E+04
 0.42503108814547E+04
 0.43174599865176E+04
 0.43854318906925E+04
 0.44543574908657E+04
 0.45240934150781E+04
 0.45948349919607E+04
 0.46664004157495E+04
 0.47387922237929E+04
 0.48123017463020E+04
 0.48866277182381E+04
 0.49618180110345E+04
 0.50382067702027E+04
 0.51154914463952E+04
 0.51937835279210E+04
 0.52730297529986E+04
 0.53533127051512E+04
 0.54346524804825E+04
 0.55170523598208E+04
 0.56006668115627E+04
 0.56850883533474E+04
 0.57708109442358E+04
 0.58575847064776E+04
 0.59455260437621E+04
 0.60347427059231E+04
 0.61248945326665E+04
 0.62165725945442E+04
 0.63091828028651E+04
 0.64031418795534E+04
 0.64984225673166E+04
 0.65949761413751E+04
 0.66928551090740E+04
 0.67920060790920E+04
 0.68925550804850E+04
