 0.30964654458033E+03
 0.30964654458037E+03
 0.30964654458102E+03
 0.30964654462233E+03
 0.30964654557380E+03
 0.30964654936996E+03
 0.30964653212186E+03
 0.30964635945290E+03
 0.30964566552964E+03
 0.30964377522981E+03
 0.30963970462885E+03
 0.30963222550805E+03
 0.30961998036731E+03
 0.30960155332242E+03
 0.30957561173410E+03
 0.30954086612203E+03
 0.30949625405707E+03
 0.30944084755184E+03
 0.30937389005053E+03
 0.30929480942152E+03
 0.30918215609118E+03
 0.30907217147302E+03
 0.30894890913436E+03
 0.30881241519049E+03
 0.30866284970351E+03
 0.30850054364124E+03
 0.30832586545934E+03
 0.30813964830545E+03
 0.30794255294919E+03
 0.30773539195561E+03
 0.30751912107035E+03
 0.30729532649083E+03
 0.30706509894665E+03
 0.30682982607331E+03
 0.30659175385226E+03
 0.30635209967678E+03
 0.30611288076322E+03
 0.30587563400025E+03
 0.30564267231568E+03
 0.30541593673732E+03
 0.30519560779502E+03
 0.30498455243403E+03
 0.30478397891509E+03
 0.30459440097487E+03
 0.30441594627463E+03
 0.30424978893009E+03
 0.30409646582384E+03
 0.30395490853103E+03
 0.30382385764166E+03
 0.30370249275728E+03
 0.30358980658286E+03
 0.30348306579859E+03
 0.30338072274041E+03
 0.30327964940142E+03
 0.30317655114978E+03
 0.30306898670484E+03
 0.30295356737758E+03
 0.30282565174576E+03
 0.30268283152953E+03
 0.30252204047794E+03
 0.30233419499005E+03
 0.30212267200975E+03
 0.30187968204644E+03
 0.30159841985274E+03
 0.30128073615232E+03
 0.30091464966790E+03
 0.30050261142849E+03
 0.30004261398926E+03
 0.29952116558679E+03
 0.29894183058492E+03
 0.29829076302306E+03
 0.29757144951657E+03
 0.29678296876638E+03
 0.29590446125780E+03
 0.29494709562688E+03
 0.29389430606762E+03
 0.29274487334939E+03
 0.29148701650397E+03
 0.29013000782530E+03
 0.28864313292213E+03
 0.28703390677423E+03
 0.28528919458749E+03
 0.28340091846598E+03
 0.28135311430729E+03
 0.27911978364542E+03
 0.27671346458126E+03
 0.27410345976524E+03
 0.27125892411345E+03
 0.26816739362530E+03
 0.26479026244021E+03
 0.26112579677126E+03
 0.25710998780653E+03
 0.25266472276199E+03
 0.24773694643989E+03
 0.24228613943330E+03
 0.23617575843103E+03
 0.22915624711967E+03
 0.22109900682747E+03
 0.21152255659434E+03
 0.19972306511653E+03
 0.18377334300929E+03
