 0.51033030801949E+03
 0.51033030801932E+03
 0.51033030801738E+03
 0.51033030806993E+03
 0.51033030954641E+03
 0.51033031525878E+03
 0.51033028379624E+03
 0.51032998622526E+03
 0.51032880070186E+03
 0.51032557666335E+03
 0.51031863192078E+03
 0.51030585480263E+03
 0.51028490314953E+03
 0.51025330875254E+03
 0.51020873719899E+03
 0.51014888644484E+03
 0.51007185910049E+03
 0.50997595850066E+03
 0.50985977727455E+03
 0.50972222484674E+03
 0.50952777808912E+03
 0.50933611101013E+03
 0.50912080565033E+03
 0.50888186026178E+03
 0.50861949661148E+03
 0.50833426250655E+03
 0.50802677715358E+03
 0.50769859011411E+03
 0.50735093052908E+03
 0.50698534656610E+03
 0.50660371592592E+03
 0.50620920386824E+03
 0.50580406884682E+03
 0.50539123023853E+03
 0.50497541442176E+03
 0.50455943185176E+03
 0.50414780457931E+03
 0.50374428624570E+03
 0.50335432994353E+03
 0.50298286794187E+03
 0.50263158930428E+03
 0.50230774173732E+03
 0.50201613386644E+03
 0.50175883984056E+03
 0.50153905558822E+03
 0.50136182092526E+03
 0.50123123561220E+03
 0.50114861099204E+03
 0.50111519446524E+03
 0.50113354465317E+03
 0.50120585340623E+03
 0.50133163668786E+03
 0.50151291581346E+03
 0.50174883550856E+03
 0.50203879223339E+03
 0.50238399650453E+03
 0.50278404108611E+03
 0.50323651874241E+03
 0.50374388990133E+03
 0.50430669766881E+03
 0.50491710020825E+03
 0.50558674775601E+03
 0.50631026377349E+03
 0.50708514080094E+03
 0.50792020993500E+03
 0.50880858917174E+03
 0.50975984506436E+03
 0.51078041949702E+03
 0.51186174355227E+03
 0.51301862211532E+03
 0.51424706873600E+03
 0.51556115366741E+03
 0.51697102757039E+03
 0.51847168433368E+03
 0.52008905709840E+03
 0.52182229873485E+03
 0.52369390449972E+03
 0.52571671075750E+03
 0.52791350374018E+03
 0.53030097541714E+03
 0.53290882075438E+03
 0.53576826949487E+03
 0.53891834688884E+03
 0.54240704321810E+03
 0.54629718432646E+03
 0.55064866404554E+03
 0.55555442007666E+03
 0.56113398007244E+03
 0.56752623965076E+03
 0.57493484405971E+03
 0.58357558284828E+03
 0.59383022660672E+03
 0.60625484909391E+03
 0.62157695857031E+03
 0.64086154398011E+03
 0.66600811249741E+03
 0.70079487451775E+03
 0.75161960560545E+03
 0.83546886599443E+03
 0.10072394410700E+04
 0.17249156283544E+04
