 0.12287950801012E+01
 0.12287950884543E+01
 0.12287951262238E+01
 0.12287952304563E+01
 0.12287954541222E+01
 0.12287958681033E+01
 0.12287965729548E+01
 0.12287977303932E+01
 0.12287996166383E+01
 0.12288026798887E+01
 0.12288075825808E+01
 0.12288152124636E+01
 0.12288266801185E+01
 0.12288432698022E+01
 0.12288664055889E+01
 0.12288976227348E+01
 0.12289384480555E+01
 0.12289904687431E+01
 0.12290552392222E+01
 0.12291341937460E+01
 0.12292287156248E+01
 0.12293401410667E+01
 0.12294696722311E+01
 0.12296183927663E+01
 0.12297872506703E+01
 0.12299771698034E+01
 0.12301888770746E+01
 0.12304230056548E+01
 0.12306802349090E+01
 0.12309609904682E+01
 0.12312656043802E+01
 0.12315944342875E+01
 0.12319477153307E+01
 0.12323254941563E+01
 0.12327279384677E+01
 0.12331548600668E+01
 0.12336065961845E+01
 0.12340824380142E+01
 0.12345825224790E+01
 0.12351067324099E+01
 0.12356544867901E+01
 0.12362255929659E+01
 0.12368200668334E+01
 0.12374365401923E+01
 0.12380753953223E+01
 0.12387356109391E+01
 0.12394170053550E+01
 0.12401191619351E+01
 0.12408414053926E+01
 0.12415828642454E+01
 0.12423437091416E+01
 0.12431230187002E+01
 0.12439203963212E+01
 0.12447357247978E+01
 0.12455666905404E+01
 0.12464152441184E+01
 0.12472801235892E+01
 0.12481612628408E+01
 0.12490569326763E+01
 0.12499672327698E+01
 0.12508933324976E+01
 0.12518337233045E+01
 0.12527886036549E+01
 0.12537572928872E+01
 0.12547407443429E+01
 0.12557381455393E+01
 0.12567479247780E+01
 0.12577754285220E+01
 0.12588120671171E+01
 0.12598686254331E+01
 0.12609352218412E+01
 0.12620196534090E+01
 0.12631152580191E+01
 0.12642307076943E+01
 0.12653618513043E+01
 0.12665089062291E+01
 0.12676739187727E+01
 0.12688568091007E+01
 0.12700571469236E+01
 0.12712816136014E+01
 0.12725214661734E+01
 0.12737845928054E+01
 0.12750742882713E+01
 0.12763842537019E+01
 0.12777202511625E+01
 0.12790809909974E+01
 0.12804741573184E+01
 0.12818959399727E+01
 0.12833468948391E+01
 0.12848339524485E+01
 0.12863580365114E+01
 0.12879149325257E+01
 0.12895181209785E+01
 0.12911613431699E+01
 0.12928500790391E+01
 0.12945863977188E+01
 0.12963770769752E+01
 0.12982224604148E+01
 0.13001265110099E+01
 0.13020951507728E+01
 0.13041313940449E+01
 0.13062428273353E+01
 0.13084324542735E+01
 0.13107107748943E+01
 0.13130821474498E+01
 0.13155585777873E+01
 0.13181486131390E+01
 0.13208680234221E+01
 0.13237361131494E+01
 0.13267669985606E+01
 0.13299966528960E+01
 0.13334643469411E+01
 0.13372078170972E+01
 0.13412732279365E+01
 0.13456128898003E+01
 0.13499318393451E+01
 0.13537046415056E+01
 0.13561593520967E+01
 0.13570383007874E+01
 0.13565185261002E+01
 0.13548937191638E+01
 0.13524774925740E+01
 0.13494585881079E+01
 0.13460910640873E+01
 0.13423864964310E+01
 0.13385765221563E+01
 0.13346499308068E+01
 0.13305929368274E+01
 0.13265563844405E+01
 0.13226249229556E+01
 0.13186916555977E+01
 0.13148534127194E+01
 0.13111675692342E+01
 0.13074879905803E+01
 0.13039382403584E+01
 0.13005315367203E+01
 0.12972273491385E+01
 0.12939939316445E+01
 0.12909113750223E+01
 0.12879698299396E+01
 0.12850832318787E+01
 0.12823274124425E+01
 0.12796772705071E+01
 0.12771379389636E+01
 0.12746502013602E+01
 0.12722840297132E+01
 0.12700535956889E+01
 0.12678543117436E+01
 0.12657388100898E+01
 0.12636983362249E+01
 0.12618045543130E+01
 0.12599069014830E+01
 0.12581412421171E+01
 0.12564174288354E+01
 0.12547525813674E+01
 0.12531733230459E+01
 0.12516355595968E+01
 0.12501594916389E+01
 0.12487380045942E+01
 0.12473520735069E+01
 0.12460311393230E+01
 0.12447552478554E+01
 0.12435161713377E+01
 0.12423310517786E+01
 0.12411861653280E+01
 0.12400616571898E+01
 0.12390073957193E+01
 0.12379631958302E+01
 0.12369612439822E+01
 0.12359860912577E+01
 0.12350466914378E+01
 0.12341166055216E+01
 0.12332456351860E+01
 0.12323806122651E+01
 0.12315536393975E+01
 0.12307356716845E+01
 0.12299401240768E+01
 0.12291659590075E+01
 0.12284227828001E+01
 0.12277031308360E+01
 0.12269913763363E+01
 0.12262894547690E+01
 0.12256086091960E+01
 0.12249524329366E+01
 0.12243098242355E+01
 0.12236723904678E+01
 0.12230515625454E+01
 0.12224450845463E+01
 0.12218626445910E+01
 0.12212745358246E+01
 0.12207111565829E+01
 0.12201495094690E+01
 0.12195900249554E+01
 0.12190542629223E+01
 0.12185255626800E+01
 0.12179999766185E+01
 0.12174857409052E+01
 0.12169841560880E+01
 0.12164845403940E+01
 0.12159887470562E+01
