 0.20942673356029E+01
 0.20942673356029E+01
 0.20942673356029E+01
 0.20942673356029E+01
 0.20942673356029E+01
 0.20942673311248E+01
 0.20942673131905E+01
 0.20942674048933E+01
 0.20942674448854E+01
 0.20942670094657E+01
 0.20942738681973E+01
 0.20942635301884E+01
 0.20942613916057E+01
 0.20942647413533E+01
 0.20942680905648E+01
 0.20942728602509E+01
 0.20942556058032E+01
 0.20942625358156E+01
 0.20942626417376E+01
 0.20942673552094E+01
 0.20942668165682E+01
 0.20942569884417E+01
 0.20942666534525E+01
 0.20942660772226E+01
 0.20942651396494E+01
 0.20942611529819E+01
 0.20942614812112E+01
 0.20942656055209E+01
 0.20942687635020E+01
 0.20942493699592E+01
 0.20942571761072E+01
 0.20942512785546E+01
 0.20942616621538E+01
 0.20942281169042E+01
 0.20942726233543E+01
 0.20942292684056E+01
 0.20942513804948E+01
 0.20942482002735E+01
 0.20942076233125E+01
 0.20942523809829E+01
 0.20942033607300E+01
 0.20942003884808E+01
 0.20942634236060E+01
 0.20941962142676E+01
 0.20942428748667E+01
 0.20942259122315E+01
 0.20942272530145E+01
 0.20942424892341E+01
 0.20942444833472E+01
 0.20942272567512E+01
 0.20942390174637E+01
 0.20941932006363E+01
 0.20941640832512E+01
 0.20941637613174E+01
 0.20941999975043E+01
 0.20941921653726E+01
 0.20941834757680E+01
 0.20941747594962E+01
 0.20941021575261E+01
 0.20941043797328E+01
 0.20941499786384E+01
 0.20940788187510E+01
 0.20939739902689E+01
 0.20940534570959E+01
 0.20939877325580E+01
 0.20939820477554E+01
 0.20939310864463E+01
 0.20938799552935E+01
 0.20938236961336E+01
 0.20939310576412E+01
 0.20937314117622E+01
 0.20937307524077E+01
 0.20936140659032E+01
 0.20934162973047E+01
 0.20933766677386E+01
 0.20932126204641E+01
 0.20931705316822E+01
 0.20931509455420E+01
 0.20929148076182E+01
 0.20928295493099E+01
 0.20926077551302E+01
 0.20924557626189E+01
 0.20923756417287E+01
 0.20920529417301E+01
 0.20920299400520E+01
 0.20916071320420E+01
 0.20914966429030E+01
 0.20912467414583E+01
 0.20909164038208E+01
 0.20905566076842E+01
 0.20901850664811E+01
 0.20896487227446E+01
 0.20893337260618E+01
 0.20888160513201E+01
 0.20883780836733E+01
 0.20878358593671E+01
 0.20871994543022E+01
 0.20867359439817E+01
 0.20861096422812E+01
 0.20856030188410E+01
 0.20848966969052E+01
 0.20840937255178E+01
 0.20832670066738E+01
 0.20824031660463E+01
 0.20816740884972E+01
 0.20806175984243E+01
 0.20796635114480E+01
 0.20787005533637E+01
 0.20776558801290E+01
 0.20764842417584E+01
 0.20754725752636E+01
 0.20740177273203E+01
 0.20727979826831E+01
 0.20716446690289E+01
 0.20701027979561E+01
 0.20687029579890E+01
 0.20671747537620E+01
 0.20657679908569E+01
 0.20640946278229E+01
 0.20624233319179E+01
 0.20608314524931E+01
 0.20590881431136E+01
 0.20571278142949E+01
 0.20554744230504E+01
 0.20533477113962E+01
 0.20514288379808E+01
 0.20493555511280E+01
 0.20472962807454E+01
 0.20452800000800E+01
 0.20428840263029E+01
 0.20407509359350E+01
 0.20384137585449E+01
 0.20360502592560E+01
 0.20338965993717E+01
 0.20311859346496E+01
 0.20289347894095E+01
 0.20263410179094E+01
 0.20236939062222E+01
 0.20210865840911E+01
 0.20185502516581E+01
 0.20157023962549E+01
 0.20129209889104E+01
 0.20101514745693E+01
 0.20074685647856E+01
 0.20045236432541E+01
 0.20016543316139E+01
 0.19987856278197E+01
 0.19959529852977E+01
 0.19926862693061E+01
 0.19897571956706E+01
 0.19867087843905E+01
 0.19832600640131E+01
 0.19804099082630E+01
 0.19771667984555E+01
 0.19736463932864E+01
 0.19703587582400E+01
 0.19671407304470E+01
 0.19636467416672E+01
 0.19601757851283E+01
 0.19567292054879E+01
 0.19529533884389E+01
 0.19495349180063E+01
 0.19457502851495E+01
 0.19418095386959E+01
 0.19383160017759E+01
 0.19342156953887E+01
 0.19305897362459E+01
 0.19267038011311E+01
 0.19224972676493E+01
 0.19188280775206E+01
 0.19148220135401E+01
 0.19106760645720E+01
 0.19063639062687E+01
 0.19023475212660E+01
 0.18980926594736E+01
 0.18940725713004E+01
 0.18898624934448E+01
 0.18853851429945E+01
 0.18811502063951E+01
 0.18766672710793E+01
 0.18723161326425E+01
 0.18681609275895E+01
 0.18635761560367E+01
 0.18590737151911E+01
 0.18546174697680E+01
 0.18502995854713E+01
 0.18457449720023E+01
 0.18410648459867E+01
 0.18364676560367E+01
 0.18318056754879E+01
 0.18272741273910E+01
 0.18226246844085E+01
 0.18178227792331E+01
 0.18133061645155E+01
 0.18086314333453E+01
 0.18038023259360E+01
 0.17992940211800E+01
 0.17945537232336E+01
 0.17896309956450E+01
 0.17849467954618E+01
