 0.13708386865292E+03
 0.13708386865287E+03
 0.13708386865247E+03
 0.13708386873844E+03
 0.13708387189689E+03
 0.13708390168899E+03
 0.13708403341705E+03
 0.13708440082843E+03
 0.13708516533350E+03
 0.13708647602207E+03
 0.13708844612656E+03
 0.13709114522010E+03
 0.13709460442902E+03
 0.13709882259658E+03
 0.13710377721793E+03
 0.13710942430852E+03
 0.13711571070460E+03
 0.13712257074568E+03
 0.13712993500816E+03
 0.13713772855278E+03
 0.13710562906039E+03
 0.13710369862696E+03
 0.13710145851935E+03
 0.13709889845317E+03
 0.13709601685988E+03
 0.13709281177733E+03
 0.13708929163693E+03
 0.13708546934998E+03
 0.13708135812575E+03
 0.13707698136688E+03
 0.13707236681670E+03
 0.13706754251816E+03
 0.13706254235476E+03
 0.13705740610946E+03
 0.13705216858946E+03
 0.13704687534031E+03
 0.13704155567009E+03
 0.13703626591213E+03
 0.13703103911055E+03
 0.13702590987594E+03
 0.13702092434963E+03
 0.13701611420276E+03
 0.13701150056324E+03
 0.13700714175875E+03
 0.13700304250504E+03
 0.13699924130022E+03
 0.13699575352203E+03
 0.13699259656323E+03
 0.13698978703574E+03
 0.13698735004697E+03
 0.13698527633359E+03
 0.13698358718691E+03
 0.13698228657647E+03
 0.13698137116566E+03
 0.13698089244587E+03
 0.13698079319855E+03
 0.13698109860722E+03
 0.13698180624373E+03
 0.13698295975440E+03
 0.13698454953231E+03
 0.13698655367160E+03
 0.13698900334061E+03
 0.13699192219296E+03
 0.13699532398488E+03
 0.13699922300743E+03
 0.13700364709030E+03
 0.13700867412786E+03
 0.13701420203252E+03
 0.13702051031342E+03
 0.13702734608934E+03
 0.13703505086141E+03
 0.13704348123379E+03
 0.13705289464304E+03
 0.13706314687663E+03
 0.13707444835995E+03
 0.13708689365863E+03
 0.13710055458991E+03
 0.13711555353168E+03
 0.13713207130874E+03
 0.13715001053047E+03
 0.13716990677756E+03
 0.13719163447600E+03
 0.13721526157204E+03
 0.13724127752755E+03
 0.13726973769651E+03
 0.13730087993077E+03
 0.13733474012758E+03
 0.13737172499066E+03
 0.13741223831037E+03
 0.13745617749537E+03
 0.13750394759815E+03
 0.13755627957544E+03
 0.13761274397813E+03
 0.13767429259255E+03
 0.13774115413767E+03
 0.13781384488955E+03
 0.13789240754453E+03
 0.13797757501533E+03
 0.13806980106880E+03
 0.13816960995076E+03
 0.13827763260042E+03
 0.13839424988321E+03
 0.13852007440599E+03
 0.13865640180009E+03
 0.13880318376897E+03
 0.13896154090870E+03
 0.13913220656465E+03
 0.13931637794988E+03
 0.13951546714964E+03
 0.13972888970236E+03
 0.13995956509837E+03
 0.14020827667659E+03
 0.14047561274323E+03
 0.14076430423746E+03
 0.14107524693994E+03
 0.14140750161913E+03
 0.14177032334572E+03
 0.14215913007762E+03
 0.14257784227464E+03
 0.14302868940701E+03
 0.14351663140001E+03
 0.14404194237974E+03
 0.14461158861714E+03
 0.14522241926779E+03
 0.14588845204502E+03
 0.14660277453009E+03
 0.14737779426992E+03
 0.14822645961585E+03
 0.14914517034011E+03
 0.15013601144487E+03
 0.15122118343371E+03
 0.15240188040829E+03
 0.15367815178349E+03
 0.15508948314210E+03
 0.15663199912753E+03
 0.15831383662943E+03
 0.16016505982973E+03
 0.16221502032097E+03
 0.16446541620440E+03
 0.16694892580039E+03
 0.16968569142722E+03
 0.17276420460260E+03
 0.17616735656798E+03
 0.17995212572345E+03
 0.18421925091776E+03
 0.18896328061739E+03
 0.19423646137431E+03
 0.20019752353224E+03
 0.20687909265848E+03
 0.21435539727663E+03
 0.22256299937396E+03
 0.23181655964454E+03
 0.24190111451536E+03
 0.25300435655314E+03
 0.26507754292907E+03
 0.27803456166640E+03
 0.29191608093688E+03
 0.30659280110919E+03
 0.32201004591992E+03
 0.33815657269079E+03
 0.35482076330433E+03
 0.37202408992569E+03
 0.38973977691413E+03
 0.40780911791564E+03
 0.42627336773936E+03
 0.44519711413274E+03
 0.46427513157144E+03
 0.48380917543958E+03
 0.50359113883054E+03
 0.52373200047226E+03
 0.54410208861036E+03
 0.56486460348354E+03
 0.58573829305989E+03
 0.60701432377953E+03
 0.62849734747636E+03
 0.65036989162413E+03
 0.67248443995859E+03
 0.69492311612145E+03
 0.71756476773563E+03
 0.74047104202527E+03
 0.76372295479881E+03
 0.78733297285122E+03
 0.81121914181833E+03
 0.83532276783898E+03
 0.85976043485148E+03
 0.88455643399265E+03
 0.90966058218560E+03
 0.93507962515404E+03
 0.96070397153025E+03
 0.98678668651035E+03
 0.10131071601860E+04
 0.10398331284993E+04
 0.10669281839772E+04
 0.10942782974179E+04
 0.11219932927987E+04
 0.11500800981776E+04
 0.11785133634576E+04
 0.12072540422559E+04
 0.12364146462568E+04
 0.12659686617484E+04
