 0.30964654458033E+03
 0.30964654458037E+03
 0.30964654458102E+03
 0.30964654462233E+03
 0.30964654557380E+03
 0.30964654936996E+03
 0.30964653212187E+03
 0.30964635945306E+03
 0.30964566553023E+03
 0.30964377523012E+03
 0.30963970462722E+03
 0.30963222550612E+03
 0.30961998037374E+03
 0.30960155329083E+03
 0.30957561172163E+03
 0.30954086591461E+03
 0.30949625380303E+03
 0.30944084647145E+03
 0.30937388604140E+03
 0.30929479832327E+03
 0.30918212746760E+03
 0.30907210102276E+03
 0.30894874920412E+03
 0.30881207620794E+03
 0.30866216959242E+03
 0.30849925106895E+03
 0.30832352407041E+03
 0.30813558645799E+03
 0.30793578407666E+03
 0.30772450429061E+03
 0.30750216822496E+03
 0.30726971315333E+03
 0.30702744632205E+03
 0.30677587162054E+03
 0.30651621779324E+03
 0.30624861874750E+03
 0.30597393569829E+03
 0.30569247394037E+03
 0.30540539512237E+03
 0.30511348744108E+03
 0.30481588234252E+03
 0.30451453654359E+03
 0.30420985158472E+03
 0.30390194710226E+03
 0.30359064927956E+03
 0.30327723824906E+03
 0.30296265084624E+03
 0.30264646258152E+03
 0.30232848703322E+03
 0.30200923665803E+03
 0.30168966872731E+03
 0.30136893887948E+03
 0.30104785702228E+03
 0.30072600129136E+03
 0.30040292632764E+03
 0.30007926018951E+03
 0.29975494794322E+03
 0.29942848167322E+03
 0.29910126657629E+03
 0.29877357637770E+03
 0.29843978050716E+03
 0.29810736040795E+03
 0.29777174023288E+03
 0.29742993091967E+03
 0.29708735191079E+03
 0.29673558931193E+03
 0.29638061024203E+03
 0.29602400690631E+03
 0.29565601411232E+03
 0.29528343174359E+03
 0.29489727250577E+03
 0.29450360619691E+03
 0.29410484009392E+03
 0.29368662957969E+03
 0.29326176478499E+03
 0.29281959808222E+03
 0.29236419606331E+03
 0.29188971056521E+03
 0.29140589122340E+03
 0.29089631074399E+03
 0.29036956552847E+03
 0.28982241737506E+03
 0.28925399305658E+03
 0.28866096917371E+03
 0.28803494175887E+03
 0.28738863463967E+03
 0.28671416042775E+03
 0.28600328372712E+03
 0.28526044206074E+03
 0.28447968597743E+03
 0.28367204976824E+03
 0.28282552941288E+03
 0.28192992319391E+03
 0.28098680541798E+03
 0.28001024950652E+03
 0.27898778349474E+03
 0.27789818545883E+03
 0.27676698300893E+03
 0.27557259424356E+03
 0.27432030446624E+03
 0.27299561391584E+03
 0.27161257391016E+03
 0.27015817482532E+03
 0.26861919530565E+03
 0.26699217764323E+03
 0.26528741180631E+03
 0.26350006504061E+03
 0.26159104167835E+03
 0.25958619906723E+03
 0.25748202510577E+03
 0.25526417715043E+03
 0.25290658206230E+03
 0.25041771351748E+03
 0.24777766011019E+03
 0.24497129029655E+03
 0.24201801842914E+03
 0.23888589358976E+03
 0.23556190730492E+03
 0.23202066427272E+03
 0.22826889375200E+03
 0.22429237893627E+03
 0.22007930270391E+03
 0.21556329242855E+03
 0.21076606483717E+03
 0.20570577862624E+03
 0.20036637872948E+03
 0.19474029253096E+03
 0.18877249210251E+03
 0.18255618893330E+03
 0.17618517721209E+03
 0.16962655624159E+03
 0.16309254736324E+03
 0.15674335453976E+03
 0.15071075519180E+03
 0.14517656583217E+03
 0.14039708885601E+03
 0.13638103606156E+03
 0.13323146689003E+03
 0.13092037479423E+03
 0.12937878740429E+03
 0.12849896900738E+03
 0.12817270377989E+03
 0.12830632951433E+03
 0.12881097065772E+03
 0.12961677491621E+03
 0.13065826701172E+03
 0.13189851095502E+03
 0.13328969322737E+03
 0.13481464942311E+03
 0.13644825752846E+03
 0.13814599305239E+03
 0.13993105618754E+03
 0.14179232524259E+03
 0.14368619154014E+03
 0.14563784471152E+03
 0.14761828067456E+03
 0.14963925654975E+03
 0.15168359195883E+03
 0.15376719795737E+03
 0.15586992789435E+03
 0.15798854945132E+03
 0.16013822060033E+03
 0.16230573562321E+03
 0.16449521612822E+03
 0.16668950763712E+03
 0.16891001983929E+03
 0.17114459277030E+03
 0.17339160491478E+03
 0.17565787296197E+03
 0.17793383178432E+03
 0.18021305340846E+03
 0.18252267880292E+03
 0.18484018619115E+03
 0.18715087188743E+03
 0.18949192201456E+03
 0.19184731625180E+03
 0.19418938184578E+03
 0.19656457903550E+03
 0.19893756042430E+03
 0.20134525777170E+03
 0.20371882320674E+03
 0.20613054586376E+03
 0.20853496214822E+03
 0.21098824699884E+03
 0.21341239620798E+03
 0.21587360259298E+03
 0.21831389632808E+03
 0.22078093537171E+03
 0.22325394892343E+03
 0.22574420729960E+03
 0.22823400045631E+03
 0.23075056525123E+03
 0.23327317380142E+03
 0.23580103086311E+03
 0.23833481811844E+03
 0.24086316911980E+03
 0.24341212628276E+03
 0.24598464143683E+03
 0.24856277402189E+03
 0.25113184616944E+03
 0.25372769240612E+03
 0.25631384862944E+03
 0.25893995130752E+03
 0.26154582301226E+03
 0.26419239011940E+03
 0.26681287699794E+03
 0.26946449143707E+03
 0.27212637645530E+03
 0.27479594748238E+03
 0.27746394511357E+03
 0.28015858099801E+03
 0.28285574603900E+03
 0.28558001062760E+03
 0.28828671177161E+03
 0.29100876352216E+03
 0.29374514983887E+03
 0.29649273159738E+03
 0.29925157107246E+03
 0.30200205654797E+03
 0.30478684341078E+03
 0.30756124725654E+03
 0.31036577521829E+03
 0.31318593859219E+03
 0.31599480941828E+03
 0.31882922549922E+03
 0.32165205639577E+03
 0.32449739330981E+03
 0.32734201817834E+03
 0.33021359118108E+03
 0.33308271215963E+03
 0.33595348944813E+03
 0.33886127379483E+03
 0.34176321961678E+03
 0.34466941733688E+03
 0.34761559226103E+03
 0.35053171659922E+03
 0.35347137498237E+03
 0.35640972608937E+03
 0.35939631848759E+03
 0.36236167675262E+03
 0.36533129064374E+03
 0.36832894469769E+03
 0.37132092072525E+03
 0.37433504776777E+03
 0.37736253019257E+03
 0.38037177155032E+03
 0.38342273036036E+03
 0.38647926199192E+03
 0.38953253223499E+03
 0.39260851516375E+03
 0.39566853511370E+03
 0.39877549059851E+03
 0.40185355629481E+03
 0.40496841736826E+03
 0.40808432668316E+03
 0.41120980420107E+03
 0.41435287594546E+03
 0.41749933624853E+03
 0.42063129805994E+03
 0.42381827182719E+03
 0.42697424649795E+03
 0.43018071944069E+03
 0.43336850453106E+03
 0.43656484382484E+03
 0.43977141835918E+03
 0.44299854904250E+03
 0.44623770899439E+03
 0.44947986725355E+03
 0.45271435977990E+03
 0.45598206169199E+03
 0.45925557244100E+03
 0.46252038508827E+03
 0.46581915310746E+03
 0.46913466319794E+03
 0.47242921181516E+03
 0.47574288495269E+03
 0.47907795233899E+03
 0.48239103765348E+03
 0.48575410768298E+03
 0.48911055362064E+03
 0.49247769898465E+03
 0.49585085536311E+03
 0.49923450619296E+03
 0.50262119500618E+03
 0.50602515564950E+03
 0.50944226438763E+03
 0.51284751998808E+03
 0.51627416026557E+03
 0.51969517167140E+03
 0.52314084577180E+03
 0.52662202385628E+03
 0.53005717861314E+03
 0.53354915818696E+03
 0.53703189412540E+03
 0.54050863423173E+03
 0.54401920733947E+03
 0.54752375111548E+03
 0.55104649028612E+03
 0.55458643332079E+03
 0.55811168207412E+03
