 0.98445526788544E+00
 0.98445526788544E+00
 0.98445526788544E+00
 0.98445526788544E+00
 0.98445526788544E+00
 0.98445526788544E+00
 0.98445526788544E+00
 0.98445526788544E+00
 0.98445526788544E+00
 0.98445524117202E+00
 0.98445644462219E+00
 0.98445474659539E+00
 0.98445353785076E+00
 0.98445434386831E+00
 0.98445270496311E+00
 0.98445338818560E+00
 0.98445295250129E+00
 0.98445486664520E+00
 0.98445416196184E+00
 0.98445289072232E+00
 0.98445355309864E+00
 0.98445475728037E+00
 0.98445432953585E+00
 0.98445154454734E+00
 0.98445078510554E+00
 0.98445297348158E+00
 0.98445380260766E+00
 0.98445206462217E+00
 0.98445047440052E+00
 0.98445310435572E+00
 0.98445608621291E+00
 0.98444929854715E+00
 0.98446134351913E+00
 0.98446255842163E+00
 0.98445645267026E+00
 0.98446387675689E+00
 0.98446034489475E+00
 0.98445789940146E+00
 0.98446978311986E+00
 0.98445898154875E+00
 0.98445073324154E+00
 0.98446615723423E+00
 0.98445589429877E+00
 0.98447146198021E+00
 0.98447982837022E+00
 0.98448105541009E+00
 0.98447865915206E+00
 0.98447244843324E+00
 0.98446265481554E+00
 0.98447890142761E+00
 0.98446064684835E+00
 0.98448479097078E+00
 0.98447430202114E+00
 0.98447021312203E+00
 0.98446950467984E+00
 0.98448588947366E+00
 0.98443768570436E+00
 0.98445746795247E+00
 0.98448482725600E+00
 0.98447764240162E+00
 0.98448536015536E+00
 0.98448218602024E+00
 0.98444413494238E+00
 0.98447923205573E+00
 0.98442841398165E+00
 0.98448058081870E+00
 0.98448366496177E+00
 0.98440389400270E+00
 0.98448494037109E+00
 0.98442658773461E+00
 0.98447534070036E+00
 0.98446627032159E+00
 0.98445373558387E+00
 0.98447452069202E+00
 0.98443189072958E+00
 0.98448437093175E+00
 0.98446684871107E+00
 0.98443305718132E+00
 0.98441958121297E+00
 0.98442574800513E+00
 0.98443817636046E+00
 0.98444808157944E+00
 0.98447412846198E+00
 0.98444016028960E+00
 0.98444176384408E+00
 0.98447492745491E+00
 0.98442630514679E+00
 0.98440976696485E+00
 0.98441825241435E+00
 0.98443248494656E+00
 0.98446845861867E+00
 0.98446528915467E+00
 0.98442477749012E+00
 0.98447378485664E+00
 0.98441975831202E+00
 0.98444938023736E+00
 0.98442999677829E+00
 0.98442052887557E+00
 0.98447863093328E+00
 0.98447722120722E+00
 0.98442926146356E+00
 0.98442894585762E+00
 0.98444107418710E+00
 0.98444142526275E+00
 0.98446534773867E+00
 0.98447455315115E+00
 0.98446017168625E+00
 0.98442085532366E+00
 0.98440990061836E+00
 0.98445075849693E+00
 0.98449788350132E+00
 0.98446181364609E+00
 0.98448412227774E+00
 0.98448092156143E+00
 0.98446082846076E+00
 0.98447569870590E+00
 0.98447416343947E+00
 0.98449296508372E+00
 0.98449330648821E+00
 0.98451104664600E+00
 0.98451033378097E+00
 0.98453404661943E+00
 0.98454692218531E+00
 0.98459798345262E+00
 0.98462370715133E+00
 0.98460121955407E+00
 0.98463951225106E+00
 0.98465772417960E+00
 0.98472729934252E+00
 0.98475079126438E+00
 0.98472521889069E+00
 0.98477371243752E+00
 0.98481685251608E+00
 0.98483797971360E+00
 0.98488260170825E+00
 0.98491748147037E+00
 0.98501868803258E+00
 0.98497543749928E+00
 0.98509838285730E+00
 0.98510146021408E+00
 0.98513885621330E+00
 0.98515046091593E+00
 0.98524200678842E+00
 0.98526498465045E+00
 0.98525697651486E+00
 0.98533941090528E+00
 0.98534759482075E+00
 0.98537155106910E+00
 0.98539310970100E+00
 0.98540478121222E+00
 0.98542326132734E+00
 0.98543180866814E+00
 0.98542894274089E+00
 0.98548561380703E+00
 0.98539372715039E+00
 0.98547735547254E+00
 0.98541651443352E+00
 0.98539900846469E+00
 0.98533501968480E+00
 0.98532601939676E+00
 0.98530888141724E+00
 0.98525125529246E+00
 0.98525577580104E+00
 0.98516079250057E+00
 0.98503383815028E+00
 0.98498674875429E+00
 0.98489233575998E+00
 0.98487792323909E+00
 0.98474990593857E+00
 0.98463519705250E+00
 0.98448119921971E+00
 0.98440069349348E+00
 0.98423001506504E+00
 0.98405529594910E+00
 0.98388843295010E+00
 0.98374360886653E+00
 0.98352365413105E+00
 0.98327618858810E+00
 0.98314591647326E+00
 0.98291883152857E+00
 0.98268893745035E+00
 0.98237558270643E+00
 0.98209204281938E+00
 0.98184828360424E+00
 0.98152569797451E+00
 0.98123560934506E+00
 0.98100158907350E+00
 0.98057471527278E+00
 0.98029927049226E+00
 0.97988100749575E+00
 0.97954469909387E+00
 0.97912291701949E+00
 0.97875115615606E+00
 0.97836603246134E+00
 0.97788540244162E+00
 0.97745601591605E+00
 0.97703506343968E+00
 0.97656324391350E+00
 0.97599219341494E+00
 0.97554237042077E+00
 0.97502868675932E+00
 0.97450479272652E+00
 0.97394941602660E+00
 0.97340014963792E+00
 0.97278681471878E+00
 0.97226717512719E+00
 0.97163227968576E+00
 0.97100047737296E+00
 0.97043392519981E+00
 0.96970687777640E+00
 0.96906805002954E+00
 0.96843651465120E+00
 0.96769276681746E+00
 0.96704651824125E+00
 0.96636187293003E+00
 0.96553309329495E+00
 0.96481293377459E+00
 0.96405275192240E+00
 0.96330000779601E+00
 0.96248643632882E+00
 0.96172738768664E+00
 0.96087297166352E+00
 0.96014440748420E+00
 0.95924049448809E+00
 0.95836182019859E+00
 0.95749717307017E+00
 0.95666509250018E+00
 0.95581967889341E+00
 0.95493915945820E+00
 0.95398863415773E+00
 0.95306665880947E+00
 0.95217349193416E+00
 0.95124254294154E+00
 0.95023600013758E+00
 0.94931716727410E+00
 0.94836378985194E+00
 0.94730373439128E+00
 0.94630492025109E+00
 0.94535034412320E+00
 0.94432802758274E+00
 0.94323978348298E+00
 0.94221177445787E+00
 0.94122791841872E+00
 0.94009357491239E+00
 0.93902927491152E+00
 0.93793349533254E+00
 0.93684696083414E+00
 0.93572031193888E+00
 0.93467832487266E+00
 0.93347674783821E+00
 0.93240724519626E+00
 0.93125877458980E+00
 0.93018625275656E+00
 0.92896742380274E+00
 0.92779841087506E+00
 0.92672057073013E+00
 0.92557135478928E+00
 0.92432429199323E+00
 0.92314077285242E+00
 0.92187455780730E+00
 0.92075326591530E+00
 0.91949718083932E+00
 0.91838631778668E+00
 0.91716371952818E+00
 0.91580049327770E+00
 0.91461404071834E+00
 0.91334414329579E+00
 0.91213628308661E+00
 0.91089449008898E+00
 0.90960508855053E+00
 0.90834688480479E+00
 0.90708846751115E+00
 0.90580164760741E+00
 0.90453726250287E+00
 0.90332834764824E+00
 0.90197409621046E+00
 0.90061263497962E+00
 0.89941693757944E+00
 0.89814353874097E+00
 0.89679225913900E+00
 0.89544727719000E+00
 0.89409469481798E+00
 0.89278047601868E+00
 0.89148469547571E+00
 0.89013730892912E+00
 0.88878492676456E+00
 0.88741875244983E+00
 0.88617168748679E+00
 0.88478930237802E+00
 0.88344474446001E+00
 0.88205090793818E+00
 0.88079236121713E+00
 0.87935498338127E+00
 0.87807479900924E+00
 0.87675325963027E+00
 0.87529917438408E+00
 0.87394413612851E+00
 0.87254490299549E+00
 0.87118938092732E+00
 0.86981969594237E+00
