 0.12287856071230E+01
 0.12287856154771E+01
 0.12287856532512E+01
 0.12287857575042E+01
 0.12287859811654E+01
 0.12287863952375E+01
 0.12287871001449E+01
 0.12287882577229E+01
 0.12287901441678E+01
 0.12287932080140E+01
 0.12287981102372E+01
 0.12288057403482E+01
 0.12288172093813E+01
 0.12288337967707E+01
 0.12288569441852E+01
 0.12288881487373E+01
 0.12289289861404E+01
 0.12289810216608E+01
 0.12290457829262E+01
 0.12291247488081E+01
 0.12292192596213E+01
 0.12293307177087E+01
 0.12294602617881E+01
 0.12296089867258E+01
 0.12297778597749E+01
 0.12299677637252E+01
 0.12301794199772E+01
 0.12304136175461E+01
 0.12306708721063E+01
 0.12309516002159E+01
 0.12312561179752E+01
 0.12315849024637E+01
 0.12319379935226E+01
 0.12323154407855E+01
 0.12327175929582E+01
 0.12331441227016E+01
 0.12335950241452E+01
 0.12340699192084E+01
 0.12345688227514E+01
 0.12350914893917E+01
 0.12356367174777E+01
 0.12362048013308E+01
 0.12367951278972E+01
 0.12374069168801E+01
 0.12380391740556E+01
 0.12386916780239E+01
 0.12393640094519E+01
 0.12400549607866E+01
 0.12407634885878E+01
 0.12414888699085E+01
 0.12422306963492E+01
 0.12429874917462E+01
 0.12437587743122E+01
 0.12445433806903E+01
 0.12453400776099E+01
 0.12461483763891E+01
 0.12469673909281E+01
 0.12477954245301E+01
 0.12486324067480E+01
 0.12494779469761E+01
 0.12503278329633E+01
 0.12511858711387E+01
 0.12520487614893E+01
 0.12529142787597E+01
 0.12537849685711E+01
 0.12546555374756E+01
 0.12555290384075E+01
 0.12564063320136E+01
 0.12572809830833E+01
 0.12581571676162E+01
 0.12590291708856E+01
 0.12599005814121E+01
 0.12607731739958E+01
 0.12616377245750E+01
 0.12625026218857E+01
 0.12633614590391E+01
 0.12642168954124E+01
 0.12650654881335E+01
 0.12659143397401E+01
 0.12667529800361E+01
 0.12675877449887E+01
 0.12684172634133E+01
 0.12692415678194E+01
 0.12700592249979E+01
 0.12708657737033E+01
 0.12716707624082E+01
 0.12724696541966E+01
 0.12732585309502E+01
 0.12740414319984E+01
 0.12748160564187E+01
 0.12755905276482E+01
 0.12763589978284E+01
 0.12771164150277E+01
 0.12778658709180E+01
 0.12786178091533E+01
 0.12793662585157E+01
 0.12801007423378E+01
 0.12808382906050E+01
 0.12815691352686E+01
 0.12822981738391E+01
 0.12830198443895E+01
 0.12837448451583E+01
 0.12844690809175E+01
 0.12851876893918E+01
 0.12859025312042E+01
 0.12866224897735E+01
 0.12873484737341E+01
 0.12880648095830E+01
 0.12887871001253E+01
 0.12895170219420E+01
 0.12902538607678E+01
 0.12909891726152E+01
 0.12917311129342E+01
 0.12924762481691E+01
 0.12932222719351E+01
 0.12939836076187E+01
 0.12947489976406E+01
 0.12955209088718E+01
 0.12962953954394E+01
 0.12970766491157E+01
 0.12978655922791E+01
 0.12986611877951E+01
 0.12994434185663E+01
 0.13002230976100E+01
 0.13010030956187E+01
 0.13017741303840E+01
 0.13025268391100E+01
 0.13032339008958E+01
 0.13039018251095E+01
 0.13045159337795E+01
 0.13050481021212E+01
 0.13054644021599E+01
 0.13057564297857E+01
 0.13058656604503E+01
 0.13057423911576E+01
 0.13053788184238E+01
 0.13046773045714E+01
 0.13036289136247E+01
 0.13022107106596E+01
 0.13004342797057E+01
 0.12983190123271E+01
 0.12958706564485E+01
 0.12931606253079E+01
 0.12902675193231E+01
 0.12872203518401E+01
 0.12841170270973E+01
 0.12809589513630E+01
 0.12778200559952E+01
 0.12747039648244E+01
 0.12716379229010E+01
 0.12687117096847E+01
 0.12658422031186E+01
 0.12630381634295E+01
 0.12603863919692E+01
 0.12578193171620E+01
 0.12553831629780E+01
 0.12530415439790E+01
 0.12508229603867E+01
 0.12486814365477E+01
 0.12466569846790E+01
 0.12447345471640E+01
 0.12428869174328E+01
 0.12411251744118E+01
 0.12394488560994E+01
 0.12378637040160E+01
 0.12363366668716E+01
 0.12348852049746E+01
 0.12334999486094E+01
 0.12321700814293E+01
 0.12309032902851E+01
 0.12297039260307E+01
 0.12285367659492E+01
 0.12274241868753E+01
 0.12263779311183E+01
 0.12253561887055E+01
 0.12243707410825E+01
 0.12234466202451E+01
 0.12225415881340E+01
 0.12216800654665E+01
 0.12208308199198E+01
 0.12200503813558E+01
 0.12192736170300E+01
 0.12185377829332E+01
 0.12177951956805E+01
 0.12171108226603E+01
 0.12164261887433E+01
 0.12157868200350E+01
 0.12151519766044E+01
 0.12145410831186E+01
 0.12139423597711E+01
 0.12133679245822E+01
 0.12127978297963E+01
 0.12122412618822E+01
 0.12117066416929E+01
 0.12111875963121E+01
 0.12106882204798E+01
 0.12101928077672E+01
 0.12097003920256E+01
 0.12092231774820E+01
 0.12087665462745E+01
 0.12083080260707E+01
 0.12078704302668E+01
 0.12074202898064E+01
 0.12069993538561E+01
 0.12065652681152E+01
 0.12061587009917E+01
 0.12057472167984E+01
 0.12053399780448E+01
 0.12049435005621E+01
 0.12045563333913E+01
 0.12041649401059E+01
 0.12037842706692E+01
 0.12033953459735E+01
 0.12030270306288E+01
 0.12026614936649E+01
 0.12022944982308E+01
 0.12019343701310E+01
 0.12015721160980E+01
 0.12012231311697E+01
 0.12008679264210E+01
 0.12005232032086E+01
 0.12001704747964E+01
 0.11998190986859E+01
 0.11994799788077E+01
 0.11991346142906E+01
 0.11988031446571E+01
 0.11984679128824E+01
 0.11981363818887E+01
 0.11977999679623E+01
 0.11974734141083E+01
 0.11971511108593E+01
 0.11968164304648E+01
 0.11964905671759E+01
 0.11961675782051E+01
 0.11958363033776E+01
 0.11955224206055E+01
 0.11951985185850E+01
 0.11948821887151E+01
 0.11945550720627E+01
 0.11942394153749E+01
 0.11939256672351E+01
 0.11936048517612E+01
 0.11932939185599E+01
 0.11929784493532E+01
 0.11926615756023E+01
 0.11923541194272E+01
 0.11920363701382E+01
 0.11917225062658E+01
 0.11914111875139E+01
 0.11910968684903E+01
 0.11907929378266E+01
 0.11904760350251E+01
 0.11901695931556E+01
 0.11898599403773E+01
 0.11895501245342E+01
 0.11892436654155E+01
 0.11889314988320E+01
 0.11886220146018E+01
 0.11883215774624E+01
 0.11880078141668E+01
 0.11877055576940E+01
 0.11873935417287E+01
 0.11870864573385E+01
 0.11867842145450E+01
 0.11864799574831E+01
 0.11861708155055E+01
 0.11858628697581E+01
 0.11855582504797E+01
 0.11852569596156E+01
 0.11849499238016E+01
 0.11846466840621E+01
 0.11843460080966E+01
 0.11840385316572E+01
 0.11837308351633E+01
 0.11834295961389E+01
 0.11831288536858E+01
 0.11828224069113E+01
 0.11825273139151E+01
 0.11822176324975E+01
 0.11819139270537E+01
 0.11816127172262E+01
 0.11813109767260E+01
 0.11810100180496E+01
 0.11807108859743E+01
 0.11804069025004E+01
 0.11801063274371E+01
 0.11798090916985E+01
 0.11795096465638E+01
 0.11792118261340E+01
 0.11789128278442E+01
 0.11786092207749E+01
 0.11783175774879E+01
 0.11780153766056E+01
 0.11777202320491E+01
 0.11774217970911E+01
 0.11771214882484E+01
 0.11768259312570E+01
 0.11765271799410E+01
 0.11762316098825E+01
 0.11759334288204E+01
