 0.61505546242799E+01
 0.61505546630845E+01
 0.61505548430408E+01
 0.61505553520941E+01
 0.61505564682579E+01
 0.61505585628405E+01
 0.61505620994560E+01
 0.61505676148760E+01
 0.61505756898751E+01
 0.61505869075008E+01
 0.61506019052379E+01
 0.61506212050434E+01
 0.61506455840194E+01
 0.61506755219387E+01
 0.61507119263231E+01
 0.61507560483715E+01
 0.61508082526320E+01
 0.61508703289002E+01
 0.61509444138369E+01
 0.61510310285894E+01
 0.61511317516613E+01
 0.61512491852539E+01
 0.61513853958766E+01
 0.61515418441090E+01
 0.61517192936144E+01
 0.61519201624504E+01
 0.61521443499075E+01
 0.61523915944569E+01
 0.61526644001204E+01
 0.61529605754129E+01
 0.61532776467176E+01
 0.61536148482047E+01
 0.61539698127185E+01
 0.61543369232739E+01
 0.61547144972087E+01
 0.61550937592848E+01
 0.61554791178263E+01
 0.61558519352954E+01
 0.61562139747925E+01
 0.61565630250142E+01
 0.61568861354420E+01
 0.61571811156295E+01
 0.61574515876389E+01
 0.61576707018680E+01
 0.61578538645895E+01
 0.61579818911104E+01
 0.61580593431941E+01
 0.61580814963233E+01
 0.61580473023342E+01
 0.61579443028773E+01
 0.61577881454744E+01
 0.61575670146953E+01
 0.61572846336353E+01
 0.61569502794818E+01
 0.61565225813309E+01
 0.61560600360734E+01
 0.61555449459461E+01
 0.61549868861542E+01
 0.61543598106058E+01
 0.61536784296588E+01
 0.61529797801334E+01
 0.61522400750968E+01
 0.61514743534601E+01
 0.61506750266002E+01
 0.61498726182074E+01
 0.61490568945962E+01
 0.61481980743910E+01
 0.61474189557084E+01
 0.61465409638075E+01
 0.61457917898218E+01
 0.61449695660575E+01
 0.61442337627558E+01
 0.61434509375978E+01
 0.61427914359653E+01
 0.61421707385263E+01
 0.61415901022925E+01
 0.61410760081367E+01
 0.61406230633646E+01
 0.61402106710430E+01
 0.61399704321731E+01
 0.61396938845617E+01
 0.61395420194111E+01
 0.61395517381516E+01
 0.61395770742506E+01
 0.61397038465705E+01
 0.61398905363713E+01
 0.61402370792258E+01
 0.61406602329851E+01
 0.61411033581100E+01
 0.61416913983079E+01
 0.61423570566108E+01
 0.61429782858123E+01
 0.61437417656812E+01
 0.61444485072597E+01
 0.61450974756006E+01
 0.61456178359304E+01
 0.61460213415050E+01
 0.61461342635067E+01
 0.61458167149881E+01
 0.61448990152643E+01
 0.61430634125243E+01
 0.61399250239868E+01
 0.61347987072773E+01
 0.61264842360793E+01
 0.61129951105700E+01
 0.60898948827267E+01
 0.60461530039570E+01
 0.59629056733749E+01
 0.58008751110016E+01
 0.55787575483150E+01
 0.53715688141022E+01
 0.52029998125753E+01
 0.50682161485535E+01
 0.49579741734271E+01
 0.48655954049595E+01
 0.47875032229680E+01
 0.47170995445467E+01
 0.46547942767156E+01
 0.45980275940746E+01
 0.45457587036852E+01
 0.44966470103637E+01
 0.44505606947776E+01
 0.44065855040113E+01
 0.43652239810301E+01
 0.43250268920122E+01
 0.42869973198863E+01
 0.42502291341392E+01
 0.42141419499201E+01
 0.41793948876614E+01
 0.41461906157350E+01
 0.41135741449143E+01
 0.40820546906714E+01
 0.40517754407125E+01
 0.40218029052136E+01
 0.39927306304368E+01
 0.39646351058960E+01
 0.39371959511225E+01
 0.39102169189790E+01
 0.38841045059098E+01
 0.38588068767189E+01
 0.38338385670697E+01
 0.38095584598898E+01
 0.37858796872354E+01
 0.37627871923678E+01
 0.37399750745400E+01
 0.37178569121846E+01
 0.36964501822950E+01
 0.36752220248608E+01
 0.36544708350438E+01
 0.36341093620391E+01
 0.36146078911382E+01
 0.35951027471076E+01
 0.35763282833705E+01
 0.35578373377801E+01
 0.35397063217396E+01
 0.35220575861772E+01
 0.35047007904017E+01
 0.34877316768175E+01
 0.34711185920820E+01
 0.34547555053228E+01
 0.34388126463413E+01
 0.34231966589311E+01
 0.34078397338840E+01
 0.33928525920984E+01
 0.33781665000006E+01
 0.33636812645184E+01
 0.33496423411153E+01
 0.33357491996041E+01
 0.33221758954036E+01
 0.33088377732865E+01
 0.32957986732221E+01
 0.32828925707560E+01
 0.32704065639464E+01
 0.32580340357952E+01
 0.32459597228194E+01
 0.32340310050076E+01
 0.32223356924558E+01
 0.32108515204795E+01
 0.31996089061574E+01
 0.31886078879168E+01
 0.31777541408826E+01
 0.31670438881513E+01
 0.31565320926567E+01
 0.31462631754875E+01
 0.31361515287652E+01
 0.31261885514558E+01
 0.31163863126589E+01
 0.31067655092519E+01
 0.30973531965614E+01
 0.30880294736756E+01
 0.30789042717261E+01
 0.30698930323561E+01
 0.30610015554409E+01
 0.30522944936607E+01
 0.30437251256890E+01
 0.30352780432277E+01
 0.30269685776722E+01
 0.30188020138930E+01
 0.30107449741213E+01
 0.30027804271452E+01
