 0.83175735907662E+02
 0.83175735907670E+02
 0.83175735907921E+02
 0.83175735963491E+02
 0.83175737895137E+02
 0.83175756057593E+02
 0.83175836474228E+02
 0.83176061515862E+02
 0.83176532197355E+02
 0.83177345150350E+02
 0.83178578681934E+02
 0.83180289342813E+02
 0.83182513305539E+02
 0.83185272534606E+02
 0.83188576384378E+02
 0.83192422997336E+02
 0.83196809931660E+02
 0.83201722304193E+02
 0.83207140846568E+02
 0.83213050932785E+02
 0.83195008682421E+02
 0.83195545491347E+02
 0.83196184792264E+02
 0.83196938700156E+02
 0.83197823905305E+02
 0.83198846625036E+02
 0.83200026961718E+02
 0.83201385277998E+02
 0.83202926066941E+02
 0.83204680218525E+02
 0.83206679093430E+02
 0.83208947120903E+02
 0.83211517668360E+02
 0.83214444283465E+02
 0.83217761691304E+02
 0.83221546676580E+02
 0.83225808795768E+02
 0.83230685135999E+02
 0.83236210479213E+02
 0.83242443631030E+02
 0.83249508711191E+02
 0.83257477250625E+02
 0.83266395237622E+02
 0.83276478220752E+02
 0.83287752787140E+02
 0.83300348148637E+02
 0.83314357966121E+02
 0.83329903532409E+02
 0.83347091106006E+02
 0.83366096381356E+02
 0.83386949709193E+02
 0.83409832051587E+02
 0.83434852730233E+02
 0.83462091142856E+02
 0.83491931901231E+02
 0.83524177260059E+02
 0.83559087146202E+02
 0.83596764935813E+02
 0.83637548479451E+02
 0.83681540396883E+02
 0.83728692554715E+02
 0.83779344067537E+02
 0.83833630319912E+02
 0.83891832298286E+02
 0.83953981595489E+02
 0.84020386915244E+02
 0.84091563178057E+02
 0.84166865337213E+02
 0.84247974089726E+02
 0.84333352738902E+02
 0.84425162979217E+02
 0.84522228485409E+02
 0.84626238427560E+02
 0.84736003051579E+02
 0.84852700642718E+02
 0.84976831644839E+02
 0.85108605208982E+02
 0.85248703797837E+02
 0.85397736972103E+02
 0.85554782886058E+02
 0.85723320308160E+02
 0.85901894125170E+02
 0.86090480940992E+02
 0.86291978367566E+02
 0.86506651069541E+02
 0.86735459982326E+02
 0.86977788251226E+02
 0.87236496791467E+02
 0.87514132853208E+02
 0.87808885487815E+02
 0.88123756760125E+02
 0.88464001365100E+02
 0.88825494770370E+02
 0.89215584095115E+02
 0.89637180249104E+02
 0.90094370394554E+02
 0.90588195424612E+02
 0.91127253735045E+02
 0.91717375482695E+02
 0.92368494637591E+02
 0.93093380394671E+02
 0.93906467733886E+02
 0.94832619859053E+02
 0.95919107042009E+02
 0.97228454831510E+02
 0.98914043423149E+02
 0.10128785459636E+03
 0.10442247647595E+03
 0.10878038277695E+03
 0.11295136204148E+03
 0.11585750942017E+03
 0.11795222816420E+03
 0.11966499380416E+03
 0.12120044602232E+03
 0.12263536634278E+03
 0.12397571338723E+03
 0.12530104010843E+03
 0.12656426421121E+03
 0.12779154369008E+03
 0.12898601029117E+03
 0.13016797548023E+03
 0.13132978352383E+03
 0.13249091268969E+03
 0.13362762000642E+03
 0.13478460710510E+03
 0.13592181463156E+03
 0.13706902528206E+03
 0.13824827837781E+03
 0.13943134636525E+03
 0.14060554317859E+03
 0.14181201865728E+03
 0.14302565652500E+03
 0.14423634289075E+03
 0.14549076559019E+03
 0.14675727966992E+03
 0.14802892480643E+03
 0.14932235643337E+03
 0.15064895467314E+03
 0.15198203553936E+03
 0.15332218125429E+03
 0.15470111190474E+03
 0.15609318267438E+03
 0.15750269019718E+03
 0.15892923710027E+03
 0.16039620014625E+03
 0.16186914021632E+03
 0.16334353336456E+03
 0.16486465489302E+03
 0.16640581670092E+03
 0.16797394910059E+03
 0.16952083303026E+03
 0.17113110096110E+03
 0.17272838289318E+03
 0.17435789720240E+03
 0.17601069538596E+03
 0.17767121330871E+03
 0.17936018726813E+03
 0.18106500695590E+03
 0.18278805566151E+03
 0.18454209640538E+03
 0.18630324004197E+03
 0.18808235894643E+03
 0.18988783842410E+03
 0.19170231114095E+03
 0.19353419530460E+03
 0.19539802337260E+03
 0.19725329949793E+03
 0.19914709835731E+03
 0.20104958098276E+03
 0.20297373241507E+03
 0.20490675921744E+03
 0.20687792921021E+03
 0.20883206511998E+03
 0.21082585575449E+03
 0.21282218184874E+03
 0.21485044622324E+03
 0.21689173101828E+03
 0.21894928727291E+03
 0.22101491641565E+03
 0.22308669180937E+03
 0.22518484789729E+03
 0.22730992096550E+03
 0.22944763474269E+03
 0.23158522907757E+03
 0.23374262116141E+03
 0.23592111709836E+03
 0.23811660253513E+03
 0.24032216677327E+03
 0.24252850919345E+03
 0.24476845088661E+03
 0.24700922098737E+03
 0.24927452878869E+03
 0.25156197148931E+03
 0.25385034258075E+03
 0.25615271647382E+03
 0.25847305475037E+03
 0.26080524360645E+03
 0.26314620158336E+03
 0.26550619538216E+03
 0.26789068054819E+03
