 0.12287856071230E+01
 0.12287856154771E+01
 0.12287856532512E+01
 0.12287857575042E+01
 0.12287859811654E+01
 0.12287863952374E+01
 0.12287871001455E+01
 0.12287882577229E+01
 0.12287901441646E+01
 0.12287932080124E+01
 0.12287981102290E+01
 0.12288057403416E+01
 0.12288172093739E+01
 0.12288337967735E+01
 0.12288569442119E+01
 0.12288881487487E+01
 0.12289289861694E+01
 0.12289810219340E+01
 0.12290457837116E+01
 0.12291247510839E+01
 0.12292192654213E+01
 0.12293307315126E+01
 0.12294602922169E+01
 0.12296090499353E+01
 0.12297779841587E+01
 0.12299679963424E+01
 0.12301798368262E+01
 0.12304143361975E+01
 0.12306720684350E+01
 0.12309535292582E+01
 0.12312591329213E+01
 0.12315894950585E+01
 0.12319448228304E+01
 0.12323253699433E+01
 0.12327317445807E+01
 0.12331638965675E+01
 0.12336221951426E+01
 0.12341066598286E+01
 0.12346177778088E+01
 0.12351558353295E+01
 0.12357204078396E+01
 0.12363121129184E+01
 0.12369312233357E+01
 0.12375777508926E+01
 0.12382515939306E+01
 0.12389534447654E+01
 0.12396838793404E+01
 0.12404427658864E+01
 0.12412302510988E+01
 0.12420468834056E+01
 0.12428933241628E+01
 0.12437696624469E+01
 0.12446768231155E+01
 0.12456149827511E+01
 0.12465847078328E+01
 0.12475869788307E+01
 0.12486226196902E+01
 0.12496919084790E+01
 0.12507962996318E+01
 0.12519374543932E+01
 0.12531137010491E+01
 0.12543301747037E+01
 0.12555860675480E+01
 0.12568815164240E+01
 0.12582211699126E+01
 0.12596029390488E+01
 0.12610316918889E+01
 0.12625102969263E+01
 0.12640363227242E+01
 0.12656160440560E+01
 0.12672492230614E+01
 0.12689404397216E+01
 0.12706933295608E+01
 0.12725077114898E+01
 0.12743907249546E+01
 0.12763442244534E+01
 0.12783714171264E+01
 0.12804805145300E+01
 0.12826722238067E+01
 0.12849547478119E+01
 0.12873357313892E+01
 0.12898201647502E+01
 0.12924132185135E+01
 0.12951306726900E+01
 0.12979851099434E+01
 0.13009798631835E+01
 0.13041391458991E+01
 0.13074824044513E+01
 0.13110295174381E+01
 0.13148208417112E+01
 0.13188884068940E+01
 0.13233094375576E+01
 0.13282114888853E+01
 0.13338494482400E+01
