 0.67197792076794E+03
 0.67197792076794E+03
 0.67197792076794E+03
 0.67197792076794E+03
 0.67197792076794E+03
 0.67197823877565E+03
 0.67197734998231E+03
 0.67197756846389E+03
 0.67197660663052E+03
 0.67195495340662E+03
 0.67205188985754E+03
 0.67192827157642E+03
 0.67949578783369E+03
 0.67190652539578E+03
 0.67942942718208E+03
 0.67947416767571E+03
 0.67946067532669E+03
 0.67194549638001E+03
 0.67190164143405E+03
 0.67944500785887E+03
 0.67947269603224E+03
 0.67193313653409E+03
 0.67952781354724E+03
 0.67937956248575E+03
 0.67942904225187E+03
 0.67947651863806E+03
 0.67950963703379E+03
 0.67947609100640E+03
 0.67941280441783E+03
 0.67936668404195E+03
 0.67225124698519E+03
 0.67944140464200E+03
 0.67245220375744E+03
 0.67257664131308E+03
 0.67200870653391E+03
 0.67287042955924E+03
 0.67221520134720E+03
 0.67221399848029E+03
 0.67317617084868E+03
 0.67215042396823E+03
 0.67948392797638E+03
 0.67284576720684E+03
 0.67209260749060E+03
 0.67332886876799E+03
 0.67438188974255E+03
 0.67431068220323E+03
 0.67414064363792E+03
 0.67315748622096E+03
 0.67214587536554E+03
 0.67400100781990E+03
 0.67205596184989E+03
 0.67481484607546E+03
 0.67272020917529E+03
 0.67239658607654E+03
 0.67230602746710E+03
 0.67502466998425E+03
 0.67952079457739E+03
 0.68106168395109E+03
 0.67574444389859E+03
 0.67208143453687E+03
 0.67404487885371E+03
 0.67235797851065E+03
 0.67877164523276E+03
 0.67105288809271E+03
 0.67541540924482E+03
 0.67851844258160E+03
 0.67086637642346E+03
