 0.25955908804632E+10
 0.25957108867719E+10
 0.25959108782898E+10
 0.25961908750767E+10
 0.25965508771887E+10
 0.25969908809115E+10
 0.25975108657225E+10
 0.25981108457743E+10
 0.25987908506378E+10
 0.25995508338754E+10
 0.26003908407438E+10
 0.26013108298870E+10
 0.26023108149487E+10
 0.26033908155674E+10
 0.26045508093802E+10
 0.26057907534387E+10
 0.26071106395344E+10
 0.26085103708972E+10
 0.26099897638262E+10
 0.26115485383721E+10
 0.26131862470104E+10
 0.26149021853118E+10
 0.26166953707478E+10
 0.26185643694237E+10
 0.26205073073133E+10
 0.26225216960752E+10
 0.26246043304862E+10
 0.26267513783014E+10
 0.26289561331178E+10
 0.26312153382116E+10
 0.26335204778050E+10
 0.26358633775153E+10
 0.26382339703767E+10
 0.26406209246685E+10
 0.26430118317566E+10
 0.26453919861231E+10
 0.26477459116065E+10
 0.26500559656777E+10
 0.26523031617335E+10
 0.26544672706307E+10
 0.26565273376967E+10
 0.26584614886996E+10
 0.26602453359950E+10
 0.26618559264008E+10
 0.26632667784978E+10
 0.26644540219250E+10
 0.26653923117792E+10
 0.26660540696774E+10
 0.26664148454801E+10
 0.26664432976667E+10
 0.26661158617009E+10
 0.26654034218857E+10
 0.26642830594965E+10
 0.26627136840195E+10
 0.26606745607011E+10
 0.26581285166201E+10
 0.26550458693892E+10
 0.26513755904970E+10
 0.26470918778582E+10
 0.26421471777647E+10
 0.26364477346073E+10
 0.26299534147426E+10
 0.26225742566053E+10
 0.26141708142652E+10
 0.26045478971813E+10
 0.25932447550613E+10
 0.25787429771723E+10
