 0.12287856071230E+01
 0.12287856154771E+01
 0.12287856532512E+01
 0.12287857575042E+01
 0.12287859811654E+01
 0.12287863952375E+01
 0.12287871001449E+01
 0.12287882577229E+01
 0.12287901441678E+01
 0.12287932080140E+01
 0.12287981102368E+01
 0.12288057403488E+01
 0.12288172093826E+01
 0.12288337967605E+01
 0.12288569441768E+01
 0.12288881487230E+01
 0.12289289861575E+01
 0.12289810216816E+01
 0.12290457829219E+01
 0.12291247488379E+01
 0.12292192596583E+01
 0.12293307177140E+01
 0.12294602618064E+01
 0.12296089867074E+01
 0.12297778597768E+01
 0.12299677637451E+01
 0.12301794199531E+01
 0.12304136174118E+01
 0.12306708718866E+01
 0.12309515998478E+01
 0.12312561172435E+01
 0.12315849014758E+01
 0.12319379906031E+01
 0.12323154367638E+01
 0.12327175849305E+01
 0.12331441089999E+01
 0.12335950016429E+01
 0.12340698818961E+01
 0.12345687628077E+01
 0.12350913976984E+01
 0.12356365765489E+01
 0.12362045964380E+01
 0.12367948279927E+01
 0.12374064870925E+01
 0.12380385639062E+01
 0.12386908412794E+01
 0.12393628503872E+01
 0.12400533946089E+01
 0.12407613857319E+01
 0.12414860947451E+01
 0.12422270347834E+01
 0.12429827742214E+01
 0.12437527467263E+01
 0.12445357164811E+01
 0.12453304371650E+01
 0.12461362851573E+01
 0.12469524267077E+01
 0.12477769663718E+01
 0.12486098666645E+01
 0.12494505320727E+01
 0.12502947095037E+01
 0.12511461780201E+01
 0.12520014174080E+01
 0.12528580232735E+01
 0.12537185700102E+01
 0.12545774896339E+01
 0.12554377406576E+01
 0.12563000372702E+01
 0.12571577619860E+01
 0.12580149773869E+01
 0.12588654216517E+01
 0.12597129484918E+01
 0.12605589243832E+01
 0.12613937550493E+01
 0.12622259732514E+01
 0.12630484468760E+01
 0.12638638894624E+01
 0.12646684993403E+01
 0.12654693282775E+01
 0.12662550911132E+01
 0.12670323449009E+01
 0.12677990201407E+01
 0.12685554249372E+01
 0.12692990743608E+01
 0.12700253491115E+01
 0.12707436226162E+01
 0.12714490589523E+01
 0.12721372069941E+01
 0.12728115910928E+01
 0.12734693835438E+01
 0.12741189693189E+01
 0.12747540206412E+01
 0.12753679573077E+01
 0.12759640499562E+01
 0.12765531086880E+01
 0.12771283815444E+01
 0.12776772306319E+01
 0.12782183223167E+01
 0.12787399725017E+01
 0.12792475889580E+01
 0.12797339259927E+01
 0.12802108288109E+01
 0.12806722698973E+01
 0.12811133201885E+01
 0.12815343106016E+01
 0.12819456046359E+01
 0.12823467275122E+01
 0.12827197006740E+01
 0.12830813021473E+01
 0.12834349192823E+01
 0.12837771002799E+01
 0.12840973179186E+01
 0.12844055010667E+01
 0.12846974980627E+01
 0.12849692577874E+01
 0.12852374025164E+01
 0.12854928481529E+01
 0.12857336937229E+01
 0.12859578597262E+01
 0.12861708248286E+01
 0.12863759456164E+01
 0.12865746344359E+01
 0.12867442704168E+01
 0.12869015219362E+01
 0.12870569531708E+01
 0.12872057339439E+01
 0.12873435213155E+01
 0.12874485868994E+01
 0.12875442616181E+01
 0.12876321376792E+01
 0.12876995038413E+01
 0.12877327034389E+01
 0.12877590510227E+01
 0.12877474452393E+01
 0.12876905672594E+01
 0.12876162216038E+01
 0.12874681911393E+01
 0.12872677924895E+01
 0.12869958477871E+01
 0.12866538483275E+01
 0.12862202094000E+01
 0.12856578755696E+01
 0.12849631639109E+01
 0.12841218907925E+01
 0.12830977556106E+01
 0.12819008143848E+01
 0.12804770818879E+01
 0.12788514027511E+01
 0.12769942725624E+01
 0.12749181632218E+01
 0.12727054808096E+01
 0.12702958423314E+01
 0.12677233237132E+01
 0.12651076806953E+01
 0.12624083717939E+01
 0.12597177028148E+01
 0.12570301816719E+01
 0.12543978471318E+01
 0.12518055088669E+01
 0.12493078070810E+01
 0.12469054056089E+01
 0.12445827776563E+01
 0.12423555302261E+01
 0.12402297550756E+01
 0.12382197790013E+01
 0.12362901971132E+01
 0.12344599209438E+01
 0.12327211833114E+01
 0.12310637819621E+01
 0.12294937303457E+01
 0.12280178424081E+01
 0.12265876934725E+01
 0.12252372047881E+01
 0.12239757549127E+01
 0.12227562654060E+01
 0.12215877442362E+01
 0.12205019900941E+01
 0.12194457743746E+01
 0.12184513123780E+01
 0.12174764750043E+01
 0.12165865707500E+01
 0.12157128371710E+01
 0.12148858864366E+01
 0.12140650150429E+01
 0.12133104433309E+01
 0.12125624590413E+01
 0.12118683932057E+01
 0.12111873851085E+01
 0.12105353754115E+01
 0.12098995833313E+01
 0.12092955610767E+01
 0.12086990540622E+01
 0.12081252819043E+01
 0.12075727936386E+01
 0.12070400181500E+01
 0.12065329854893E+01
 0.12060336332461E+01
 0.12055392991384E+01
 0.12050619560867E+01
 0.12046080547508E+01
 0.12041577334777E+01
 0.12037252703593E+01
 0.12032873492164E+01
 0.12028759472873E+01
 0.12024558398439E+01
 0.12020659190892E+01
 0.12016676367414E+01
 0.12012816725063E+01
 0.12009033596259E+01
 0.12005349391017E+01
 0.12001662135133E+01
 0.11998070746987E+01
 0.11994413033636E+01
 0.11990989202329E+01
 0.11987545009135E+01
 0.11984141069105E+01
 0.11980775350518E+01
 0.11977420715462E+01
 0.11974210134415E+01
 0.11970919015526E+01
 0.11967749584118E+01
 0.11964510402097E+01
 0.11961271281572E+01
 0.11958148570472E+01
 0.11954973692674E+01
 0.11951932416163E+01
 0.11948894628169E+01
 0.11945846745293E+01
 0.11942789250255E+01
 0.11939776477497E+01
 0.11936874226553E+01
 0.11933837577062E+01
 0.11930844776066E+01
 0.11927889464811E+01
 0.11924871498591E+01
 0.11922006769975E+01
 0.11919059371844E+01
 0.11916209031713E+01
 0.11913226908269E+01
 0.11910345515501E+01
 0.11907492389391E+01
 0.11904568442392E+01
 0.11901722890909E+01
 0.11898859376174E+01
 0.11895959727854E+01
 0.11893151003042E+01
 0.11890267317499E+01
 0.11887398277150E+01
 0.11884567120010E+01
 0.11881683349960E+01
 0.11878907550007E+01
 0.11876011091047E+01
 0.11873228874989E+01
 0.11870355065210E+01
 0.11867520568659E+01
 0.11864712703499E+01
 0.11861850754741E+01
 0.11859017465101E+01
 0.11856257718092E+01
 0.11853376167861E+01
 0.11850607805809E+01
 0.11847706862480E+01
 0.11844889992125E+01
 0.11842085259508E+01
 0.11839289062015E+01
 0.11836418578137E+01
 0.11833601306972E+01
 0.11830768607752E+01
 0.11827995134502E+01
 0.11825171777423E+01
 0.11822348077343E+01
 0.11819556911671E+01
 0.11816688695653E+01
 0.11813839589398E+01
 0.11811058505199E+01
 0.11808238071506E+01
 0.11805382965327E+01
 0.11802649859708E+01
 0.11799793289267E+01
 0.11796952220771E+01
 0.11794133626347E+01
 0.11791323921329E+01
 0.11788494012891E+01
 0.11785685251182E+01
 0.11782905210058E+01
 0.11780048493761E+01
 0.11777267849878E+01
 0.11774449563047E+01
 0.11771660246370E+01
 0.11768874708766E+01
 0.11766022238628E+01
 0.11763288975417E+01
 0.11760466533851E+01
 0.11757644420499E+01
 0.11754846442611E+01
 0.11752042163208E+01
 0.11749235966116E+01
 0.11746436534854E+01
 0.11743635797643E+01
 0.11740828782491E+01
