 0.98445526788544E+00
 0.98445526788544E+00
 0.98445526788544E+00
 0.98445526788544E+00
 0.98445526788544E+00
 0.98445526788544E+00
 0.98445526788544E+00
 0.98445526788544E+00
 0.98445526788544E+00
 0.98445524117202E+00
 0.98445644462219E+00
 0.98445474659539E+00
 0.98445353785076E+00
 0.98445434386831E+00
 0.98445270496311E+00
 0.98445338818560E+00
 0.98445295250129E+00
 0.98445486664520E+00
 0.98445416196184E+00
 0.98445289072232E+00
 0.98445355309864E+00
 0.98445475728037E+00
 0.98445432953585E+00
 0.98445154454734E+00
 0.98445078510554E+00
 0.98445297348158E+00
 0.98445380260766E+00
 0.98445206462217E+00
 0.98445047440052E+00
 0.98445318926220E+00
 0.98445673276836E+00
 0.98444929181371E+00
 0.98446060025393E+00
 0.98446057506387E+00
 0.98445600383429E+00
 0.98446575388072E+00
 0.98445929611077E+00
 0.98445655053114E+00
 0.98447134454061E+00
 0.98445933898309E+00
 0.98445196289390E+00
 0.98446718133935E+00
 0.98445694700704E+00
 0.98447293459970E+00
 0.98447983174686E+00
 0.98448011720071E+00
 0.98447925037590E+00
 0.98447165520370E+00
 0.98446252389698E+00
 0.98447977149135E+00
 0.98446143442596E+00
 0.98448447097285E+00
 0.98447217519539E+00
 0.98446919081085E+00
 0.98446969619992E+00
 0.98448574844525E+00
 0.98443806942653E+00
 0.98446038646517E+00
 0.98448472354932E+00
 0.98447627599855E+00
 0.98448543026912E+00
 0.98448290444146E+00
 0.98444217425977E+00
 0.98447976617565E+00
 0.98442672675517E+00
 0.98448109685357E+00
 0.98448318416615E+00
 0.98440654631634E+00
 0.98448539249196E+00
 0.98442888363498E+00
 0.98447504646439E+00
 0.98446761124579E+00
 0.98445136708897E+00
 0.98447413753797E+00
 0.98443164017504E+00
 0.98448401730871E+00
 0.98446377134871E+00
 0.98443450810283E+00
 0.98441555978421E+00
 0.98442455823385E+00
 0.98443938689032E+00
 0.98444118435745E+00
 0.98447144426758E+00
 0.98443316260754E+00
 0.98444128017711E+00
 0.98447483493327E+00
 0.98443208347841E+00
 0.98440444236553E+00
 0.98442254636632E+00
 0.98443170035346E+00
 0.98446700173161E+00
 0.98446059469246E+00
 0.98441949609664E+00
 0.98447069792959E+00
 0.98442183563644E+00
 0.98443620206805E+00
 0.98442606517762E+00
 0.98441663939285E+00
 0.98447022032176E+00
 0.98446731296189E+00
 0.98441823120848E+00
 0.98442327916030E+00
 0.98442628303365E+00
 0.98442328077477E+00
 0.98444403005806E+00
 0.98444171191458E+00
 0.98441474531966E+00
 0.98437499993578E+00
 0.98438804949690E+00
 0.98441171118448E+00
 0.98444776033728E+00
 0.98441115823264E+00
 0.98444065676438E+00
 0.98441293325143E+00
 0.98440931271835E+00
 0.98439480738270E+00
 0.98437721925760E+00
 0.98438399261689E+00
 0.98437696990865E+00
 0.98437762755982E+00
 0.98437949577171E+00
 0.98436228076972E+00
 0.98436953117879E+00
 0.98438304575940E+00
 0.98441056796013E+00
 0.98436236368109E+00
 0.98435735634825E+00
 0.98435892100144E+00
 0.98439046954432E+00
 0.98439712423499E+00
 0.98432231687508E+00
 0.98433086688993E+00
 0.98434444624436E+00
 0.98432706242303E+00
 0.98429675887063E+00
 0.98433236492834E+00
 0.98436311896622E+00
 0.98430915524129E+00
 0.98434376152754E+00
 0.98431514572415E+00
 0.98428862100378E+00
 0.98428421731143E+00
 0.98429016267137E+00
 0.98425360992569E+00
 0.98425212417297E+00
 0.98424159251307E+00
 0.98424086072666E+00
 0.98419564452549E+00
 0.98425377430973E+00
 0.98420157207571E+00
 0.98414800558727E+00
 0.98417509032460E+00
 0.98413583339041E+00
 0.98416388010332E+00
 0.98407437119283E+00
 0.98407062390580E+00
 0.98404008694166E+00
 0.98394440373218E+00
 0.98386670760180E+00
 0.98382137532272E+00
 0.98375568804329E+00
 0.98367105580232E+00
 0.98364076259624E+00
 0.98354492842544E+00
 0.98338714129333E+00
 0.98329039924891E+00
 0.98316170001077E+00
 0.98301644545633E+00
 0.98293669402841E+00
 0.98272953625531E+00
 0.98259108428421E+00
 0.98243212160295E+00
 0.98229143756580E+00
 0.98211215355549E+00
 0.98188184122414E+00
 0.98170483199767E+00
 0.98142696212884E+00
 0.98116311600370E+00
 0.98101342224048E+00
 0.98069606068603E+00
 0.98045005497789E+00
 0.98015647029104E+00
 0.97987974265285E+00
 0.97954536250833E+00
 0.97930634201452E+00
 0.97892853855000E+00
 0.97862796018676E+00
 0.97828342903538E+00
 0.97785972209343E+00
 0.97747153462365E+00
 0.97709696741154E+00
 0.97664198975915E+00
 0.97628948183078E+00
 0.97577402150126E+00
 0.97532557196060E+00
 0.97497088876703E+00
 0.97442626253542E+00
 0.97395551371762E+00
 0.97345282021974E+00
 0.97294147300485E+00
 0.97238415777399E+00
 0.97185486234455E+00
 0.97130971050148E+00
 0.97069509574624E+00
 0.97018007282656E+00
 0.96955212585362E+00
 0.96888898777528E+00
 0.96832559653830E+00
 0.96763706077640E+00
 0.96695163420587E+00
 0.96631912928398E+00
 0.96563121193093E+00
 0.96494783718896E+00
 0.96422698979890E+00
 0.96350467131412E+00
 0.96279888044689E+00
 0.96202161588639E+00
 0.96121198586742E+00
 0.96054807154837E+00
 0.95967114470021E+00
 0.95897914689070E+00
 0.95812987054721E+00
 0.95726004688814E+00
 0.95639812931914E+00
 0.95553392465106E+00
 0.95467500755659E+00
 0.95382718563496E+00
 0.95301818621520E+00
 0.95203447933997E+00
 0.95115598240493E+00
 0.95032288062934E+00
 0.94931679933898E+00
 0.94832526477096E+00
 0.94741329173754E+00
 0.94644770889352E+00
 0.94554512426030E+00
 0.94448221553275E+00
 0.94351295533409E+00
 0.94254710853159E+00
 0.94145391217971E+00
 0.94047182419251E+00
 0.93936224224859E+00
 0.93841501275711E+00
 0.93732622992567E+00
 0.93623306842661E+00
 0.93527729305911E+00
 0.93413022154249E+00
 0.93302982447929E+00
 0.93193035561538E+00
 0.93077634071366E+00
 0.92971601466156E+00
 0.92865570895085E+00
 0.92746189631625E+00
 0.92636080441805E+00
 0.92524059649260E+00
 0.92401649471126E+00
 0.92280488936632E+00
 0.92163947822418E+00
 0.92054878434844E+00
 0.91931923319593E+00
 0.91817319056052E+00
 0.91690195363910E+00
 0.91579898386754E+00
 0.91454265919341E+00
 0.91331025352071E+00
 0.91209284576216E+00
 0.91083418485044E+00
 0.90961250211979E+00
 0.90833225721051E+00
 0.90711700701618E+00
 0.90585992277609E+00
 0.90466734238689E+00
 0.90332185893711E+00
 0.90202842001181E+00
 0.90086659012957E+00
 0.89951449051357E+00
 0.89822337691031E+00
 0.89690322394575E+00
 0.89568974453726E+00
 0.89434140096514E+00
 0.89309721735652E+00
 0.89174693948599E+00
 0.89049267909530E+00
 0.88919658677626E+00
 0.88780533234852E+00
 0.88647006093087E+00
 0.88514093039951E+00
 0.88376119788717E+00
 0.88249153343398E+00
 0.88113601862794E+00
 0.87987496385550E+00
 0.87849839049480E+00
 0.87709432113136E+00
 0.87578174629935E+00
 0.87445656874600E+00
 0.87305994999680E+00
 0.87171572355809E+00
 0.87037819890498E+00
 0.86903098871643E+00
 0.86772793810650E+00
