 0.51033030801949E+03
 0.51033030801932E+03
 0.51033030801738E+03
 0.51033030806993E+03
 0.51033030954641E+03
 0.51033031525878E+03
 0.51033028379629E+03
 0.51032998622612E+03
 0.51032880070411E+03
 0.51032557666431E+03
 0.51031863191651E+03
 0.51030585479791E+03
 0.51028490316393E+03
 0.51025330867274E+03
 0.51020873716232E+03
 0.51014888615793E+03
 0.51007185868440E+03
 0.50997595625450E+03
 0.50985976883964E+03
 0.50972220158780E+03
 0.50952771742344E+03
 0.50933596244331E+03
 0.50912046809838E+03
 0.50888114313910E+03
 0.50861805639523E+03
 0.50833152276431E+03
 0.50802180559543E+03
 0.50768994431350E+03
 0.50733648570146E+03
 0.50696203766135E+03
 0.50656728090234E+03
 0.50615391616370E+03
 0.50572239133582E+03
 0.50527353272663E+03
 0.50480962513912E+03
 0.50433074283399E+03
 0.50383843994966E+03
 0.50333313948728E+03
 0.50281694570371E+03
 0.50229125219625E+03
 0.50175407631322E+03
 0.50120920828381E+03
 0.50065714997117E+03
 0.50009794783186E+03
 0.49953101158771E+03
 0.49895877076597E+03
 0.49838272073594E+03
 0.49780189941029E+03
 0.49721572003720E+03
 0.49662499251501E+03
 0.49603146427952E+03
 0.49543328324152E+03
 0.49483208726491E+03
 0.49422680945907E+03
 0.49361655138788E+03
 0.49300239232291E+03
 0.49238480755542E+03
 0.49176043996494E+03
 0.49113259827085E+03
 0.49050192106374E+03
 0.48985746531068E+03
 0.48921470511443E+03
 0.48856472930413E+03
 0.48790255789899E+03
 0.48723924504434E+03
 0.48655930865714E+03
 0.48587484006583E+03
 0.48519025245822E+03
 0.48448725594721E+03
 0.48378008599122E+03
 0.48305241192961E+03
 0.48231747740221E+03
 0.48158170820339E+03
 0.48081705779267E+03
 0.48005193473328E+03
 0.47926586103115E+03
 0.47846896947066E+03
 0.47765087866345E+03
 0.47683410312732E+03
 0.47598701318158E+03
 0.47512947356206E+03
 0.47425698287024E+03
 0.47337017110276E+03
 0.47246436896026E+03
 0.47152716536559E+03
 0.47058479384505E+03
 0.46962543087718E+03
 0.46863540644807E+03
 0.46762741771574E+03
 0.46659313695291E+03
 0.46555506141005E+03
 0.46449597538131E+03
 0.46339942501510E+03
 0.46227498784249E+03
 0.46114860304336E+03
 0.46000274592613E+03
 0.45880748021413E+03
 0.45760724164323E+03
 0.45637416102501E+03
 0.45512051911829E+03
 0.45382733629601E+03
 0.45252328724473E+03
 0.45119313798664E+03
 0.44982432323061E+03
 0.44841809668253E+03
 0.44699506969433E+03
 0.44555549874633E+03
 0.44405523269295E+03
 0.44253375835732E+03
 0.44099597569629E+03
 0.43943224993647E+03
 0.43781743203916E+03
 0.43617449267946E+03
 0.43448883752830E+03
 0.43275477709163E+03
 0.43100403096985E+03
 0.42921396300146E+03
 0.42738127794979E+03
 0.42549710517442E+03
 0.42357721539269E+03
 0.42162111927554E+03
 0.41963074010995E+03
 0.41755925140183E+03
 0.41543725988325E+03
 0.41328977848333E+03
 0.41110248114455E+03
 0.40886835605120E+03
 0.40654052392435E+03
 0.40416631475200E+03
 0.40175631352207E+03
 0.39928099228022E+03
 0.39672056693465E+03
 0.39413932228270E+03
 0.39147535264371E+03
 0.38872851822547E+03
 0.38597054076842E+03
 0.38311128353323E+03
 0.38021486667977E+03
 0.37729460351609E+03
 0.37430754519603E+03
 0.37141416745628E+03
 0.36848742229550E+03
 0.36562870264007E+03
 0.36289441582889E+03
 0.36032992056385E+03
 0.35805735620821E+03
 0.35613657906071E+03
 0.35473494554488E+03
 0.35397824543778E+03
 0.35403891366026E+03
 0.35511267229438E+03
 0.35733497054309E+03
 0.36087408424911E+03
 0.36581476388571E+03
 0.37224838256819E+03
 0.38014209933664E+03
 0.38950049487575E+03
 0.40020609351554E+03
 0.41223338613660E+03
 0.42539433176558E+03
 0.43960735802933E+03
 0.45481585977043E+03
 0.47087692178011E+03
 0.48769397574770E+03
 0.50515700570344E+03
 0.52330470761917E+03
 0.54198485121518E+03
 0.56122099534233E+03
 0.58093810584923E+03
 0.60110440865535E+03
 0.62164712630850E+03
 0.64267712012455E+03
 0.66410788030225E+03
 0.68577119413275E+03
 0.70791603074123E+03
 0.73045608593354E+03
 0.75319024611941E+03
 0.77638916129270E+03
 0.79986809676847E+03
 0.82383684589769E+03
 0.84785642812526E+03
 0.87240979149877E+03
 0.89719321812235E+03
 0.92251455201943E+03
 0.94798631577280E+03
 0.97393694843915E+03
 0.10000550755105E+04
 0.10266249482026E+04
 0.10535111849744E+04
 0.10808153393904E+04
 0.11083845013184E+04
 0.11364286107098E+04
 0.11648344736254E+04
 0.11935743884523E+04
 0.12226158254896E+04
 0.12519961557754E+04
 0.12818094304797E+04
 0.13120923713564E+04
 0.13427414861482E+04
 0.13736790563882E+04
 0.14050865803891E+04
 0.14368123818259E+04
 0.14691279117134E+04
 0.15016522802418E+04
 0.15348262066936E+04
 0.15681808615157E+04
 0.16020970779097E+04
 0.16364654426599E+04
 0.16712324315287E+04
 0.17064176366335E+04
 0.17421018580911E+04
 0.17782290589194E+04
 0.18149617339868E+04
 0.18519283440559E+04
 0.18894422523811E+04
 0.19274658066600E+04
 0.19659742234049E+04
 0.20050033006636E+04
 0.20444054010713E+04
 0.20844414600672E+04
 0.21249406181465E+04
 0.21660197579684E+04
 0.22076677698463E+04
 0.22497371931062E+04
 0.22924300823119E+04
 0.23355526386350E+04
 0.23792747783494E+04
 0.24235397632809E+04
 0.24684874035625E+04
 0.25138930382852E+04
 0.25597899546206E+04
 0.26065001122157E+04
 0.26537311672865E+04
 0.27015178661821E+04
 0.27500467810801E+04
 0.27990238031409E+04
 0.28487172990402E+04
 0.28989647834386E+04
 0.29500956281886E+04
 0.30016795553696E+04
 0.30538996962210E+04
 0.31069393878531E+04
 0.31605169426503E+04
 0.32148556516496E+04
 0.32699796800137E+04
 0.33255973841846E+04
 0.33821709154099E+04
 0.34393860486343E+04
 0.34973241584006E+04
 0.35560841289437E+04
 0.36154328001244E+04
 0.36758046800232E+04
 0.37366899754748E+04
 0.37985535460311E+04
 0.38612077977818E+04
 0.39245918374100E+04
 0.39889095133116E+04
 0.40540838096224E+04
 0.41198947455313E+04
 0.41868750452979E+04
 0.42544433541980E+04
 0.43232298744354E+04
 0.43926788961225E+04
 0.44631191453787E+04
 0.45344254149106E+04
 0.46068126575952E+04
 0.46801559755462E+04
 0.47544151957791E+04
 0.48296596187478E+04
 0.49059031117194E+04
 0.49831942940788E+04
 0.50614924028471E+04
 0.51409544450067E+04
 0.52214474132399E+04
 0.53029441937449E+04
 0.53856466121131E+04
 0.54694643292497E+04
 0.55542588037142E+04
 0.56404859697057E+04
 0.57277920141890E+04
 0.58162552177575E+04
 0.59059799514971E+04
 0.59969641426075E+04
 0.60891862941931E+04
 0.61826882816494E+04
 0.62776302217635E+04
 0.63737394947664E+04
 0.64713136114407E+04
 0.65701494428445E+04
 0.66703971065782E+04
 0.67723201350913E+04
 0.68753473602066E+04
 0.69801741009767E+04
 0.70864075124274E+04
 0.71941563739780E+04
 0.73035631525022E+04
 0.74145149206068E+04
 0.75271720612780E+04
 0.76414804659248E+04
 0.77574581119617E+04
