 0.22012047225508E+01
 0.22012047225508E+01
 0.22012047225508E+01
 0.22012047225508E+01
 0.22012047225508E+01
 0.22012047225508E+01
 0.22012047225508E+01
 0.22012047225508E+01
 0.22012047225509E+01
 0.22012046921021E+01
 0.22012050888252E+01
 0.22012045357365E+01
 0.22012041451643E+01
 0.22012044430752E+01
 0.22012038045248E+01
 0.22012040697297E+01
 0.22012039230940E+01
 0.22012045719827E+01
 0.22012043316713E+01
 0.22012038525428E+01
 0.22012040699015E+01
 0.22012045662938E+01
 0.22012044163182E+01
 0.22012033875666E+01
 0.22012030981813E+01
 0.22012039863606E+01
 0.22012042708764E+01
 0.22012035302979E+01
 0.22012029815680E+01
 0.22012040043638E+01
 0.22012051502923E+01
 0.22012025156021E+01
 0.22012061686231E+01
 0.22012062024558E+01
 0.22012049048272E+01
 0.22012068352978E+01
 0.22012058445908E+01
 0.22012051394734E+01
 0.22012164165310E+01
 0.22012058132204E+01
 0.22012036172775E+01
 0.22012070473510E+01
 0.22012052119561E+01
 0.22012196675304E+01
 0.22012373293350E+01
 0.22012387306720E+01
 0.22012360671117E+01
 0.22012167586179E+01
 0.22012064650426E+01
 0.22012371166575E+01
 0.22012063241380E+01
 0.22012522082475E+01
 0.22012178064289E+01
 0.22012106995691E+01
 0.22012120215352E+01
 0.22012580367941E+01
 0.22011932036224E+01
 0.22012060844077E+01
 0.22012660429030E+01
 0.22012259025897E+01
 0.22012601375703E+01
 0.22012452825190E+01
 0.22011990321909E+01
 0.22012369751609E+01
 0.22011600442193E+01
 0.22012425756445E+01
 0.22012512012552E+01
 0.22011848393413E+01
 0.22012639940598E+01
 0.22012037880247E+01
 0.22012663960991E+01
 0.22012627864496E+01
 0.22012033616834E+01
 0.22012664709246E+01
 0.22011738556241E+01
 0.22012662064733E+01
 0.22012074716025E+01
 0.22011903886977E+01
 0.22011936229023E+01
 0.22012021706221E+01
 0.22012082888412E+01
 0.22012002965562E+01
 0.22012661337461E+01
 0.22012335472805E+01
 0.22012000295483E+01
 0.22012695951809E+01
 0.22012082878775E+01
 0.22011889083755E+01
 0.22012045318833E+01
 0.22012108248321E+01
 0.22012697953376E+01
 0.22012141421320E+01
 0.22012082083716E+01
 0.22012570974541E+01
 0.22011877223177E+01
 0.22012494185897E+01
 0.22012074189684E+01
 0.22012130183387E+01
 0.22012716676311E+01
 0.22012627064201E+01
 0.22012071613253E+01
 0.22012231652485E+01
 0.22012185445171E+01
 0.22012147650393E+01
 0.22012832084467E+01
 0.22012347521214E+01
 0.22012649296003E+01
 0.22012104001042E+01
 0.22011885364044E+01
 0.22012374714761E+01
 0.22012810139164E+01
 0.22012393067681E+01
 0.22013118941314E+01
 0.22012936405206E+01
 0.22013033310932E+01
 0.22012548061677E+01
 0.22012745996304E+01
 0.22012606167743E+01
 0.22012413861610E+01
 0.22012675735881E+01
 0.22013141485889E+01
 0.22012392990454E+01
 0.22012836956930E+01
 0.22013454704802E+01
 0.22013749760658E+01
 0.22012894444024E+01
 0.22013115495521E+01
 0.22013294688220E+01
 0.22013636527270E+01
 0.22014049140138E+01
 0.22012959654964E+01
 0.22013231604224E+01
 0.22013512780185E+01
 0.22013770636521E+01
 0.22013432893452E+01
 0.22013786019397E+01
 0.22014504774523E+01
 0.22013961555713E+01
 0.22014553077105E+01
 0.22014532038002E+01
 0.22014225188377E+01
 0.22014271763871E+01
 0.22014422908265E+01
 0.22014277729486E+01
 0.22014576758186E+01
 0.22014558114532E+01
 0.22014693234323E+01
 0.22014396808397E+01
 0.22015496712086E+01
 0.22014991925715E+01
 0.22014472697321E+01
 0.22015081295563E+01
 0.22014943154929E+01
 0.22015615574517E+01
 0.22014642855905E+01
 0.22015027126189E+01
 0.22014991484260E+01
 0.22013925358130E+01
 0.22013286667991E+01
 0.22013247707904E+01
 0.22012882347909E+01
 0.22011889123530E+01
 0.22012178126690E+01
 0.22011400007816E+01
 0.22009449928832E+01
 0.22008856220025E+01
 0.22007840748294E+01
 0.22006551926617E+01
 0.22005533077677E+01
 0.22003560902528E+01
 0.22001968142595E+01
 0.22000823389424E+01
 0.22000001182808E+01
 0.21997545596847E+01
 0.21995437538237E+01
 0.21993818516784E+01
 0.21990986582550E+01
 0.21989127178889E+01
 0.21987298897692E+01
 0.21984732745206E+01
 0.21981132696987E+01
 0.21978219865022E+01
 0.21975081549925E+01
 0.21972325575341E+01
 0.21969604623110E+01
 0.21965700308768E+01
 0.21961991226997E+01
 0.21958115431485E+01
 0.21955271259631E+01
 0.21951145602327E+01
 0.21946239198486E+01
 0.21941980250030E+01
 0.21937311484913E+01
 0.21932900087368E+01
 0.21928113535544E+01
 0.21922315474950E+01
 0.21918290697821E+01
 0.21912675487445E+01
 0.21907087448927E+01
 0.21900788810554E+01
 0.21895099973412E+01
 0.21888914776670E+01
 0.21882910177701E+01
 0.21876932739954E+01
 0.21869840916312E+01
 0.21863104696974E+01
 0.21856927468385E+01
 0.21848699682016E+01
 0.21842187459003E+01
 0.21835204610976E+01
 0.21826035308818E+01
 0.21819702787378E+01
 0.21810294243651E+01
 0.21802887844629E+01
 0.21794597941181E+01
 0.21785926674755E+01
 0.21777450185908E+01
 0.21769507898459E+01
 0.21759859935805E+01
 0.21751566646855E+01
 0.21741274714550E+01
 0.21731379464508E+01
 0.21722551642146E+01
 0.21712800068703E+01
 0.21703327740135E+01
 0.21693181807095E+01
 0.21683059826450E+01
 0.21671833906963E+01
 0.21661117828335E+01
 0.21650410065441E+01
 0.21638926587553E+01
 0.21629231064408E+01
 0.21617210880248E+01
 0.21606743394158E+01
 0.21595228700010E+01
 0.21582524134738E+01
 0.21571469673204E+01
 0.21559016852832E+01
 0.21546769131260E+01
 0.21535128078334E+01
 0.21523209110387E+01
 0.21509338237558E+01
 0.21497056029007E+01
 0.21484319515156E+01
 0.21472030152032E+01
 0.21457501481068E+01
 0.21445429072950E+01
 0.21431781909672E+01
 0.21418919173485E+01
 0.21404690304613E+01
 0.21392048212531E+01
 0.21376900262982E+01
 0.21364083937213E+01
 0.21349457918857E+01
 0.21334779557557E+01
 0.21321798732883E+01
 0.21306049881473E+01
 0.21292926466167E+01
 0.21276691230841E+01
 0.21263393745536E+01
 0.21247166201496E+01
 0.21232408516514E+01
 0.21217663579204E+01
 0.21203418390074E+01
 0.21188373505148E+01
 0.21171529613006E+01
 0.21157617220304E+01
 0.21140647320228E+01
 0.21125272187374E+01
 0.21110458360790E+01
 0.21094160475249E+01
 0.21078665186726E+01
 0.21062071903169E+01
 0.21047321176419E+01
 0.21030033723796E+01
 0.21014431041657E+01
 0.20998374362308E+01
 0.20981267511279E+01
 0.20965758971874E+01
 0.20949144187338E+01
 0.20931340770088E+01
 0.20915106828377E+01
 0.20898227236095E+01
 0.20881687176818E+01
 0.20865173580724E+01
 0.20847575593976E+01
 0.20830790001592E+01
 0.20813959880205E+01
 0.20795969685613E+01
 0.20779496289696E+01
 0.20762184986181E+01
 0.20745028811295E+01
 0.20727983305008E+01
 0.20710057558380E+01
 0.20692759429620E+01
 0.20676643718594E+01
 0.20658230107117E+01
 0.20640506535484E+01
 0.20622954231240E+01
 0.20606411490932E+01
