 0.30964654458033E+03
 0.30964654458037E+03
 0.30964654458102E+03
 0.30964654462233E+03
 0.30964654557380E+03
 0.30964654936996E+03
 0.30964653212187E+03
 0.30964635945306E+03
 0.30964566553023E+03
 0.30964377523013E+03
 0.30963970462720E+03
 0.30963222550581E+03
 0.30961998037095E+03
 0.30960155328442E+03
 0.30957561171745E+03
 0.30954086596110E+03
 0.30949625382211E+03
 0.30944084647983E+03
 0.30937388598041E+03
 0.30929479833193E+03
 0.30918212737204E+03
 0.30907210097533E+03
 0.30894874957439E+03
 0.30881207594596E+03
 0.30866216913535E+03
 0.30849925082423E+03
 0.30832352322890E+03
 0.30813558397760E+03
 0.30793577936512E+03
 0.30772449432615E+03
 0.30750214847090E+03
 0.30726967687765E+03
 0.30702738215201E+03
 0.30677575677326E+03
 0.30651603022392E+03
 0.30624830866043E+03
 0.30597344784455E+03
 0.30569173060914E+03
 0.30540428356128E+03
 0.30511187006189E+03
 0.30481354682051E+03
 0.30451127611784E+03
 0.30420536227444E+03
 0.30389587582718E+03
 0.30358256288989E+03
 0.30326666056405E+03
 0.30294897216657E+03
 0.30262903555388E+03
 0.30230656477758E+03
 0.30198197616839E+03
 0.30165616245785E+03
 0.30132820743639E+03
 0.30099888960978E+03
 0.30066771579287E+03
 0.30033415122111E+03
 0.29999879880399E+03
 0.29966177635083E+03
 0.29932146342927E+03
 0.29897937766749E+03
 0.29863583587534E+03
 0.29828534468280E+03
 0.29793553122778E+03
 0.29758192613310E+03
 0.29722194644610E+03
 0.29686106783439E+03
 0.29649133091338E+03
 0.29611896715186E+03
 0.29574587783313E+03
 0.29536284662855E+03
 0.29497705927433E+03
 0.29458002350967E+03
 0.29417831160272E+03
 0.29377506942877E+03
 0.29335620224582E+03
 0.29293562950930E+03
 0.29250304315020E+03
 0.29206338458588E+03
 0.29161136909949E+03
 0.29115820137055E+03
 0.29068748876343E+03
 0.29020932901475E+03
 0.28972104031212E+03
 0.28922329154048E+03
 0.28871295692235E+03
 0.28818377202768E+03
 0.28764917931105E+03
 0.28710194997754E+03
 0.28653578101711E+03
 0.28595686295159E+03
 0.28536008200499E+03
 0.28475728091851E+03
 0.28413932003350E+03
 0.28349714990452E+03
 0.28283506190242E+03
 0.28216706398813E+03
 0.28148320238058E+03
 0.28076751829734E+03
 0.28004341008996E+03
 0.27929445254308E+03
 0.27852822208802E+03
 0.27773379466171E+03
 0.27692550628980E+03
 0.27609510038610E+03
 0.27523546474509E+03
 0.27434656740206E+03
 0.27343849054624E+03
 0.27251162319993E+03
 0.27154101910687E+03
 0.27054711445895E+03
 0.26953243452748E+03
 0.26849043416555E+03
 0.26740802561186E+03
 0.26629558423517E+03
 0.26514373025075E+03
 0.26394920716971E+03
 0.26272856239086E+03
 0.26146803913999E+03
 0.26016518536971E+03
 0.25881294994584E+03
 0.25741909898931E+03
 0.25598254311202E+03
 0.25450269113422E+03
 0.25294974175109E+03
 0.25134140767800E+03
 0.24968849698731E+03
 0.24798123512993E+03
 0.24621405749237E+03
 0.24435535060109E+03
 0.24243144678643E+03
 0.24044483323414E+03
 0.23837428160251E+03
 0.23620291648355E+03
 0.23396489599352E+03
 0.23162045505779E+03
 0.22915897311359E+03
 0.22661772005766E+03
 0.22393291874537E+03
 0.22113345249162E+03
 0.21820494880751E+03
 0.21515705155842E+03
 0.21199839452364E+03
 0.20862744909402E+03
 0.20514379027198E+03
 0.20150770705604E+03
 0.19770803832507E+03
 0.19377806683209E+03
 0.18968245608717E+03
 0.18547107955571E+03
 0.18113706903435E+03
 0.17670859008365E+03
 0.17229212269387E+03
 0.16785320051335E+03
 0.16346229462650E+03
 0.15925856670887E+03
 0.15527129380237E+03
 0.15162068232894E+03
 0.14836418503059E+03
 0.14558979259097E+03
 0.14333054269534E+03
 0.14163241211973E+03
 0.14049375024151E+03
 0.13989251874762E+03
 0.13979838302888E+03
 0.14016380962679E+03
 0.14093161081846E+03
 0.14205453918585E+03
 0.14347726083906E+03
 0.14515300774523E+03
 0.14704256818453E+03
 0.14910548915354E+03
 0.15130540288573E+03
 0.15363877184947E+03
 0.15606807835036E+03
 0.15855756355258E+03
 0.16112904764440E+03
 0.16375685325648E+03
 0.16640692503529E+03
 0.16911172319207E+03
 0.17183677032399E+03
 0.17460813890142E+03
 0.17735313972183E+03
 0.18014366798283E+03
 0.18292946123645E+03
 0.18576620658695E+03
 0.18857051706510E+03
 0.19141475779941E+03
 0.19422932959941E+03
 0.19706963158633E+03
 0.19990431141070E+03
 0.20275519010717E+03
 0.20559912866852E+03
 0.20846288033653E+03
 0.21133178979800E+03
 0.21419652651654E+03
 0.21705072476829E+03
 0.21990171124649E+03
 0.22276489912152E+03
 0.22564796242829E+03
 0.22852479433061E+03
 0.23138787950101E+03
 0.23426675926335E+03
 0.23713637653899E+03
 0.24003426607302E+03
 0.24290744494395E+03
 0.24581544039012E+03
 0.24868963052291E+03
 0.25159809102896E+03
 0.25450111454945E+03
 0.25740676054874E+03
 0.26031074447085E+03
 0.26323068494420E+03
 0.26615068172740E+03
 0.26909664074638E+03
 0.27201459792660E+03
 0.27494516940584E+03
 0.27788351141297E+03
 0.28082564493374E+03
 0.28378213518005E+03
 0.28672025497375E+03
 0.28969305270175E+03
 0.29264995555141E+03
 0.29563304661526E+03
 0.29863125111897E+03
 0.30160533971716E+03
 0.30461119428523E+03
 0.30759703822524E+03
 0.31059852029105E+03
 0.31360932187213E+03
 0.31663125505243E+03
 0.31965272848773E+03
 0.32266516034806E+03
 0.32571190367090E+03
 0.32876521093522E+03
 0.33181223244316E+03
 0.33489048732566E+03
 0.33794265872513E+03
 0.34101468064519E+03
 0.34408557393298E+03
 0.34718939295715E+03
 0.35027700617007E+03
 0.35336908868826E+03
 0.35648629986587E+03
 0.35959749436599E+03
 0.36272060079184E+03
 0.36585688439316E+03
 0.36898436980893E+03
 0.37214714722056E+03
 0.37530423577121E+03
 0.37845953007541E+03
 0.38164581563949E+03
 0.38480385953348E+03
 0.38800268038451E+03
 0.39118760625082E+03
 0.39439336301170E+03
 0.39760575658411E+03
 0.40082074095412E+03
 0.40405246446263E+03
 0.40729100726868E+03
 0.41051331560513E+03
 0.41378261837594E+03
 0.41702477670009E+03
 0.42031428372637E+03
 0.42358859317357E+03
 0.42686906143346E+03
 0.43015084131056E+03
 0.43345679478858E+03
 0.43677843991762E+03
 0.44010119171357E+03
 0.44341652466697E+03
 0.44674606753258E+03
 0.45008899090664E+03
 0.45343428590033E+03
 0.45680176512475E+03
 0.46017921587703E+03
 0.46354200650140E+03
 0.46693358038020E+03
 0.47031983023835E+03
 0.47370290196255E+03
 0.47713651170639E+03
 0.48055709994566E+03
 0.48398348157086E+03
 0.48741013504887E+03
 0.49086328921123E+03
 0.49431477996000E+03
 0.49776400812300E+03
 0.50124487340193E+03
 0.50470835667469E+03
 0.50820174171361E+03
 0.51168080262455E+03
 0.51517604343945E+03
 0.51870085416102E+03
 0.52219020125943E+03
 0.52574051380261E+03
 0.52926353949168E+03
 0.53280008774919E+03
 0.53636049059994E+03
 0.53992689083419E+03
 0.54349555891228E+03
 0.54708137124991E+03
 0.55065530951047E+03
