 0.10000000133514E-09
 0.10000000133514E-09
 0.10000000133514E-09
 0.10000000133514E-09
 0.10000000133514E-09
 0.10000000133514E-09
 0.10000000133514E-09
 0.10000000133514E-09
 0.10000000133514E-09
 0.10000000133514E-09
 0.10000000133514E-09
 0.10000000133514E-09
 0.10000000133514E-09
 0.10000000133514E-09
 0.10000000133514E-09
 0.10000000133514E-09
 0.10000000133514E-09
 0.10000000133514E-09
 0.10000000133514E-09
 0.10000000133514E-09
 0.10000000133514E-09
 0.10000000133514E-09
 0.10000000133514E-09
 0.10000000133514E-09
 0.10000000133514E-09
 0.10000000133514E-09
 0.10000000133514E-09
 0.10000000133514E-09
 0.19610031373596E-04
 0.19610031373596E-04
 0.37389240388261E-04
 0.37389240388261E-04
 0.66151015398815E-04
 0.85904597851488E-04
 0.10998150974477E-03
 0.13898488990991E-03
 0.17353860750158E-03
 0.21429880492203E-03
 0.26193500665842E-03
 0.31713326407957E-03
 0.38060862596888E-03
 0.45306719250240E-03
 0.53521939635814E-03
 0.62779032690807E-03
 0.73151154063132E-03
 0.84709284001810E-03
 0.97523297181619E-03
 0.11166554407927E-02
 0.12720668253409E-02
 0.14421271983365E-02
 0.16275315288619E-02
 0.18289274321956E-02
 0.20469619043689E-02
 0.22822950855510E-02
 0.25355608066978E-02
 0.28073575174542E-02
 0.30982781513061E-02
 0.34088856285380E-02
 0.37397563012536E-02
 0.40913875298324E-02
 0.44647101995480E-02
 0.48596650443318E-02
 0.52770287824343E-02
 0.57176557208950E-02
 0.61815237123422E-02
 0.66696707166239E-02
 0.71821912795009E-02
 0.77189164974818E-02
 0.82819436369130E-02
 0.88706438011762E-02
 0.94861215850940E-02
 0.10128426488542E-01
 0.10797690032477E-01
 0.11495458592001E-01
 0.12221509896652E-01
 0.12976038887026E-01
 0.13761232030103E-01
 0.14576762844883E-01
 0.15419662930044E-01
 0.16295989778902E-01
 0.17204090914104E-01
 0.18144320600504E-01
 0.19115456627371E-01
 0.20121568785310E-01
 0.21163133654637E-01
 0.22237518200665E-01
 0.23347119173651E-01
 0.24494846967136E-01
 0.25678419890595E-01
 0.26901648091488E-01
 0.28159553011669E-01
 0.29458172687976E-01
 0.30797033484357E-01
 0.32179819445367E-01
 0.33602165833936E-01
 0.35064184137616E-01
 0.36577460648363E-01
 0.38129880740400E-01
 0.39730270301235E-01
 0.41378599517440E-01
 0.43079337916521E-01
 0.44825694640339E-01
 0.46623194586497E-01
 0.48476282794599E-01
 0.50385065088860E-01
 0.52349634251952E-01
 0.54368534842675E-01
 0.56456144708973E-01
 0.58602055459452E-01
 0.60806933536339E-01
 0.63077041121325E-01
 0.65421743555510E-01
 0.67832961387489E-01
 0.70321873134105E-01
 0.72889818653376E-01
 0.75535138891487E-01
 0.78259304942342E-01
 0.81072437556160E-01
 0.83980319788266E-01
 0.86975126452548E-01
 0.90067092283253E-01
 0.93263123760431E-01
 0.96568018763205E-01
 0.99990300553541E-01
 0.10352180251113E+00
 0.10717233989101E+00
 0.11095028128500E+00
 0.11487698096430E+00
 0.11894314779735E+00
 0.12315022625235E+00
 0.12751495965275E+00
 0.13205832205557E+00
 0.13675652386720E+00
 0.14164815548162E+00
 0.14673983115744E+00
 0.15201711775203E+00
 0.15752358950300E+00
 0.16324884310367E+00
 0.16920508890491E+00
 0.17538086004597E+00
 0.18181682382421E+00
 0.18850510643720E+00
 0.19545380876093E+00
 0.20265452262659E+00
 0.21011790363608E+00
 0.21782418389292E+00
 0.22577708354467E+00
 0.23394861437191E+00
 0.24232584473597E+00
 0.25087616567501E+00
 0.25951934546352E+00
 0.26827018766451E+00
 0.27706792046621E+00
 0.28582271184147E+00
 0.29452172952460E+00
 0.30309296580463E+00
 0.31151370249692E+00
 0.31974607721870E+00
 0.32778741156806E+00
 0.33561465301422E+00
 0.34323396105504E+00
 0.35065947189657E+00
 0.35789412823418E+00
 0.36495168184048E+00
 0.37184378403462E+00
 0.37858620199441E+00
 0.38518772202360E+00
 0.39165839465621E+00
 0.39800642636943E+00
 0.40423889122373E+00
 0.41036087678488E+00
 0.41637909769224E+00
 0.42229677691239E+00
 0.42811550704493E+00
 0.43384172039376E+00
 0.43947684734346E+00
 0.44502053339795E+00
 0.45047805316296E+00
 0.45584913293207E+00
 0.46113724974813E+00
 0.46634104279629E+00
 0.47146496939128E+00
 0.47650968049566E+00
 0.48147671787627E+00
 0.48636656269884E+00
 0.49118181739371E+00
 0.49592252404939E+00
 0.50059105988220E+00
 0.50518847949512E+00
 0.50971603456698E+00
 0.51417511372779E+00
 0.51856741012373E+00
 0.52289365750639E+00
 0.52715524111837E+00
 0.53135346452353E+00
 0.53548934810959E+00
 0.53956460095553E+00
 0.54358070986089E+00
 0.54753800602226E+00
 0.55143806465937E+00
 0.55528236136128E+00
 0.55907144687725E+00
 0.56280707695127E+00
 0.56648955945037E+00
 0.57012123562443E+00
 0.57370134855030E+00
 0.57723279509751E+00
 0.58071531793119E+00
 0.58415045855732E+00
 0.58753900310223E+00
 0.59088207949668E+00
 0.59418042967979E+00
 0.59743523198439E+00
 0.60064672058927E+00
 0.60381638634340E+00
 0.60694511997488E+00
 0.61003314179806E+00
 0.61308191705727E+00
 0.61609149850790E+00
 0.61906364517579E+00
 0.62199824491843E+00
 0.62489627764700E+00
 0.62775886495623E+00
 0.63058583587023E+00
 0.63337852119772E+00
 0.63613730766995E+00
 0.63886300565910E+00
 0.64155625898768E+00
 0.64421763421517E+00
 0.64684739672251E+00
 0.64944672596801E+00
 0.65201579563770E+00
 0.65455530906149E+00
 0.65706557359832E+00
 0.65954760882614E+00
 0.66200158783227E+00
 0.66442797049698E+00
 0.66682728480478E+00
 0.66920010328635E+00
 0.67154692519768E+00
 0.67386781636558E+00
 0.67616378603661E+00
 0.67843490460928E+00
 0.68068177249333E+00
 0.68290485800408E+00
 0.68510404704313E+00
 0.68728056295697E+00
 0.68943427421730E+00
 0.69156586517623E+00
 0.69367528403556E+00
 0.69576302478836E+00
 0.69782955647240E+00
 0.69987527871263E+00
 0.70190060218125E+00
 0.70390561588751E+00
 0.70589083031774E+00
 0.70785628943569E+00
 0.70980249291336E+00
 0.71172978545676E+00
 0.71363851236242E+00
 0.71552883711755E+00
 0.71740118045286E+00
 0.71925557394534E+00
 0.72109245786564E+00
 0.72291195842920E+00
 0.72471471122266E+00
 0.72650065690075E+00
 0.72827002921859E+00
 0.73002311208915E+00
 0.73176028355303E+00
 0.73348165705770E+00
 0.73518748657748E+00
 0.73687806607368E+00
 0.73855359773627E+00
 0.74021403717062E+00
 0.74186006630429E+00
 0.74349143358900E+00
 0.74510843322765E+00
 0.74671178346657E+00
 0.74830108988482E+00
 0.74987665464819E+00
 0.75143900747339E+00
 0.75298767196708E+00
 0.75452358170345E+00
 0.75604640048715E+00
 0.75755650251691E+00
 0.75905404481398E+00
 0.76053921809000E+00
 0.76201200504433E+00
 0.76347275211248E+00
 0.76492171951549E+00
 0.76635888106024E+00
 0.76778430755438E+00
 0.76919836343798E+00
 0.77060112742418E+00
 0.77199267630364E+00
 0.77337327040471E+00
 0.77474294878093E+00
 0.77610193277316E+00
 0.77745011873050E+00
