 0.13708380095672E+03
 0.13708380095668E+03
 0.13708380095628E+03
 0.13708380104278E+03
 0.13708380419564E+03
 0.13708383395743E+03
 0.13708396560561E+03
 0.13708433276320E+03
 0.13708509673953E+03
 0.13708640656966E+03
 0.13708837510282E+03
 0.13709107221545E+03
 0.13709452878158E+03
 0.13709874545735E+03
 0.13710369749100E+03
 0.13710934226650E+03
 0.13711562574146E+03
 0.13712248251844E+03
 0.13712984303242E+03
 0.13713763313392E+03
 0.13710579150587E+03
 0.13710386046895E+03
 0.13710161987599E+03
 0.13709906005040E+03
 0.13709617788761E+03
 0.13709297378061E+03
 0.13708945557510E+03
 0.13708563099255E+03
 0.13708151890793E+03
 0.13707714224122E+03
 0.13707252895280E+03
 0.13706770365461E+03
 0.13706270541835E+03
 0.13705757251103E+03
 0.13705233335900E+03
 0.13704703698756E+03
 0.13704172118252E+03
 0.13703643160233E+03
 0.13703120101685E+03
 0.13702606470039E+03
 0.13702108484324E+03
 0.13701627347704E+03
 0.13701166607643E+03
 0.13700730004104E+03
 0.13700321115780E+03
 0.13699941134418E+03
 0.13699591366707E+03
 0.13699274741467E+03
 0.13698993520172E+03
 0.13698748496789E+03
 0.13698539633711E+03
 0.13698369054221E+03
 0.13698236502819E+03
 0.13698142558156E+03
 0.13698088832753E+03
 0.13698074204784E+03
 0.13698098689061E+03
 0.13698164544495E+03
 0.13698269238833E+03
 0.13698413170471E+03
 0.13698603922663E+03
 0.13698831065328E+03
 0.13699101181261E+03
 0.13699419412093E+03
 0.13699778537293E+03
 0.13700191837129E+03
 0.13700651923047E+03
 0.13701158587290E+03
 0.13701727715309E+03
 0.13702352661637E+03
 0.13703049700188E+03
 0.13703813368872E+03
 0.13704642685846E+03
 0.13705567844452E+03
 0.13706571658686E+03
 0.13707677718123E+03
 0.13708888401482E+03
 0.13710218870058E+03
 0.13711657877514E+03
 0.13713248517988E+03
 0.13714982446164E+03
 0.13716877481061E+03
 0.13718944799822E+03
 0.13721205310717E+03
 0.13723689711728E+03
 0.13726386060184E+03
 0.13729324705018E+03
 0.13732544554246E+03
 0.13736048529549E+03
 0.13739876085279E+03
 0.13744014161512E+03
 0.13748517676425E+03
 0.13753433750840E+03
 0.13758787759998E+03
 0.13764564445225E+03
 0.13770818236036E+03
 0.13777655853274E+03
 0.13785017156186E+03
 0.13793008607947E+03
 0.13801648758207E+03
 0.13811028788545E+03
 0.13821127705138E+03
 0.13832034845038E+03
 0.13843846904112E+03
 0.13856622007062E+03
 0.13870384491772E+03
 0.13885175053950E+03
 0.13901243844779E+03
 0.13918528218421E+03
 0.13937086930455E+03
 0.13957062892811E+03
 0.13978664844476E+03
 0.14001894574499E+03
 0.14026972262412E+03
 0.14054054661470E+03
 0.14083124254058E+03
 0.14114432010196E+03
 0.14148196228284E+03
 0.14184674112948E+03
 0.14223934111670E+03
 0.14266216942317E+03
 0.14311782346311E+03
 0.14361232018437E+03
 0.14414695880635E+03
 0.14472241938797E+03
 0.14534325413871E+03
 0.14601443435905E+03
 0.14674655314152E+03
 0.14753916275701E+03
 0.14839625550677E+03
 0.14932797297306E+03
 0.15034666538528E+03
 0.15144868927541E+03
 0.15265549060013E+03
 0.15397942402742E+03
 0.15541770087262E+03
 0.15700686044720E+03
 0.15875130274140E+03
 0.16067158522259E+03
 0.16280780633994E+03
 0.16511125139630E+03
 0.16770390731262E+03
 0.17057931540118E+03
 0.17377204948393E+03
 0.17733810401512E+03
 0.18130571288810E+03
 0.18575529588488E+03
 0.19072621791751E+03
 0.19630528205089E+03
 0.20256417505124E+03
 0.20949140608433E+03
 0.21726152525817E+03
 0.22593755244018E+03
 0.23545310697020E+03
 0.24594454794679E+03
 0.25733091417942E+03
 0.26964805482665E+03
 0.28281067647785E+03
 0.29683902895102E+03
 0.31157372097919E+03
 0.32696473915056E+03
 0.34302251484758E+03
 0.35961013170356E+03
 0.37668919678441E+03
 0.39417858702297E+03
 0.41212159974958E+03
 0.43042930514952E+03
 0.44909238860625E+03
 0.46811763874275E+03
 0.48745100474094E+03
 0.50704307972511E+03
 0.52702592007513E+03
 0.54728677438977E+03
 0.56773577557656E+03
 0.58858107328323E+03
 0.60973415952083E+03
 0.63103978758961E+03
 0.65274541432887E+03
 0.67468157699368E+03
 0.69704036657331E+03
 0.71943169087452E+03
 0.74227583278170E+03
 0.76535099669407E+03
 0.78888640107874E+03
 0.81255130269003E+03
 0.83664747036978E+03
 0.86087315453068E+03
 0.88552401640044E+03
 0.91044470437023E+03
 0.93573662302971E+03
 0.96127561281330E+03
 0.98725298391585E+03
 0.10135535955005E+04
 0.10401355262650E+04
 0.10670275797338E+04
 0.10941989945864E+04
 0.11217702040911E+04
 0.11497869123579E+04
 0.11780845132090E+04
 0.12066742906149E+04
 0.12356975017435E+04
 0.12650051930240E+04
 0.12948254200633E+04
 0.13248703873338E+04
 0.13554718555205E+04
 0.13862506275693E+04
 0.14175654728140E+04
 0.14492644437414E+04
 0.14813277829540E+04
 0.15137449452476E+04
 0.15466675689646E+04
 0.15799533345529E+04
 0.16137890040597E+04
 0.16478706103112E+04
 0.16824233189242E+04
 0.17174251335245E+04
 0.17528822495954E+04
 0.17888237382379E+04
 0.18250333556761E+04
 0.18619288804543E+04
 0.18991260326182E+04
 0.19369395530037E+04
 0.19752451920690E+04
 0.20138934459422E+04
 0.20531607778905E+04
 0.20927275382757E+04
 0.21328981407515E+04
 0.21735332282308E+04
 0.22147801959895E+04
 0.22564610422681E+04
 0.22985692970100E+04
 0.23414030011986E+04
 0.23846940014910E+04
 0.24284985131704E+04
 0.24730013873341E+04
 0.25178433576025E+04
 0.25633699185653E+04
 0.26093327702358E+04
 0.26561244366456E+04
 0.27033119789333E+04
 0.27510680265950E+04
 0.27995419653895E+04
 0.28484834918587E+04
 0.28981320525553E+04
 0.29484524298221E+04
 0.29992135016677E+04
 0.30508446972428E+04
 0.31030258526271E+04
 0.31558352922319E+04
 0.32093965006509E+04
 0.32634245306651E+04
 0.33183462444453E+04
 0.33738201828505E+04
 0.34300831416649E+04
 0.34870064546325E+04
 0.35446127793120E+04
 0.36030178103030E+04
 0.36622107017367E+04
 0.37219328212640E+04
 0.37826717114515E+04
 0.38439016044180E+04
 0.39062206748677E+04
 0.39691754583458E+04
 0.40328421238620E+04
 0.40973374140655E+04
 0.41627341638109E+04
 0.42289645207632E+04
 0.42960474467897E+04
 0.43639240936272E+04
 0.44326408944660E+04
 0.45022999686554E+04
 0.45727679326226E+04
 0.46443073402180E+04
 0.47166813369352E+04
 0.47898771728827E+04
 0.48642186889586E+04
 0.49393774670051E+04
 0.50153806903772E+04
 0.50926820927997E+04
 0.51708652395295E+04
 0.52500023496563E+04
 0.53302163206878E+04
 0.54114968906740E+04
 0.54937320697909E+04
 0.55770891381491E+04
 0.56616923842148E+04
 0.57472181437596E+04
 0.58339147328660E+04
 0.59217711968586E+04
 0.60107381871736E+04
 0.61011220424976E+04
 0.61923984241185E+04
 0.62851370387032E+04
 0.63790261641137E+04
 0.64741401799366E+04
 0.65706801230046E+04
 0.66684303090952E+04
 0.67676159967752E+04
 0.68680824839566E+04
 0.69699184188041E+04
