 0.22012047225508E+01
 0.22012047225508E+01
 0.22012047225508E+01
 0.22012047225508E+01
 0.22012047225508E+01
 0.22012047225508E+01
 0.22012047225508E+01
 0.22012047225508E+01
 0.22012047225509E+01
 0.22012046921021E+01
 0.22012050888252E+01
 0.22012045357365E+01
 0.22012041451643E+01
 0.22012044430752E+01
 0.22012038045248E+01
 0.22012040697297E+01
 0.22012039230940E+01
 0.22012045719827E+01
 0.22012043316713E+01
 0.22012038525428E+01
 0.22012040699015E+01
 0.22012045662938E+01
 0.22012044163182E+01
 0.22012033875666E+01
 0.22012030981813E+01
 0.22012039863606E+01
 0.22012042708764E+01
 0.22012035302979E+01
 0.22012029815680E+01
 0.22012040043638E+01
 0.22012051502923E+01
 0.22012025532645E+01
 0.22012061620525E+01
 0.22012060211523E+01
 0.22012050407734E+01
 0.22012068496404E+01
 0.22012060799303E+01
 0.22012055478960E+01
 0.22012122756247E+01
 0.22012055467929E+01
 0.22012031747027E+01
 0.22012068861417E+01
 0.22012049575490E+01
 0.22012172968132E+01
 0.22012375800912E+01
 0.22012402268944E+01
 0.22012343583921E+01
 0.22012161217796E+01
 0.22012065257027E+01
 0.22012370948028E+01
 0.22012061531411E+01
 0.22012526381950E+01
 0.22012190589101E+01
 0.22012068915205E+01
 0.22012123060890E+01
 0.22012570397724E+01
 0.22011944498585E+01
 0.22012054452221E+01
 0.22012661799322E+01
 0.22012245776058E+01
 0.22012597119217E+01
 0.22012445101912E+01
 0.22012002980953E+01
 0.22012342202315E+01
 0.22011615045362E+01
 0.22012399789477E+01
 0.22012536344023E+01
 0.22011797234711E+01
 0.22012647959301E+01
 0.22012105406272E+01
 0.22012670401039E+01
 0.22012622901765E+01
 0.22012039188727E+01
 0.22012671863882E+01
 0.22011731454659E+01
 0.22012672289069E+01
 0.22012075240258E+01
 0.22011871555428E+01
 0.22011969464624E+01
 0.22012046576553E+01
 0.22012084069996E+01
 0.22012040604351E+01
 0.22012644328586E+01
 0.22012440315897E+01
 0.22012003652412E+01
 0.22012694699146E+01
 0.22012082496316E+01
 0.22011851029749E+01
 0.22012023861393E+01
 0.22012105689749E+01
 0.22012699343060E+01
 0.22012142525791E+01
 0.22012087536769E+01
 0.22012624073512E+01
 0.22011805162275E+01
 0.22012398958900E+01
 0.22012057870685E+01
 0.22012140748491E+01
 0.22012713657414E+01
 0.22012643009899E+01
 0.22011883814565E+01
 0.22012209115864E+01
 0.22012181599121E+01
 0.22012058680178E+01
 0.22012815986778E+01
 0.22012597728101E+01
 0.22012499911333E+01
 0.22012061046495E+01
 0.22011829327344E+01
 0.22012354066174E+01
 0.22012965998236E+01
 0.22012373084367E+01
 0.22013048179943E+01
 0.22012799734155E+01
 0.22012991940380E+01
 0.22012486312414E+01
 0.22012664488417E+01
 0.22012341257539E+01
 0.22012227681634E+01
 0.22012357040079E+01
 0.22012854921863E+01
 0.22012185754511E+01
 0.22012449701720E+01
 0.22013344666820E+01
 0.22013438699367E+01
 0.22012703251105E+01
 0.22012682255134E+01
 0.22012887047523E+01
 0.22013210929534E+01
 0.22013512157474E+01
 0.22012796889152E+01
 0.22012411312369E+01
 0.22012713762644E+01
 0.22013301338195E+01
 0.22012754994869E+01
 0.22012829740709E+01
 0.22013458238964E+01
 0.22012803389784E+01
 0.22013152032861E+01
 0.22012649829330E+01
 0.22012164812010E+01
 0.22012657282023E+01
 0.22012947279563E+01
 0.22012350959961E+01
 0.22012510056340E+01
 0.22012654231312E+01
 0.22012386867395E+01
 0.22012312107830E+01
 0.22012152016859E+01
 0.22012207806073E+01
 0.22011781796115E+01
 0.22011918575573E+01
 0.22011782094616E+01
 0.22012320035645E+01
 0.22011369083421E+01
 0.22011584258385E+01
 0.22010958084119E+01
 0.22010362007974E+01
 0.22009897691559E+01
 0.22009012262256E+01
 0.22008937617927E+01
 0.22008111392353E+01
 0.22008250934600E+01
 0.22007033466054E+01
 0.22005180946122E+01
 0.22004060868891E+01
 0.22003668437085E+01
 0.22002150508795E+01
 0.22000724582065E+01
 0.22000161560799E+01
 0.21997950222083E+01
 0.21996947118493E+01
 0.21995111829857E+01
 0.21992375068990E+01
 0.21990632300067E+01
 0.21989186870050E+01
 0.21986352439032E+01
 0.21984631881842E+01
 0.21982145286639E+01
 0.21978784061990E+01
 0.21975957282949E+01
 0.21973684848044E+01
 0.21969607412262E+01
 0.21966801958171E+01
 0.21963905388557E+01
 0.21959898690207E+01
 0.21956110838158E+01
 0.21951811615678E+01
 0.21948052322900E+01
 0.21943864354704E+01
 0.21940762189137E+01
 0.21935441639368E+01
 0.21931423204851E+01
 0.21926339829276E+01
 0.21920982450474E+01
 0.21916137697732E+01
 0.21911588710707E+01
 0.21906303509859E+01
 0.21899564184877E+01
 0.21894565520101E+01
 0.21888712337697E+01
 0.21882850783886E+01
 0.21875494561806E+01
 0.21869415815040E+01
 0.21863231972305E+01
 0.21855413454240E+01
 0.21849722904491E+01
 0.21842544031287E+01
 0.21834393896639E+01
 0.21826408065387E+01
 0.21818775767135E+01
 0.21811242004092E+01
 0.21804213720030E+01
 0.21795268137705E+01
 0.21786904895051E+01
 0.21778890824481E+01
 0.21769638621117E+01
 0.21761411782103E+01
 0.21753042944673E+01
 0.21743091589100E+01
 0.21733813175328E+01
 0.21725006644667E+01
 0.21714730565661E+01
 0.21704700537620E+01
 0.21694997679234E+01
 0.21684962133123E+01
 0.21674040283331E+01
 0.21664817776205E+01
 0.21652719756735E+01
 0.21643166575367E+01
 0.21632610401071E+01
 0.21621169315877E+01
 0.21609621095236E+01
 0.21598907172247E+01
 0.21586969791654E+01
 0.21574653309803E+01
 0.21563090624586E+01
 0.21550665387253E+01
 0.21540028050071E+01
 0.21527717463109E+01
 0.21514425905314E+01
 0.21501944563903E+01
 0.21490200388256E+01
 0.21476410302810E+01
 0.21464041244619E+01
 0.21449762953679E+01
 0.21438051289072E+01
 0.21424563011920E+01
 0.21410494750545E+01
 0.21397029916936E+01
 0.21383240891454E+01
 0.21370467372292E+01
 0.21355210663413E+01
 0.21341216998256E+01
 0.21327012816528E+01
 0.21312881199221E+01
 0.21299678558086E+01
 0.21284942537943E+01
 0.21270468965872E+01
 0.21255908366218E+01
 0.21240078216364E+01
 0.21224840528398E+01
 0.21210192199004E+01
 0.21195160108562E+01
 0.21180143896698E+01
 0.21164481551404E+01
 0.21148718546197E+01
 0.21133556337429E+01
 0.21118191408139E+01
 0.21103514965030E+01
 0.21087645408586E+01
 0.21070238470335E+01
 0.21054823648995E+01
 0.21039396021667E+01
 0.21023845490179E+01
 0.21006725050137E+01
 0.20990737520564E+01
 0.20973738579964E+01
 0.20957250015161E+01
 0.20940952692469E+01
 0.20924929409226E+01
 0.20908715257623E+01
 0.20892379684709E+01
 0.20875718930899E+01
 0.20857902806750E+01
 0.20841396153660E+01
 0.20824117076925E+01
 0.20806873072569E+01
 0.20789920717556E+01
 0.20773571839308E+01
 0.20756209604044E+01
 0.20738357313808E+01
 0.20721221030339E+01
 0.20704735000115E+01
 0.20686189480287E+01
 0.20669330844026E+01
 0.20651627690095E+01
 0.20633987590160E+01
 0.20616276131157E+01
 0.20599538340772E+01
