 0.12287856071230E+01
 0.12287856154771E+01
 0.12287856532512E+01
 0.12287857575042E+01
 0.12287859811654E+01
 0.12287863952375E+01
 0.12287871001449E+01
 0.12287882577229E+01
 0.12287901441678E+01
 0.12287932080140E+01
 0.12287981102368E+01
 0.12288057403488E+01
 0.12288172093827E+01
 0.12288337967604E+01
 0.12288569441768E+01
 0.12288881487055E+01
 0.12289289861365E+01
 0.12289810216843E+01
 0.12290457829032E+01
 0.12291247488458E+01
 0.12292192596535E+01
 0.12293307177341E+01
 0.12294602617635E+01
 0.12296089867310E+01
 0.12297778597761E+01
 0.12299677637323E+01
 0.12301794200116E+01
 0.12304136174764E+01
 0.12306708719137E+01
 0.12309515996940E+01
 0.12312561172330E+01
 0.12315849013283E+01
 0.12319379907088E+01
 0.12323154366750E+01
 0.12327175838374E+01
 0.12331441077138E+01
 0.12335950013922E+01
 0.12340698809771E+01
 0.12345687619495E+01
 0.12350913960640E+01
 0.12356365700796E+01
 0.12362045876164E+01
 0.12367948178918E+01
 0.12374064680666E+01
 0.12380385356364E+01
 0.12386907978576E+01
 0.12393627858621E+01
 0.12400533077792E+01
 0.12407612567115E+01
 0.12414859155977E+01
 0.12422268076603E+01
 0.12429824462448E+01
 0.12437523044381E+01
 0.12445351142992E+01
 0.12453296572084E+01
 0.12461352692832E+01
 0.12469510993730E+01
 0.12477752766935E+01
 0.12486077402811E+01
 0.12494478060089E+01
 0.12502913350528E+01
 0.12511419562662E+01
 0.12519961856211E+01
 0.12528516518002E+01
 0.12537108551262E+01
 0.12545681384644E+01
 0.12554264558380E+01
 0.12562864566880E+01
 0.12571416250192E+01
 0.12579957101915E+01
 0.12588427696999E+01
 0.12596862931697E+01
 0.12605277145068E+01
 0.12613573474383E+01
 0.12621836941736E+01
 0.12629994960030E+01
 0.12638075223214E+01
 0.12646037028970E+01
 0.12653951810591E+01
 0.12661704841494E+01
 0.12669361081536E+01
 0.12676898275281E+01
 0.12684317029503E+01
 0.12691595806702E+01
 0.12698684576375E+01
 0.12705676089842E+01
 0.12712520033156E+01
 0.12719167787098E+01
 0.12725661912504E+01
 0.12731964819085E+01
 0.12738162621492E+01
 0.12744189874590E+01
 0.12749976405010E+01
 0.12755555246822E+01
 0.12761034621471E+01
 0.12766339756008E+01
 0.12771350494576E+01
 0.12776245910355E+01
 0.12780908906505E+01
 0.12785392186337E+01
 0.12789620156705E+01
 0.12793707156569E+01
 0.12797593792428E+01
 0.12801228062164E+01
 0.12804616566233E+01
 0.12807837073922E+01
 0.12810915504993E+01
 0.12813646575899E+01
 0.12816207526908E+01
 0.12818628282319E+01
 0.12820861413127E+01
 0.12822814082620E+01
 0.12824580443768E+01
 0.12826098592342E+01
 0.12827349724947E+01
 0.12828490317937E+01
 0.12829412840235E+01
 0.12830118204916E+01
 0.12830569709389E+01
 0.12830835982424E+01
 0.12830939961788E+01
 0.12830892315280E+01
 0.12830466644453E+01
 0.12829837136210E+01
 0.12829111988557E+01
 0.12828252212029E+01
 0.12827219917695E+01
 0.12825792912926E+01
 0.12824211806788E+01
 0.12822525523044E+01
 0.12820613881667E+01
 0.12818357114617E+01
 0.12816075069084E+01
 0.12813458068623E+01
 0.12810473625308E+01
 0.12807482850234E+01
 0.12803963656861E+01
 0.12800180229464E+01
 0.12796077405457E+01
 0.12791695852478E+01
 0.12786980751959E+01
 0.12781671925872E+01
 0.12775853210968E+01
 0.12769500662501E+01
 0.12762380220555E+01
 0.12754629989585E+01
 0.12745851061700E+01
 0.12736144520085E+01
 0.12725186909507E+01
 0.12712849876393E+01
 0.12699558842366E+01
 0.12684473846497E+01
 0.12667541216453E+01
 0.12649395756722E+01
 0.12629465583012E+01
 0.12608302565976E+01
 0.12585817633886E+01
 0.12562457154059E+01
 0.12538181531742E+01
 0.12513681633688E+01
 0.12489159677750E+01
 0.12464595893540E+01
 0.12440506260356E+01
 0.12417017414354E+01
 0.12394384288245E+01
 0.12372446019271E+01
 0.12351453817433E+01
 0.12331396815191E+01
 0.12312212317692E+01
 0.12294008858630E+01
 0.12276856200681E+01
 0.12260369133566E+01
 0.12244789446601E+01
 0.12230256416564E+01
 0.12216254021432E+01
 0.12202947586721E+01
 0.12190601119694E+01
 0.12178672771794E+01
 0.12167461844617E+01
 0.12156574880465E+01
 0.12146682114060E+01
 0.12136999761993E+01
 0.12127890215337E+01
 0.12118950075967E+01
 0.12110692025210E+01
 0.12102616459094E+01
 0.12095158946576E+01
 0.12087859432310E+01
 0.12080931247440E+01
 0.12074216107766E+01
 0.12067868430125E+01
 0.12061624259455E+01
 0.12055625560926E+01
 0.12049912250965E+01
 0.12044436720191E+01
 0.12039223480591E+01
 0.12034122331878E+01
 0.12029081350257E+01
 0.12024278455101E+01
 0.12019694337085E+01
 0.12015169064748E+01
 0.12010856294504E+01
 0.12006519606212E+01
 0.12002445681753E+01
 0.11998305042669E+01
 0.11994460950786E+01
 0.11990570594565E+01
 0.11986775404138E+01
 0.11983093356250E+01
 0.11979531317632E+01
 0.11975954003465E+01
 0.11972486608390E+01
 0.11968971758235E+01
 0.11965663038614E+01
 0.11962373874841E+01
 0.11959122847232E+01
 0.11955905549790E+01
 0.11952703303793E+01
 0.11949680293784E+01
 0.11946522410536E+01
 0.11943519411119E+01
 0.11940439079367E+01
 0.11937379177071E+01
 0.11934445059229E+01
 0.11931444004122E+01
 0.11928600880071E+01
 0.11925705880695E+01
 0.11922858722307E+01
 0.11919963090707E+01
 0.11917139643754E+01
 0.11914394340400E+01
 0.11911537179032E+01
 0.11908745419250E+01
 0.11905982563775E+01
 0.11903141682410E+01
 0.11900444127530E+01
 0.11897682446886E+01
 0.11895008120869E+01
 0.11892193892564E+01
 0.11889498744151E+01
 0.11886821002747E+01
 0.11884082869342E+01
 0.11881426801065E+01
 0.11878724913910E+01
 0.11876000230407E+01
 0.11873380006194E+01
 0.11870640317235E+01
 0.11867954434584E+01
 0.11865284852972E+01
 0.11862572251378E+01
 0.11859964853573E+01
 0.11857250253973E+01
 0.11854605862187E+01
 0.11851917978895E+01
 0.11849254315096E+01
 0.11846605802300E+01
 0.11843923232684E+01
 0.11841215715680E+01
 0.11838609650893E+01
 0.11835882737246E+01
 0.11833282468304E+01
 0.11830537229413E+01
 0.11827860799482E+01
 0.11825223091468E+01
 0.11822572485887E+01
 0.11819887980436E+01
 0.11817201075279E+01
 0.11814508194612E+01
 0.11811840104170E+01
 0.11809184227494E+01
 0.11806497470842E+01
 0.11803846098658E+01
 0.11801123053233E+01
 0.11798435524126E+01
 0.11795789835247E+01
 0.11793061418549E+01
 0.11790390203903E+01
 0.11787766856661E+01
 0.11785020393097E+01
 0.11782318734694E+01
 0.11779644294017E+01
 0.11776949732876E+01
 0.11774244589989E+01
 0.11771587197190E+01
 0.11768908753189E+01
 0.11766173024570E+01
 0.11763508237795E+01
 0.11760831284416E+01
 0.11758149757373E+01
 0.11755488294644E+01
 0.11752743945210E+01
 0.11750114473210E+01
 0.11747396469458E+01
 0.11744713735100E+01
 0.11742050229616E+01
 0.11739332285602E+01
 0.11736657148370E+01
 0.11733937623987E+01
 0.11731251508991E+01
 0.11728567000021E+01
