 0.61503569054433E+01
 0.61503569442521E+01
 0.61503571242289E+01
 0.61503576334659E+01
 0.61503587495692E+01
 0.61503608442607E+01
 0.61503643810686E+01
 0.61503698960503E+01
 0.61503779715828E+01
 0.61503891932427E+01
 0.61504041436415E+01
 0.61504233829574E+01
 0.61504477071014E+01
 0.61504776391093E+01
 0.61505143219725E+01
 0.61505580923666E+01
 0.61506105724306E+01
 0.61506729816000E+01
 0.61507467202661E+01
 0.61508335455879E+01
 0.61509339087067E+01
 0.61510520847439E+01
 0.61511885042930E+01
 0.61513448689432E+01
 0.61515225707664E+01
 0.61517231465754E+01
 0.61519463486105E+01
 0.61521953791922E+01
 0.61524692520338E+01
 0.61527659928232E+01
 0.61530830212304E+01
 0.61534226151706E+01
 0.61537788367703E+01
 0.61541466698666E+01
 0.61545299476453E+01
 0.61549182596235E+01
 0.61553097216815E+01
 0.61556961124814E+01
 0.61560790975835E+01
 0.61564564056440E+01
 0.61568055613706E+01
 0.61571421229946E+01
 0.61574576825020E+01
 0.61577465174318E+01
 0.61579979740241E+01
 0.61582220329506E+01
 0.61584242774403E+01
 0.61585962026728E+01
 0.61587340215933E+01
 0.61588430989918E+01
 0.61589357071472E+01
 0.61590047621261E+01
 0.61590657580872E+01
 0.61591170866741E+01
 0.61591630007951E+01
 0.61592201076742E+01
 0.61592993149895E+01
 0.61593935459855E+01
 0.61595340472829E+01
 0.61597405188908E+01
 0.61599599606714E+01
 0.61603026464159E+01
 0.61607306247513E+01
 0.61612288691738E+01
 0.61618806183632E+01
 0.61626155199625E+01
 0.61635211650013E+01
 0.61646396341120E+01
 0.61658805814632E+01
 0.61673520001126E+01
 0.61689730804452E+01
 0.61708418103268E+01
 0.61730012556447E+01
 0.61753209244098E+01
 0.61779729840647E+01
 0.61808552138663E+01
 0.61840377467469E+01
 0.61874897596740E+01
 0.61913066789950E+01
 0.61953512273525E+01
 0.61997293027520E+01
 0.62043985524953E+01
 0.62093624753039E+01
 0.62145749613172E+01
 0.62199688512355E+01
 0.62255988153511E+01
 0.62313404911342E+01
 0.62370822908195E+01
 0.62427231912032E+01
 0.62480785927983E+01
 0.62529727455970E+01
 0.62569919707008E+01
 0.62595489300096E+01
 0.62597893728407E+01
 0.62563782428369E+01
 0.62464704711911E+01
 0.62230601455130E+01
 0.61647020646422E+01
 0.60240619455818E+01
 0.57417972508968E+01
 0.54770396256138E+01
 0.52815237094395E+01
 0.51335939422812E+01
 0.50170425981504E+01
 0.49218487627563E+01
 0.48420350077040E+01
 0.47730998639910E+01
 0.47110583588078E+01
 0.46551411521462E+01
 0.46040079140441E+01
 0.45565083106423E+01
 0.45115814415030E+01
 0.44691585117754E+01
 0.44286397494194E+01
 0.43896967416364E+01
 0.43525973686292E+01
 0.43168414146594E+01
 0.42822833841417E+01
 0.42487227034996E+01
 0.42162484909969E+01
 0.41848127847621E+01
 0.41543448930152E+01
 0.41244026605077E+01
 0.40952486580578E+01
 0.40670098029460E+01
 0.40395685390058E+01
 0.40128403246687E+01
 0.39864589388473E+01
 0.39607711744641E+01
 0.39358140395776E+01
 0.39113777035331E+01
 0.38873113588526E+01
 0.38640372745619E+01
 0.38411257149852E+01
 0.38185955755152E+01
 0.37967681270173E+01
 0.37751605057170E+01
 0.37540438997952E+01
 0.37333631913431E+01
 0.37131849107263E+01
 0.36934611293213E+01
 0.36740499178334E+01
 0.36550199251919E+01
 0.36364049054879E+01
 0.36180948405467E+01
 0.36002463323323E+01
 0.35826519702958E+01
 0.35654688595516E+01
 0.35485369494467E+01
 0.35318839221803E+01
 0.35157515188456E+01
 0.34998084014443E+01
 0.34840048149656E+01
 0.34686612805562E+01
 0.34535162399835E+01
 0.34387157928362E+01
 0.34241540269259E+01
 0.34099034922204E+01
 0.33958289531865E+01
 0.33820714332565E+01
 0.33685644195563E+01
 0.33552640356846E+01
 0.33421811720544E+01
 0.33293195835052E+01
 0.33167438627436E+01
 0.33043306023279E+01
 0.32921400641083E+01
 0.32801534112413E+01
 0.32683488215030E+01
 0.32567635190573E+01
 0.32454077898185E+01
 0.32341657715254E+01
 0.32231195353075E+01
 0.32123349547651E+01
 0.32016462584289E+01
 0.31911091576224E+01
 0.31808472396804E+01
 0.31706647957197E+01
 0.31606684715269E+01
 0.31507638899244E+01
 0.31411623433981E+01
 0.31316153962124E+01
 0.31222499407370E+01
 0.31129200699049E+01
 0.31038565667656E+01
 0.30948306667589E+01
 0.30860537625869E+01
 0.30773324816344E+01
 0.30687692323488E+01
 0.30602995024943E+01
 0.30519960656654E+01
 0.30437539924808E+01
 0.30356389296645E+01
 0.30276575473175E+01
 0.30197918384371E+01
 0.30120817260822E+01
 0.30044419113725E+01
 0.29968731520428E+01
 0.29894441135644E+01
 0.29821259007400E+01
