 0.98444459134164E+00
 0.98444459134164E+00
 0.98444459134164E+00
 0.98444459134164E+00
 0.98444459134164E+00
 0.98444459134164E+00
 0.98444459134164E+00
 0.98444459134164E+00
 0.98444459134164E+00
 0.98444459763444E+00
 0.98444429401300E+00
 0.98444472865203E+00
 0.98444477837906E+00
 0.98444469753260E+00
 0.98444461697639E+00
 0.98444436305912E+00
 0.98444495910910E+00
 0.98444473861220E+00
 0.98444478790643E+00
 0.98444462091361E+00
 0.98444462345588E+00
 0.98444493245485E+00
 0.98444461565233E+00
 0.98444462952320E+00
 0.98444470510385E+00
 0.98444481443781E+00
 0.98444481753944E+00
 0.98444465147322E+00
 0.98444424599424E+00
 0.98444500915789E+00
 0.98444440727616E+00
 0.98444498503008E+00
 0.98444475667235E+00
 0.98445082722100E+00
 0.98444389885676E+00
 0.98444719573732E+00
 0.98444486495221E+00
 0.98444861011227E+00
 0.98445542426123E+00
 0.98444451776366E+00
 0.98445528584855E+00
 0.98445643463321E+00
 0.98444462387688E+00
 0.98445743403280E+00
 0.98444751681420E+00
 0.98444911250001E+00
 0.98444521960005E+00
 0.98444447716461E+00
 0.98448786371149E+00
 0.98448283057255E+00
 0.98449091945001E+00
 0.98445094417434E+00
 0.98445972439868E+00
 0.98446612336328E+00
 0.98448412852681E+00
 0.98448584243767E+00
 0.98448599812263E+00
 0.98444506381015E+00
 0.98446706612411E+00
 0.98447345925252E+00
 0.98444263933742E+00
 0.98448756146795E+00
 0.98446437309458E+00
 0.98449228362899E+00
 0.98445439062947E+00
 0.98448802774137E+00
 0.98448938661341E+00
 0.98448022924514E+00
 0.98442887563557E+00
 0.98443376143113E+00
 0.98449040499993E+00
 0.98444382095870E+00
 0.98444905596564E+00
 0.98446770688480E+00
 0.98442736714075E+00
 0.98445769643373E+00
 0.98447778747002E+00
 0.98444595364642E+00
 0.98446862262800E+00
 0.98449022852677E+00
 0.98445861070609E+00
 0.98449325106414E+00
 0.98445037305792E+00
 0.98445530985349E+00
 0.98443934586358E+00
 0.98446804251110E+00
 0.98442912794475E+00
 0.98444804594903E+00
 0.98444298710874E+00
 0.98448038711076E+00
 0.98444038968113E+00
 0.98450910839595E+00
 0.98443775021419E+00
 0.98447433889732E+00
 0.98446499304286E+00
 0.98452277605050E+00
 0.98448850363164E+00
 0.98446492361430E+00
 0.98449675459574E+00
 0.98455405777084E+00
 0.98456418714847E+00
 0.98455550698006E+00
 0.98456541279209E+00
 0.98456503224860E+00
 0.98458481112791E+00
 0.98462371667982E+00
 0.98458488488646E+00
 0.98465113160706E+00
 0.98468356390952E+00
 0.98472069574032E+00
 0.98476881490034E+00
 0.98477246651132E+00
 0.98489857260221E+00
 0.98489899135709E+00
 0.98497490651298E+00
 0.98500063861189E+00
 0.98500648313509E+00
 0.98506162074384E+00
 0.98509604382725E+00
 0.98516595813522E+00
 0.98525467273177E+00
 0.98530509723505E+00
 0.98531776342573E+00
 0.98542058166909E+00
 0.98543414272266E+00
 0.98546496231981E+00
 0.98556926103492E+00
 0.98560620518986E+00
 0.98566922268810E+00
 0.98580065735713E+00
 0.98580921599851E+00
 0.98593151324372E+00
 0.98600518691845E+00
 0.98604084231818E+00
 0.98613485197859E+00
 0.98619109330864E+00
 0.98631964014848E+00
 0.98633826921205E+00
 0.98639962848835E+00
 0.98655324752105E+00
 0.98660069500777E+00
 0.98672580734082E+00
 0.98676653003221E+00
 0.98689070474352E+00
 0.98691677619414E+00
 0.98695681578806E+00
 0.98713093733047E+00
 0.98716784600037E+00
 0.98722670838835E+00
 0.98733428656518E+00
 0.98738669124795E+00
 0.98741537079236E+00
 0.98748208923418E+00
 0.98754561224836E+00
 0.98764928155587E+00
 0.98764757582870E+00
 0.98766824585985E+00
 0.98771595587196E+00
 0.98775756434857E+00
 0.98779184047289E+00
 0.98781084406663E+00
 0.98780734741718E+00
 0.98782239575569E+00
 0.98779240337554E+00
 0.98779768795954E+00
 0.98773613676905E+00
 0.98780256254160E+00
 0.98776490528082E+00
 0.98763970670814E+00
 0.98765415407866E+00
 0.98750073465671E+00
 0.98746000586632E+00
 0.98732188468792E+00
 0.98724973074481E+00
 0.98709524197033E+00
 0.98701106387823E+00
 0.98688503046872E+00
 0.98674379106362E+00
 0.98658546590975E+00
 0.98642067981556E+00
 0.98621422236550E+00
 0.98592598975596E+00
 0.98572232920308E+00
 0.98549844414073E+00
 0.98524328746269E+00
 0.98504162192755E+00
 0.98475656629207E+00
 0.98447210776989E+00
 0.98415523242126E+00
 0.98383599915013E+00
 0.98342686515891E+00
 0.98303448344857E+00
 0.98277091571196E+00
 0.98237184280038E+00
 0.98193710564006E+00
 0.98157787317667E+00
 0.98114263277981E+00
 0.98060188197110E+00
 0.98014730216234E+00
 0.97976048859175E+00
