 0.35172283106890E+01
 0.35172283106890E+01
 0.35172283106890E+01
 0.35172283106890E+01
 0.35172283106890E+01
 0.35172283106890E+01
 0.35172283106890E+01
 0.35172283106890E+01
 0.35172283106890E+01
 0.35172283219305E+01
 0.35172277795404E+01
 0.35172285559806E+01
 0.35172286448131E+01
 0.35172285003888E+01
 0.35172283564830E+01
 0.35172279028846E+01
 0.35172289676696E+01
 0.35172285737735E+01
 0.35172286618328E+01
 0.35172283635165E+01
 0.35172283680580E+01
 0.35172289200544E+01
 0.35172283541177E+01
 0.35172283788967E+01
 0.35172285139141E+01
 0.35172287092285E+01
 0.35172287147693E+01
 0.35172284181082E+01
 0.35172276937596E+01
 0.35172290570769E+01
 0.35172279818740E+01
 0.35172290139749E+01
 0.35172286060362E+01
 0.35172394504611E+01
 0.35172270736322E+01
 0.35172329631846E+01
 0.35172287994676E+01
 0.35172354898231E+01
 0.35172476625891E+01
 0.35172281792492E+01
 0.35172474153297E+01
 0.35172494675096E+01
 0.35172283688101E+01
 0.35172512528282E+01
 0.35172335367563E+01
 0.35172363872878E+01
 0.35172294330112E+01
 0.35172281067229E+01
 0.35173056117038E+01
 0.35172966206786E+01
 0.35173110703582E+01
 0.35172396593861E+01
 0.35172553443142E+01
 0.35172667753333E+01
 0.35172989393013E+01
 0.35173020009730E+01
 0.35173022790831E+01
 0.35172291547078E+01
 0.35172684594647E+01
 0.35172798800155E+01
 0.35172248236223E+01
 0.35173050717871E+01
 0.35172636486819E+01
 0.35173135072725E+01
 0.35172458161165E+01
 0.35173059047207E+01
 0.35173083321586E+01
 0.35172919737483E+01
 0.35172002360023E+01
 0.35172089640580E+01
 0.35173101513648E+01
 0.35172269344748E+01
 0.35172362862949E+01
 0.35172696041078E+01
 0.35171975412011E+01
 0.35172517215787E+01
 0.35172876118317E+01
 0.35172307443127E+01
 0.35172712399740E+01
 0.35173098361201E+01
 0.35172533548258E+01
 0.35173152354587E+01
 0.35172386391456E+01
 0.35172474582119E+01
 0.35172189401421E+01
 0.35172702036643E+01
 0.35172006867316E+01
 0.35172344820025E+01
 0.35172254448824E+01
 0.35172922557547E+01
 0.35172208048247E+01
 0.35173435622198E+01
 0.35172160896615E+01
 0.35172814513917E+01
 0.35172647561477E+01
 0.35173679772655E+01
 0.35173067548334E+01
 0.35172646321216E+01
 0.35173214940156E+01
 0.35174238563422E+01
 0.35174419504340E+01
 0.35174264450681E+01
 0.35174441397930E+01
 0.35174434600308E+01
 0.35174787907292E+01
 0.35175482860638E+01
 0.35174789224822E+01
 0.35175972553591E+01
 0.35176551859474E+01
 0.35177215096633E+01
 0.35178074567431E+01
 0.35178139789096E+01
 0.35180392104140E+01
 0.35180399583062E+01
 0.35181755394206E+01
 0.35182214946267E+01
 0.35182319323340E+01
 0.35183304008134E+01
 0.35183918744919E+01
 0.35185167260585E+01
 0.35186751444257E+01
 0.35187651846870E+01
 0.35187878016447E+01
 0.35189713902068E+01
 0.35189956036219E+01
 0.35190506317432E+01
 0.35192368498039E+01
 0.35193028086452E+01
 0.35194153150969E+01
 0.35196499565755E+01
 0.35196652352001E+01
 0.35198835492542E+01
 0.35200150583438E+01
 0.35200787022328E+01
 0.35202465013249E+01
 0.35203468833985E+01
 0.35205763088743E+01
 0.35206095560730E+01
 0.35207190614535E+01
 0.35209932040956E+01
 0.35210778727489E+01
 0.35213011222887E+01
 0.35213737845107E+01
 0.35215953423992E+01
 0.35216418584381E+01
 0.35217132948971E+01
 0.35220239362026E+01
 0.35220897795466E+01
 0.35221947847519E+01
 0.35223866864540E+01
 0.35224801639672E+01
 0.35225313204157E+01
 0.35226503249593E+01
 0.35227636261373E+01
 0.35229485253851E+01
 0.35229454832163E+01
 0.35229823480929E+01
 0.35230674371404E+01
 0.35231416426468E+01
 0.35232027702947E+01
 0.35232366606294E+01
 0.35232304248533E+01
 0.35232572613424E+01
 0.35232037741600E+01
 0.35232131985296E+01
 0.35231034284079E+01
 0.35232218916916E+01
 0.35231547344706E+01
 0.35229314485856E+01
 0.35229572155275E+01
 0.35226835817618E+01
 0.35226109356788E+01
 0.35223645640862E+01
 0.35222358537133E+01
 0.35219602561756E+01
 0.35218100790685E+01
 0.35215852184167E+01
 0.35213332111498E+01
 0.35210506970904E+01
 0.35207566301079E+01
 0.35203881643563E+01
 0.35198736895121E+01
 0.35195101244712E+01
 0.35191104122665E+01
 0.35186548140583E+01
 0.35182946858901E+01
 0.35177855793345E+01
 0.35172774657583E+01
 0.35167113612370E+01
 0.35161409520735E+01
 0.35154097720936E+01
 0.35147083878999E+01
 0.35142371807083E+01
 0.35135235966768E+01
 0.35127460762757E+01
 0.35121034649247E+01
 0.35113247295665E+01
 0.35103569735456E+01
 0.35095432272083E+01
 0.35088506410491E+01
