 0.83175735907662E+02
 0.83175735907670E+02
 0.83175735907921E+02
 0.83175735963491E+02
 0.83175737895137E+02
 0.83175756057593E+02
 0.83175836474229E+02
 0.83176061515855E+02
 0.83176532197456E+02
 0.83177345150243E+02
 0.83178578681510E+02
 0.83180289341095E+02
 0.83182513305333E+02
 0.83185272535821E+02
 0.83188576383807E+02
 0.83192422997814E+02
 0.83196809932954E+02
 0.83201722286018E+02
 0.83207140782699E+02
 0.83213050760036E+02
 0.83195008529881E+02
 0.83195545106581E+02
 0.83196183898516E+02
 0.83196936793540E+02
 0.83197820074451E+02
 0.83198839343074E+02
 0.83200013766415E+02
 0.83201362373392E+02
 0.83202887818232E+02
 0.83204618789483E+02
 0.83206583267973E+02
 0.83208801695933E+02
 0.83211303331305E+02
 0.83214135388372E+02
 0.83217327195121E+02
 0.83220947137646E+02
 0.83224998081328E+02
 0.83229606591604E+02
 0.83234797817054E+02
 0.83240623981676E+02
 0.83247193437152E+02
 0.83254570845003E+02
 0.83262787747490E+02
 0.83272048863437E+02
 0.83282348392277E+02
 0.83293868979321E+02
 0.83306630541043E+02
 0.83320758724339E+02
 0.83336355773977E+02
 0.83353584923970E+02
 0.83372462061090E+02
 0.83393155655940E+02
 0.83415772070832E+02
 0.83440378458610E+02
 0.83467330920423E+02
 0.83496460909897E+02
 0.83527968147951E+02
 0.83561976283772E+02
 0.83598791522992E+02
 0.83638516832355E+02
 0.83681084679215E+02
 0.83726820330627E+02
 0.83775856735129E+02
 0.83828414607570E+02
 0.83884554805862E+02
 0.83944533283021E+02
 0.84008851688250E+02
 0.84076861528260E+02
 0.84150182850269E+02
 0.84227306639639E+02
 0.84310273449329E+02
 0.84397962271463E+02
 0.84491931126210E+02
 0.84591080810627E+02
 0.84696466703176E+02
 0.84808573673230E+02
 0.84927550984481E+02
 0.85053992089905E+02
 0.85188464163847E+02
 0.85330041012011E+02
 0.85481954608962E+02
 0.85642752116364E+02
 0.85812479251167E+02
 0.85993749504926E+02
 0.86186574373934E+02
 0.86391950004919E+02
 0.86609272479496E+02
 0.86840776692265E+02
 0.87088828855959E+02
 0.87351578896420E+02
 0.87631892610534E+02
 0.87933729631240E+02
 0.88253752875698E+02
 0.88597722243947E+02
 0.88968043103322E+02
 0.89367568698282E+02
 0.89796613710140E+02
 0.90261584931322E+02
 0.90766244199209E+02
 0.91317352491810E+02
 0.91922311202525E+02
 0.92588765080813E+02
 0.93329729068763E+02
 0.94167585063821E+02
 0.95121976285434E+02
 0.96234513181647E+02
 0.97572307966717E+02
 0.99268901030792E+02
 0.10152898103301E+03
 0.10447299841318E+03
 0.10824176997025E+03
 0.11198000636716E+03
 0.11484569288557E+03
 0.11702557587034E+03
 0.11882598332859E+03
 0.12039726594900E+03
 0.12189463697703E+03
 0.12329409837818E+03
 0.12463929447399E+03
 0.12593612550523E+03
 0.12720922933084E+03
 0.12845044003446E+03
 0.12968397121969E+03
 0.13088591058741E+03
 0.13210087667246E+03
 0.13329201577268E+03
 0.13448852184305E+03
 0.13571373405268E+03
 0.13693972419615E+03
 0.13815389220946E+03
 0.13939766995217E+03
 0.14064733362453E+03
 0.14189266523146E+03
 0.14318033542409E+03
 0.14447811902406E+03
 0.14578067756006E+03
 0.14710450400193E+03
 0.14845996898929E+03
 0.14982268886708E+03
 0.15118966383987E+03
 0.15259755561908E+03
 0.15401627230991E+03
 0.15545277342271E+03
 0.15690588376269E+03
 0.15839747875405E+03
 0.15989664356666E+03
 0.16139703225267E+03
 0.16294271148951E+03
 0.16450764509462E+03
 0.16609996008707E+03
 0.16767016323167E+03
 0.16930582065850E+03
 0.17092567314596E+03
 0.17258045848993E+03
 0.17425544793649E+03
 0.17593764500580E+03
 0.17765064504501E+03
 0.17937479151536E+03
 0.18111995050187E+03
 0.18289676707001E+03
 0.18467979394221E+03
 0.18647904623063E+03
 0.18830518599665E+03
 0.19013905548588E+03
 0.19199202977049E+03
 0.19387639209481E+03
 0.19574902378067E+03
 0.19766364061881E+03
 0.19958202373925E+03
 0.20152861907607E+03
 0.20348045931306E+03
 0.20546787150680E+03
 0.20743967787603E+03
 0.20945356759364E+03
 0.21146522908524E+03
 0.21351041434198E+03
 0.21556768879585E+03
 0.21764263151860E+03
 0.21972305433048E+03
 0.22181153917090E+03
 0.22392765124851E+03
 0.22606685709020E+03
 0.22821853768314E+03
 0.23037100487159E+03
 0.23254274416670E+03
 0.23473671121710E+03
 0.23694619832423E+03
 0.23916528054196E+03
 0.24138508806587E+03
 0.24364129315862E+03
 0.24589489043739E+03
 0.24817212995767E+03
 0.25047308871905E+03
 0.25277283317893E+03
 0.25508571501004E+03
 0.25741843368479E+03
 0.25976399232754E+03
 0.26211389303088E+03
 0.26448949166593E+03
 0.26687996422290E+03
