 0.64711256650257E-04
 0.64709709756573E-04
 0.64707129886363E-04
 0.64703514147858E-04
 0.64698860348324E-04
 0.64693165780641E-04
 0.64686420768684E-04
 0.64678621776262E-04
 0.64669762502177E-04
 0.64659830279465E-04
 0.64648820181175E-04
 0.64636723837742E-04
 0.64623531850014E-04
 0.64609230757586E-04
 0.64593817305456E-04
 0.64577279101293E-04
 0.64559602537334E-04
 0.64540778917486E-04
 0.64520799342209E-04
 0.64499645806503E-04
 0.64477300743187E-04
 0.64453754179231E-04
 0.64428986874904E-04
 0.64402977914253E-04
 0.64375702079525E-04
 0.64347136480254E-04
 0.64317253523112E-04
 0.64286019041656E-04
 0.64253408406546E-04
 0.64219382782975E-04
 0.64183902024107E-04
 0.64146932649656E-04
 0.64108436741684E-04
 0.64068367614154E-04
 0.64026693894226E-04
 0.63983363547754E-04
 0.63938366940284E-04
 0.63891628355812E-04
 0.63843134784169E-04
 0.63792869790749E-04
 0.63740776519969E-04
 0.63686842706293E-04
 0.63631079737737E-04
 0.63573389949969E-04
 0.63513826135481E-04
 0.63452331834507E-04
 0.63388923092989E-04
 0.63323595011376E-04
 0.63256341604243E-04
 0.63187134126731E-04
 0.63116030938094E-04
 0.63043004925642E-04
 0.62968073489857E-04
 0.62891272507771E-04
 0.62812488529147E-04
 0.62731906429809E-04
 0.62649488802608E-04
 0.62565268818451E-04
 0.62479172241418E-04
 0.62391249679900E-04
 0.62301630050545E-04
 0.62210250824896E-04
 0.62117158994094E-04
 0.62022345274587E-04
 0.61925907723942E-04
 0.61827817929468E-04
 0.61727991750001E-04
 0.61626833541791E-04
 0.61523745535123E-04
 0.61419527639353E-04
 0.61313450090430E-04
 0.61206111349720E-04
 0.61097003304442E-04
 0.60986786212968E-04
 0.60875140794245E-04
 0.60762046479933E-04
 0.60647627514429E-04
 0.60531883441913E-04
 0.60414743222970E-04
 0.60296684206456E-04
 0.60176919475109E-04
 0.60056100062044E-04
 0.59934366999711E-04
 0.59811187527088E-04
 0.59686868099593E-04
 0.59561294704836E-04
 0.59434929093819E-04
 0.59307436351986E-04
 0.59178595457032E-04
 0.59049049914708E-04
 0.58918566027320E-04
 0.58786629916460E-04
 0.58654318506128E-04
 0.58520854825820E-04
 0.58386374500246E-04
 0.58250833911463E-04
 0.58114738033139E-04
 0.57977684466488E-04
 0.57839812933207E-04
 0.57701095555594E-04
 0.57561515979304E-04
 0.57421318909596E-04
 0.57280420733133E-04
 0.57138491926958E-04
 0.56995993800353E-04
 0.56852902080322E-04
 0.56709132818423E-04
 0.56564542558635E-04
 0.56419025103034E-04
 0.56273410061673E-04
 0.56126766520426E-04
 0.55979500469839E-04
 0.55831755803282E-04
 0.55683208438579E-04
 0.55533965380776E-04
 0.55385080633334E-04
 0.55234091081035E-04
 0.55083233597341E-04
 0.54931819496679E-04
 0.54779986640237E-04
 0.54627237662900E-04
 0.54474164550229E-04
 0.54320031241762E-04
 0.54166153743796E-04
 0.54010669651032E-04
 0.53855650578230E-04
 0.53699719738253E-04
 0.53541923184039E-04
 0.53383765908405E-04
 0.53225827506319E-04
 0.53066283279513E-04
 0.52906213599748E-04
 0.52746317727031E-04
 0.52584146918696E-04
 0.52421280038394E-04
 0.52258111695071E-04
 0.52093707518155E-04
 0.51927413613503E-04
 0.51760623362386E-04
 0.51593261565112E-04
 0.51423530136667E-04
 0.51252869202990E-04
 0.51080788865815E-04
 0.50907545411723E-04
 0.50731584086334E-04
 0.50554847166945E-04
 0.50377645899213E-04
 0.50197619537341E-04
 0.50016112834767E-04
 0.49833176093956E-04
 0.49651345329508E-04
 0.49466333173203E-04
 0.49282630253002E-04
 0.49097500674362E-04
 0.48911977032606E-04
 0.48726915689984E-04
 0.48540835853047E-04
 0.48354626152730E-04
 0.48167756327157E-04
 0.47979469594443E-04
 0.47790909542265E-04
 0.47601349505329E-04
 0.47410324515886E-04
 0.47218540159172E-04
 0.47025780220598E-04
 0.46830925540665E-04
 0.46636659206600E-04
 0.46440226681940E-04
 0.46243657106454E-04
 0.46045799404023E-04
 0.45847948542118E-04
 0.45648675544711E-04
 0.45450763617959E-04
 0.45251468268865E-04
 0.45052936270905E-04
 0.44853385881071E-04
 0.44654324711955E-04
 0.44455307775409E-04
 0.44257421748439E-04
 0.44060104392271E-04
 0.43862713239164E-04
 0.43665366413884E-04
 0.43468925194804E-04
 0.43273756237966E-04
 0.43079120834170E-04
 0.42884872048445E-04
 0.42691373434358E-04
 0.42498773825689E-04
 0.42308057173452E-04
 0.42117107029885E-04
 0.41927892658711E-04
 0.41738860341155E-04
 0.41550618360273E-04
 0.41364181348609E-04
 0.41178541482045E-04
 0.40993777796512E-04
 0.40810063960972E-04
 0.40627809393756E-04
 0.40446169784275E-04
 0.40265454590369E-04
