 0.16434232347461E+00
 0.16434232347457E+00
 0.16434232347403E+00
 0.16434232346865E+00
 0.16434232342544E+00
 0.16434232326739E+00
 0.16434232175710E+00
 0.16434231349438E+00
 0.16434228584599E+00
 0.16434221352145E+00
 0.16434205373585E+00
 0.16434174413569E+00
 0.16434121096933E+00
 0.16434035131015E+00
 0.16433905601506E+00
 0.16433723118294E+00
 0.16433470198964E+00
 0.16433137208460E+00
 0.16432714999378E+00
 0.16432183696394E+00
 0.16431528511845E+00
 0.16430742553925E+00
 0.16429813687338E+00
 0.16428727753423E+00
 0.16427466843482E+00
 0.16426025747504E+00
 0.16424384935110E+00
 0.16422525558737E+00
 0.16420451903325E+00
 0.16418141080160E+00
 0.16415569564386E+00
 0.16412730419327E+00
 0.16409610538375E+00
 0.16406176085592E+00
 0.16402425743556E+00
 0.16398309244240E+00
 0.16393874958403E+00
 0.16389005689788E+00
 0.16383733667705E+00
 0.16378058425435E+00
 0.16371910093970E+00
 0.16365288301640E+00
 0.16358233731981E+00
 0.16350568953646E+00
 0.16342397679708E+00
 0.16333610619427E+00
 0.16324231824019E+00
 0.16314231276311E+00
 0.16303585109390E+00
 0.16292200630250E+00
 0.16280158633390E+00
 0.16267373423471E+00
 0.16253824926381E+00
 0.16239550803427E+00
 0.16224225054372E+00
 0.16208219488346E+00
 0.16191366883376E+00
 0.16173679992996E+00
 0.16154918463132E+00
 0.16135106349577E+00
 0.16114471287913E+00
 0.16092786739781E+00
 0.16070037165579E+00
 0.16046146828568E+00
 0.16021231928500E+00
 0.15995144021615E+00
 0.15967586747784E+00
 0.15939379118159E+00
 0.15909021103479E+00
 0.15878291879237E+00
 0.15845369649990E+00
 0.15811517436975E+00
 0.15775480400364E+00
 0.15738585831295E+00
 0.15700047860788E+00
 0.15659646277312E+00
 0.15617593580813E+00
 0.15573641654941E+00
 0.15527543657159E+00
 0.15480363823331E+00
 0.15429925805835E+00
 0.15377666869619E+00
 0.15323839247597E+00
 0.15266930707534E+00
 0.15207436391363E+00
 0.15144987662139E+00
 0.15080506622073E+00
 0.15012886333188E+00
 0.14941430201129E+00
 0.14867614452976E+00
 0.14790459054147E+00
 0.14708480041545E+00
 0.14624192606525E+00
 0.14535324320383E+00
 0.14441878081433E+00
 0.14343502300197E+00
 0.14241228467582E+00
 0.14133595898073E+00
 0.14020725328140E+00
 0.13901990392098E+00
 0.13777163170530E+00
 0.13646426133492E+00
 0.13509069814295E+00
 0.13363555405685E+00
 0.13210851662734E+00
 0.13050262459777E+00
 0.12881061993766E+00
 0.12701822777364E+00
 0.12511475406820E+00
 0.12312364392985E+00
 0.12100081160542E+00
 0.11874670287372E+00
 0.11636423271204E+00
 0.11382083213754E+00
 0.11110684758455E+00
 0.10825573369838E+00
 0.10513219435215E+00
 0.10182192950188E+00
 0.98267133638817E-01
 0.94453132127549E-01
 0.90316907712465E-01
 0.85873529183239E-01
 0.81062226544821E-01
 0.75971106894275E-01
 0.70527320129320E-01
 0.64971706106831E-01
 0.59378343359148E-01
 0.53886683610412E-01
 0.48788798565867E-01
 0.44232861993825E-01
 0.40137243816250E-01
 0.36548193405147E-01
 0.33436694882093E-01
 0.30646744319710E-01
 0.28193780305255E-01
 0.26033433975472E-01
 0.24103152317244E-01
 0.22355276607623E-01
 0.20796298241416E-01
 0.19397252769298E-01
 0.18111280660140E-01
 0.16945547545813E-01
 0.15882380661502E-01
 0.14909867772610E-01
 0.14004971737280E-01
 0.13179753211112E-01
 0.12426961098119E-01
 0.11719014771865E-01
 0.11064092342313E-01
 0.10454465372004E-01
 0.99008960661712E-02
 0.93727056086124E-02
 0.88896827491304E-02
 0.84349582271958E-02
 0.80098100182372E-02
 0.76146720033632E-02
 0.72429730354548E-02
 0.68949965239675E-02
 0.65685120919326E-02
 0.62597673059097E-02
 0.59717549360666E-02
 0.57007128808867E-02
 0.54446742966517E-02
 0.52042151469787E-02
 0.49776482701667E-02
 0.47623192650702E-02
 0.45616319516002E-02
 0.43699469875524E-02
 0.41894208497041E-02
 0.40179410409305E-02
 0.38562758560388E-02
 0.37015547339180E-02
 0.35571107522534E-02
 0.34184884885705E-02
 0.32878526874590E-02
 0.31627479979536E-02
 0.30439553355390E-02
 0.29309308216162E-02
 0.28239525889541E-02
 0.27223015431474E-02
 0.26249412475484E-02
 0.25318298734184E-02
 0.24429837843427E-02
 0.23587841331740E-02
 0.22783331566481E-02
 0.22011078414756E-02
 0.21273420553828E-02
 0.20569794465115E-02
 0.19900006573234E-02
 0.19252957792973E-02
 0.18639458815522E-02
 0.18046676167037E-02
 0.17477105809706E-02
 0.16934993314700E-02
 0.16414359537459E-02
 0.15914771380661E-02
 0.15435047951240E-02
 0.14975220895034E-02
 0.14532324828209E-02
 0.14105193389599E-02
