 0.68078073132365E+03
 0.68078073132365E+03
 0.68078073132365E+03
 0.68078073132365E+03
 0.68078073132365E+03
 0.68078077442978E+03
 0.68078114837779E+03
 0.68077935927660E+03
 0.68077870938202E+03
 0.68078667953001E+03
 0.68065784775778E+03
 0.68085097818366E+03
 0.68089076619930E+03
 0.68082913945398E+03
 0.68076670205368E+03
 0.68067849202368E+03
 0.68099516790277E+03
 0.68086864204391E+03
 0.68086994548749E+03
 0.68078365972653E+03
 0.68079185147172E+03
 0.68097005231564E+03
 0.68079365456208E+03
 0.68080271514656E+03
 0.68082412298571E+03
 0.68089584879571E+03
 0.68089112864870E+03
 0.68082189113311E+03
 0.68074993606287E+03
 0.68111602298126E+03
 0.68096396111577E+03
 0.68094853133691E+03
 0.68095463828418E+03
 0.68161950616311E+03
 0.68054270901259E+03
 0.68132533476145E+03
 0.68096047660075E+03
 0.68115849165159E+03
 0.68168092380417E+03
 0.68097710160551E+03
 0.68184865419056E+03
 0.68174946861878E+03
 0.68096758339936E+03
 0.67940136861812E+03
 0.68121450868938E+03
 0.68140711808896E+03
 0.68120953510262E+03
 0.68084704916940E+03
 0.67460631173704E+03
 0.67369101145434E+03
 0.67544268540011E+03
 0.68160414942406E+03
 0.68191606809114E+03
 0.67223609540418E+03
 0.67422932607973E+03
 0.67440923410700E+03
 0.67432609931079E+03
 0.68117292136400E+03
 0.67233610051015E+03
 0.67298947937975E+03
 0.68029779203974E+03
 0.67788349539724E+03
 0.68038815274872E+03
 0.67597198900387E+03
 0.68201932522251E+03
 0.67477043802009E+03
 0.67764563448148E+03
 0.67321933955867E+03
 0.67259335228286E+03
 0.67848391082993E+03
 0.67517977202899E+03
 0.68056381222195E+03
 0.67570427067899E+03
 0.68023073390875E+03
 0.67195842836060E+03
 0.68100457726641E+03
 0.67916220569378E+03
 0.67309589452615E+03
 0.68005114750060E+03
 0.67795029382428E+03
 0.68052535676330E+03
 0.67524854263968E+03
 0.67800855972494E+03
 0.68141897605494E+03
 0.67818201100724E+03
 0.68023935392493E+03
 0.67523635604595E+03
 0.67865031421647E+03
 0.67867744195417E+03
 0.68189769323175E+03
 0.67658788968868E+03
 0.68609089108900E+03
 0.68073515063292E+03
 0.67686054796531E+03
 0.68140942609426E+03
 0.68692948849844E+03
 0.68622630884935E+03
 0.68064661728297E+03
 0.68209509920387E+03
 0.68365732169695E+03
 0.68561757218057E+03
 0.68151665965631E+03
 0.68889151830046E+03
 0.68507661500426E+03
 0.68833855247559E+03
 0.68489660626818E+03
 0.68899561606205E+03
 0.69292246081616E+03
 0.69400197886439E+03
 0.69225207359482E+03
 0.69017583631163E+03
 0.69818874916201E+03
 0.69388844231875E+03
 0.69265064633313E+03
 0.69369602106018E+03
 0.70298564093596E+03
 0.69388492635135E+03
 0.69988641054427E+03
 0.69990028360478E+03
 0.69825022839531E+03
 0.70371994806577E+03
 0.70406517303873E+03
 0.70101987569403E+03
 0.70151253145950E+03
 0.70436710771855E+03
 0.71448218051479E+03
 0.71241002690120E+03
 0.70676395477866E+03
 0.70622302177232E+03
 0.71322758827589E+03
 0.70932951276874E+03
 0.72159528987273E+03
 0.71750984808461E+03
 0.71961078677173E+03
 0.71701524155577E+03
 0.71745051749238E+03
 0.72454626106231E+03
 0.72117765601064E+03
 0.72223804908811E+03
 0.72858818020968E+03
 0.72896023942636E+03
 0.73465118320125E+03
 0.73667666763055E+03
 0.73762035472228E+03
 0.73595404850840E+03
 0.73475029438945E+03
 0.74168918486351E+03
 0.73992187900053E+03
 0.74040948077974E+03
 0.74379487958618E+03
 0.74489691135279E+03
 0.75571373968496E+03
 0.74821072148351E+03
 0.74782417195537E+03
 0.75076105752736E+03
 0.76228284109155E+03
 0.76191979665017E+03
 0.75709767740562E+03
 0.76114300294595E+03
 0.76467563022896E+03
 0.77205505090828E+03
 0.77310255873961E+03
 0.76657306107036E+03
 0.77518875922062E+03
 0.77172685170382E+03
 0.77875165227865E+03
 0.77311645913154E+03
 0.78073910574231E+03
 0.78760498124741E+03
 0.78957012622682E+03
 0.78537260593540E+03
 0.79855358352594E+03
 0.79823921272678E+03
 0.78899601511570E+03
 0.79186594762156E+03
 0.79819140421468E+03
 0.79871343614771E+03
 0.80941399228547E+03
 0.80329758768722E+03
 0.80999096378044E+03
 0.81826028452734E+03
 0.80778965628124E+03
 0.81403479552565E+03
 0.81342598335779E+03
 0.82502629350216E+03
 0.81671371591012E+03
 0.82688128038701E+03
 0.82244427263934E+03
 0.82749583609577E+03
 0.83299584016409E+03
 0.83581826765866E+03
 0.83426557842248E+03
 0.84530074018613E+03
 0.84773368806188E+03
 0.84942574847145E+03
 0.84465270793813E+03
 0.84669160397811E+03
 0.85591114513287E+03
 0.85932212563468E+03
 0.85314411067780E+03
