 0.10795098908076E+04
 0.10795098908076E+04
 0.10795098908076E+04
 0.10795098908076E+04
 0.10795098908076E+04
 0.10795098908076E+04
 0.10795098908076E+04
 0.10795098908076E+04
 0.10795098908076E+04
 0.10795204695579E+04
 0.10793534522789E+04
 0.10796090611243E+04
 0.10796546482137E+04
 0.10795797082771E+04
 0.10795000585310E+04
 0.10793813043206E+04
 0.10797916670243E+04
 0.10796270542626E+04
 0.10796416469556E+04
 0.10795161055014E+04
 0.10795252118518E+04
 0.10797506805587E+04
 0.10795230573106E+04
 0.10795441720300E+04
 0.10795805835280E+04
 0.10796668978026E+04
 0.10796564894077E+04
 0.10795745974459E+04
 0.10794745026213E+04
 0.10799430389688E+04
 0.10797468083956E+04
 0.10797376197699E+04
 0.10797310167977E+04
 0.10805845219825E+04
 0.10792190387090E+04
 0.10802163172064E+04
 0.10797396227358E+04
 0.10799974201142E+04
 0.10806566891849E+04
 0.10797492096623E+04
 0.10808821016468E+04
 0.10807508079532E+04
 0.10797453145774E+04
 0.10810224202779E+04
 0.10800621717388E+04
 0.10803207516595E+04
 0.10800678702884E+04
 0.10796028353043E+04
 0.10781725908524E+04
 0.10769990728749E+04
 0.10792368420712E+04
 0.10805767390957E+04
 0.10809653866984E+04
 0.10816641410420E+04
 0.10776879230467E+04
 0.10779045665593E+04
 0.10778244852662E+04
 0.10800170181989E+04
 0.10817764898246E+04
 0.10761234346123E+04
 0.10789264606534E+04
 0.10823674252713E+04
 0.10855812627378E+04
 0.10799425485327E+04
 0.10811524835822E+04
 0.10784116408858E+04
 0.10821027279518E+04
 0.10764639754645E+04
 0.10885400336268E+04
 0.10766672335525E+04
 0.10789799498920E+04
 0.10793365731106E+04
 0.10795211525383E+04
 0.10854861883680E+04
 0.10878225950502E+04
 0.10865075307277E+04
 0.10842045184367E+04
 0.10829462992706E+04
 0.10853972814035E+04
 0.10827117921825E+04
 0.10860588914267E+04
 0.10793646170132E+04
 0.10827772627380E+04
 0.10873336161964E+04
 0.10767113309247E+04
 0.10859251275009E+04
 0.10860976252858E+04
 0.10774958174056E+04
 0.10776025401861E+04
 0.10817627776447E+04
 0.10881365040354E+04
 0.10807340101555E+04
 0.10869679420337E+04
 0.10821335167310E+04
 0.10882057311859E+04
 0.10822443918156E+04
 0.10814997270244E+04
 0.10874900454556E+04
 0.10896730724572E+04
 0.10786874241342E+04
 0.10813222909773E+04
 0.10763969299000E+04
 0.10858318344427E+04
 0.10812977890419E+04
 0.10855778994200E+04
 0.10814023062789E+04
 0.10869544454238E+04
 0.10789831059472E+04
 0.10805993616268E+04
 0.10788171842535E+04
 0.10895935153802E+04
 0.10867330873066E+04
 0.10818490317340E+04
 0.10806481482443E+04
 0.10758786665373E+04
 0.10810540020725E+04
 0.10767719169432E+04
 0.10781704830544E+04
 0.10850451663045E+04
 0.10838019264299E+04
 0.10778092151204E+04
 0.10787920133134E+04
 0.10889427281812E+04
 0.10770104704711E+04
 0.10811193206015E+04
 0.10806118339291E+04
 0.10788990612295E+04
 0.10860912364775E+04
 0.10861381445447E+04
 0.10753360112746E+04
 0.10843596039192E+04
 0.10797006157984E+04
 0.10822469396272E+04
 0.10786786785205E+04
 0.10830049069619E+04
 0.10775599569493E+04
 0.10797013771922E+04
 0.10765824660982E+04
 0.10784437721239E+04
 0.10861759892146E+04
 0.10872948602843E+04
 0.10745814936081E+04
 0.10840338270771E+04
 0.10857644818449E+04
 0.10846002379298E+04
 0.10771275960854E+04
 0.10791381754548E+04
 0.10842740079773E+04
 0.10858980134627E+04
 0.10769922564181E+04
 0.10789187541483E+04
 0.10781228241992E+04
 0.10771149301385E+04
 0.10844217798179E+04
 0.10751339081505E+04
 0.10748500391923E+04
 0.10819060291719E+04
 0.10771684381745E+04
 0.10759038034869E+04
 0.10871579813079E+04
 0.10823788556659E+04
 0.10842473854863E+04
 0.10781882803948E+04
 0.10880050044796E+04
 0.10851294394559E+04
 0.10798325386850E+04
 0.10882525448151E+04
 0.10899554765512E+04
 0.10847510765167E+04
 0.10875926102793E+04
 0.10907364802158E+04
 0.10848999558329E+04
 0.10853091603477E+04
 0.10898739138404E+04
 0.10872150988893E+04
 0.10877081547392E+04
 0.10890734613404E+04
 0.10870602012091E+04
 0.10953282887146E+04
 0.10892304953948E+04
 0.10984807117140E+04
 0.10952247141628E+04
 0.10957644729376E+04
 0.11025716260536E+04
 0.10947367374502E+04
 0.11009867069973E+04
 0.10981742773388E+04
 0.10945757973305E+04
 0.11074404064694E+04
 0.10998186141181E+04
 0.11034750675992E+04
 0.11023419747697E+04
 0.11145128115523E+04
 0.11038156880772E+04
 0.11062615375431E+04
 0.11162583561703E+04
 0.11191523709489E+04
 0.11080158770755E+04
 0.11121778369659E+04
 0.11138047864623E+04
