 0.10000000133514E-09
 0.10000000133514E-09
 0.10000000133514E-09
 0.10000000133514E-09
 0.10000000133514E-09
 0.10000000133514E-09
 0.10000000133514E-09
 0.10000000133514E-09
 0.10000000133514E-09
 0.10000000133514E-09
 0.10000000133514E-09
 0.10000000133514E-09
 0.10000000133514E-09
 0.10000000133514E-09
 0.10000000133514E-09
 0.10000000133514E-09
 0.10000000133514E-09
 0.10000000133514E-09
 0.10000000133514E-09
 0.38610826678915E-08
 0.38610826678915E-08
 0.60221448505603E-07
 0.13960898319876E-06
 0.25853953950256E-06
 0.45653087590831E-06
 0.77299824863283E-06
 0.12610012367851E-05
 0.19899372523263E-05
 0.30482313392030E-05
 0.45461427662010E-05
 0.66183916741487E-05
 0.94266616426114E-05
 0.13161918604769E-04
 0.18046875319582E-04
 0.24337436727831E-04
 0.32325179210001E-04
 0.42336750201511E-04
 0.54740267175976E-04
 0.69941646793491E-04
 0.88379392502822E-04
 0.11054859160085E-03
 0.13697102197185E-03
 0.16820422480929E-03
 0.20488734702454E-03
 0.24764456972974E-03
 0.29719715330624E-03
 0.35426811821214E-03
 0.41964855673099E-03
 0.49416976477876E-03
 0.57870016064211E-03
 0.67414340802700E-03
 0.78144908499722E-03
 0.90498667130462E-03
 0.10393531255190E-02
 0.11888724354456E-02
 0.13544823572855E-02
 0.15374129246281E-02
 0.17387798610212E-02
 0.19601486658864E-02
 0.22028222167487E-02
 0.24680849970655E-02
 0.27571871443004E-02
 0.30716267800625E-02
 0.34129747423861E-02
 0.37830266245175E-02
 0.41831270431380E-02
 0.46151441113091E-02
 0.50802882677267E-02
 0.55818866664644E-02
 0.61187839080337E-02
 0.66967403309596E-02
 0.73147849021490E-02
 0.79764261044332E-02
 0.86826990064175E-02
 0.94361008475327E-02
 0.10239530358022E-01
 0.11094547227744E-01
 0.12004126030737E-01
 0.12971331820746E-01
 0.13994807921129E-01
 0.15084011415330E-01
 0.16236936750555E-01
 0.17455539623798E-01
 0.18745450182030E-01
 0.20110913588991E-01
 0.21554404144456E-01
 0.23076269435529E-01
 0.24681903313095E-01
 0.26377447448236E-01
 0.28158989784225E-01
 0.30035880879820E-01
 0.32015165934990E-01
 0.34093698395862E-01
 0.36278849632188E-01
 0.38576780219284E-01
 0.40997773010316E-01
 0.43533554487629E-01
 0.46199426949894E-01
 0.48989884245931E-01
 0.51925528658512E-01
 0.55002678770141E-01
 0.58226183314162E-01
 0.61603277727164E-01
 0.65148965952187E-01
 0.68860760047022E-01
 0.72748745338847E-01
 0.76813320044165E-01
 0.81079778166609E-01
 0.85550754834464E-01
 0.90217764628133E-01
 0.95111376320690E-01
 0.10024196991233E+00
 0.10560123868100E+00
 0.11122266886228E+00
 0.11711865591896E+00
 0.12325454853480E+00
 0.12974833618728E+00
 0.13653285137072E+00
 0.14364259715543E+00
 0.15109648671899E+00
 0.15894616433301E+00
 0.16715712388913E+00
 0.17577219351338E+00
 0.18470040885704E+00
 0.19395476497580E+00
 0.20333165349619E+00
 0.21268790301301E+00
 0.22187183713551E+00
 0.23061401303995E+00
 0.23879114169153E+00
 0.24648379222001E+00
 0.25368805244034E+00
 0.26046160025494E+00
 0.26694853533256E+00
 0.27316802351882E+00
 0.27917928533962E+00
 0.28503285912036E+00
 0.29077645191986E+00
 0.29641673726534E+00
 0.30197858910415E+00
 0.30749165430301E+00
 0.31296018101540E+00
 0.31838801033225E+00
 0.32378779489985E+00
 0.32916844873902E+00
 0.33452353819689E+00
 0.33985553819913E+00
 0.34517510176414E+00
 0.35047630860411E+00
 0.35576218748318E+00
 0.36102359161988E+00
 0.36626988615719E+00
 0.37149529192218E+00
 0.37670052016305E+00
 0.38188160394966E+00
 0.38703798095970E+00
 0.39217103252697E+00
 0.39727537543866E+00
 0.40234995888994E+00
 0.40739549657707E+00
 0.41240734640643E+00
 0.41738574024137E+00
 0.42232955496935E+00
 0.42723645044565E+00
 0.43210667185910E+00
 0.43693652310261E+00
 0.44172773104890E+00
 0.44647734079476E+00
 0.45118497330766E+00
 0.45585035667835E+00
 0.46047205840983E+00
 0.46505056379969E+00
 0.46958354142478E+00
 0.47407239725712E+00
 0.47851544888115E+00
 0.48291403372256E+00
 0.48726656082487E+00
 0.49157305823715E+00
 0.49583284205806E+00
 0.50004761494161E+00
 0.50421565240491E+00
 0.50833856232852E+00
 0.51241636754942E+00
 0.51644732340730E+00
 0.52043321213008E+00
 0.52437483935079E+00
 0.52827085099303E+00
 0.53212301481802E+00
 0.53593044954197E+00
 0.53969489529942E+00
 0.54341551852596E+00
 0.54709343521973E+00
 0.55072878913600E+00
 0.55432206541514E+00
 0.55787381966070E+00
 0.56138448844313E+00
 0.56485443182323E+00
 0.56828430114070E+00
 0.57167462428354E+00
 0.57502570869507E+00
