 0.16432730420240E+00
 0.16432730420236E+00
 0.16432730420183E+00
 0.16432730419992E+00
 0.16432730418737E+00
 0.16432730411556E+00
 0.16432730225332E+00
 0.16432729422964E+00
 0.16432726668540E+00
 0.16432719381889E+00
 0.16432703280028E+00
 0.16432672135902E+00
 0.16432618676967E+00
 0.16432532435689E+00
 0.16432404581846E+00
 0.16432220007226E+00
 0.16431968651655E+00
 0.16431637667214E+00
 0.16431213370779E+00
 0.16430683272135E+00
 0.16430025858881E+00
 0.16429244462636E+00
 0.16428316696583E+00
 0.16427230366572E+00
 0.16425970483899E+00
 0.16424525420296E+00
 0.16422874460679E+00
 0.16421023772168E+00
 0.16418950725557E+00
 0.16416631062635E+00
 0.16414037427001E+00
 0.16411183437114E+00
 0.16408022235744E+00
 0.16404520990798E+00
 0.16400707586274E+00
 0.16396510274541E+00
 0.16391920166140E+00
 0.16386878871389E+00
 0.16381399824762E+00
 0.16375467374661E+00
 0.16368911910958E+00
 0.16361827220420E+00
 0.16354158010254E+00
 0.16345837281022E+00
 0.16336765029871E+00
 0.16326976399283E+00
 0.16316485919713E+00
 0.16305176255032E+00
 0.16292968152125E+00
 0.16279832309344E+00
 0.16265822763098E+00
 0.16250789901580E+00
 0.16234766460227E+00
 0.16217676868010E+00
 0.16199423770132E+00
 0.16180046879614E+00
 0.16159513577246E+00
 0.16137662623350E+00
 0.16114595108397E+00
 0.16090347901935E+00
 0.16064352322005E+00
 0.16037338240573E+00
 0.16008863003651E+00
 0.15978645045614E+00
 0.15947213379893E+00
 0.15913742045419E+00
 0.15878861234810E+00
 0.15842755396080E+00
 0.15804425237998E+00
 0.15764622065456E+00
 0.15722401776314E+00
 0.15678440262938E+00
 0.15633026186690E+00
 0.15584641278448E+00
 0.15534710314014E+00
 0.15482085887310E+00
 0.15427187562257E+00
 0.15369464989043E+00
 0.15310018470505E+00
 0.15246998170007E+00
 0.15181431766626E+00
 0.15112908829364E+00
 0.15041442789600E+00
 0.14966558613557E+00
 0.14887359644462E+00
 0.14805261046984E+00
 0.14719424229776E+00
 0.14628821764555E+00
 0.14534024328169E+00
 0.14434295218168E+00
 0.14330877216863E+00
 0.14222410999574E+00
 0.14107462777808E+00
 0.13986445603139E+00
 0.13860682315483E+00
 0.13728963881051E+00
 0.13588328422822E+00
 0.13441927710264E+00
 0.13287029800726E+00
 0.13123955348249E+00
 0.12950852725009E+00
 0.12769338493440E+00
 0.12577410153586E+00
 0.12372991457729E+00
 0.12155406191831E+00
 0.11925129199559E+00
 0.11681349422109E+00
 0.11417487499803E+00
 0.11136048651812E+00
 0.10835388963744E+00
 0.10511651463610E+00
 0.10158205421105E+00
 0.97733207603436E-01
 0.93492313848785E-01
 0.88777482212311E-01
 0.83556301220148E-01
 0.77736287224106E-01
 0.71304597562384E-01
 0.64397070475277E-01
 0.57436407259190E-01
 0.50951482839401E-01
 0.45309377348081E-01
 0.40526457272596E-01
 0.36549487613260E-01
 0.33246468148438E-01
 0.30457108392249E-01
 0.28062385233927E-01
 0.25956109847812E-01
 0.24110556578591E-01
 0.22484433018702E-01
 0.21025875909807E-01
 0.19702876465619E-01
 0.18516808570716E-01
 0.17429447988331E-01
 0.16427308603634E-01
 0.15517887589497E-01
 0.14667497050538E-01
 0.13882734360004E-01
 0.13154649006405E-01
 0.12481381699021E-01
 0.11855110674861E-01
 0.11266630643786E-01
 0.10716057096488E-01
 0.10201643380813E-01
 0.97168852495921E-02
 0.92648579103829E-02
 0.88363411735566E-02
 0.84347489158675E-02
 0.80546464606761E-02
 0.76946863693679E-02
 0.73595592555299E-02
 0.70398532141383E-02
 0.67348461668140E-02
 0.64494274289927E-02
 0.61771429594035E-02
 0.59207911481186E-02
 0.56768692533286E-02
 0.54463163772878E-02
 0.52261947501219E-02
 0.50180348075325E-02
 0.48206874058578E-02
 0.46320955570900E-02
 0.44527060512183E-02
 0.42819945410386E-02
 0.41201585024742E-02
 0.39652726394019E-02
 0.38178235510190E-02
 0.36772682811969E-02
 0.35429973457073E-02
 0.34149229982565E-02
 0.32933258158211E-02
 0.31761046661343E-02
 0.30644235589422E-02
 0.29585589745947E-02
 0.28565296319795E-02
 0.27586092918922E-02
 0.26662053830936E-02
 0.25766294038278E-02
 0.24913566003524E-02
 0.24088705504272E-02
 0.23313668293610E-02
 0.22560431014769E-02
 0.21843123040472E-02
 0.21145278379561E-02
 0.20484988256217E-02
 0.19844489196751E-02
 0.19237089429199E-02
 0.18649491888556E-02
 0.18085802081437E-02
 0.17542162393547E-02
 0.17022062109081E-02
 0.16518239789706E-02
 0.16033232896926E-02
 0.15568253648870E-02
 0.15121459171732E-02
 0.14693066113297E-02
 0.14278211365351E-02
 0.13876857160664E-02
 0.13490619329423E-02
 0.13120194322457E-02
 0.12761271687531E-02
 0.12417254059361E-02
 0.12081418927641E-02
 0.11760527569007E-02
 0.11447540859717E-02
 0.11149706664907E-02
 0.10859008321902E-02
 0.10578074976149E-02
 0.10307171912471E-02
 0.10045830822492E-02
 0.97920438771619E-03
 0.95468082638326E-03
 0.93078110554343E-03
 0.90794683728707E-03
 0.88577348952187E-03
 0.86425276177874E-03
 0.84344291317914E-03
 0.82320263924541E-03
 0.80378536341372E-03
 0.78476520500953E-03
 0.76645565996092E-03
 0.74860388665955E-03
 0.73122549239636E-03
 0.71454275820107E-03
 0.69820890387149E-03
 0.68253390288502E-03
 0.66724285201075E-03
 0.65242774961293E-03
 0.63794565323592E-03
 0.62396365646315E-03
 0.61043175114352E-03
 0.59717546815879E-03
 0.58431335014471E-03
 0.57185780718803E-03
 0.55965587133933E-03
 0.54793645024932E-03
 0.53644545103811E-03
 0.52532484517254E-03
 0.51439486997257E-03
 0.50386851446835E-03
 0.49362869638806E-03
 0.48359892439750E-03
 0.47390971045127E-03
 0.46443036370598E-03
 0.45517628349798E-03
 0.44623441251275E-03
 0.43745264181268E-03
 0.42890609228926E-03
 0.42062287308254E-03
 0.41249978817858E-03
 0.40463470417980E-03
 0.39691140502839E-03
 0.38943741179583E-03
 0.38211149224839E-03
 0.37497103131774E-03
 0.36802177952036E-03
 0.36120959152629E-03
 0.35458543821154E-03
 0.34816508837011E-03
 0.34180478788970E-03
 0.33568241992473E-03
 0.32963131630375E-03
 0.32375997244472E-03
 0.31805267766149E-03
 0.31244187484828E-03
 0.30696506884043E-03
 0.30160205675305E-03
 0.29638301803033E-03
 0.29130205398919E-03
 0.28630103500326E-03
 0.28142285488657E-03
 0.27668206233313E-03
 0.27200516011645E-03
 0.26743529971527E-03
 0.26299600564164E-03
 0.25863990135395E-03
 0.25435871667421E-03
 0.25023309658585E-03
 0.24612469414715E-03
 0.24212658665044E-03
 0.23821426753206E-03
 0.23439758881713E-03
 0.23064679162194E-03
 0.22698955403797E-03
 0.22340155689177E-03
 0.21988272779073E-03
 0.21645622746446E-03
 0.21307697573306E-03
 0.20979830434435E-03
 0.20656339155255E-03
 0.20338115830538E-03
 0.20031145458580E-03
 0.19725737179538E-03
 0.19427631552009E-03
 0.19137867885856E-03
 0.18849867923609E-03
 0.18568958281269E-03
 0.18294188414112E-03
 0.18025143860396E-03
 0.17760661301722E-03
