 0.67197792076794E+03
 0.67197792076794E+03
 0.67197792076794E+03
 0.67197792076794E+03
 0.67197792076794E+03
 0.67197823877565E+03
 0.67197734998231E+03
 0.67197756846389E+03
 0.67197660663052E+03
 0.67195495340662E+03
 0.67205188985754E+03
 0.67192827157642E+03
 0.67949582194605E+03
 0.67190633634510E+03
 0.67942965274651E+03
 0.67947477267217E+03
 0.67945972969675E+03
 0.67194404236533E+03
 0.67189478134762E+03
 0.67943973030111E+03
 0.67948012932861E+03
 0.67193445076242E+03
 0.67190527236683E+03
 0.67935623180880E+03
 0.68186767030377E+03
 0.67947139621925E+03
 0.67951512605608E+03
 0.67938485341889E+03
 0.68176393142481E+03
 0.67950247207127E+03
 0.67210077279490E+03
 0.67944473003958E+03
 0.67238259192869E+03
 0.67249773376454E+03
 0.67200937152321E+03
 0.67277805162037E+03
 0.67226021983026E+03
 0.67202161043851E+03
 0.67313368278231E+03
 0.67232591276116E+03
 0.68178113762738E+03
 0.67300922536539E+03
 0.67210369703513E+03
 0.67334548064936E+03
 0.67450117152764E+03
 0.67433877809504E+03
 0.67421184409309E+03
 0.67334505351054E+03
 0.67242897283494E+03
 0.67443236904684E+03
 0.67217837396162E+03
 0.67538357146783E+03
 0.67359963686155E+03
 0.67311982680271E+03
 0.67316025757036E+03
 0.67586282580662E+03
 0.68052538792837E+03
 0.67214943304007E+03
 0.67725137166881E+03
 0.67363858844344E+03
 0.67600922677091E+03
 0.67496163776469E+03
 0.68109912729873E+03
 0.67431619058882E+03
 0.67862652260452E+03
 0.67465685423744E+03
 0.67550004938808E+03
 0.67597763329762E+03
 0.67670486989265E+03
 0.67303466872799E+03
 0.67846243575002E+03
 0.67951790616429E+03
 0.68193792005043E+03
 0.67857635331399E+03
 0.67905932951934E+03
 0.67629887520674E+03
 0.68270154685053E+03
 0.67974309495576E+03
 0.67409901676514E+03
 0.67418012749852E+03
 0.67743836825502E+03
 0.68097453314884E+03
 0.67843340921634E+03
 0.68080413422863E+03
 0.67533124008736E+03
 0.67789720001585E+03
 0.67856657935036E+03
 0.67477136601975E+03
 0.67886377588278E+03
 0.67694616803930E+03
 0.67695432806100E+03
 0.68215254758039E+03
 0.67733110962018E+03
 0.68332264145894E+03
 0.67762145851264E+03
 0.67893080083883E+03
 0.67910585507139E+03
 0.68704100536197E+03
 0.68455749539245E+03
 0.68273995939486E+03
 0.68268569403895E+03
 0.68476981133895E+03
 0.68279340577284E+03
 0.68206309359331E+03
 0.68649487105836E+03
 0.68410890691232E+03
 0.68640865698689E+03
 0.68696491985155E+03
 0.68779791904435E+03
 0.69219430822988E+03
 0.69565683559613E+03
 0.68909785537391E+03
 0.69477470643229E+03
 0.68968217512825E+03
 0.69839440646689E+03
 0.69832885330092E+03
 0.70022950389501E+03
 0.70037616413348E+03
 0.69404511956154E+03
 0.69863207575229E+03
 0.70656459400361E+03
 0.69889665076122E+03
 0.70601431100016E+03
 0.70294085849578E+03
 0.70192911852693E+03
 0.70437255051643E+03
 0.70669869243789E+03
 0.71003610335668E+03
 0.71192604196322E+03
 0.71179790164780E+03
 0.71352159093905E+03
 0.71915485702058E+03
 0.72032083946095E+03
 0.71582944015470E+03
 0.71328052564316E+03
 0.71361728017984E+03
 0.71871255160794E+03
 0.72321715241256E+03
 0.72173138978400E+03
 0.72115732864691E+03
 0.73360565950159E+03
 0.72841472163145E+03
 0.73144935680237E+03
 0.73692181662893E+03
 0.73083346533834E+03
 0.73656499451242E+03
 0.73359725239790E+03
 0.73366497706214E+03
 0.74055507368193E+03
 0.74399004750487E+03
 0.74929544803313E+03
 0.75547030971466E+03
 0.75245028760804E+03
 0.74776098768778E+03
 0.75382269637516E+03
 0.75289872930164E+03
 0.75531779668227E+03
 0.76225698197659E+03
 0.75505279904243E+03
 0.76292593913590E+03
 0.76174014168592E+03
 0.76641629910502E+03
 0.76443070403968E+03
 0.76693245768710E+03
 0.77021062675228E+03
 0.77916823813268E+03
 0.77550752626624E+03
 0.77555933768886E+03
 0.78613000991208E+03
 0.78646836835790E+03
 0.78182492025066E+03
 0.78333204533925E+03
 0.78895647240167E+03
 0.79620138349270E+03
 0.80241207629408E+03
 0.80121323576839E+03
 0.79691139730208E+03
 0.80143078746207E+03
 0.81236314647117E+03
 0.80072831279364E+03
 0.80970792155974E+03
 0.81496852287778E+03
 0.80993465752598E+03
 0.82184596397255E+03
 0.82590522439455E+03
 0.81765759756268E+03
 0.82290577083852E+03
 0.82174805469942E+03
 0.83411873361575E+03
 0.82558068072811E+03
 0.82968101058155E+03
 0.82883685042031E+03
 0.83101026356378E+03
 0.83752416703578E+03
 0.84030457680734E+03
 0.84518206771335E+03
 0.84842590259922E+03
 0.85853936370981E+03
 0.84957484849872E+03
 0.85724605325483E+03
 0.85274142257453E+03
 0.86370467135028E+03
 0.86883403474098E+03
 0.86371629696969E+03
 0.87039271568667E+03
 0.87798396588254E+03
 0.86914498566982E+03
 0.87236751446211E+03
 0.87579193361259E+03
 0.87999599722630E+03
 0.88936308864485E+03
 0.88832838179041E+03
 0.89252974082965E+03
 0.89110342940187E+03
 0.89909487333804E+03
 0.89142906880674E+03
 0.90536233883761E+03
 0.89996115404801E+03
 0.90081190278653E+03
 0.91180088345813E+03
 0.90977939998452E+03
 0.91942306507834E+03
 0.90942888936751E+03
 0.91375128702447E+03
 0.91408758434860E+03
 0.91980961819697E+03
 0.92665499014264E+03
 0.93797006021592E+03
 0.93252235284562E+03
 0.93376918533167E+03
 0.93118067431078E+03
 0.94312916025670E+03
 0.93444442546856E+03
 0.94980623127471E+03
 0.94353208447027E+03
 0.95097202236040E+03
 0.95324084217612E+03
 0.94991548381661E+03
 0.95127060261747E+03
 0.95513073918817E+03
 0.96222292471775E+03
 0.95830012304195E+03
 0.96746066478809E+03
 0.96939559496990E+03
 0.96914966120057E+03
 0.97608923078290E+03
 0.97719993568750E+03
 0.98422891504022E+03
 0.97982254558261E+03
 0.98539563413692E+03
 0.98971544939343E+03
 0.99306896226234E+03
 0.99417091157648E+03
 0.10008424459922E+04
 0.99753761281481E+03
 0.10028884490409E+04
 0.10041439993127E+04
 0.10086142469293E+04
 0.10144162078474E+04
 0.10086885411604E+04
 0.10248351062201E+04
 0.10144498761429E+04
 0.10204688093037E+04
 0.10212551895214E+04
 0.10247109163072E+04
 0.10310580174427E+04
 0.10436636652766E+04
 0.10405467682591E+04
 0.10451869503626E+04
 0.10340029195661E+04
 0.10425870271703E+04
 0.10563884035185E+04
 0.10472377931131E+04
 0.10601555914786E+04
 0.10525295971405E+04
 0.10648251062621E+04
 0.10577755342392E+04
 0.10705931687139E+04
 0.10685515912187E+04
 0.10701090621822E+04
 0.10756042575924E+04
 0.10807585920299E+04
 0.10751774793644E+04
 0.10922255114281E+04
 0.10851656146012E+04
 0.10811816635835E+04
 0.10981973612306E+04
 0.10906308196609E+04
 0.10895117207230E+04
 0.10941120954440E+04
 0.11039009831501E+04
 0.10968951524898E+04
 0.11076904916472E+04
 0.11134483308920E+04
 0.11183482411469E+04
 0.11134216528012E+04
 0.11210115667003E+04
 0.11313223095610E+04
 0.11313800221099E+04
 0.11359239848069E+04
