 0.25955908804632E+10
 0.25957108867719E+10
 0.25959108782898E+10
 0.25961908750767E+10
 0.25965508759658E+10
 0.25969908781553E+10
 0.25975108684409E+10
 0.25981108667768E+10
 0.25987908548062E+10
 0.25995508468177E+10
 0.26003908451644E+10
 0.26013108269758E+10
 0.26023108265141E+10
 0.26033908244385E+10
 0.26045508172615E+10
 0.26057908305992E+10
 0.26071108317288E+10
 0.26085108503092E+10
 0.26099908798556E+10
 0.26115509199702E+10
 0.26131909716209E+10
 0.26149110658092E+10
 0.26167111722353E+10
 0.26185913403809E+10
 0.26205515494338E+10
 0.26225918072156E+10
 0.26247121102246E+10
 0.26269124765161E+10
 0.26291929097284E+10
 0.26315534068603E+10
 0.26339938430654E+10
 0.26365143426036E+10
 0.26391148116174E+10
 0.26417950823222E+10
 0.26445552893058E+10
 0.26473949555354E+10
 0.26503140442678E+10
 0.26533124841282E+10
 0.26563897907372E+10
 0.26595458421491E+10
 0.26627799612047E+10
 0.26660917403118E+10
 0.26694805720802E+10
 0.26729457827318E+10
 0.26764865868314E+10
 0.26801020004797E+10
 0.26837909238321E+10
 0.26875521421521E+10
 0.26913843896786E+10
 0.26952857840961E+10
 0.26992552722683E+10
 0.27032910418700E+10
 0.27073908394892E+10
 0.27115527545576E+10
 0.27157744245916E+10
 0.27200533516730E+10
 0.27243873167025E+10
 0.27287731029673E+10
 0.27332076242481E+10
 0.27376881745540E+10
 0.27422121429554E+10
 0.27467747730380E+10
 0.27513737686654E+10
 0.27560043524935E+10
 0.27606644053122E+10
 0.27653475167785E+10
 0.27700513884388E+10
 0.27747724981404E+10
 0.27795049352527E+10
 0.27842453726282E+10
 0.27889867856295E+10
 0.27937266603823E+10
 0.27984623962633E+10
 0.28031848272148E+10
 0.28078931531638E+10
 0.28125781793170E+10
 0.28172366221075E+10
 0.28218640035088E+10
 0.28264594341628E+10
 0.28310056931435E+10
 0.28355085961412E+10
 0.28399583986339E+10
 0.28443517067647E+10
 0.28486809412373E+10
 0.28529339939677E+10
 0.28571168099152E+10
 0.28612218077003E+10
 0.28652347240911E+10
 0.28691570775768E+10
 0.28729748642883E+10
 0.28767039663634E+10
 0.28803224386392E+10
 0.28838150971930E+10
 0.28871845801684E+10
 0.28904447008238E+10
 0.28935857313127E+10
 0.28965550614324E+10
 0.28994115605975E+10
 0.29021133416194E+10
 0.29046652415865E+10
 0.29070572615406E+10
 0.29093092396738E+10
 0.29114073870379E+10
 0.29133258903074E+10
 0.29150770780310E+10
 0.29166811647955E+10
 0.29181417236483E+10
 0.29194083471187E+10
 0.29205344186240E+10
 0.29215602138397E+10
 0.29224654313067E+10
 0.29232495233981E+10
 0.29239620469025E+10
 0.29246383000505E+10
 0.29253180911083E+10
 0.29261841721701E+10
 0.29273463084472E+10
 0.29290517000992E+10
 0.29316416170559E+10
 0.29354873925013E+10
 0.29407396796313E+10
 0.29472228236429E+10
 0.29545360052587E+10
 0.29622994486310E+10
 0.29702639971215E+10
 0.29782989584307E+10
 0.29863704759165E+10
 0.29944873227796E+10
 0.30026741802020E+10
 0.30109772952972E+10
 0.30194076696130E+10
 0.30280012158897E+10
 0.30367559350809E+10
 0.30456965388876E+10
 0.30548108848708E+10
 0.30641080545703E+10
 0.30735614558974E+10
 0.30831949800523E+10
 0.30929979222125E+10
 0.31029526764292E+10
 0.31130571389986E+10
 0.31233212529571E+10
 0.31337306963613E+10
 0.31442630277985E+10
 0.31549295855350E+10
 0.31657307300493E+10
 0.31766615976589E+10
 0.31877031214205E+10
 0.31988539440136E+10
 0.32101319207390E+10
 0.32215056258207E+10
 0.32329927293310E+10
 0.32446011389267E+10
 0.32562815861933E+10
 0.32680873113087E+10
 0.32799565128102E+10
 0.32919419129592E+10
 0.33040154719845E+10
 0.33161859952978E+10
 0.33284435401650E+10
 0.33407851100159E+10
 0.33532241112253E+10
 0.33657427845687E+10
 0.33783531212094E+10
 0.33910389047832E+10
 0.34038271037515E+10
 0.34166813407723E+10
 0.34296319221994E+10
 0.34426513432319E+10
 0.34557579447752E+10
 0.34689481004314E+10
 0.34822068587077E+10
 0.34955681276876E+10
 0.35089894678671E+10
 0.35224782418267E+10
 0.35360747908961E+10
 0.35497250261121E+10
 0.35634607698938E+10
 0.35772876585165E+10
 0.35911886524653E+10
 0.36051536024370E+10
 0.36192034275921E+10
 0.36333214131857E+10
 0.36475289432862E+10
 0.36618083342674E+10
 0.36761757405906E+10
 0.36906018743758E+10
 0.37051040637047E+10
 0.37196921568863E+10
 0.37343675691324E+10
 0.37490950445087E+10
 0.37639161266580E+10
 0.37788112691100E+10
 0.37937779225070E+10
 0.38088229106627E+10
 0.38239462575108E+10
 0.38391405992438E+10
 0.38544140311276E+10
 0.38697544352165E+10
 0.38851926381556E+10
 0.39006914493665E+10
 0.39162615559741E+10
 0.39319242890651E+10
 0.39476560888539E+10
 0.39634685888181E+10
 0.39793504489434E+10
 0.39953136988924E+10
 0.40113492053154E+10
 0.40274631096647E+10
 0.40436601664354E+10
 0.40599310231041E+10
 0.40762731725772E+10
 0.40927010671641E+10
 0.41091960462193E+10
 0.41257820006316E+10
 0.41424303230671E+10
 0.41591597583148E+10
 0.41759729567561E+10
 0.41928530389539E+10
 0.42098212930162E+10
 0.42268616441610E+10
 0.42439777608359E+10
 0.42611739133842E+10
 0.42784455610484E+10
 0.42958061277039E+10
 0.43132355173466E+10
 0.43307399350627E+10
 0.43483204076881E+10
 0.43659883102598E+10
 0.43837393719944E+10
 0.44015603057134E+10
 0.44194582547295E+10
 0.44374388316723E+10
 0.44554892393968E+10
 0.44736289192424E+10
 0.44918427105025E+10
 0.45101384666032E+10
 0.45285028311097E+10
 0.45469496646368E+10
 0.45654853612006E+10
 0.45840933480887E+10
 0.46027823470057E+10
 0.46215414014747E+10
 0.46403953308392E+10
 0.46593164806184E+10
 0.46783241775625E+10
 0.46974098327115E+10
 0.47165708889125E+10
 0.47358007926362E+10
 0.47551308405343E+10
 0.47745334171473E+10
 0.47940144813667E+10
 0.48135715888519E+10
 0.48332077621597E+10
 0.48529402045280E+10
 0.48727290672473E+10
 0.48926150477050E+10
 0.49125752182477E+10
 0.49326096494308E+10
 0.49527300279529E+10
 0.49729291953584E+10
 0.49932106199793E+10
 0.50135695133208E+10
 0.50340075689691E+10
 0.50545209198642E+10
 0.50751288291686E+10
 0.50958071120967E+10
 0.51165728771363E+10
 0.51374114378524E+10
 0.51583363441797E+10
 0.51793335176143E+10
 0.52004129960205E+10
 0.52215756131055E+10
 0.52428166367446E+10
 0.52641420887631E+10
 0.52855441353858E+10
 0.53070298048471E+10
 0.53285966065913E+10
 0.53502494658497E+10
 0.53719677948849E+10
 0.53937794261438E+10
 0.54156709730908E+10
 0.54376359773508E+10
 0.54596860852791E+10
 0.54818239814991E+10
 0.55040394664827E+10
 0.55263200609475E+10
 0.55487020070464E+10
 0.55711551707254E+10
 0.55936933876888E+10
 0.56163067293857E+10
 0.56390075491244E+10
 0.56617865662102E+10
 0.56846464580687E+10
 0.57075917535499E+10
 0.57306031176711E+10
 0.57537161239027E+10
 0.57768970713238E+10
 0.58001642195028E+10
 0.58235111581119E+10
