 0.34787160937283E+03
 0.34787161156786E+03
 0.34787162174707E+03
 0.34787165058348E+03
 0.34787171495032E+03
 0.34787184514725E+03
 0.34787209541115E+03
 0.34787254476409E+03
 0.34787327710366E+03
 0.34787435997285E+03
 0.34787583014891E+03
 0.34787768748437E+03
 0.34787992074500E+03
 0.34788245851257E+03
 0.34788527387786E+03
 0.34788822121273E+03
 0.34789127654975E+03
 0.34789436000572E+03
 0.34789739006872E+03
 0.34790031581505E+03
 0.34788707370189E+03
 0.34788548474429E+03
 0.34788337842122E+03
 0.34788072135311E+03
 0.34787743489111E+03
 0.34787348333568E+03
 0.34786863727757E+03
 0.34786314857941E+03
 0.34785673093838E+03
 0.34784902371316E+03
 0.34783960648878E+03
 0.34782877207060E+03
 0.34781570832847E+03
 0.34779983159931E+03
 0.34778167886508E+03
 0.34775994146043E+03
 0.34773448436795E+03
 0.34770422853577E+03
 0.34766949239144E+03
 0.34763000991064E+03
 0.34758276840083E+03
 0.34752956031956E+03
 0.34746952205958E+03
 0.34740147395115E+03
 0.34732377413566E+03
 0.34723733961624E+03
 0.34714246365913E+03
 0.34703744363877E+03
 0.34692091242316E+03
 0.34679282306665E+03
 0.34665401303936E+03
 0.34650232090930E+03
 0.34633861001601E+03
 0.34616161665671E+03
 0.34597016155180E+03
 0.34576493898505E+03
 0.34554606211404E+03
 0.34531059764000E+03
 0.34506107066879E+03
 0.34479822363224E+03
 0.34451231155317E+03
 0.34421700448081E+03
 0.34390454719359E+03
 0.34357056039908E+03
 0.34322491237797E+03
 0.34285390765071E+03
 0.34246872849205E+03
 0.34207311101421E+03
 0.34165108003839E+03
 0.34121561845790E+03
 0.34075213569020E+03
 0.34027267262634E+03
 0.33978291321726E+03
 0.33925842621472E+03
 0.33872432757441E+03
 0.33816288547249E+03
 0.33758276992458E+03
 0.33697527936432E+03
 0.33636089302040E+03
 0.33571047337523E+03
 0.33504266857659E+03
 0.33435297940181E+03
 0.33364300329543E+03
 0.33290771004195E+03
 0.33213606234503E+03
 0.33135277090807E+03
 0.33054530995295E+03
 0.32970264287757E+03
 0.32883651972182E+03
 0.32793814746277E+03
 0.32702862595989E+03
 0.32609302853708E+03
 0.32511505645951E+03
 0.32410321333656E+03
 0.32308244317116E+03
 0.32203604091368E+03
 0.32093651667873E+03
 0.31982417283136E+03
 0.31867311807367E+03
 0.31749465366486E+03
 0.31627214558115E+03
 0.31503061390945E+03
 0.31375629062722E+03
 0.31243668646325E+03
 0.31107358125349E+03
 0.30968497402899E+03
 0.30827317078844E+03
 0.30679249638167E+03
 0.30528301781798E+03
 0.30374903340024E+03
 0.30217878696578E+03
 0.30055131990975E+03
 0.29888509334135E+03
 0.29716728171535E+03
 0.29538967673747E+03
 0.29358592940986E+03
 0.29173118700941E+03
 0.28982430462591E+03
 0.28785244915228E+03
 0.28583157967374E+03
 0.28376275203187E+03
 0.28164297314910E+03
 0.27942969761471E+03
 0.27714767787837E+03
 0.27482157159493E+03
 0.27243658125697E+03
 0.26998311220203E+03
 0.26741404712541E+03
 0.26477260920090E+03
 0.26206513863820E+03
 0.25926077446977E+03
 0.25633463704199E+03
 0.25334355946321E+03
 0.25022375749726E+03
 0.24696212986455E+03
 0.24361937266469E+03
 0.24009586778302E+03
 0.23643762554508E+03
 0.23262153585574E+03
 0.22866266120521E+03
 0.22455431773263E+03
 0.22019253011325E+03
 0.21565787298146E+03
 0.21091306103068E+03
 0.20592293359425E+03
 0.20071665399415E+03
 0.19522660020796E+03
 0.18949114007817E+03
 0.18347172761214E+03
 0.17715231994412E+03
 0.17066739551449E+03
 0.16387297006467E+03
 0.15682002857930E+03
 0.14965683327418E+03
 0.14233120164074E+03
 0.13498747192651E+03
 0.12765027462960E+03
 0.12044130069892E+03
 0.11337249912152E+03
 0.10658873544197E+03
 0.10012503619511E+03
 0.93987841820261E+02
 0.88237426573170E+02
 0.82881085259631E+02
 0.77934314117576E+02
 0.73348333731330E+02
 0.69129546357262E+02
 0.65251041164669E+02
 0.61682217938081E+02
 0.58406400157946E+02
 0.55405772148336E+02
 0.52628045267777E+02
 0.50068789401748E+02
 0.47728532142970E+02
 0.45548721346627E+02
 0.43531294572089E+02
 0.41675255292893E+02
 0.39938435117146E+02
 0.38327692314262E+02
 0.36814592208207E+02
 0.35425130751935E+02
 0.34111757287156E+02
 0.32887840042729E+02
 0.31723805780537E+02
 0.30645197872835E+02
 0.29619582939806E+02
 0.28664768835776E+02
 0.27756639782183E+02
 0.26900850827668E+02
 0.26088249991697E+02
 0.25320689765213E+02
 0.24587611265752E+02
 0.23891925431029E+02
 0.23232020296371E+02
 0.22605976881940E+02
 0.22011461465867E+02
 0.21441477940712E+02
 0.20894835971315E+02
 0.20373905141982E+02
 0.19878043649344E+02
 0.19401721585742E+02
 0.18947038546629E+02
 0.18506593919781E+02
 0.18088454955721E+02
 0.17682524629277E+02
 0.17297374558088E+02
 0.16923275371285E+02
 0.16563295532800E+02
 0.16217608231513E+02
 0.15885359066853E+02
 0.15563196021265E+02
 0.15253018208864E+02
 0.14952068149548E+02
 0.14663575254699E+02
 0.14384376008559E+02
 0.14113928755924E+02
 0.13852967326862E+02
 0.13599141502075E+02
 0.13355273300711E+02
 0.13116678216810E+02
 0.12887395891125E+02
 0.12663498125131E+02
 0.12445454531469E+02
 0.12235752915070E+02
 0.12030910606157E+02
 0.11833267886242E+02
 0.11640599634510E+02
 0.11453678818606E+02
 0.11270942732889E+02
 0.11094186669061E+02
 0.10922671968401E+02
 0.10754386601140E+02
 0.10590661207378E+02
 0.10431764190499E+02
 0.10275951456652E+02
 0.10125494181950E+02
 0.99778265534019E+01
 0.98347439862130E+01
 0.96936242819740E+01
 0.95571127027996E+01
 0.94240603875185E+01
 0.92934377902930E+01
 0.91665933707888E+01
 0.90422875880963E+01
 0.89206038484559E+01
 0.88021927111391E+01
 0.86860956469935E+01
 0.85724687424198E+01
 0.84616921140690E+01
 0.83530037921331E+01
 0.82474064557935E+01
 0.81430671749848E+01
 0.80417191366097E+01
 0.79422106473172E+01
 0.78446834856519E+01
 0.77494687423184E+01
 0.76558656653113E+01
 0.75639896114168E+01
 0.74749174001522E+01
 0.73865442656336E+01
 0.73006798818724E+01
 0.72156718474470E+01
 0.71328358737265E+01
 0.70517896846445E+01
 0.69723159978670E+01
 0.68937818142872E+01
 0.68170056652400E+01
 0.67415717534392E+01
 0.66677736264145E+01
 0.65953039921199E+01
 0.65240208121185E+01
 0.64542079629649E+01
 0.63852970996769E+01
 0.63175052677963E+01
 0.62514906364976E+01
 0.61862655967231E+01
 0.61222278088973E+01
 0.60596630680807E+01
 0.59974957058995E+01
 0.59366278600748E+01
 0.58768381884843E+01
 0.58181658775694E+01
 0.57603431636425E+01
 0.57035810943342E+01
 0.56477918153309E+01
 0.55924574588133E+01
 0.55386364610563E+01
 0.54853089761533E+01
 0.54330375775163E+01
 0.53817389231061E+01
 0.53307247244525E+01
 0.52811803751391E+01
 0.52317536310119E+01
 0.51833901641384E+01
 0.51358461301483E+01
 0.50887659970009E+01
 0.50424746028557E+01
 0.49969306330300E+01
 0.49519597806774E+01
 0.49078916803330E+01
