 0.35172283106890E+01
 0.35172283106890E+01
 0.35172283106890E+01
 0.35172283106890E+01
 0.35172283106890E+01
 0.35172283106890E+01
 0.35172283106890E+01
 0.35172283106890E+01
 0.35172283106890E+01
 0.35172283219305E+01
 0.35172277795404E+01
 0.35172285559806E+01
 0.35172286448131E+01
 0.35172285003888E+01
 0.35172283564830E+01
 0.35172279028846E+01
 0.35172289676696E+01
 0.35172285737735E+01
 0.35172286618328E+01
 0.35172283635165E+01
 0.35172283680580E+01
 0.35172289200544E+01
 0.35172283541177E+01
 0.35172283788967E+01
 0.35172285138369E+01
 0.35172287092156E+01
 0.35172287148395E+01
 0.35172283027690E+01
 0.35172281483569E+01
 0.35172293346959E+01
 0.35172287802987E+01
 0.35172289568176E+01
 0.35172286427125E+01
 0.35172393937145E+01
 0.35172266620753E+01
 0.35172310850412E+01
 0.35172288614519E+01
 0.35172309206950E+01
 0.35172458357881E+01
 0.35172287095995E+01
 0.35172469918883E+01
 0.35172503150986E+01
 0.35172287918893E+01
 0.35172541635538E+01
 0.35172318538363E+01
 0.35172372696421E+01
 0.35172287064154E+01
 0.35172280657004E+01
 0.35173059451202E+01
 0.35172954635726E+01
 0.35173119411440E+01
 0.35172406219817E+01
 0.35172534902594E+01
 0.35172695003888E+01
 0.35173003543724E+01
 0.35173029267212E+01
 0.35173012305588E+01
 0.35172323995051E+01
 0.35172675417852E+01
 0.35172823707247E+01
 0.35172258188522E+01
 0.35173040912402E+01
 0.35172608864789E+01
 0.35173132985808E+01
 0.35172516466099E+01
 0.35173062652123E+01
 0.35173061322749E+01
 0.35172917356891E+01
 0.35171963032911E+01
 0.35172055015552E+01
 0.35173086965187E+01
 0.35172283430536E+01
 0.35172367938242E+01
 0.35172521566291E+01
 0.35172079951651E+01
 0.35172424155497E+01
 0.35172808462795E+01
 0.35172305657662E+01
 0.35172752073233E+01
 0.35172986643328E+01
 0.35172481923339E+01
 0.35173044871104E+01
 0.35172272987999E+01
 0.35172264780795E+01
 0.35171858993548E+01
 0.35172496308712E+01
 0.35171639613670E+01
 0.35172028540867E+01
 0.35171946829619E+01
 0.35172650852411E+01
 0.35171724552798E+01
 0.35172951108224E+01
 0.35171540553828E+01
 0.35172156150076E+01
 0.35172092234228E+01
 0.35172889033819E+01
 0.35172190140588E+01
 0.35171461474603E+01
 0.35171982318947E+01
 0.35172818945754E+01
 0.35172830580590E+01
 0.35172396468397E+01
 0.35172244877755E+01
 0.35172000322377E+01
 0.35172311990565E+01
 0.35172126435380E+01
 0.35171327237123E+01
 0.35172035230841E+01
 0.35171939008138E+01
 0.35171817451331E+01
 0.35171825768098E+01
 0.35171587741160E+01
 0.35172528009714E+01
 0.35171940877101E+01
 0.35172355444051E+01
 0.35172123811537E+01
 0.35171887614100E+01
 0.35171771423149E+01
 0.35171808669920E+01
 0.35172376940053E+01
 0.35172643869838E+01
 0.35172231697129E+01
 0.35171834181548E+01
 0.35172756363579E+01
 0.35172046243634E+01
 0.35172122487820E+01
 0.35172169500385E+01
 0.35171797597355E+01
 0.35172114453819E+01
 0.35172829103392E+01
 0.35171964496201E+01
 0.35172527290275E+01
 0.35173404148863E+01
 0.35172226814600E+01
 0.35173462093113E+01
 0.35172515835554E+01
 0.35172906150776E+01
 0.35172959542742E+01
 0.35173241360652E+01
 0.35174193626351E+01
 0.35173465655198E+01
 0.35173297896071E+01
 0.35173987534262E+01
 0.35174103437763E+01
 0.35174385772031E+01
 0.35174507580270E+01
 0.35174968706606E+01
 0.35174503209786E+01
 0.35175532739209E+01
 0.35174987414471E+01
 0.35174546631419E+01
 0.35174233493277E+01
 0.35175026518053E+01
 0.35174487686789E+01
 0.35172786020062E+01
 0.35172863383602E+01
 0.35171885885787E+01
 0.35172326452311E+01
 0.35170055827275E+01
 0.35169903670032E+01
 0.35169096438578E+01
 0.35167194620529E+01
 0.35165387954783E+01
 0.35164337733442E+01
 0.35162582286142E+01
 0.35160928004942E+01
 0.35159161899341E+01
 0.35157168843776E+01
 0.35155183642130E+01
 0.35151296283179E+01
 0.35150038346480E+01
 0.35146599413238E+01
 0.35144649605456E+01
 0.35140584262612E+01
 0.35136986312202E+01
 0.35134626999084E+01
 0.35130489892315E+01
 0.35126611559931E+01
 0.35122584169355E+01
 0.35117258143458E+01
 0.35112352434727E+01
 0.35107441865282E+01
 0.35103243454351E+01
 0.35098575723465E+01
 0.35093162583611E+01
 0.35085874815664E+01
 0.35081478219725E+01
 0.35074204601754E+01
 0.35067670537926E+01
 0.35060272285855E+01
 0.35054383743556E+01
 0.35047020951017E+01
 0.35040403215708E+01
 0.35031974629530E+01
 0.35024051627255E+01
 0.35015127777484E+01
 0.35007466088431E+01
 0.34999686674664E+01
 0.34989314651772E+01
 0.34980652448706E+01
