 0.98445526788544E+00
 0.98445526788544E+00
 0.98445526788544E+00
 0.98445526788544E+00
 0.98445526788544E+00
 0.98445526788544E+00
 0.98445526788544E+00
 0.98445526788544E+00
 0.98445526788544E+00
 0.98445524117202E+00
 0.98445644462219E+00
 0.98445474659539E+00
 0.98445353785076E+00
 0.98445434386831E+00
 0.98445270496311E+00
 0.98445338818560E+00
 0.98445295250129E+00
 0.98445486664520E+00
 0.98445416196184E+00
 0.98445289072232E+00
 0.98445355309864E+00
 0.98445475728037E+00
 0.98445433015911E+00
 0.98445162397322E+00
 0.98445105736666E+00
 0.98445320552978E+00
 0.98445395336928E+00
 0.98445325653448E+00
 0.98445370301102E+00
 0.98445261680164E+00
 0.98445753654411E+00
 0.98445208429430E+00
 0.98446170604622E+00
 0.98446284153201E+00
 0.98445576749101E+00
 0.98446574855431E+00
 0.98445921725037E+00
 0.98445930040384E+00
 0.98447072366180E+00
 0.98445904032063E+00
 0.98445097214099E+00
 0.98446591440309E+00
 0.98445983625862E+00
 0.98447166228744E+00
 0.98448010222811E+00
 0.98448057115889E+00
 0.98447911280892E+00
 0.98447163830891E+00
 0.98446344068412E+00
 0.98447873071019E+00
 0.98446026672423E+00
 0.98448430813030E+00
 0.98447260292009E+00
 0.98446941466583E+00
 0.98446588682456E+00
 0.98448548056845E+00
 0.98443831322962E+00
 0.98445936860961E+00
 0.98448330072544E+00
 0.98447498723371E+00
 0.98448542381203E+00
 0.98448286628392E+00
 0.98444446878037E+00
 0.98448061016065E+00
 0.98442673618254E+00
 0.98447987739503E+00
 0.98448458359030E+00
 0.98440459087623E+00
 0.98448643836273E+00
 0.98442632153004E+00
 0.98448016499421E+00
 0.98446887978561E+00
 0.98445926242126E+00
 0.98447803521434E+00
 0.98443511583851E+00
 0.98449015675198E+00
 0.98447007062730E+00
 0.98444254082817E+00
 0.98442860813454E+00
 0.98444053057654E+00
 0.98445522310207E+00
 0.98447661310714E+00
 0.98449137777350E+00
 0.98446956233841E+00
 0.98447236451311E+00
 0.98451123212970E+00
 0.98447532864698E+00
