 0.10000000133514E-09
 0.10000000133514E-09
 0.10000000133514E-09
 0.10000000133514E-09
 0.10000000133514E-09
 0.10000000133514E-09
 0.10000000133514E-09
 0.10000000133514E-09
 0.10000000133514E-09
 0.10000000133514E-09
 0.10000000133514E-09
 0.10000000133514E-09
 0.10000000133514E-09
 0.10000000133514E-09
 0.10000000133514E-09
 0.10000000133514E-09
 0.10000000133514E-09
 0.10000000133514E-09
 0.10000000133514E-09
 0.27676979200524E-08
 0.27676979200524E-08
 0.44159201644990E-07
 0.10427802727161E-06
 0.19552828207477E-06
 0.34923914890316E-06
 0.59761359904618E-06
 0.98448665820956E-06
 0.15677859598277E-05
 0.24220392034750E-05
 0.36410161065779E-05
 0.53402600102305E-05
 0.76595512169900E-05
 0.10765219102154E-04
 0.14852643837758E-04
 0.20147704210125E-04
 0.26909442943008E-04
 0.35429944506992E-04
 0.46039896283629E-04
 0.59105673531662E-04
 0.75026414528028E-04
 0.94252282352216E-04
 0.11726157035765E-03
 0.14456899028527E-03
 0.17676158148462E-03
 0.21441886760135E-03
 0.25821029888813E-03
 0.30881163585350E-03
 0.36696178586324E-03
 0.43343588863695E-03
 0.50905428226794E-03
 0.59466679564869E-03
 0.69117410446806E-03
 0.79953573108179E-03
 0.92399858927164E-03
 0.10594299550025E-02
 0.12097688281413E-02
 0.13761610060150E-02
 0.15597055670189E-02
 0.17618557568119E-02
 0.19838596419100E-02
 0.22269510974385E-02
 0.24923417546438E-02
 0.27814940025390E-02
 0.30959750585103E-02
 0.34371295849733E-02
 0.38066644344806E-02
 0.42062393200725E-02
 0.46370613575202E-02
 0.51022066615294E-02
 0.56007652935690E-02
 0.61380092929089E-02
 0.67132302026114E-02
 0.73296850746580E-02
 0.79885749148993E-02
 0.86916586715165E-02
 0.94430275799865E-02
 0.10242991603670E-01
 0.11095115929811E-01
 0.12001469975334E-01
 0.12961840157683E-01
 0.13984782060960E-01
 0.15068397887174E-01
 0.16214517115529E-01
 0.17429046823892E-01
 0.18715299755277E-01
 0.20075338822344E-01
 0.21512206766526E-01
 0.23028156981691E-01
 0.24630334854272E-01
 0.26315116866330E-01
 0.28090694275917E-01
 0.29964156527689E-01
 0.31933441894373E-01
 0.34004666445342E-01
 0.36183943007461E-01
 0.38481007040073E-01
 0.40888980913462E-01
 0.43421747955799E-01
 0.46074823532143E-01
 0.48865389912171E-01
 0.51792939822499E-01
 0.54861425572279E-01
 0.58075769796255E-01
 0.61455479304851E-01
 0.64991278659728E-01
 0.68696513448789E-01
 0.72572241895272E-01
 0.76639591635027E-01
 0.80906730467985E-01
 0.85355503946962E-01
 0.90026600514756E-01
 0.94919864144208E-01
 0.10003187392224E+00
 0.10539084924511E+00
 0.11100672666983E+00
 0.11685070957002E+00
 0.12302523289123E+00
 0.12947227827778E+00
 0.13621722998272E+00
 0.14327777799489E+00
 0.15070039398093E+00
 0.15845696280552E+00
 0.16659580232395E+00
 0.17505212330304E+00
 0.18389620988628E+00
 0.19294621374210E+00
 0.20221308753929E+00
 0.21155406542299E+00
 0.22071399231257E+00
 0.22948546273306E+00
 0.23785769479713E+00
 0.24573063563868E+00
 0.25311626374519E+00
 0.26014185775237E+00
 0.26682228750021E+00
 0.27321864594807E+00
 0.27940079337953E+00
 0.28542358770933E+00
 0.29130181159995E+00
 0.29706749305631E+00
 0.30276180505371E+00
 0.30838794625282E+00
 0.31395786738324E+00
 0.31948366820013E+00
 0.32498174718336E+00
 0.33044503128190E+00
 0.33587803916974E+00
 0.34129265620233E+00
 0.34668345449367E+00
 0.35205432027600E+00
 0.35739889235957E+00
 0.36272416754536E+00
 0.36802749397329E+00
 0.37330509967587E+00
 0.37855924975459E+00
 0.38378608839743E+00
 0.38898871956232E+00
 0.39416011517086E+00
 0.39930083928895E+00
 0.40441175500692E+00
 0.40948741568591E+00
 0.41452832932173E+00
 0.41953340310097E+00
 0.42450034879771E+00
 0.42942810368343E+00
 0.43431690294154E+00
 0.43916368462261E+00
 0.44396865305599E+00
 0.44873064828870E+00
 0.45344890485848E+00
 0.45812181441592E+00
 0.46275112590416E+00
 0.46733400094117E+00
 0.47187170273980E+00
 0.47636246469188E+00
 0.48080678510502E+00
 0.48520395271021E+00
 0.48955407958291E+00
 0.49385747220276E+00
 0.49811296354805E+00
 0.50232271269564E+00
 0.50648497789024E+00
 0.51060107773545E+00
 0.51466989341592E+00
 0.51869270380660E+00
 0.52266962697698E+00
 0.52660115162965E+00
 0.53048715181627E+00
 0.53432762897121E+00
 0.53812431142048E+00
 0.54187609672908E+00
 0.54558435690095E+00
 0.54924959189333E+00
 0.55287197550266E+00
 0.55645170307775E+00
 0.55998995088797E+00
 0.56348660464143E+00
 0.56694234458493E+00
 0.57035787946642E+00
 0.57373382096940E+00
