 0.11076108624053E+04
 0.11076108624053E+04
 0.11076108624053E+04
 0.11076108624053E+04
 0.11076108624053E+04
 0.11076108624053E+04
 0.11076108624053E+04
 0.11076108624053E+04
 0.11076108624053E+04
 0.11076069849429E+04
 0.11077207589677E+04
 0.11075620357473E+04
 0.11074536527897E+04
 0.11075278816512E+04
 0.11073768013985E+04
 0.11074388962902E+04
 0.11074004255882E+04
 0.11075722226820E+04
 0.11075073314257E+04
 0.11073908208067E+04
 0.11074505137451E+04
 0.11075634452914E+04
 0.11075230248308E+04
 0.11072735383435E+04
 0.11072083062127E+04
 0.11074034957076E+04
 0.11074802993500E+04
 0.11073194081377E+04
 0.11071830621956E+04
 0.11074200282617E+04
 0.11077478399200E+04
 0.11070854430276E+04
 0.11081293524773E+04
 0.11081340405646E+04
 0.11076005678726E+04
 0.11087343040333E+04
 0.11081056340062E+04
 0.11078514756039E+04
 0.11093088544581E+04
 0.11078561571336E+04
 0.11072666067653E+04
 0.11087842021087E+04
 0.11075731495057E+04
 0.11095503284118E+04
 0.11109112501737E+04
 0.11108963693082E+04
 0.11104867811573E+04
 0.11094260865450E+04
 0.11084113290740E+04
 0.11109205715330E+04
 0.11082772247340E+04
 0.11121054973662E+04
 0.11096940518158E+04
 0.11089817775497E+04
 0.11092723924446E+04
 0.11128088066307E+04
 0.11122707894242E+04
 0.11081814386399E+04
 0.11144070711306E+04
 0.11100441713051E+04
 0.11128326951684E+04
 0.11116965329155E+04
 0.11067527927647E+04
 0.11106619076635E+04
 0.11098023737594E+04
 0.11110730523431E+04
 0.11121529100838E+04
 0.11197219705335E+04
 0.11138563912137E+04
 0.11088894743145E+04
 0.11163271137287E+04
 0.11176475574671E+04
 0.11071209011470E+04
 0.11164182257071E+04
 0.11104357079370E+04
 0.11140154568027E+04
 0.11089793789812E+04
 0.11117813274054E+04
 0.11175911038241E+04
 0.11178374694838E+04
 0.11156023146451E+04
 0.11071239061923E+04
 0.11171899940845E+04
 0.11204782337557E+04
 0.11131616078651E+04
 0.11158333187021E+04
 0.11172782256456E+04
 0.11193597334314E+04
 0.11173334671334E+04
 0.11154924977202E+04
 0.11161538209906E+04
 0.11095190997374E+04
 0.11171879078113E+04
 0.11127847904926E+04
 0.11105065825930E+04
 0.11206252348189E+04
 0.11063969802634E+04
 0.11160067148697E+04
 0.11134729638587E+04
 0.11124694022150E+04
 0.11114221605562E+04
 0.11154720329980E+04
 0.11118622712866E+04
 0.11109104141670E+04
 0.11168033070369E+04
 0.11104979583950E+04
 0.11190851190292E+04
 0.11091556473776E+04
 0.11075373429079E+04
 0.11127619945813E+04
 0.11112951198988E+04
 0.11122947665350E+04
 0.11174315154856E+04
 0.11194922447845E+04
 0.11197028203137E+04
 0.11067791579509E+04
 0.11215933024192E+04
 0.11203161196878E+04
 0.11087629256288E+04
 0.11093974242381E+04
 0.11198293795944E+04
 0.11099153433723E+04
 0.11096740495019E+04
 0.11192691260827E+04
 0.11164523639018E+04
 0.11085003279056E+04
 0.11101487114586E+04
 0.11160283430007E+04
 0.11144808340776E+04
 0.11137286377481E+04
 0.11083885564704E+04
 0.11082486825354E+04
 0.11125571091255E+04
 0.11203956039681E+04
 0.11072033178155E+04
 0.11182942082584E+04
 0.11180322719434E+04
 0.11185548292759E+04
 0.11123668368537E+04
 0.11096030112862E+04
 0.11083397733769E+04
 0.11149781207913E+04
 0.11145129548518E+04
 0.11068760663220E+04
 0.11188848480762E+04
 0.11104734351384E+04
 0.11111780591416E+04
 0.11210184872939E+04
 0.11217490467368E+04
 0.11166810489117E+04
 0.11215792525351E+04
 0.11193605018679E+04
 0.11134093623635E+04
 0.11110022038981E+04
 0.11229522424404E+04
 0.11148873873403E+04
 0.11252139567772E+04
 0.11125974093048E+04
 0.11230050430460E+04
 0.11209277880390E+04
 0.11210332056169E+04
 0.11155616725724E+04
 0.11173592507499E+04
 0.11266983216293E+04
 0.11161610125722E+04
 0.11210920805665E+04
 0.11207479302257E+04
 0.11226056157105E+04
 0.11216223105737E+04
 0.11245111139985E+04
 0.11312919906891E+04
 0.11260331243831E+04
 0.11339172972445E+04
 0.11276793717375E+04
 0.11322747838531E+04
 0.11267412547131E+04
 0.11311292602393E+04
 0.11277680655676E+04
 0.11401245559196E+04
 0.11354825114744E+04
 0.11441487656155E+04
 0.11386161044048E+04
 0.11401182640383E+04
 0.11349219841321E+04
 0.11403612812417E+04
 0.11477990367385E+04
 0.11496472625773E+04
 0.11544680776253E+04
 0.11461701133925E+04
 0.11462235570356E+04
 0.11468046881669E+04
 0.11509906490052E+04
 0.11506157583095E+04
 0.11634525899929E+04
 0.11637750851969E+04
 0.11564322898830E+04
 0.11629555214875E+04
 0.11558393806058E+04
 0.11663545669193E+04
 0.11720319937289E+04
