 0.67197792076794E+03
 0.67197792076794E+03
 0.67197792076794E+03
 0.67197792076794E+03
 0.67197792076794E+03
 0.67197823877565E+03
 0.67197734998231E+03
 0.67197756846389E+03
 0.67197660663052E+03
 0.67195495340662E+03
 0.67205188985754E+03
 0.67192827157642E+03
 0.67949582194605E+03
 0.67190633634510E+03
 0.67942965274651E+03
 0.67947477267217E+03
 0.67945972969675E+03
 0.67194404236533E+03
 0.67189493495517E+03
 0.67943914507355E+03
 0.67948071329734E+03
 0.67193495829407E+03
 0.67190470754046E+03
 0.67935253530545E+03
 0.67931080776140E+03
 0.67946942908067E+03
 0.67952494645371E+03
 0.67938653480380E+03
 0.68185740945289E+03
 0.67946890716527E+03
 0.67206301924263E+03
 0.68177162699992E+03
 0.67236546189046E+03
 0.67236160157579E+03
 0.67195466627538E+03
 0.67282949727017E+03
 0.67236247707066E+03
 0.67216022684472E+03
 0.67327726231576E+03
 0.67214949968902E+03
 0.67934480416644E+03
 0.67287826694716E+03
 0.67195011997392E+03
 0.67344895767594E+03
 0.67449301322899E+03
 0.67448801498314E+03
 0.67415835600873E+03
 0.67335607002322E+03
 0.67258478153054E+03
 0.67450625154299E+03
 0.67248838853949E+03
 0.67539498551847E+03
 0.67354726408552E+03
 0.67301890753030E+03
 0.67324437662931E+03
 0.67594847545987E+03
 0.68064850892797E+03
 0.67240126519203E+03
 0.67715308998888E+03
 0.67382017688673E+03
 0.67596452790466E+03
 0.67507891343688E+03
 0.68151717944611E+03
 0.67430000200664E+03
 0.67875927354407E+03
 0.67460173809655E+03
 0.67544634827815E+03
 0.67613132251752E+03
 0.67674010395532E+03
 0.67307374956271E+03
 0.67862135699931E+03
 0.67962177331709E+03
 0.68180842706559E+03
 0.67868832475253E+03
 0.67925483542231E+03
 0.67687260203452E+03
 0.68065093967404E+03
 0.68026859438583E+03
 0.67450268218879E+03
 0.67470450792477E+03
 0.67299552371070E+03
 0.68179808604653E+03
 0.67926385658884E+03
 0.68174570790078E+03
 0.67630996901991E+03
 0.67821809932119E+03
 0.67424221170699E+03
 0.67582506311387E+03
 0.67944630028401E+03
 0.67805200858474E+03
 0.67842468467444E+03
 0.68356220827489E+03
 0.67930057934391E+03
 0.68602842569431E+03
 0.67918095840530E+03
 0.68174489924930E+03
 0.68107118285283E+03
 0.68839232346550E+03
 0.68644394583223E+03
 0.68565482542572E+03
 0.68489685668940E+03
 0.68785450242548E+03
 0.68505676442202E+03
 0.68428283254631E+03
 0.68877143128814E+03
 0.68909520710416E+03
 0.69038560128121E+03
 0.69295452335736E+03
 0.69164361314882E+03
 0.69563659433832E+03
 0.68936786158107E+03
 0.69510993657002E+03
 0.69391050737853E+03
 0.69538820111016E+03
 0.69542258527443E+03
 0.70328751483611E+03
 0.69665643031826E+03
 0.70576007782775E+03
 0.70185815724613E+03
 0.70738022123783E+03
 0.70491004625504E+03
 0.70226534183469E+03
 0.70707599330557E+03
 0.71435542588535E+03
 0.71195769858617E+03
 0.71597373791652E+03
 0.71705114368224E+03
 0.71085466179185E+03
 0.71470846757496E+03
 0.71384693857559E+03
 0.72238872816883E+03
 0.71932029834531E+03
 0.71712157523709E+03
 0.71771881860644E+03
 0.72277251103903E+03
 0.72055127069199E+03
 0.72527307036460E+03
 0.72544298414750E+03
 0.72533257508503E+03
 0.72807151136997E+03
 0.73746482285959E+03
 0.73154666808461E+03
 0.73633120906199E+03
 0.74053679312576E+03
 0.74443385233614E+03
 0.74263220562497E+03
 0.74293344956249E+03
 0.74493496095016E+03
 0.75060920298789E+03
 0.74616733114758E+03
 0.74975228081516E+03
 0.74748944687991E+03
 0.75333714873779E+03
 0.75654787292658E+03
 0.76029003690508E+03
 0.76442803468860E+03
 0.76132775328659E+03
 0.76172664424499E+03
 0.76999360102215E+03
 0.76783158949163E+03
 0.76750216535704E+03
 0.77393617844369E+03
 0.76932232494759E+03
 0.77658895953461E+03
 0.77311105366583E+03
 0.78258977276704E+03
 0.78184451857266E+03
 0.78294178987671E+03
 0.79341044416980E+03
 0.78378994708017E+03
 0.78892697195748E+03
 0.79575217338870E+03
 0.80209325580934E+03
 0.80219981050121E+03
 0.79974176226341E+03
 0.80039317551584E+03
 0.80972198677079E+03
 0.80635174430971E+03
 0.81047494326251E+03
 0.81810441892835E+03
 0.81295921726499E+03
 0.81980890004817E+03
 0.82060569184573E+03
 0.81570051488672E+03
 0.81981469033583E+03
 0.82578464748133E+03
 0.82691260281051E+03
 0.83058607571262E+03
 0.83514553398963E+03
 0.82857383730663E+03
 0.83467087528542E+03
 0.83787435433204E+03
 0.83701202214260E+03
 0.84776294805251E+03
 0.84748189096296E+03
 0.85310693432690E+03
 0.84562300999717E+03
 0.85789260439182E+03
 0.85383431129135E+03
 0.85841299309375E+03
