 0.10000000133514E-09
 0.10000000133514E-09
 0.10000000133514E-09
 0.10000000133514E-09
 0.10000000133514E-09
 0.10000000133514E-09
 0.10000000133514E-09
 0.10000000133514E-09
 0.10000000133514E-09
 0.10000000133514E-09
 0.10000000133514E-09
 0.10000000133514E-09
 0.10000000133514E-09
 0.10000000133514E-09
 0.10000000133514E-09
 0.10000000133514E-09
 0.10000000133514E-09
 0.10000000133514E-09
 0.10000000133514E-09
 0.10000000133514E-09
 0.10000000133514E-09
 0.10000000133514E-09
 0.10000000133514E-09
 0.10000000133514E-09
 0.10000000133514E-09
 0.10000000133514E-09
 0.10000000133514E-09
 0.10000000133514E-09
 0.10000000133514E-09
 0.83486645878410E-06
 0.83486645878410E-06
 0.19488956451203E-05
 0.28698229797845E-05
 0.41337442001498E-05
 0.58377795637175E-05
 0.80963807488163E-05
 0.11043209774723E-04
 0.14833338640422E-04
 0.19643732565188E-04
 0.25674836240020E-04
 0.33153035958661E-04
 0.42329204474958E-04
 0.53480130969763E-04
 0.66911263883686E-04
 0.82956750383692E-04
 0.10197762629981E-03
 0.12436270970297E-03
 0.15053473545631E-03
 0.18094581317210E-03
 0.21607320342770E-03
 0.25643194494918E-03
 0.30256314036543E-03
 0.35504156683063E-03
 0.41447924948779E-03
 0.48152034294294E-03
 0.55683756114663E-03
 0.64113787815011E-03
 0.73516374891744E-03
 0.83971684783591E-03
 0.95553355354796E-03
 0.10836380639533E-02
 0.12247467632423E-02
 0.13798569121476E-02
 0.15500603213407E-02
 0.17362075881512E-02
 0.19395511343292E-02
 0.21610814263030E-02
 0.24017101900578E-02
 0.26632698130957E-02
 0.29465822442862E-02
 0.32532731924580E-02
 0.35845593538895E-02
 0.39417587627296E-02
 0.43291850838499E-02
 0.47437128378587E-02
 0.51890058386646E-02
 0.56673669360612E-02
 0.61807779235704E-02
 0.67291864110085E-02
 0.73175073907009E-02
 0.79463025041886E-02
 0.86189453048355E-02
 0.93356371816204E-02
 0.10101377163375E-01
 0.10918705160173E-01
 0.11788573333044E-01
 0.12714925949826E-01
 0.13702358412608E-01
 0.14752536225443E-01
 0.15871016262711E-01
 0.17057259639588E-01
 0.18319252489261E-01
 0.19661187744211E-01
 0.21087266995573E-01
 0.22600122718112E-01
 0.24204433223052E-01
 0.25914153392464E-01
 0.27723130350873E-01
 0.29644995062796E-01
 0.31684800350643E-01
 0.33854973237232E-01
 0.36152150033171E-01
 0.38590029528270E-01
 0.41181757015884E-01
 0.43934401244072E-01
 0.46856820323444E-01
 0.49953653368472E-01
 0.53257106971186E-01
 0.56760128167047E-01
 0.60476595605040E-01
 0.64427520746731E-01
 0.68632428356462E-01
 0.73101853659239E-01
 0.77859687129609E-01
 0.82928620565778E-01
 0.88319638960303E-01
 0.94048176795224E-01
 0.10015378921760E+00
 0.10666507920694E+00
 0.11358034096541E+00
 0.12094241584279E+00
 0.12877370849763E+00
 0.13710201348788E+00
 0.14595176886461E+00
 0.15531715742936E+00
 0.16520998623872E+00
 0.17564042259320E+00
 0.18663175175941E+00
 0.19813148018685E+00
 0.21008614607714E+00
 0.22246470351970E+00
 0.23523534040516E+00
 0.24824176347607E+00
 0.26149424731027E+00
 0.27485251819841E+00
 0.28819658677725E+00
 0.30151784077986E+00
 0.31467748175489E+00
 0.32763210675010E+00
 0.34030549471105E+00
 0.35264726521215E+00
 0.36465788682588E+00
 0.37628227413797E+00
 0.38749481895443E+00
 0.39829659065242E+00
 0.40865340685684E+00
 0.41859068316961E+00
 0.42808582122983E+00
 0.43716442661824E+00
 0.44583614066051E+00
 0.45409595808394E+00
 0.46199730276543E+00
 0.46956104567513E+00
 0.47679376489104E+00
 0.48373970448037E+00
 0.49041400866509E+00
 0.49684857516241E+00
 0.50306003029642E+00
 0.50907320865070E+00
 0.51490114654026E+00
 0.52055973869263E+00
 0.52606579893549E+00
 0.53142787948910E+00
 0.53665692343751E+00
 0.54176132615508E+00
 0.54674893783964E+00
 0.55162676350896E+00
 0.55640079255817E+00
 0.56107631044745E+00
 0.56565738820018E+00
 0.57014834109791E+00
 0.57455398068189E+00
 0.57887705224454E+00
 0.58312008605943E+00
 0.58728765795600E+00
 0.59138099977489E+00
 0.59540276685590E+00
 0.59935615667903E+00
 0.60324282991833E+00
 0.60706513166550E+00
 0.61082403576333E+00
 0.61452251494311E+00
 0.61816172795459E+00
 0.62174405277588E+00
 0.62526991674253E+00
 0.62874205691880E+00
 0.63216063506604E+00
 0.63552804254451E+00
 0.63884505336417E+00
 0.64211336881078E+00
 0.64533368240317E+00
 0.64850750874488E+00
 0.65163604749185E+00
 0.65472014467509E+00
 0.65776079565095E+00
 0.66075918646785E+00
 0.66371598272257E+00
 0.66663300638077E+00
 0.66951015598305E+00
 0.67234859290502E+00
