 0.64710694463868E-04
 0.64709147731278E-04
 0.64706566878458E-04
 0.64702952542888E-04
 0.64698298816402E-04
 0.64692602331337E-04
 0.64685860037704E-04
 0.64678060740075E-04
 0.64669200482377E-04
 0.64659268997092E-04
 0.64648260092632E-04
 0.64636161444102E-04
 0.64622967937520E-04
 0.64608669009782E-04
 0.64593255807391E-04
 0.64576715628534E-04
 0.64559040793851E-04
 0.64540220455255E-04
 0.64520237234140E-04
 0.64499084321494E-04
 0.64476739157110E-04
 0.64453194038518E-04
 0.64428427775210E-04
 0.64402418803332E-04
 0.64375143422916E-04
 0.64346576973351E-04
 0.64316690194306E-04
 0.64285459351899E-04
 0.64252851488180E-04
 0.64218824352678E-04
 0.64183340511181E-04
 0.64146375613927E-04
 0.64107876186189E-04
 0.64067798875586E-04
 0.64026127393289E-04
 0.63982805989123E-04
 0.63937800994830E-04
 0.63891063696702E-04
 0.63842581612380E-04
 0.63792330628763E-04
 0.63740223016226E-04
 0.63686293923573E-04
 0.63630512034619E-04
 0.63572841506028E-04
 0.63513244280773E-04
 0.63451743082068E-04
 0.63388351871411E-04
 0.63323033944659E-04
 0.63255770584288E-04
 0.63186572197553E-04
 0.63115475384707E-04
 0.63042450730261E-04
 0.62967528229239E-04
 0.62890709226436E-04
 0.62811985887023E-04
 0.62731403853260E-04
 0.62648986464220E-04
 0.62564698135194E-04
 0.62478626436760E-04
 0.62390814785082E-04
 0.62301068830206E-04
 0.62209742264306E-04
 0.62116684983524E-04
 0.62021819887901E-04
 0.61925419659540E-04
 0.61827193433003E-04
 0.61727440702256E-04
 0.61626285518254E-04
 0.61523369811924E-04
 0.61419059524471E-04
 0.61313021377771E-04
 0.61205587283149E-04
 0.61096937070012E-04
 0.60986500506120E-04
 0.60874928854572E-04
 0.60761828522843E-04
 0.60647434559530E-04
 0.60531587148094E-04
 0.60414798341094E-04
 0.60296423190239E-04
 0.60176926865221E-04
 0.60056241466685E-04
 0.59934443886306E-04
 0.59811451483644E-04
 0.59687024115678E-04
 0.59561793489962E-04
 0.59435501074628E-04
 0.59307903071157E-04
 0.59179328617842E-04
 0.59049604671394E-04
 0.58919271031997E-04
 0.58787994877973E-04
 0.58655408898045E-04
 0.58521808633812E-04
 0.58387747792874E-04
 0.58252908314537E-04
 0.58116669997517E-04
 0.57980037958358E-04
 0.57842381858388E-04
 0.57704085659507E-04
 0.57564689586786E-04
 0.57424907631697E-04
 0.57284411754060E-04
 0.57142975218465E-04
 0.57000609891888E-04
 0.56857845963917E-04
 0.56714731902431E-04
 0.56570275448651E-04
 0.56425412731052E-04
 0.56280221410074E-04
 0.56134576708385E-04
 0.55987946157744E-04
 0.55840840704822E-04
 0.55692969206042E-04
 0.55544253606410E-04
 0.55395376569100E-04
 0.55245866971047E-04
 0.55095673661259E-04
 0.54944644814517E-04
 0.54793041897911E-04
 0.54640939730136E-04
 0.54488350515467E-04
 0.54334220676713E-04
 0.54179265153294E-04
 0.54023853120376E-04
 0.53867720796174E-04
 0.53710631834931E-04
 0.53551568864828E-04
 0.53391395250171E-04
 0.53230236635914E-04
 0.53067381537723E-04
 0.52902289108457E-04
 0.52736261091115E-04
 0.52567842005407E-04
 0.52396991968024E-04
 0.52225010008693E-04
 0.52050045154461E-04
 0.51873195519020E-04
 0.51694500252367E-04
 0.51514354691359E-04
 0.51332930415343E-04
 0.51149506056735E-04
 0.50964741827366E-04
 0.50779290361270E-04
 0.50592766058930E-04
 0.50406311474310E-04
 0.50218949479320E-04
 0.50031902560312E-04
 0.49844354291287E-04
 0.49656357368678E-04
 0.49469842681824E-04
 0.49282239437632E-04
 0.49093458434146E-04
 0.48905420528160E-04
 0.48716025070693E-04
 0.48526481619261E-04
 0.48335667004570E-04
 0.48144311878861E-04
 0.47951157377775E-04
 0.47757737006142E-04
 0.47563495137708E-04
 0.47367712607038E-04
 0.47171133789118E-04
 0.46973916203144E-04
 0.46776593033639E-04
 0.46578095643206E-04
 0.46379535893409E-04
 0.46180300270704E-04
 0.45980832477340E-04
 0.45781423144267E-04
 0.45582581521581E-04
 0.45382823521419E-04
 0.45183472120261E-04
 0.44985323599646E-04
 0.44786501412287E-04
 0.44587803923322E-04
 0.44390835504356E-04
 0.44193361579856E-04
 0.43997061439688E-04
 0.43800164348014E-04
 0.43606220417001E-04
 0.43411508752774E-04
 0.43218354269944E-04
 0.43024094598004E-04
 0.42832596655700E-04
 0.42640482391516E-04
 0.42450999531623E-04
 0.42261200434486E-04
 0.42073019069409E-04
 0.41884995442489E-04
 0.41698781133000E-04
 0.41512339640440E-04
 0.41327147418317E-04
 0.41143280853737E-04
 0.40960532477549E-04
 0.40779469895694E-04
 0.40598815668333E-04
 0.40418709189343E-04
 0.40239839656574E-04
 0.40062712368471E-04
