 0.16431646807701E+00
 0.16431646807697E+00
 0.16431646807651E+00
 0.16431646810801E+00
 0.16431646927819E+00
 0.16431648034875E+00
 0.16431652778923E+00
 0.16431665760741E+00
 0.16431691794218E+00
 0.16431734131408E+00
 0.16431793132732E+00
 0.16431865791848E+00
 0.16431946793289E+00
 0.16432026598971E+00
 0.16432096554680E+00
 0.16432141105522E+00
 0.16432149318707E+00
 0.16432107138667E+00
 0.16431999378100E+00
 0.16431811840919E+00
 0.16430024804269E+00
 0.16429243419835E+00
 0.16428315774301E+00
 0.16427229699262E+00
 0.16425970386619E+00
 0.16424526481828E+00
 0.16422877695823E+00
 0.16421031108166E+00
 0.16418965167847E+00
 0.16416657520193E+00
 0.16414083439802E+00
 0.16411259694025E+00
 0.16408144563773E+00
 0.16404711470219E+00
 0.16400996018806E+00
 0.16396936228710E+00
 0.16392535293211E+00
 0.16387747705367E+00
 0.16382605223352E+00
 0.16377109119175E+00
 0.16371113150702E+00
 0.16364732810946E+00
 0.16357940028891E+00
 0.16350692539685E+00
 0.16342922317250E+00
 0.16334698822778E+00
 0.16326062688948E+00
 0.16316940552550E+00
 0.16307284623570E+00
 0.16297109173718E+00
 0.16286487149011E+00
 0.16275326846917E+00
 0.16263685096426E+00
 0.16251520518865E+00
 0.16238790931311E+00
 0.16225556424028E+00
 0.16211835457348E+00
 0.16197494792791E+00
 0.16182686782620E+00
 0.16167462142035E+00
 0.16151325815816E+00
 0.16135016373926E+00
 0.16118135247058E+00
 0.16100452217831E+00
 0.16082525037700E+00
 0.16063614255795E+00
 0.16044339369232E+00
 0.16024914667155E+00
 0.16004463875383E+00
 0.15983721675159E+00
 0.15961880735133E+00
 0.15939603490403E+00
 0.15917224555941E+00
 0.15893382385637E+00
 0.15869456576230E+00
 0.15844485996158E+00
 0.15818913649171E+00
 0.15792301321863E+00
 0.15765717355574E+00
 0.15737594805909E+00
 0.15708920442132E+00
 0.15679447834067E+00
 0.15649243424828E+00
 0.15618026321509E+00
 0.15585170132383E+00
 0.15551981093610E+00
 0.15517805833085E+00
 0.15481968747223E+00
 0.15445103119596E+00
 0.15406679448345E+00
 0.15367859434520E+00
 0.15327745414218E+00
 0.15285403748235E+00
 0.15241344555708E+00
 0.15196750386421E+00
 0.15150760020641E+00
 0.15101720529813E+00
 0.15051920250759E+00
 0.14999715711273E+00
 0.14945799361683E+00
 0.14889012841959E+00
 0.14830813708540E+00
 0.14770290684316E+00
 0.14706681535094E+00
 0.14639854414697E+00
 0.14570852120663E+00
 0.14499556500763E+00
 0.14423407414355E+00
 0.14344360109656E+00
 0.14262476879600E+00
 0.14177079403053E+00
 0.14086632037032E+00
 0.13992036196849E+00
 0.13892276680842E+00
 0.13786722976692E+00
 0.13676860348150E+00
 0.13561072422118E+00
 0.13438768272090E+00
 0.13309048655922E+00
 0.13172266313810E+00
 0.13027990909177E+00
 0.12875801735061E+00
 0.12712338107863E+00
 0.12538808334964E+00
 0.12355885034680E+00
 0.12162289467351E+00
 0.11956867342888E+00
 0.11736097913990E+00
 0.11502140627301E+00
 0.11255438703558E+00
 0.10993561829484E+00
 0.10714783704109E+00
 0.10423670376217E+00
 0.10116108002663E+00
 0.97895712442551E-01
 0.94555452424872E-01
 0.91024049969939E-01
 0.87366485101330E-01
 0.83590691486396E-01
 0.79718875669601E-01
 0.75768520031440E-01
 0.71725063019267E-01
 0.67627776597692E-01
 0.63516923547853E-01
 0.59400814413162E-01
 0.55344771347270E-01
 0.51343639671000E-01
 0.47469463316458E-01
 0.43726991807013E-01
 0.40150025864504E-01
 0.36818751663456E-01
 0.33681672493032E-01
 0.30755991762430E-01
 0.28093210455969E-01
 0.25646794741290E-01
 0.23434906791436E-01
 0.21426495770176E-01
 0.19619516956378E-01
 0.17981399105180E-01
 0.16515264050795E-01
 0.15196978826520E-01
 0.14004437381258E-01
 0.12930548439470E-01
 0.11962744225857E-01
 0.11091967901398E-01
 0.10300395696205E-01
 0.95849606360763E-02
 0.89337386044494E-02
 0.83413931076332E-02
 0.78022753959396E-02
 0.73120005959225E-02
 0.68602394286358E-02
 0.64469604440027E-02
 0.60700482711150E-02
 0.57207760242072E-02
 0.53983214740894E-02
 0.51033890324876E-02
 0.48285933942044E-02
 0.45751666341139E-02
 0.43380172787659E-02
 0.41213281081474E-02
 0.39174292363121E-02
 0.37285471001168E-02
 0.35498342034376E-02
 0.33852687898008E-02
 0.32296105924899E-02
 0.30857116931529E-02
 0.29494903678790E-02
 0.28222455878148E-02
 0.27019083111221E-02
 0.25894091623996E-02
 0.24824441153828E-02
 0.23817944604390E-02
 0.22870390121604E-02
 0.21975822109221E-02
 0.21134104566320E-02
 0.20333334059937E-02
 0.19571746343016E-02
 0.18850853994657E-02
 0.18170407134967E-02
