 0.12287856071230E+01
 0.12287856154771E+01
 0.12287856532512E+01
 0.12287857575042E+01
 0.12287859811654E+01
 0.12287863952369E+01
 0.12287871001454E+01
 0.12287882577213E+01
 0.12287901441526E+01
 0.12287932079748E+01
 0.12287981102355E+01
 0.12288057403441E+01
 0.12288172093530E+01
 0.12288337967791E+01
 0.12288569443464E+01
 0.12288881494832E+01
 0.12289289885613E+01
 0.12289810288310E+01
 0.12290458018122E+01
 0.12291247943628E+01
 0.12292193610123E+01
 0.12293309290959E+01
 0.12294606767946E+01
 0.12296097596065E+01
 0.12297792352762E+01
 0.12299701127895E+01
 0.12301832864373E+01
 0.12304197724795E+01
 0.12306803818951E+01
 0.12309659040352E+01
 0.12312771019372E+01
 0.12316150110160E+01
 0.12319803192763E+01
 0.12323738452204E+01
 0.12327970712543E+01
 0.12332502132824E+01
 0.12337345866156E+01
 0.12342510782704E+01
 0.12348011188031E+01
 0.12353859412926E+01
 0.12360060320568E+01
 0.12366634336517E+01
 0.12373595153762E+01
 0.12380954754474E+01
 0.12388726114366E+01
 0.12396929816675E+01
 0.12405585598322E+01
 0.12414707942105E+01
 0.12424314645206E+01
 0.12434427092653E+01
 0.12445069703198E+01
 0.12456259328001E+01
 0.12468027298650E+01
 0.12480395559007E+01
 0.12493390256738E+01
 0.12507038686709E+01
 0.12521383580664E+01
 0.12536444435677E+01
 0.12552256257630E+01
 0.12568882762904E+01
 0.12586328640271E+01
 0.12604677765439E+01
 0.12623961186941E+01
 0.12644227620209E+01
 0.12665561303766E+01
 0.12688019668195E+01
 0.12711662960367E+01
 0.12736589902238E+01
 0.12762902172640E+01
 0.12790711255534E+01
 0.12820178438427E+01
 0.12851433924015E+01
 0.12884667360944E+01
 0.12920148735916E+01
 0.12958124782460E+01
 0.12999059752126E+01
 0.13043492797527E+01
 0.13092360571653E+01
 0.13146979694501E+01
 0.13211442004928E+01
