 0.67197792076794E+03
 0.67197792076794E+03
 0.67197792076794E+03
 0.67197792076794E+03
 0.67197792076794E+03
 0.67197823877565E+03
 0.67197734998231E+03
 0.67197756846389E+03
 0.67197660663052E+03
 0.67195495340662E+03
 0.67205188985754E+03
 0.67192827157642E+03
 0.67949582194605E+03
 0.67190633634510E+03
 0.67942965274651E+03
 0.67947477267217E+03
 0.67945972969675E+03
 0.67194404236533E+03
 0.67189493495517E+03
 0.67943914507355E+03
 0.67948071329734E+03
 0.67193495829407E+03
 0.67190470754046E+03
 0.67935253530545E+03
 0.67931080776140E+03
 0.67946942908067E+03
 0.67952494645371E+03
 0.67938655386446E+03
 0.68185763081388E+03
 0.67948494490297E+03
 0.67206977439972E+03
 0.68179190410224E+03
 0.67237733669274E+03
 0.67235514931658E+03
 0.67205275827305E+03
 0.67280200018665E+03
 0.67221705232305E+03
 0.67220990931721E+03
 0.67326337028700E+03
 0.67213156999528E+03
 0.67943416554005E+03
 0.67281448520418E+03
 0.67203863488200E+03
 0.67336717308204E+03
 0.67441633926322E+03
 0.67437672495874E+03
 0.67420970354891E+03
 0.67331202034488E+03
 0.67263425125285E+03
 0.67435284363156E+03
 0.67242316492761E+03
 0.67538775432232E+03
 0.67347034569500E+03
 0.67303548383090E+03
 0.67309337227466E+03
 0.67579580991766E+03
 0.68058143691241E+03
 0.67238096379637E+03
 0.67709432792171E+03
 0.67376707136886E+03
 0.67606217067567E+03
 0.67472027085475E+03
 0.68136927857761E+03
 0.67425736435504E+03
 0.67879338927440E+03
 0.67466499874089E+03
 0.67533355579188E+03
 0.67618121845893E+03
 0.67687982290910E+03
 0.67291313445656E+03
 0.67876831748082E+03
 0.67941654224832E+03
 0.68191127623195E+03
 0.67898569921998E+03
 0.67942800757955E+03
 0.67721535700650E+03
 0.68270603870933E+03
 0.68025278508079E+03
 0.67511000325537E+03
 0.67435166811283E+03
 0.67310180522771E+03
 0.68153494525343E+03
 0.67887402369699E+03
 0.68169607305424E+03
 0.67606564546018E+03
 0.67862233006902E+03
 0.67894067085917E+03
 0.67606100674537E+03
 0.67963773469520E+03
 0.67831027004045E+03
 0.67844346381759E+03
 0.68337959581278E+03
 0.67970172815927E+03
 0.68545170342780E+03
 0.67912687033558E+03
 0.68158549113756E+03
 0.68099547496361E+03
 0.67947122278077E+03
 0.68659028361618E+03
 0.68562931270113E+03
 0.68450003126747E+03
 0.68808943727492E+03
 0.68657733058369E+03
 0.68534487550549E+03
 0.68945377119259E+03
 0.68867206246963E+03
 0.69052901695668E+03
 0.69217562279402E+03
 0.69333527794272E+03
 0.69581443266363E+03
 0.69127234539051E+03
 0.69612751600280E+03
 0.69333713839742E+03
 0.69635700693152E+03
 0.69582590896346E+03
 0.70489865714877E+03
 0.69764277152510E+03
 0.69842119526457E+03
 0.70363922377973E+03
 0.70887412797312E+03
 0.70778230035026E+03
 0.70363931101107E+03
 0.70916953092159E+03
 0.71505381217183E+03
 0.71301734786500E+03
 0.71869064544846E+03
 0.71877764345966E+03
 0.71311134481498E+03
 0.71542042320279E+03
 0.71874166688496E+03
 0.72500241358113E+03
 0.72019098601877E+03
 0.72128864231697E+03
 0.72390118031589E+03
 0.72499558885682E+03
 0.72785452673408E+03
 0.72690670010626E+03
 0.72810179769458E+03
 0.73456160776083E+03
 0.73213248637307E+03
 0.73659627066583E+03
 0.73799850792626E+03
 0.73664721856650E+03
 0.74312025759688E+03
 0.74890776454547E+03
 0.74950648877751E+03
 0.74711219203924E+03
 0.75335536884491E+03
 0.74870177357492E+03
 0.74924357815925E+03
 0.75399328458093E+03
 0.75458533629427E+03
 0.75769193821497E+03
 0.76117497490816E+03
 0.76552386537525E+03
 0.76835496342449E+03
 0.76437506212538E+03
 0.76350989136199E+03
 0.76966213378752E+03
 0.77182647570084E+03
 0.77763402320576E+03
 0.78064141073662E+03
 0.77974948231016E+03
 0.78503841143194E+03
 0.77622405786332E+03
 0.77821649520374E+03
 0.78206676636798E+03
 0.78996762522048E+03
 0.79646242798817E+03
 0.79153830727906E+03
 0.79661993703287E+03
 0.80123613584846E+03
 0.79229430691962E+03
 0.79622139740016E+03
 0.80022926689344E+03
 0.79981989820817E+03
 0.80156558620991E+03
 0.80792659920676E+03
 0.80748751788347E+03
 0.81170643793781E+03
 0.81897450769984E+03
 0.82065142441311E+03
 0.81979038418242E+03
 0.81928762611969E+03
 0.82352690145178E+03
 0.82291913397889E+03
 0.82955921695223E+03
 0.83532983618147E+03
 0.83329133214968E+03
 0.83537881528765E+03
 0.83551755189176E+03
 0.83990032755383E+03
 0.84307545029349E+03
 0.84063942030196E+03
 0.84845352767703E+03
 0.84983633667676E+03
 0.85141056228199E+03
 0.86102887177670E+03
 0.86170356630152E+03
 0.86468754628765E+03
 0.86208096109717E+03
 0.86028954461641E+03
 0.86829416998304E+03
 0.87626370468705E+03
 0.87331693017334E+03
 0.87425562670791E+03
 0.87794277806986E+03
 0.88288790195803E+03
 0.87588607069153E+03
 0.88327274806045E+03
 0.88426811082963E+03
 0.89077453551754E+03
 0.89073540414473E+03
 0.89017277437134E+03
 0.90123183071155E+03
 0.89989441558432E+03
 0.90011025324422E+03
 0.90424435354045E+03
 0.91100190732489E+03
 0.90480998219317E+03
 0.91698737484911E+03
 0.91944395613108E+03
 0.91415858932070E+03
 0.91535126908964E+03
 0.92350727847337E+03
 0.93170966139699E+03
 0.92286521823314E+03
 0.93346842871032E+03
 0.93712625984848E+03
 0.93792444025996E+03
 0.94406366830112E+03
 0.94704490063043E+03
 0.94540647924981E+03
 0.94559848303495E+03
 0.94670565208591E+03
 0.95223734455212E+03
 0.95118925516435E+03
 0.96329494478116E+03
 0.95396567268770E+03
 0.96538615462391E+03
 0.96346740026941E+03
 0.96852136774813E+03
 0.96480398575845E+03
 0.97486252006933E+03
 0.96836797682279E+03
 0.97288694104909E+03
 0.98533788637157E+03
 0.97925519574316E+03
 0.99100169536325E+03
 0.98587577986168E+03
 0.99488262367234E+03
 0.99206965642395E+03
 0.98990345343987E+03
 0.10062316770112E+04
 0.99998094944382E+03
 0.10088828309734E+04
 0.10086291658424E+04
 0.10085832947095E+04
 0.10141246126431E+04
 0.10214042374244E+04
 0.10184140770682E+04
 0.10160428050340E+04
 0.10305459185703E+04
 0.10268537240342E+04
 0.10320727338106E+04
 0.10324969657116E+04
 0.10337847396418E+04
 0.10370113564941E+04
 0.10496316976195E+04
 0.10481382027378E+04
 0.10505861080505E+04
 0.10494370942710E+04
 0.10561843551266E+04
 0.10498605946854E+04
 0.10527338228265E+04
 0.10617657798689E+04
 0.10599424836055E+04
 0.10693128702032E+04
 0.10636361280381E+04
 0.10689051939331E+04
 0.10744974357489E+04
 0.10824122270945E+04
 0.10837990716765E+04
 0.10798888096543E+04
 0.10905402731872E+04
 0.10875187248106E+04
 0.10999023396230E+04
 0.10967151993366E+04
 0.10921072332993E+04
 0.10945688981036E+04
 0.11015218968854E+04
 0.11081657334665E+04
 0.11109474384214E+04
 0.11165215261623E+04
 0.11087805240658E+04
 0.11189753327523E+04
 0.11265084907768E+04
 0.11232400741369E+04
 0.11346613090692E+04
 0.11304596605154E+04
