 0.10000000133514E-09
 0.10000000133514E-09
 0.10000000133514E-09
 0.10000000133514E-09
 0.10000000133514E-09
 0.10000000133514E-09
 0.10000000133514E-09
 0.10000000133514E-09
 0.10000000133514E-09
 0.10000000133514E-09
 0.10000000133514E-09
 0.10000000133514E-09
 0.10000000133514E-09
 0.10000000133514E-09
 0.10000000133514E-09
 0.10000000133514E-09
 0.10000000133514E-09
 0.10000000133514E-09
 0.10000000133514E-09
 0.10000000133514E-09
 0.10000000133514E-09
 0.10000000133514E-09
 0.10000000133514E-09
 0.10000000133514E-09
 0.10000000133514E-09
 0.10000000133514E-09
 0.10000000133514E-09
 0.10000000133514E-09
 0.10000000133514E-09
 0.10000000133514E-09
 0.17614012156030E-04
 0.17614012156030E-04
 0.32618203575527E-04
 0.32618203575527E-04
 0.56466491982987E-04
 0.72691231419302E-04
 0.92367493467088E-04
 0.11597138116590E-03
 0.14400031473244E-03
 0.17697350897065E-03
 0.21543957263184E-03
 0.25995458493985E-03
 0.31108609511846E-03
 0.36942166376409E-03
 0.43556228867501E-03
 0.51010619738051E-03
 0.59364953016963E-03
 0.68681416812173E-03
 0.79021675011070E-03
 0.90444859689143E-03
 0.10301332254797E-02
 0.11678662462945E-02
 0.13182440510376E-02
 0.14818799740967E-02
 0.16593703934734E-02
 0.18512944797443E-02
 0.20582237362631E-02
 0.22807194405304E-02
 0.25194072014212E-02
 0.27746286595962E-02
 0.30473745667582E-02
 0.33377252594616E-02
 0.36463792208699E-02
 0.39741303761298E-02
 0.43211063338340E-02
 0.46882601587498E-02
 0.50758024367559E-02
 0.54837715603440E-02
 0.59138537473857E-02
 0.63657474285040E-02
 0.68404440101083E-02
 0.73381485073966E-02
 0.78591470498457E-02
 0.84046924995278E-02
 0.89748314518338E-02
 0.95699828251241E-02
 0.10191277629345E-01
 0.10839557324055E-01
 0.11512449155257E-01
 0.12214710680410E-01
 0.12945272283690E-01
 0.13704960749396E-01
 0.14492025546535E-01
 0.15310417109688E-01
 0.16160533254012E-01
 0.17040638537915E-01
 0.17952770798051E-01
 0.18899394657879E-01
 0.19878805023155E-01
 0.20894359996046E-01
 0.21942287812575E-01
 0.23027593205402E-01
 0.24150159689717E-01
 0.25313006287066E-01
 0.26512504912136E-01
 0.27750298354173E-01
 0.29034669476056E-01
 0.30356407423595E-01
 0.31723240312122E-01
 0.33135008617645E-01
 0.34595836778556E-01
 0.36100537117431E-01
 0.37654002611328E-01
 0.39259368114785E-01
 0.40918286926515E-01
 0.42630623021498E-01
 0.44394744993709E-01
 0.46224294184336E-01
 0.48109843271858E-01
 0.50053335742053E-01
 0.52059524675544E-01
 0.54136915482258E-01
 0.56279541912089E-01
 0.58496915951731E-01
 0.60790842862713E-01
 0.63160468571199E-01
 0.65606040504213E-01
 0.68138343026551E-01
 0.70763192145965E-01
 0.73473470835869E-01
 0.76278799520449E-01
 0.79186153887748E-01
 0.82200557318873E-01
 0.85326465905331E-01
 0.88563692782576E-01
 0.91917075658878E-01
 0.95396241454576E-01
 0.99020735728335E-01
 0.10278167059821E+00
 0.10668225184341E+00
 0.11074172805535E+00
 0.11497591052520E+00
 0.11936230517648E+00
 0.12394088946688E+00
 0.12871927095036E+00
 0.13368452781802E+00
 0.13887877381772E+00
 0.14429242865422E+00
 0.14994294914506E+00
 0.15582601922570E+00
 0.16195448777568E+00
 0.16837214083903E+00
 0.17506390255611E+00
 0.18201174482031E+00
 0.18925930565778E+00
 0.19678260475889E+00
 0.20459486239453E+00
 0.21267631324329E+00
 0.22102667557485E+00
 0.22962397324442E+00
 0.23839560662949E+00
 0.24736338649899E+00
 0.25648053172594E+00
 0.26564944501645E+00
 0.27485604271878E+00
 0.28401690072679E+00
 0.29309482081197E+00
 0.30203033584096E+00
 0.31080013419479E+00
 0.31935703511724E+00
 0.32768968832529E+00
 0.33580105513394E+00
 0.34368565860462E+00
 0.35135016548200E+00
 0.35880515938141E+00
 0.36607055779031E+00
 0.37315554333603E+00
 0.38007470089939E+00
 0.38684012897361E+00
 0.39346108871280E+00
 0.39994640440777E+00
 0.40630637425285E+00
 0.41254536146920E+00
 0.41866758255993E+00
 0.42468098729240E+00
 0.43058921305235E+00
 0.43639199839098E+00
 0.44209751402408E+00
 0.44770463579536E+00
 0.45321896911739E+00
 0.45863865770895E+00
 0.46397021659242E+00
 0.46921294561011E+00
 0.47437086030775E+00
 0.47944327582991E+00
 0.48443431576366E+00
 0.48934397401048E+00
 0.49417500024396E+00
 0.49892876218095E+00
 0.50360728031222E+00
 0.50821101533140E+00
 0.51274298227583E+00
 0.51720391692928E+00
 0.52159577174057E+00
 0.52591901695525E+00
 0.53017582696688E+00
 0.53436782981395E+00
 0.53849671837349E+00
 0.54256306852153E+00
 0.54656837268471E+00
 0.55051432790116E+00
 0.55440191086278E+00
 0.55823282455353E+00
 0.56200760669974E+00
 0.56572842662013E+00
 0.56939516456181E+00
 0.57301034043358E+00
 0.57657420763237E+00
 0.58008791892766E+00
 0.58355296360756E+00
 0.58696995747413E+00
 0.59034004771489E+00
 0.59366479953543E+00
 0.59694390800810E+00
 0.60017927850276E+00
 0.60337179485248E+00
 0.60652204019938E+00
 0.60963105896149E+00
 0.61269950282151E+00
 0.61572867492416E+00
 0.61871865622881E+00
 0.62167079186766E+00
 0.62458603645376E+00
 0.62746446011515E+00
 0.63030701127536E+00
 0.63311472913486E+00
 0.63588762248190E+00
 0.63862702124262E+00
 0.64133358353278E+00
 0.64400767339474E+00
 0.64664947798537E+00
 0.64926060672103E+00
 0.65184095608297E+00
 0.65439124621513E+00
 0.65691222998082E+00
 0.65940369104419E+00
 0.66186745841676E+00
 0.66430296532252E+00
 0.66671121246873E+00
 0.66909259910530E+00
 0.67144762552188E+00
 0.67377672866133E+00
 0.67608007692381E+00
 0.67835902205664E+00
 0.68061272340306E+00
 0.68284280632366E+00
 0.68504905909614E+00
 0.68723192496011E+00
 0.68939176911894E+00
 0.69152924050043E+00
 0.69364428983824E+00
 0.69573794777345E+00
 0.69780976570679E+00
 0.69986092679736E+00
 0.70189106105231E+00
 0.70390105081627E+00
 0.70589092054923E+00
 0.70786106103257E+00
 0.70981167502714E+00
 0.71174331376125E+00
 0.71365602555359E+00
 0.71555046775824E+00
 0.71742658863353E+00
 0.71928472846890E+00
 0.72112521271009E+00
 0.72294856974972E+00
 0.72475464277280E+00
 0.72654375345300E+00
 0.72831645194201E+00
 0.73007266222291E+00
 0.73181289256844E+00
 0.73353717880832E+00
 0.73524598444471E+00
 0.73693925674009E+00
 0.73861744130471E+00
 0.74028051924058E+00
 0.74192894437152E+00
 0.74356287185064E+00
 0.74518245428555E+00
 0.74678784198990E+00
 0.74837942408627E+00
 0.74995724036439E+00
 0.75152154773974E+00
 0.75307255297920E+00
 0.75461031883323E+00
 0.75613539335473E+00
 0.75764726145801E+00
 0.75914668081517E+00
 0.76063355286795E+00
 0.76210821397613E+00
 0.76357074595078E+00
 0.76502128198221E+00
 0.76646014724979E+00
 0.76788722805144E+00
 0.76930285812813E+00
 0.77070697645171E+00
 0.77210003422739E+00
 0.77348219649028E+00
 0.77485323086422E+00
 0.77621351804583E+00
