 0.13708380095672E+03
 0.13708380095668E+03
 0.13708380095628E+03
 0.13708380104278E+03
 0.13708380419564E+03
 0.13708383395743E+03
 0.13708396560561E+03
 0.13708433276320E+03
 0.13708509673953E+03
 0.13708640656966E+03
 0.13708837510282E+03
 0.13709107221545E+03
 0.13709452878158E+03
 0.13709874545735E+03
 0.13710369749104E+03
 0.13710934226652E+03
 0.13711562574159E+03
 0.13712248251796E+03
 0.13712984303229E+03
 0.13713763313381E+03
 0.13710579150363E+03
 0.13710386046807E+03
 0.13710161987848E+03
 0.13709906005151E+03
 0.13709617789030E+03
 0.13709297378159E+03
 0.13708945557108E+03
 0.13708563097361E+03
 0.13708151888186E+03
 0.13707714212104E+03
 0.13707252896013E+03
 0.13706770358820E+03
 0.13706270542038E+03
 0.13705757207737E+03
 0.13705233336043E+03
 0.13704703715580E+03
 0.13704172119867E+03
 0.13703643127470E+03
 0.13703120110606E+03
 0.13702606419250E+03
 0.13702108448386E+03
 0.13701627219005E+03
 0.13701166400419E+03
 0.13700729714253E+03
 0.13700320698122E+03
 0.13699940456208E+03
 0.13699590311009E+03
 0.13699273271104E+03
 0.13698991313794E+03
 0.13698745344425E+03
 0.13698535195456E+03
 0.13698362899486E+03
 0.13698227930169E+03
 0.13698130903675E+03
 0.13698073167336E+03
 0.13698053464699E+03
 0.13698071352481E+03
 0.13698129046521E+03
 0.13698223268897E+03
 0.13698354457942E+03
 0.13698529297334E+03
 0.13698737028973E+03
 0.13698983504027E+03
 0.13699273354727E+03
 0.13699598670329E+03
 0.13699971561545E+03
 0.13700383343563E+03
 0.13700833451615E+03
 0.13701336269521E+03
 0.13701883818622E+03
 0.13702490841953E+03
 0.13703150500542E+03
 0.13703860311833E+03
 0.13704648211719E+03
 0.13705495338468E+03
 0.13706423289223E+03
 0.13707429415598E+03
 0.13708531007024E+03
 0.13709712826629E+03
 0.13711013780452E+03
 0.13712424647881E+03
 0.13713957575081E+03
 0.13715621753352E+03
 0.13717434559460E+03
 0.13719420923630E+03
 0.13721567388923E+03
 0.13723899103715E+03
 0.13726449321407E+03
 0.13729217583472E+03
 0.13732235741036E+03
 0.13735489936475E+03
 0.13739027177120E+03
 0.13742884842385E+03
 0.13747082261961E+03
 0.13751602797332E+03
 0.13756494897602E+03
 0.13761843614929E+03
 0.13767595230165E+03
 0.13773839096180E+03
 0.13780588393399E+03
 0.13787914395060E+03
 0.13795802502864E+03
 0.13804319801582E+03
 0.13813544940978E+03
 0.13823530040792E+03
 0.13834278961491E+03
 0.13845834977948E+03
 0.13858399429788E+03
 0.13871911281220E+03
 0.13886420363798E+03
 0.13902042508776E+03
 0.13918936262904E+03
 0.13937112282307E+03
 0.13956734575515E+03
 0.13977931196213E+03
 0.14000680640975E+03
 0.14025181706535E+03
 0.14051595992637E+03
 0.14080145148969E+03
 0.14110859028644E+03
 0.14143922392059E+03
 0.14179554728348E+03
 0.14218200654175E+03
 0.14259950828875E+03
 0.14304872837399E+03
 0.14353314195809E+03
 0.14405634724581E+03
 0.14462643349908E+03
 0.14524284781776E+03
 0.14590846623710E+03
 0.14663144268289E+03
 0.14742068141964E+03
 0.14827278249410E+03
 0.14920381228263E+03
 0.15022289749148E+03
 0.15132862125194E+03
 0.15254664295025E+03
 0.15387986688050E+03
 0.15534417529616E+03
 0.15694965153127E+03
 0.15874049942024E+03
 0.16067111833539E+03
 0.16281138971389E+03
 0.16523602882771E+03
 0.16790702052177E+03
 0.17087085051216E+03
 0.17418694640404E+03
 0.17788698334756E+03
 0.18203724934681E+03
 0.18670084845345E+03
 0.19187785076975E+03
 0.19771051234822E+03
 0.20427504587625E+03
 0.21154846347597E+03
 0.21967291618081E+03
 0.22862744028803E+03
 0.23848556675318E+03
 0.24922094675172E+03
 0.26088363002484E+03
 0.27336109935551E+03
 0.28662322285866E+03
 0.30068054514310E+03
 0.31541473247667E+03
 0.33076602867110E+03
 0.34663436318627E+03
 0.36306128282276E+03
 0.37992964984908E+03
 0.39723827160561E+03
 0.41495050382192E+03
 0.43303640820738E+03
 0.45140804705679E+03
 0.47019754653961E+03
 0.48930336097049E+03
 0.50862070976440E+03
 0.52833249307366E+03
 0.54837506163628E+03
 0.56856178869494E+03
 0.58916506133266E+03
 0.61000516057156E+03
 0.63124572175580E+03
 0.65253242557586E+03
 0.67428165165242E+03
 0.69621892102866E+03
 0.71864205254908E+03
 0.74115641460534E+03
 0.76412036237425E+03
 0.78721384492896E+03
 0.81069065126088E+03
 0.83444035961210E+03
 0.85854703087966E+03
 0.88289378968017E+03
 0.90765716875811E+03
 0.93272449173161E+03
 0.95808423700499E+03
 0.98371739717912E+03
 0.10096058132112E+04
 0.10358890440816E+04
 0.10626006534076E+04
 0.10895821857444E+04
 0.11168449319213E+04
 0.11444940128300E+04
 0.11724451003764E+04
 0.12008732453670E+04
 0.12295272965564E+04
 0.12586956327010E+04
 0.12880432994078E+04
 0.13178775094537E+04
 0.13480946276683E+04
 0.13786487998185E+04
 0.14095580208928E+04
 0.14409188784508E+04
 0.14726421589307E+04
 0.15048920576748E+04
 0.15373527040443E+04
 0.15702616956096E+04
 0.16036194817086E+04
 0.16373926454145E+04
 0.16716060273031E+04
 0.17061140980900E+04
 0.17412341853012E+04
 0.17766593215217E+04
 0.18126234392701E+04
 0.18491154868288E+04
 0.18858975275459E+04
 0.19232417421924E+04
 0.19609461002595E+04
 0.19991384029516E+04
 0.20378187528266E+04
 0.20770306207896E+04
 0.21166891330867E+04
 0.21567208628946E+04
 0.21974443181149E+04
 0.22386177446752E+04
 0.22802532242782E+04
 0.23225603016033E+04
 0.23651239598429E+04
 0.24083928356827E+04
 0.24521078507813E+04
 0.24965129047331E+04
 0.25413381412886E+04
 0.25866480331275E+04
 0.26327200124092E+04
 0.26791658594064E+04
 0.27262581725585E+04
 0.27739965967620E+04
 0.28221656525894E+04
 0.28711241556605E+04
 0.29206134363648E+04
 0.29706476178257E+04
 0.30214332217908E+04
 0.30726224811520E+04
 0.31247151151787E+04
 0.31772089519412E+04
 0.32304959612166E+04
 0.32844207603469E+04
 0.33389592662540E+04
 0.33942480742300E+04
 0.34502204814808E+04
 0.35066665872378E+04
 0.35641035122743E+04
 0.36220004492168E+04
 0.36809012261933E+04
 0.37403557013089E+04
 0.38005242049683E+04
 0.38614359974534E+04
 0.39231911524954E+04
 0.39857397013534E+04
 0.40489783095572E+04
 0.41129916562419E+04
 0.41778085905912E+04
 0.42434690285414E+04
 0.43098898251028E+04
 0.43772553936470E+04
 0.44454161285944E+04
 0.45143374141681E+04
 0.45842438188389E+04
 0.46549853850457E+04
 0.47264578394829E+04
 0.47990573084300E+04
 0.48725232660086E+04
 0.49469104188802E+04
 0.50221487082135E+04
 0.50984393339000E+04
 0.51756340396361E+04
 0.52537894687244E+04
 0.53331140527399E+04
 0.54131596257121E+04
 0.54944436697158E+04
 0.55766515677405E+04
 0.56599317373234E+04
 0.57444235609653E+04
 0.58296969182272E+04
 0.59164042357140E+04
 0.60040372043748E+04
 0.60928325595804E+04
 0.61828601625749E+04
 0.62740181090801E+04
 0.63664987948175E+04
 0.64599856646666E+04
 0.65548475267756E+04
