 0.12287856071230E+01
 0.12287856154771E+01
 0.12287856532512E+01
 0.12287857575042E+01
 0.12287859811654E+01
 0.12287863952375E+01
 0.12287871001449E+01
 0.12287882577229E+01
 0.12287901441678E+01
 0.12287932080140E+01
 0.12287981102368E+01
 0.12288057403488E+01
 0.12288172093827E+01
 0.12288337967606E+01
 0.12288569441772E+01
 0.12288881487072E+01
 0.12289289861368E+01
 0.12289810216842E+01
 0.12290457829019E+01
 0.12291247488452E+01
 0.12292192596428E+01
 0.12293307177337E+01
 0.12294602617847E+01
 0.12296089867296E+01
 0.12297778597820E+01
 0.12299677637489E+01
 0.12301794199975E+01
 0.12304136174148E+01
 0.12306708719182E+01
 0.12309515997014E+01
 0.12312561172143E+01
 0.12315849013267E+01
 0.12319379906620E+01
 0.12323154366885E+01
 0.12327175837699E+01
 0.12331441078274E+01
 0.12335950014600E+01
 0.12340698813486E+01
 0.12345687605597E+01
 0.12350913961272E+01
 0.12356365702620E+01
 0.12362045871767E+01
 0.12367948183759E+01
 0.12374064674898E+01
 0.12380385315818E+01
 0.12386907940044E+01
 0.12393627880972E+01
 0.12400532955014E+01
 0.12407612530762E+01
 0.12414859055804E+01
 0.12422267815927E+01
 0.12429824038531E+01
 0.12437522633812E+01
 0.12445350684167E+01
 0.12453295861002E+01
 0.12461351607629E+01
 0.12469509712109E+01
 0.12477750821598E+01
 0.12486075049519E+01
 0.12494474865029E+01
 0.12502909440888E+01
 0.12511414630447E+01
 0.12519955789841E+01
 0.12528508867761E+01
 0.12537098328254E+01
 0.12545668266423E+01
 0.12554248979464E+01
 0.12562845655682E+01
 0.12571393173578E+01
 0.12579929239524E+01
 0.12588394431537E+01
 0.12596822835270E+01
 0.12605229630739E+01
 0.12613517041619E+01
 0.12621770507146E+01
 0.12629916622250E+01
 0.12637984119202E+01
 0.12645930051341E+01
 0.12653827194791E+01
 0.12661560618662E+01
 0.12669194415182E+01
 0.12676708723218E+01
 0.12684100235445E+01
 0.12691347105026E+01
 0.12698401316243E+01
 0.12705355259561E+01
 0.12712157863181E+01
 0.12718758942028E+01
 0.12725200608330E+01
 0.12731447386257E+01
 0.12737583743530E+01
 0.12743541688222E+01
 0.12749254703748E+01
 0.12754752720615E+01
 0.12760144387795E+01
 0.12765352360304E+01
 0.12770258751498E+01
 0.12775042109254E+01
 0.12779584491815E+01
 0.12783934586083E+01
 0.12788024230252E+01
 0.12791956086231E+01
 0.12795681773284E+01
 0.12799141193634E+01
 0.12802334654306E+01
 0.12805364022663E+01
 0.12808226124200E+01
 0.12810723769040E+01
 0.12813041379409E+01
 0.12815207674538E+01
 0.12817164871805E+01
 0.12818830489453E+01
 0.12820285107418E+01
 0.12821477130057E+01
 0.12822380447134E+01
 0.12823158809786E+01
 0.12823692287237E+01
 0.12823999698686E+01
 0.12824020633216E+01
 0.12823841143674E+01
 0.12823485354674E+01
 0.12822947543900E+01
 0.12822016394178E+01
 0.12820849502349E+01
 0.12819578673636E+01
 0.12818137656637E+01
 0.12816510509778E+01
 0.12814467985564E+01
 0.12812252188281E+01
 0.12809923145920E+01
 0.12807348328088E+01
 0.12804404825863E+01
 0.12801431788763E+01
 0.12798133618564E+01
 0.12794475784311E+01
 0.12790785094245E+01
 0.12786598341700E+01
 0.12782175710561E+01
 0.12777456380636E+01
 0.12772516259813E+01
 0.12767301395619E+01
 0.12761590050294E+01
 0.12755476530760E+01
 0.12748939691958E+01
 0.12741789995202E+01
 0.12734203943532E+01
 0.12725820351844E+01
 0.12716752159327E+01
 0.12706730798830E+01
 0.12695601226307E+01
 0.12683818387305E+01
 0.12670561969039E+01
 0.12655714761908E+01
 0.12639856196260E+01
 0.12622325583393E+01
 0.12603575787591E+01
 0.12583390741192E+01
 0.12562099845570E+01
 0.12539573904115E+01
 0.12516462710364E+01
 0.12492930580034E+01
 0.12468961720819E+01
 0.12445082812836E+01
 0.12421515328750E+01
 0.12398614878048E+01
 0.12376196723780E+01
 0.12354636836682E+01
 0.12333889897119E+01
 0.12314023713266E+01
 0.12295073921612E+01
 0.12277231016224E+01
 0.12260060718015E+01
 0.12243794462109E+01
 0.12228624286410E+01
 0.12214038553518E+01
 0.12200157404943E+01
 0.12187334430805E+01
 0.12174923739339E+01
 0.12163267375734E+01
 0.12151996877059E+01
 0.12141758528798E+01
 0.12131717588849E+01
 0.12122353122203E+01
 0.12113111813279E+01
 0.12104648549868E+01
 0.12096333763119E+01
 0.12088662816716E+01
 0.12081207902134E+01
 0.12074125014480E+01
 0.12067272678618E+01
 0.12060799744446E+01
 0.12054449114887E+01
 0.12048365611238E+01
 0.12042551608473E+01
 0.12037015523774E+01
 0.12031767238924E+01
 0.12026623427489E+01
 0.12021544008605E+01
 0.12016708818613E+01
 0.12012096370407E+01
 0.12007578300967E+01
 0.12003244749992E+01
 0.11998904891907E+01
 0.11994819827456E+01
 0.11990688517729E+01
 0.11986846668103E+01
 0.11982985207453E+01
 0.11979205257492E+01
 0.11975548603132E+01
 0.11971997430526E+01
 0.11968459497458E+01
 0.11965016673999E+01
 0.11961526740574E+01
 0.11958261119815E+01
 0.11955015280612E+01
 0.11951789296532E+01
 0.11948612558181E+01
 0.11945466487291E+01
 0.11942465692348E+01
 0.11939363018422E+01
 0.11936397446995E+01
 0.11933391608246E+01
 0.11930359083398E+01
 0.11927476295124E+01
 0.11924544444941E+01
 0.11921712365850E+01
 0.11918887666144E+01
 0.11916075131965E+01
 0.11913248035181E+01
 0.11910466525262E+01
 0.11907777953534E+01
 0.11904977827200E+01
 0.11902227485642E+01
 0.11899519432125E+01
 0.11896726775429E+01
 0.11894108569079E+01
 0.11891392406104E+01
 0.11888736716457E+01
 0.11886000541619E+01
 0.11883348824627E+01
 0.11880743061301E+01
 0.11878026192870E+01
 0.11875423926979E+01
 0.11872788735650E+01
 0.11870117721036E+01
 0.11867539569258E+01
 0.11864858414453E+01
 0.11862218745346E+01
 0.11859614998158E+01
 0.11856944864379E+01
 0.11854389549385E+01
 0.11851697809186E+01
 0.11849127930189E+01
 0.11846486974123E+01
 0.11843855607835E+01
 0.11841249328131E+01
 0.11838607421188E+01
 0.11835964554516E+01
 0.11833423436803E+01
 0.11830745422224E+01
 0.11828181140348E+01
 0.11825485564296E+01
 0.11822868797567E+01
 0.11820260493250E+01
 0.11817650981364E+01
 0.11815004938043E+01
 0.11812343438661E+01
 0.11809719685734E+01
 0.11807098393196E+01
 0.11804473708748E+01
 0.11801831015564E+01
 0.11799212142483E+01
 0.11796544696913E+01
 0.11793894391550E+01
 0.11791280453413E+01
 0.11788615230402E+01
 0.11785966515267E+01
 0.11783379282085E+01
 0.11780700595519E+01
 0.11778037716343E+01
 0.11775378987055E+01
 0.11772751275733E+01
 0.11770083635470E+01
 0.11767441196927E+01
 0.11764803860870E+01
 0.11762100925197E+01
 0.11759503720979E+01
 0.11756827089565E+01
 0.11754192571615E+01
 0.11751549699537E+01
 0.11748857214074E+01
 0.11746274237661E+01
 0.11743571759193E+01
 0.11740938890421E+01
 0.11738298990834E+01
 0.11735629113300E+01
 0.11732975304361E+01
 0.11730276497321E+01
 0.11727651809918E+01
 0.11724972358298E+01
