 0.12287856071230E+01
 0.12287856154771E+01
 0.12287856532512E+01
 0.12287857575042E+01
 0.12287859811654E+01
 0.12287863952375E+01
 0.12287871001449E+01
 0.12287882577229E+01
 0.12287901441678E+01
 0.12287932080140E+01
 0.12287981102373E+01
 0.12288057403482E+01
 0.12288172093811E+01
 0.12288337967686E+01
 0.12288569441919E+01
 0.12288881487395E+01
 0.12289289861655E+01
 0.12289810216524E+01
 0.12290457829388E+01
 0.12291247488343E+01
 0.12292192596641E+01
 0.12293307177069E+01
 0.12294602618323E+01
 0.12296089867425E+01
 0.12297778598010E+01
 0.12299677636631E+01
 0.12301794200119E+01
 0.12304136174679E+01
 0.12306708720390E+01
 0.12309516001824E+01
 0.12312561177863E+01
 0.12315849021551E+01
 0.12319379925972E+01
 0.12323154393085E+01
 0.12327175901068E+01
 0.12331441192674E+01
 0.12335950195865E+01
 0.12340699105813E+01
 0.12345688104384E+01
 0.12350914723715E+01
 0.12356366944687E+01
 0.12362047667094E+01
 0.12367950831551E+01
 0.12374068616763E+01
 0.12380391003901E+01
 0.12386915918385E+01
 0.12393638918482E+01
 0.12400548321476E+01
 0.12407633427688E+01
 0.12414887159192E+01
 0.12422305344024E+01
 0.12429873360670E+01
 0.12437586670169E+01
 0.12445433420644E+01
 0.12453401493033E+01
 0.12461486152439E+01
 0.12469678786611E+01
 0.12477962512108E+01
 0.12486337972837E+01
 0.12494799282536E+01
 0.12503306079721E+01
 0.12511897644272E+01
 0.12520540401461E+01
 0.12529211892993E+01
 0.12537940169958E+01
 0.12546671249079E+01
 0.12555438425824E+01
 0.12564248678127E+01
 0.12573041373512E+01
 0.12581858735912E+01
 0.12590642971570E+01
 0.12599433169400E+01
 0.12608248525373E+01
 0.12616998994930E+01
 0.12625770376275E+01
 0.12634498021113E+01
 0.12643214763184E+01
 0.12651885541410E+01
 0.12660586100578E+01
 0.12669212722973E+01
 0.12677836188830E+01
 0.12686440678588E+01
 0.12695034400100E+01
 0.12703603588452E+01
 0.12712113809933E+01
 0.12720656046156E+01
 0.12729200274936E+01
 0.12737704780387E+01
 0.12746221732814E+01
 0.12754726887017E+01
 0.12763311263555E+01
 0.12771930277599E+01
 0.12780529015617E+01
 0.12789156693244E+01
 0.12797918481129E+01
 0.12806762707571E+01
 0.12815606952521E+01
 0.12824614005775E+01
 0.12833702803622E+01
 0.12842936962258E+01
 0.12852271353071E+01
 0.12861813390315E+01
 0.12871538678674E+01
 0.12881415979789E+01
 0.12891476814690E+01
 0.12901807537404E+01
 0.12912429833647E+01
 0.12923201951314E+01
 0.12934281546331E+01
 0.12945688829192E+01
 0.12957415076807E+01
 0.12969371628457E+01
 0.12981635741515E+01
 0.12994150027311E+01
 0.13006869579533E+01
 0.13019883472404E+01
 0.13033057137148E+01
 0.13046323160377E+01
 0.13059575931906E+01
 0.13072741620634E+01
 0.13085709387495E+01
 0.13098318131008E+01
 0.13110197923671E+01
 0.13121253164795E+01
 0.13131301691881E+01
 0.13140028639175E+01
 0.13147036574936E+01
 0.13151777177272E+01
 0.13154090109155E+01
 0.13153673672721E+01
 0.13150008263676E+01
 0.13142654863260E+01
 0.13131898770124E+01
 0.13117269375777E+01
 0.13098832576994E+01
 0.13077438939645E+01
 0.13052686857604E+01
 0.13025560745604E+01
 0.12996575390086E+01
 0.12966476070600E+01
 0.12935662618856E+01
 0.12904248368414E+01
 0.12872837407942E+01
 0.12841832086489E+01
 0.12811217751246E+01
 0.12781598811667E+01
 0.12752562900964E+01
 0.12724627313129E+01
 0.12697523613599E+01
 0.12671277907784E+01
 0.12646605290827E+01
 0.12622602414379E+01
 0.12599294431617E+01
 0.12577376366886E+01
 0.12556164909667E+01
 0.12536068566318E+01
 0.12516733779028E+01
 0.12498406642278E+01
 0.12480646965002E+01
 0.12463814528960E+01
 0.12447749737768E+01
 0.12432267784763E+01
 0.12417435631653E+01
 0.12403225551688E+01
 0.12389702679013E+01
 0.12376647389163E+01
 0.12364120203172E+01
 0.12352109138326E+01
 0.12340547200811E+01
 0.12329417654229E+01
 0.12318851014663E+01
 0.12308458585793E+01
 0.12298516123497E+01
 0.12289106043231E+01
 0.12279871583081E+01
 0.12270885743906E+01
 0.12262432490393E+01
 0.12254100716222E+01
 0.12246124794359E+01
 0.12238190252932E+01
 0.12230888626866E+01
 0.12223559207462E+01
 0.12216588262226E+01
 0.12209535617269E+01
 0.12202963668473E+01
 0.12196361225892E+01
 0.12190156419371E+01
 0.12183997737280E+01
 0.12178028060576E+01
 0.12172149584179E+01
 0.12166483847785E+01
 0.12160845383498E+01
 0.12155322384580E+01
 0.12149978988032E+01
 0.12144785408637E+01
 0.12139742792086E+01
 0.12134755867977E+01
 0.12129792207661E+01
 0.12124925919105E+01
 0.12120228482773E+01
