 0.20941382915855E+01
 0.20941382915855E+01
 0.20941382915855E+01
 0.20941382915855E+01
 0.20941382915855E+01
 0.20941382992905E+01
 0.20941382692321E+01
 0.20941382760857E+01
 0.20941382460806E+01
 0.20941374377408E+01
 0.20941410070969E+01
 0.20941363943827E+01
 0.20941366056762E+01
 0.20941355605136E+01
 0.20941393009926E+01
 0.20941374629281E+01
 0.20941380850365E+01
 0.20941370950334E+01
 0.20941352996515E+01
 0.20941391373862E+01
 0.20941372202511E+01
 0.20941368319017E+01
 0.20941358172275E+01
 0.20941426272435E+01
 0.20941442066139E+01
 0.20941379483979E+01
 0.20941352833204E+01
 0.20941408104306E+01
 0.20941453189649E+01
 0.20941371955756E+01
 0.20941413368869E+01
 0.20941506551611E+01
 0.20941514850116E+01
 0.20941503749714E+01
 0.20941364976123E+01
 0.20941658382640E+01
 0.20941495397965E+01
 0.20941423789356E+01
 0.20941751387867E+01
 0.20941493285602E+01
 0.20941399087030E+01
 0.20941608049162E+01
 0.20941429844946E+01
 0.20941761956146E+01
 0.20941926391418E+01
 0.20941894776894E+01
 0.20941830736155E+01
 0.20941674386525E+01
 0.20941425165057E+01
 0.20941790429494E+01
 0.20941308538258E+01
 0.20941786025886E+01
 0.20941497735355E+01
 0.20941359793064E+01
 0.20941262692139E+01
 0.20941494883603E+01
 0.20941542132828E+01
 0.20940665098526E+01
 0.20940991393867E+01
 0.20940807523869E+01
 0.20940697786171E+01
 0.20940496792200E+01
 0.20940236235175E+01
 0.20939855531861E+01
 0.20940708853375E+01
 0.20939170415623E+01
 0.20938798594355E+01
 0.20939983537392E+01
 0.20937958192234E+01
 0.20937375950280E+01
 0.20936494802792E+01
 0.20935595484078E+01
 0.20935279606249E+01
 0.20934354304834E+01
 0.20934847329907E+01
 0.20932730331863E+01
 0.20930984329139E+01
 0.20931341307839E+01
 0.20930398992072E+01
 0.20928814607017E+01
 0.20926448310794E+01
 0.20924991637465E+01
 0.20922650764568E+01
 0.20920212950936E+01
 0.20918397601431E+01
 0.20915985612495E+01
 0.20913976954764E+01
 0.20911479214589E+01
 0.20907802922624E+01
 0.20904141459275E+01
 0.20900451457244E+01
 0.20898087691945E+01
 0.20892879305392E+01
 0.20888735788704E+01
 0.20884633738505E+01
 0.20878664135642E+01
 0.20874529752085E+01
 0.20866669259056E+01
 0.20862891072286E+01
 0.20856753925081E+01
 0.20848492250707E+01
 0.20840968444223E+01
 0.20833509599889E+01
 0.20824805190327E+01
 0.20818177164861E+01
 0.20808036148845E+01
 0.20800319128127E+01
 0.20788523242898E+01
 0.20778124997295E+01
 0.20768776390624E+01
 0.20755565820612E+01
 0.20746297753007E+01
 0.20732350410730E+01
 0.20720315475817E+01
 0.20706578592237E+01
 0.20692279715177E+01
 0.20678610001494E+01
 0.20663721700437E+01
 0.20650957980654E+01
 0.20632353496354E+01
 0.20617841023759E+01
 0.20602242659160E+01
 0.20584555454534E+01
 0.20568132079264E+01
 0.20550985612629E+01
 0.20531952735568E+01
 0.20513830480525E+01
 0.20493607564964E+01
 0.20473989311351E+01
 0.20455074112856E+01
 0.20435131032236E+01
 0.20415014933769E+01
 0.20395848610711E+01
 0.20372167483072E+01
 0.20353043825476E+01
 0.20329820819358E+01
 0.20306836546520E+01
 0.20283298219324E+01
 0.20260534117724E+01
 0.20236027920500E+01
 0.20211977384034E+01
 0.20186565973400E+01
 0.20160506703673E+01
 0.20134482926180E+01
 0.20107238593181E+01
 0.20080034487003E+01
 0.20052346852013E+01
 0.20023495724571E+01
 0.19992764211752E+01
 0.19961327752435E+01
 0.19934184258362E+01
 0.19901403541365E+01
 0.19869616463480E+01
 0.19836502229580E+01
 0.19802905881421E+01
 0.19770735243369E+01
 0.19736008757291E+01
 0.19700754098359E+01
 0.19664085781123E+01
 0.19631038959038E+01
 0.19594051839144E+01
 0.19557544539034E+01
 0.19517068123516E+01
 0.19479396465150E+01
 0.19441520686683E+01
 0.19403498761210E+01
 0.19365906688508E+01
 0.19326724589597E+01
 0.19284351970482E+01
 0.19242886064012E+01
 0.19203587130115E+01
 0.19162088838147E+01
 0.19120517811675E+01
 0.19079794003588E+01
 0.19036986468200E+01
 0.18992800757882E+01
 0.18950466185960E+01
 0.18907331821796E+01
 0.18862728756193E+01
 0.18820263103615E+01
 0.18775566217517E+01
 0.18732214322047E+01
 0.18686139109719E+01
 0.18641450957985E+01
 0.18597561272481E+01
 0.18548936339167E+01
 0.18504255709582E+01
 0.18458184108233E+01
 0.18411756580196E+01
 0.18364444891807E+01
 0.18318437868788E+01
 0.18272676511685E+01
 0.18223287954153E+01
 0.18178028340418E+01
 0.18128297190731E+01
 0.18082509684480E+01
 0.18033067404818E+01
 0.17983928634566E+01
 0.17938291798560E+01
 0.17887473268906E+01
