 0.98445526788544E+00
 0.98445526788544E+00
 0.98445526788544E+00
 0.98445526788544E+00
 0.98445526788544E+00
 0.98445526788544E+00
 0.98445526788544E+00
 0.98445526788544E+00
 0.98445526788544E+00
 0.98445524117202E+00
 0.98445644462219E+00
 0.98445474659539E+00
 0.98445353785076E+00
 0.98445434386831E+00
 0.98445270496311E+00
 0.98445338818560E+00
 0.98445295250129E+00
 0.98445486664520E+00
 0.98445416196184E+00
 0.98445289072232E+00
 0.98445355309864E+00
 0.98445475728037E+00
 0.98445432953585E+00
 0.98445154454734E+00
 0.98445078510554E+00
 0.98445297348158E+00
 0.98445380260766E+00
 0.98445206462217E+00
 0.98445047440052E+00
 0.98445318926220E+00
 0.98445672790872E+00
 0.98444929181371E+00
 0.98446061547333E+00
 0.98446058618276E+00
 0.98445512610965E+00
 0.98446641981288E+00
 0.98445985083480E+00
 0.98445766418921E+00
 0.98447076222552E+00
 0.98445980863075E+00
 0.98445107800363E+00
 0.98446560897874E+00
 0.98445867151758E+00
 0.98447200205494E+00
 0.98448073395980E+00
 0.98448053627489E+00
 0.98447776764768E+00
 0.98447145085217E+00
 0.98446271109106E+00
 0.98447976905223E+00
 0.98446123318609E+00
 0.98448502284897E+00
 0.98447258392343E+00
 0.98446940324439E+00
 0.98446926673575E+00
 0.98448584410053E+00
 0.98443800835805E+00
 0.98445969976014E+00
 0.98448427385135E+00
 0.98447627146510E+00
 0.98448541457185E+00
 0.98448288738056E+00
 0.98444127094881E+00
 0.98447914215943E+00
 0.98442819108259E+00
 0.98448087484618E+00
 0.98448298045795E+00
 0.98440694867373E+00
 0.98448511442887E+00
 0.98442734515732E+00
 0.98447574694306E+00
 0.98446835539987E+00
 0.98445533369554E+00
 0.98447631818211E+00
 0.98443099381987E+00
 0.98448464172847E+00
 0.98446767296145E+00
 0.98443203657563E+00
 0.98442476046251E+00
 0.98442389258679E+00
 0.98443948845308E+00
 0.98444814460867E+00
 0.98447539584007E+00
 0.98444475527383E+00
 0.98444146587196E+00
 0.98447603033488E+00
 0.98442456540168E+00
 0.98440527408825E+00
 0.98442596540751E+00
 0.98443215557246E+00
 0.98446865536442E+00
 0.98446410638283E+00
 0.98442294843750E+00
 0.98447217600928E+00
 0.98441879705606E+00
 0.98444117085536E+00
 0.98442711321433E+00
 0.98442758057641E+00
 0.98447218025685E+00
 0.98447098533463E+00
 0.98441778838889E+00
 0.98442407772452E+00
 0.98442978662535E+00
 0.98442351758852E+00
 0.98443742842847E+00
 0.98444834709227E+00
 0.98443154172075E+00
 0.98438932952472E+00
 0.98438292578510E+00
 0.98442285349643E+00
 0.98446204238470E+00
 0.98442612073349E+00
 0.98446401088686E+00
 0.98441691742217E+00
 0.98442032936310E+00
 0.98442730720085E+00
 0.98440989765847E+00
 0.98441905210781E+00
 0.98441614357435E+00
 0.98443697591837E+00
 0.98443195064935E+00
 0.98443352827100E+00
 0.98445363798285E+00
 0.98449789563453E+00
 0.98451231120356E+00
 0.98446538523367E+00
 0.98449781311764E+00
 0.98451392935193E+00
 0.98455940458245E+00
 0.98459331331433E+00
 0.98455118318144E+00
 0.98461545074113E+00
 0.98462414283269E+00
 0.98465975121839E+00
 0.98465256921687E+00
 0.98471601211337E+00
 0.98477482732214E+00
 0.98476120080255E+00
 0.98478892423029E+00
 0.98482609796009E+00
 0.98488013632713E+00
 0.98490788939301E+00
 0.98498389303753E+00
 0.98495888871240E+00
 0.98497401268673E+00
 0.98507519214439E+00
 0.98507172554611E+00
 0.98509257018004E+00
 0.98512095108206E+00
 0.98512649658488E+00
 0.98513522274401E+00
 0.98515715721185E+00
 0.98515665786342E+00
 0.98514674428827E+00
 0.98514183244804E+00
 0.98517238802165E+00
 0.98514374838120E+00
 0.98511361388335E+00
 0.98501740873517E+00
 0.98500232618031E+00
 0.98493400474829E+00
 0.98489259993391E+00
 0.98481232197585E+00
 0.98475041415843E+00
 0.98468383787139E+00
 0.98459243336609E+00
 0.98453849851229E+00
 0.98442450061591E+00
 0.98425000369548E+00
 0.98411599447374E+00
 0.98398426894598E+00
 0.98380087261344E+00
 0.98367139939511E+00
 0.98351014194774E+00
 0.98330349164639E+00
 0.98318277780017E+00
 0.98295894230976E+00
 0.98276261717606E+00
 0.98247258470691E+00
 0.98219202384269E+00
 0.98196382442141E+00
 0.98177445557025E+00
 0.98144042272629E+00
 0.98113353871693E+00
 0.98089008634173E+00
 0.98047889869036E+00
 0.98021081212839E+00
 0.97989458122215E+00
 0.97948543178246E+00
 0.97907585360057E+00
 0.97870519577465E+00
 0.97829140477280E+00
 0.97793108423809E+00
 0.97746172446917E+00
 0.97701376150728E+00
 0.97654317256066E+00
 0.97615328156635E+00
 0.97565616457417E+00
 0.97509711565462E+00
 0.97458189060440E+00
