 0.12287856071230E+01
 0.12287856154771E+01
 0.12287856532512E+01
 0.12287857575042E+01
 0.12287859811654E+01
 0.12287863952375E+01
 0.12287871001449E+01
 0.12287882577229E+01
 0.12287901441678E+01
 0.12287932080140E+01
 0.12287981102368E+01
 0.12288057403488E+01
 0.12288172093827E+01
 0.12288337967606E+01
 0.12288569441769E+01
 0.12288881487076E+01
 0.12289289861367E+01
 0.12289810216838E+01
 0.12290457828959E+01
 0.12291247488543E+01
 0.12292192596510E+01
 0.12293307177077E+01
 0.12294602617524E+01
 0.12296089867388E+01
 0.12297778597770E+01
 0.12299677637475E+01
 0.12301794199970E+01
 0.12304136174433E+01
 0.12306708719224E+01
 0.12309515997570E+01
 0.12312561172305E+01
 0.12315849015535E+01
 0.12319379906827E+01
 0.12323154366576E+01
 0.12327175860006E+01
 0.12331441099638E+01
 0.12335950017100E+01
 0.12340698822175E+01
 0.12345687631818E+01
 0.12350913983027E+01
 0.12356365742637E+01
 0.12362045936366E+01
 0.12367948264473E+01
 0.12374064786808E+01
 0.12380385594504E+01
 0.12386908259246E+01
 0.12393628326202E+01
 0.12400533681646E+01
 0.12407613432363E+01
 0.12414860388697E+01
 0.12422269707579E+01
 0.12429826744606E+01
 0.12437526039597E+01
 0.12445355052225E+01
 0.12453301718917E+01
 0.12461359098356E+01
 0.12469519394311E+01
 0.12477763380833E+01
 0.12486090618583E+01
 0.12494494572694E+01
 0.12502933979521E+01
 0.12511445047387E+01
 0.12519993102884E+01
 0.12528554125601E+01
 0.12537153659149E+01
 0.12545735588421E+01
 0.12554329887908E+01
 0.12562942719858E+01
 0.12571508375779E+01
 0.12580065724221E+01
 0.12588555557623E+01
 0.12597013271080E+01
 0.12605452149609E+01
 0.12613777107008E+01
 0.12622072929676E+01
 0.12630268318391E+01
 0.12638388703494E+01
 0.12646397358929E+01
 0.12654363973661E+01
 0.12662175823520E+01
 0.12669895900116E+01
 0.12677505730830E+01
 0.12685006221159E+01
 0.12692374914171E+01
 0.12699563588997E+01
 0.12706665099745E+01
 0.12713630283991E+01
 0.12720413724011E+01
 0.12727057334466E+01
 0.12733523503053E+01
 0.12739899507852E+01
 0.12746124208888E+01
 0.12752127234081E+01
 0.12757945440315E+01
 0.12763686861909E+01
 0.12769278513471E+01
 0.12774598870427E+01
 0.12779839127752E+01
 0.12784871329897E+01
 0.12789762117922E+01
 0.12794431270539E+01
 0.12799002107371E+01
 0.12803418908256E+01
 0.12807623514453E+01
 0.12811631540126E+01
 0.12815543015130E+01
 0.12819362146589E+01
 0.12822897881899E+01
 0.12826336758915E+01
 0.12829709786542E+01
 0.12832984275845E+01
 0.12836058071632E+01
 0.12839048437509E+01
 0.12841904192345E+01
 0.12844595689423E+01
 0.12847308309347E+01
 0.12849940588098E+01
 0.12852497646099E+01
 0.12854962903164E+01
 0.12857396764461E+01
 0.12859852715555E+01
 0.12862349714702E+01
 0.12864663168981E+01
 0.12866983435178E+01
 0.12869406289933E+01
 0.12871892919122E+01
 0.12874410025211E+01
 0.12876713495250E+01
 0.12879016538238E+01
 0.12881311833489E+01
 0.12883429477972E+01
 0.12885159327748E+01
 0.12886752236528E+01
 0.12887761572448E+01
 0.12888063761517E+01
 0.12887847418309E+01
 0.12886473930936E+01
 0.12884053473696E+01
 0.12880442057790E+01
 0.12875544407976E+01
 0.12869253178324E+01
 0.12861169962764E+01
 0.12851329421602E+01
 0.12839734425431E+01
 0.12826163739334E+01
 0.12810859866570E+01
 0.12793469233054E+01
 0.12774416334073E+01
 0.12753557042317E+01
 0.12731023425800E+01
 0.12707775642707E+01
 0.12683210110134E+01
 0.12657549544807E+01
 0.12632021962548E+01
 0.12606065044319E+01
 0.12580491689860E+01
 0.12555183320084E+01
 0.12530555969369E+01
 0.12506384558496E+01
 0.12483163204037E+01
 0.12460909018110E+01
 0.12439326531756E+01
 0.12418683879151E+01
 0.12398956285418E+01
 0.12380289777504E+01
 0.12362328871956E+01
 0.12345265507237E+01
 0.12328992762918E+01
 0.12313456918110E+01
 0.12298701238195E+01
 0.12284765397535E+01
 0.12271285955245E+01
 0.12258510420456E+01
 0.12246497190302E+01
 0.12234862969812E+01
 0.12223699395588E+01
 0.12213283548127E+01
 0.12203139382452E+01
 0.12193528291406E+01
 0.12184146115063E+01
 0.12175521870877E+01
 0.12167014699737E+01
 0.12158942456310E+01
 0.12150946486851E+01
 0.12143529640226E+01
 0.12136183172563E+01
 0.12129371370571E+01
 0.12122633890238E+01
 0.12116201893624E+01
 0.12109911844870E+01
 0.12103919931998E+01
 0.12097991539347E+01
 0.12092261742819E+01
 0.12086744180038E+01
 0.12081444032965E+01
 0.12076364144532E+01
 0.12071345375649E+01
 0.12066394970342E+01
 0.12061574656499E+01
 0.12057015015259E+01
