 0.64710694463868E-04
 0.64709147731278E-04
 0.64706566878458E-04
 0.64702952542888E-04
 0.64698298816402E-04
 0.64692602331337E-04
 0.64685860037704E-04
 0.64678060740075E-04
 0.64669200482377E-04
 0.64659268997092E-04
 0.64648260092632E-04
 0.64636161444102E-04
 0.64622968023325E-04
 0.64608669481917E-04
 0.64593254770467E-04
 0.64576716160206E-04
 0.64559041243842E-04
 0.64540220009393E-04
 0.64520237936383E-04
 0.64499084133352E-04
 0.64476738272637E-04
 0.64453195081725E-04
 0.64428429052446E-04
 0.64402418562291E-04
 0.64375142822385E-04
 0.64346577641038E-04
 0.64316689658232E-04
 0.64285458343308E-04
 0.64252851013027E-04
 0.64218824230947E-04
 0.64183340915193E-04
 0.64146376445896E-04
 0.64107876279029E-04
 0.64067800206377E-04
 0.64026128504162E-04
 0.63982805964472E-04
 0.63937799657067E-04
 0.63891063293335E-04
 0.63842582407675E-04
 0.63792330409006E-04
 0.63740223631616E-04
 0.63686294374134E-04
 0.63630512105335E-04
 0.63572841410873E-04
 0.63513242656186E-04
 0.63451741693533E-04
 0.63388349988457E-04
 0.63323032920238E-04
 0.63255767716910E-04
 0.63186570818031E-04
 0.63115472504516E-04
 0.63042441674608E-04
 0.62967518202253E-04
 0.62890698799571E-04
 0.62811971994198E-04
 0.62731385143140E-04
 0.62648965362038E-04
 0.62564671120217E-04
 0.62478590498414E-04
 0.62390776088311E-04
 0.62301018607638E-04
 0.62209682665254E-04
 0.62116612595315E-04
 0.62021738115462E-04
 0.61925321935735E-04
 0.61827079411841E-04
 0.61727304358994E-04
 0.61626127631572E-04
 0.61523189457858E-04
 0.61418850739276E-04
 0.61312783502765E-04
 0.61205319951456E-04
 0.61096622723643E-04
 0.60986148444136E-04
 0.60874530067791E-04
 0.60761370160979E-04
 0.60646930647748E-04
 0.60531011890242E-04
 0.60414156899886E-04
 0.60295706866783E-04
 0.60176120909867E-04
 0.60055356197314E-04
 0.59933452444110E-04
 0.59810345367851E-04
 0.59685809935786E-04
 0.59560446411457E-04
 0.59434002420882E-04
 0.59306255770629E-04
 0.59177508930652E-04
 0.59047610548982E-04
 0.58917072629078E-04
 0.58785586939029E-04
 0.58652792377489E-04
 0.58518922201530E-04
 0.58384608613327E-04
 0.58249462705989E-04
 0.58112927115787E-04
 0.57975960853913E-04
 0.57837960430283E-04
 0.57699264029171E-04
 0.57559487309194E-04
 0.57419252517306E-04
 0.57278305128070E-04
 0.57136366881865E-04
 0.56993505905060E-04
 0.56850165876476E-04
 0.56706480958916E-04
 0.56561411256073E-04
 0.56415903515491E-04
 0.56270055863997E-04
 0.56123704550660E-04
 0.55976358233430E-04
 0.55828516336762E-04
 0.55679890529787E-04
 0.55530441955114E-04
 0.55380787540803E-04
 0.55230522834875E-04
 0.55079634037391E-04
 0.54927899185378E-04
 0.54775716635494E-04
 0.54623143162768E-04
 0.54470191650909E-04
 0.54315868282377E-04
 0.54160950964963E-04
 0.54005901743507E-04
 0.53850455982278E-04
 0.53694542628382E-04
 0.53537124249811E-04
 0.53379210072400E-04
 0.53221091350437E-04
 0.53062168296856E-04
 0.52901897305085E-04
 0.52741659627357E-04
 0.52580151167291E-04
 0.52417302539785E-04
 0.52254472367481E-04
 0.52089650125628E-04
 0.51923943688857E-04
 0.51757134034711E-04
 0.51589533663506E-04
 0.51420901973767E-04
 0.51250491316155E-04
 0.51078710933888E-04
 0.50905798411199E-04
 0.50731040107307E-04
 0.50555392065168E-04
 0.50377701413012E-04
 0.50199012087987E-04
 0.50018528732784E-04
 0.49836484969754E-04
 0.49654786062091E-04
 0.49471161012072E-04
 0.49286056660952E-04
 0.49101576470273E-04
 0.48916015565661E-04
 0.48730660478635E-04
 0.48544719520553E-04
 0.48358716060780E-04
 0.48171531675781E-04
 0.47984330411233E-04
 0.47796284653182E-04
 0.47606860296226E-04
 0.47416259303318E-04
 0.47224691620663E-04
 0.47032406946103E-04
 0.46838484913135E-04
 0.46643753073200E-04
 0.46447973319027E-04
 0.46251148696358E-04
 0.46053794614422E-04
 0.45856527614070E-04
 0.45657618597947E-04
 0.45458700086280E-04
 0.45260550554708E-04
 0.45061306072263E-04
 0.44861845258138E-04
 0.44663970358495E-04
 0.44464965168396E-04
 0.44267090784435E-04
 0.44068093874547E-04
 0.43872132479786E-04
 0.43674998247643E-04
 0.43479501107032E-04
 0.43282723487923E-04
 0.43088442896922E-04
 0.42893586053714E-04
 0.42701298107404E-04
 0.42508778183643E-04
 0.42317371099754E-04
 0.42126541811734E-04
 0.41937158077720E-04
 0.41747805224634E-04
 0.41559415720228E-04
 0.41372452547392E-04
 0.41186820651059E-04
 0.41002774433218E-04
 0.40819202808177E-04
 0.40635810921954E-04
 0.40453969671648E-04
 0.40273830254921E-04
 0.40094504508360E-04
 0.39916528316738E-04
 0.39738332897831E-04
 0.39562880262400E-04
 0.39386857580457E-04
 0.39213588914619E-04
 0.39040322892640E-04
 0.38868180566792E-04
 0.38697497279611E-04
 0.38528051420592E-04
 0.38359217285928E-04
 0.38191554558702E-04
 0.38024250109311E-04
 0.37859358502278E-04
 0.37695176823587E-04
 0.37531835397562E-04
 0.37369549972496E-04
 0.37208262350142E-04
 0.37048704702090E-04
 0.36889164973319E-04
 0.36731564477024E-04
 0.36574122194160E-04
 0.36417552459419E-04
 0.36262912626964E-04
 0.36108520975226E-04
 0.35956124391535E-04
 0.35804343373019E-04
 0.35653543022106E-04
 0.35503128915180E-04
 0.35354310716561E-04
 0.35207076098940E-04
 0.35059724831704E-04
 0.34913530186981E-04
 0.34768775846982E-04
 0.34624122311641E-04
 0.34481549947374E-04
 0.34339287867887E-04
 0.34198502831820E-04
 0.34057449140891E-04
 0.33918303235224E-04
 0.33780253158744E-04
 0.33642307924871E-04
 0.33506070982011E-04
 0.33370303633765E-04
 0.33235186269104E-04
 0.33101632398872E-04
 0.32968307298365E-04
 0.32836041077920E-04
 0.32704851116684E-04
 0.32573991751243E-04
 0.32445056129843E-04
 0.32315779514942E-04
 0.32188185578850E-04
 0.32060945197245E-04
 0.31934535472836E-04
 0.31809341488891E-04
 0.31684506913997E-04
 0.31560430614775E-04
 0.31437993090681E-04
 0.31314936508780E-04
 0.31194003033223E-04
 0.31072949702692E-04
 0.30953204455824E-04
 0.30834041369585E-04
 0.30715801352274E-04
 0.30597959390930E-04
 0.30480862564300E-04
 0.30364657691237E-04
 0.30249366850715E-04
 0.30134939694383E-04
 0.30020850706632E-04
 0.29907789858304E-04
 0.29794911932429E-04
 0.29683027296313E-04
 0.29572180290731E-04
 0.29461460646516E-04
 0.29351928297550E-04
 0.29243245453472E-04
 0.29134421671088E-04
 0.29026615992230E-04
 0.28919616023074E-04
 0.28813301322634E-04
 0.28707599052123E-04
 0.28602680685018E-04
 0.28498350670066E-04
 0.28394237288534E-04
 0.28291353860144E-04
 0.28188803053652E-04
 0.28087189454790E-04
 0.27986226891990E-04
 0.27885207464370E-04
 0.27785596882386E-04
 0.27686000520530E-04
 0.27587431330953E-04
 0.27489292226818E-04
 0.27391624274271E-04
 0.27294569536639E-04
 0.27198022273627E-04
 0.27102232424443E-04
 0.27006830959240E-04
