 0.51033030801949E+03
 0.51033030801932E+03
 0.51033030801738E+03
 0.51033030806993E+03
 0.51033030954641E+03
 0.51033031525878E+03
 0.51033028379629E+03
 0.51032998622612E+03
 0.51032880070411E+03
 0.51032557666431E+03
 0.51031863191651E+03
 0.51030585479791E+03
 0.51028490316392E+03
 0.51025330867377E+03
 0.51020873716113E+03
 0.51014888615071E+03
 0.51007185867926E+03
 0.50997595623916E+03
 0.50985976883517E+03
 0.50972220155145E+03
 0.50952771742071E+03
 0.50933596237386E+03
 0.50912046833392E+03
 0.50888114311177E+03
 0.50861805630229E+03
 0.50833152282815E+03
 0.50802180575619E+03
 0.50768994431367E+03
 0.50733648536144E+03
 0.50696203740214E+03
 0.50656728035318E+03
 0.50615391619411E+03
 0.50572239005595E+03
 0.50527353295473E+03
 0.50480962377600E+03
 0.50433074246511E+03
 0.50383843688835E+03
 0.50333313329662E+03
 0.50281692910595E+03
 0.50229123171967E+03
 0.50175405006902E+03
 0.50120916573235E+03
 0.50065709957337E+03
 0.50009785699248E+03
 0.49953089241285E+03
 0.49895856963127E+03
 0.49838244595681E+03
 0.49780152723982E+03
 0.49721520769107E+03
 0.49662431191317E+03
 0.49603054480830E+03
 0.49543207494403E+03
 0.49483048446217E+03
 0.49422478342123E+03
 0.49361392885065E+03
 0.49299916328563E+03
 0.49238072603102E+03
 0.49175546227192E+03
 0.49112635081094E+03
 0.49049437637302E+03
 0.48984830053394E+03
 0.48920376453800E+03
 0.48855170050482E+03
 0.48788725394467E+03
 0.48722122516322E+03
 0.48653813691592E+03
 0.48585031072289E+03
 0.48516191281325E+03
 0.48445457651453E+03
 0.48374283745330E+03
 0.48301000245016E+03
 0.48226942884114E+03
 0.48152715586478E+03
 0.48075590645017E+03
 0.47998337739086E+03
 0.47918928663101E+03
 0.47838372917992E+03
 0.47755633505195E+03
 0.47672981313245E+03
 0.47587204956988E+03
 0.47500283869105E+03
 0.47411833223972E+03
 0.47321847451426E+03
 0.47229885041590E+03
 0.47134743857233E+03
 0.47038995009657E+03
 0.46941366634961E+03
 0.46840651993435E+03
 0.46738072699586E+03
 0.46632744005210E+03
 0.46526923576524E+03
 0.46418995972282E+03
 0.46307209539825E+03
 0.46192432006129E+03
 0.46077457154729E+03
 0.45960355078200E+03
 0.45838308968179E+03
 0.45715706961801E+03
 0.45589615274337E+03
 0.45461366139596E+03
 0.45329191459801E+03
 0.45195691710121E+03
 0.45059624167705E+03
 0.44919527251001E+03
 0.44775613244811E+03
 0.44629809561350E+03
 0.44482465059232E+03
 0.44328866535474E+03
 0.44173049675036E+03
 0.44015528475182E+03
 0.43855256149102E+03
 0.43689964469140E+03
 0.43521681898644E+03
 0.43349048090996E+03
 0.43171610169468E+03
 0.42992363190612E+03
 0.42809082524616E+03
 0.42621651373983E+03
 0.42428903902257E+03
 0.42232520655976E+03
 0.42032671093164E+03
 0.41829405044233E+03
 0.41617733335310E+03
 0.41401219507317E+03
 0.41182073404417E+03
 0.40958888312045E+03
 0.40731208406045E+03
 0.40493869731148E+03
 0.40251682528447E+03
 0.40006083466064E+03
 0.39754015566431E+03
 0.39492822426162E+03
 0.39229356401005E+03
 0.38957237925530E+03
 0.38676216764998E+03
 0.38393338562243E+03
 0.38098800569677E+03
 0.37798753422763E+03
 0.37492788556945E+03
 0.37184713581227E+03
 0.36867072776042E+03
 0.36552188747472E+03
 0.36232861877776E+03
 0.35916460698341E+03
 0.35603586464220E+03
 0.35303607708342E+03
 0.35017792696258E+03
 0.34758710125584E+03
 0.34533226296456E+03
 0.34354691346003E+03
 0.34242394754053E+03
 0.34205491028246E+03
 0.34263081677748E+03
 0.34433558153888E+03
 0.34729606490913E+03
 0.35161720297125E+03
 0.35737031796370E+03
 0.36455642855050E+03
 0.37318774923940E+03
 0.38314385841775E+03
 0.39436474041616E+03
 0.40677908453329E+03
 0.42026510538180E+03
 0.43470241087362E+03
 0.44996977311631E+03
 0.46605990528982E+03
 0.48283370220951E+03
 0.50025359346042E+03
 0.51827311902495E+03
 0.53680987460812E+03
 0.55577798729023E+03
 0.57531796601550E+03
 0.59526300767884E+03
 0.61552445584255E+03
 0.63627628664083E+03
 0.65743297033134E+03
 0.67880824321380E+03
 0.70067738485983E+03
 0.72281503559203E+03
 0.74545138376945E+03
 0.76816274730881E+03
 0.79138851137807E+03
 0.81484039956184E+03
 0.83883225352647E+03
 0.86296723309644E+03
 0.88758139240136E+03
 0.91233696198616E+03
 0.93754441548296E+03
 0.96306345830495E+03
 0.98896056625037E+03
 0.10151387781192E+04
 0.10417697277282E+04
 0.10687514063057E+04
 0.10960345478104E+04
 0.11236351783814E+04
 0.11515248012991E+04
 0.11798438803746E+04
 0.12086353405090E+04
 0.12377365180586E+04
 0.12671330556970E+04
 0.12969391388057E+04
 0.13270910936884E+04
 0.13578001460590E+04
 0.13886828378792E+04
 0.14201822803683E+04
 0.14518576855774E+04
 0.14840861883348E+04
 0.15167204829586E+04
 0.15497190611768E+04
 0.15831163130185E+04
 0.16170063619913E+04
 0.16513134950312E+04
 0.16861658179959E+04
 0.17212594155699E+04
 0.17568553651212E+04
 0.17929361645717E+04
 0.18294763423478E+04
 0.18664907566323E+04
 0.19038657986441E+04
 0.19418814083071E+04
 0.19802341335917E+04
 0.20192151869907E+04
 0.20587195087394E+04
 0.20985725351640E+04
 0.21390633305173E+04
 0.21798962630823E+04
 0.22213132548613E+04
 0.22632579454372E+04
 0.23058434416562E+04
 0.23488607542787E+04
 0.23923094953114E+04
 0.24365101742384E+04
 0.24812366340428E+04
 0.25264386567935E+04
 0.25723770220701E+04
 0.26186767621297E+04
 0.26656873903443E+04
 0.27131819429640E+04
 0.27615209548523E+04
 0.28102733088541E+04
 0.28596004121254E+04
 0.29097261308919E+04
 0.29603119097507E+04
 0.30116334889684E+04
 0.30636547800774E+04
 0.31161871688128E+04
 0.31695295957436E+04
 0.32235070135444E+04
 0.32781182796189E+04
 0.33335509945342E+04
 0.33894334942696E+04
 0.34463047738589E+04
 0.35036994964788E+04
 0.35619395397158E+04
 0.36209225257085E+04
 0.36805550406999E+04
 0.37410654999691E+04
 0.38023626097207E+04
 0.38642236447086E+04
 0.39272443522470E+04
 0.39907226763091E+04
 0.40552583545070E+04
 0.41204793766765E+04
 0.41865857362389E+04
 0.42534979623907E+04
 0.43213752420897E+04
 0.43901317325275E+04
 0.44597364037446E+04
 0.45301897799531E+04
 0.46015277316959E+04
 0.46738970191656E+04
 0.47471204047237E+04
 0.48214563681421E+04
 0.48966817827942E+04
 0.49727945261508E+04
 0.50500701874007E+04
 0.51282252727361E+04
 0.52073517583600E+04
 0.52877793886454E+04
 0.53691631063572E+04
 0.54515918206818E+04
 0.55351053331232E+04
 0.56197515682425E+04
 0.57054926997821E+04
 0.57924006184116E+04
 0.58806144520632E+04
 0.59698202259470E+04
 0.60603462871974E+04
 0.61519964963843E+04
 0.62448813721316E+04
 0.63392658184825E+04
 0.64346657607516E+04
 0.65315922732247E+04
 0.66297008219257E+04
 0.67292487877591E+04
 0.68302087661270E+04
 0.69325712209527E+04
 0.70363908694749E+04
 0.71416099088590E+04
 0.72483871671355E+04
