 0.21140089951492E+08
 0.21140089951487E+08
 0.21140089951416E+08
 0.21140089951002E+08
 0.21140089949331E+08
 0.21140089944668E+08
 0.21140090048753E+08
 0.21140090529864E+08
 0.21140092253790E+08
 0.21140096868176E+08
 0.21140107191162E+08
 0.21140126663458E+08
 0.21140160645055E+08
 0.21140214944606E+08
 0.21140295299811E+08
 0.21140410022533E+08
 0.21140565507646E+08
 0.21140768968265E+08
 0.21141027355753E+08
 0.21141347827981E+08
 0.21141740617850E+08
 0.21142204982472E+08
 0.21142751688163E+08
 0.21143385310428E+08
 0.21144113872254E+08
 0.21144942288989E+08
 0.21145879344070E+08
 0.21146919286401E+08
 0.21148073426627E+08
 0.21149351037971E+08
 0.21150763755409E+08
 0.21152300047194E+08
 0.21153981087572E+08
 0.21155817639593E+08
 0.21157790324821E+08
 0.21159929591400E+08
 0.21162230903682E+08
 0.21164717881886E+08
 0.21167369986494E+08
 0.21170184890071E+08
 0.21173241317988E+08
 0.21176475579788E+08
 0.21179900004827E+08
 0.21183534664994E+08
 0.21187418945714E+08
 0.21191511281559E+08
 0.21195786680930E+08
 0.21200285773314E+08
 0.21205035525206E+08
 0.21210022699717E+08
 0.21215207919150E+08
 0.21220643285944E+08
 0.21226285164454E+08
 0.21232164870894E+08
 0.21238299586511E+08
 0.21244653069503E+08
 0.21251210778227E+08
 0.21258049606621E+08
 0.21265075065333E+08
 0.21272243867525E+08
 0.21279861097907E+08
 0.21287466129076E+08
 0.21295302380839E+08
 0.21303488480149E+08
 0.21311690191638E+08
 0.21320346200503E+08
 0.21329073092544E+08
 0.21337723734992E+08
 0.21346816279529E+08
 0.21355906717154E+08
 0.21365466888070E+08
 0.21375077327334E+08
 0.21384529856153E+08
 0.21394629095010E+08
 0.21404512388562E+08
 0.21414777336257E+08
 0.21425097212215E+08
 0.21435758766155E+08
 0.21446054309700E+08
 0.21456949447533E+08
 0.21467812868373E+08
 0.21478744573481E+08
 0.21489722786347E+08
 0.21500876837147E+08
 0.21512556269052E+08
 0.21523939044309E+08
 0.21535412809387E+08
 0.21547328616232E+08
 0.21559302607838E+08
 0.21571597180635E+08
 0.21583473913972E+08
 0.21595441822466E+08
 0.21608023440465E+08
 0.21620951096063E+08
 0.21633319001317E+08
 0.21645721352148E+08
 0.21659063214863E+08
 0.21671924551451E+08
 0.21685217245622E+08
 0.21698545195595E+08
 0.21712423381130E+08
 0.21726038333191E+08
 0.21739775329945E+08
 0.21754094157131E+08
 0.21768927336344E+08
 0.21783637996263E+08
 0.21798158242468E+08
 0.21813931147277E+08
 0.21829697225015E+08
 0.21845274171083E+08
 0.21861021465841E+08
 0.21877648697753E+08
 0.21894528214958E+08
 0.21912082644721E+08
 0.21930492788071E+08
 0.21948772858847E+08
 0.21967664479929E+08
 0.21987223560291E+08
 0.22007836146527E+08
 0.22028992834889E+08
 0.22050687993038E+08
 0.22072878662800E+08
 0.22097258549820E+08
 0.22122725915735E+08
 0.22148617490556E+08
 0.22175439408264E+08
 0.22203454839100E+08
 0.22234425079833E+08
 0.22266917730546E+08
 0.22300607370001E+08
 0.22336685247845E+08
 0.22376234844044E+08
 0.22417224717913E+08
 0.22462110897053E+08
 0.22511410481238E+08
 0.22563151319944E+08
 0.22621380655032E+08
 0.22684621433019E+08
 0.22753930541082E+08
 0.22829508244302E+08
 0.22912711068113E+08
 0.23005902902171E+08
 0.23109663052513E+08
 0.23224967771689E+08
 0.23354930739061E+08
 0.23499416474109E+08
 0.23663178280437E+08
 0.23846140095671E+08
 0.24052803425610E+08
 0.24285145955284E+08
 0.24539916361815E+08
 0.24825241887338E+08
 0.25140852525977E+08
 0.25479381022881E+08
 0.25843928644683E+08
 0.26226069799140E+08
 0.26622795886434E+08
 0.27025250388897E+08
 0.27429924043161E+08
 0.27825192889206E+08
 0.28207154828339E+08
 0.28571700101826E+08
 0.28913385768564E+08
 0.29228433490187E+08
 0.29514123702419E+08
 0.29771381520899E+08
 0.29998041899294E+08
 0.30194764304155E+08
 0.30362112501977E+08
 0.30500375056806E+08
 0.30610368660995E+08
 0.30694867008921E+08
 0.30753841497930E+08
 0.30788662591093E+08
 0.30801467845970E+08
 0.30793181034611E+08
 0.30765235659965E+08
 0.30718867189458E+08
 0.30655591773179E+08
 0.30575787215394E+08
 0.30482414903381E+08
 0.30374523676337E+08
 0.30254700922186E+08
 0.30121744938303E+08
 0.29979384143677E+08
 0.29825890343508E+08
 0.29664969846378E+08
 0.29494686937364E+08
 0.29316929389552E+08
 0.29131796322701E+08
 0.28940891160606E+08
 0.28742978339119E+08
 0.28539689730762E+08
 0.28332185527555E+08
 0.28120806805872E+08
 0.27906353872981E+08
 0.27687673449662E+08
 0.27464589697263E+08
 0.27239518257003E+08
 0.27013025677633E+08
 0.26784112212748E+08
 0.26553846890193E+08
 0.26319940075260E+08
 0.26087540481455E+08
 0.25851362279335E+08
 0.25617209560123E+08
 0.25380664545285E+08
 0.25143776717933E+08
 0.24907368097523E+08
 0.24671167876051E+08
 0.24434293323989E+08
 0.24197848740747E+08
 0.23960529028085E+08
 0.23726167627232E+08
 0.23491815975565E+08
 0.23257860593815E+08
 0.23024752514166E+08
 0.22792509890948E+08
 0.22562596521601E+08
 0.22331938731776E+08
 0.22104141395111E+08
 0.21876034497662E+08
 0.21648988159526E+08
 0.21425049519822E+08
 0.21201135295702E+08
 0.20980589459818E+08
 0.20760894089509E+08
 0.20542782814476E+08
 0.20325184513855E+08
 0.20110389099798E+08
 0.19898452063262E+08
 0.19686257475799E+08
 0.19476167336033E+08
 0.19268804115700E+08
 0.19061648426589E+08
 0.18858431490005E+08
 0.18655903544976E+08
 0.18456252056564E+08
 0.18256294037652E+08
 0.18060007954508E+08
 0.17865942378019E+08
 0.17672334808357E+08
 0.17482109709042E+08
 0.17292988431709E+08
 0.17105373171009E+08
 0.16920903513808E+08
 0.16737160114353E+08
 0.16555691503310E+08
 0.16376507009550E+08
 0.16198279305100E+08
 0.16023850783768E+08
 0.15849225557118E+08
 0.15677970947858E+08
 0.15507761834877E+08
 0.15339408031009E+08
 0.15173640072991E+08
 0.15008906566470E+08
 0.14845937587822E+08
 0.14686230293542E+08
 0.14525941150960E+08
 0.14369715776029E+08
 0.14213765778802E+08
 0.14060489485287E+08
 0.13908652326222E+08
 0.13758848668067E+08
 0.13610163124320E+08
 0.13463206130916E+08
 0.13318196349892E+08
 0.13175174993832E+08
 0.13034042228805E+08
 0.12893942350172E+08
 0.12755969962939E+08
 0.12618780285901E+08
 0.12483675013966E+08
 0.12350685027262E+08
 0.12218373390241E+08
 0.12088422172262E+08
 0.11960257820476E+08
 0.11832348042569E+08
 0.11706517088605E+08
 0.11582364800310E+08
 0.11459747255316E+08
 0.11338541071237E+08
 0.11218964854320E+08
 0.11100746682254E+08
 0.10983293137357E+08
 0.10868160512950E+08
 0.10753945255622E+08
 0.10641565656185E+08
 0.10530594918036E+08
 0.10419968290158E+08
 0.10311823777696E+08
 0.10204146193273E+08
 0.10098376082555E+08
 0.99936183720958E+07
 0.98899806416626E+07
 0.97876145958142E+07
 0.96863756407657E+07
 0.95866218085169E+07
 0.94877961329288E+07
