 0.77828127914593E+07
 0.77828127914647E+07
 0.77828127915301E+07
 0.77828127918517E+07
 0.77828127940319E+07
 0.77828128089108E+07
 0.77828129398257E+07
 0.77828135132704E+07
 0.77828154248336E+07
 0.77828204368625E+07
 0.77828314346844E+07
 0.77828523523921E+07
 0.77828883628425E+07
 0.77829457173295E+07
 0.77830307448245E+07
 0.77831519137606E+07
 0.77833160629609E+07
 0.77835309934120E+07
 0.77838042136757E+07
 0.77841429601095E+07
 0.77845564937873E+07
 0.77850464010425E+07
 0.77856213430156E+07
 0.77862861059997E+07
 0.77870461565515E+07
 0.77879050339113E+07
 0.77888683289313E+07
 0.77899324739948E+07
 0.77911025871055E+07
 0.77923831816828E+07
 0.77937791032796E+07
 0.77952815356368E+07
 0.77969000471366E+07
 0.77986385433083E+07
 0.78004820387505E+07
 0.78024453069206E+07
 0.78045225724542E+07
 0.78067240336442E+07
 0.78090349008854E+07
 0.78114502258232E+07
 0.78140128189573E+07
 0.78166822565041E+07
 0.78194632271562E+07
 0.78223659530750E+07
 0.78254100879717E+07
 0.78285699579822E+07
 0.78318301437479E+07
 0.78352124511889E+07
 0.78387316230772E+07
 0.78423796345673E+07
 0.78461338682935E+07
 0.78500241608971E+07
 0.78540264104811E+07
 0.78581576344908E+07
 0.78624302100648E+07
 0.78668238334432E+07
 0.78713310737782E+07
 0.78759970779531E+07
 0.78807701213986E+07
 0.78856268365021E+07
 0.78907408318193E+07
 0.78958537942859E+07
 0.79011034275613E+07
 0.79065582520582E+07
 0.79120324540675E+07
 0.79177705253417E+07
 0.79235594981809E+07
 0.79293164323932E+07
 0.79353329123391E+07
 0.79413569129766E+07
 0.79476524885981E+07
 0.79539834785239E+07
 0.79602336057055E+07
 0.79668452453066E+07
 0.79733358888832E+07
 0.79800359098483E+07
 0.79867566745052E+07
 0.79936540907730E+07
 0.80003284750135E+07
 0.80073060928889E+07
 0.80142313417011E+07
 0.80211487668186E+07
 0.80280399384789E+07
 0.80349606101064E+07
 0.80420942331899E+07
 0.80489734591059E+07
 0.80557987048730E+07
 0.80627456702019E+07
 0.80695858929808E+07
 0.80764408217021E+07
 0.80828948103030E+07
 0.80891947053957E+07
 0.80956125118406E+07
 0.81019646047913E+07
 0.81077366932419E+07
 0.81132323914372E+07
 0.81188837687689E+07
 0.81239161259228E+07
 0.81287744866293E+07
 0.81331982662294E+07
 0.81374241224983E+07
 0.81409852411844E+07
 0.81440324182829E+07
 0.81467471338675E+07
 0.81490424815432E+07
 0.81505220158258E+07
 0.81511015256973E+07
 0.81514251777792E+07
 0.81507999614032E+07
 0.81490660878087E+07
 0.81463078719217E+07
 0.81427690979844E+07
 0.81380715570902E+07
 0.81322862682597E+07
 0.81253807433962E+07
 0.81167843761525E+07
 0.81067398965719E+07
 0.80950838556148E+07
 0.80818304541419E+07
 0.80666487405314E+07
 0.80493144126650E+07
 0.80296448030754E+07
 0.80081066333140E+07
 0.79839865230731E+07
 0.79568644888303E+07
 0.79266907717366E+07
 0.78932780175399E+07
 0.78568228978344E+07
 0.78165636101813E+07
 0.77721654114959E+07
 0.77235269638673E+07
 0.76704141890036E+07
 0.76121933602288E+07
 0.75487094497711E+07
 0.74795636261924E+07
 0.74041317888034E+07
 0.73222005019469E+07
 0.72331874377119E+07
 0.71365966272996E+07
 0.70321485650226E+07
 0.69191672289003E+07
 0.67974354929973E+07
 0.66663413361636E+07
 0.65259061073025E+07
 0.63756420834254E+07
 0.62160093523090E+07
 0.60466681781431E+07
 0.58687083013738E+07
 0.56823991952969E+07
 0.54890589307809E+07
 0.52917774572142E+07
 0.50905437770671E+07
 0.48878327452453E+07
 0.46877072087993E+07
 0.44909936665233E+07
 0.43007844495798E+07
 0.41180699267079E+07
 0.39444103123775E+07
 0.37796810286017E+07
 0.36248273103113E+07
 0.34791170425992E+07
 0.33418503582673E+07
 0.32125768829411E+07
 0.30907061834934E+07
 0.29756521582323E+07
 0.28664515917751E+07
 0.27628211175437E+07
 0.26641692562728E+07
 0.25700538152837E+07
 0.24802077011096E+07
 0.23944096975806E+07
 0.23119889155525E+07
 0.22330339531425E+07
 0.21574478852582E+07
 0.20846750578413E+07
 0.20146986621968E+07
 0.19476566228896E+07
 0.18829468566448E+07
 0.18207883196068E+07
 0.17607363521545E+07
 0.17032486243428E+07
 0.16476417647384E+07
 0.15941875593829E+07
 0.15424372713477E+07
 0.14927558388558E+07
 0.14447024016923E+07
 0.13985467293701E+07
 0.13539184763054E+07
 0.13108846079051E+07
 0.12693287986483E+07
 0.12292747135072E+07
 0.11905301858246E+07
 0.11531281570408E+07
 0.11170541515154E+07
 0.10822451633628E+07
 0.10486715910620E+07
 0.10161978858787E+07
 0.98476403297798E+06
 0.95442960045395E+06
 0.92516149805395E+06
 0.89685801513556E+06
 0.86951806451392E+06
 0.84300818785582E+06
 0.81748010138331E+06
 0.79269813662140E+06
 0.76882966208579E+06
 0.74568454361796E+06
 0.72329924147269E+06
 0.70166429273528E+06
 0.68073990649340E+06
 0.66047020083861E+06
 0.64085969471666E+06
 0.62184699780495E+06
 0.60350581208020E+06
 0.58573419006196E+06
 0.56851980688543E+06
 0.55185157763266E+06
 0.53570895704806E+06
 0.52010238061944E+06
 0.50494801781911E+06
 0.49030127983010E+06
 0.47608202980288E+06
 0.46230069871548E+06
 0.44897826696964E+06
 0.43604342463057E+06
 0.42353965835044E+06
 0.41140903614511E+06
 0.39965034811499E+06
 0.38823420517419E+06
 0.37718332131609E+06
 0.36648611963178E+06
 0.35608437862362E+06
 0.34600266412826E+06
 0.33623723682373E+06
 0.32674536051156E+06
 0.31756535622438E+06
 0.30864532112787E+06
 0.30000458014817E+06
 0.29159482754492E+06
 0.28345587345515E+06
 0.27556224238162E+06
 0.26788523412788E+06
 0.26045074866900E+06
 0.25322621347428E+06
 0.24620968227289E+06
 0.23941064649902E+06
 0.23279867554324E+06
 0.22638251376968E+06
 0.22015623469940E+06
 0.21410170848840E+06
 0.20823903231082E+06
 0.20252758488838E+06
 0.19699278620493E+06
 0.19161006250118E+06
 0.18638140979490E+06
 0.18130763027536E+06
 0.17637250479681E+06
 0.17157697450340E+06
 0.16692803499357E+06
 0.16239379723006E+06
 0.15800318247242E+06
 0.15372582814912E+06
 0.14957477117262E+06
 0.14553825631934E+06
 0.14161643551985E+06
 0.13780056585180E+06
 0.13409105748262E+06
 0.13048607620579E+06
 0.12698299859559E+06
 0.12357761793048E+06
 0.12026341569135E+06
 0.11704304526693E+06
 0.11390717397067E+06
 0.11085966407288E+06
 0.10789805234948E+06
 0.10501375422649E+06
 0.10221119108900E+06
 0.99486316691389E+05
 0.96830228514269E+05
 0.94248541233662E+05
 0.91737452733618E+05
 0.89294578260838E+05
 0.86917258585530E+05
 0.84604632321510E+05
 0.82353999684928E+05
 0.80161638275837E+05
 0.78031066435266E+05
 0.75955755336622E+05
 0.73937333493010E+05
 0.71972888607588E+05
 0.70057835126275E+05
 0.68196990560774E+05
 0.66382997410751E+05
 0.64618780165428E+05
 0.62900259634383E+05
 0.61226830604307E+05
 0.59597608813928E+05
 0.58011040124436E+05
 0.56466685546470E+05
 0.54962198612481E+05
