 0.10813086768930E+04
 0.10813086768930E+04
 0.10813086768930E+04
 0.10813086768930E+04
 0.10813086768930E+04
 0.10813086768930E+04
 0.10813086768930E+04
 0.10813086768930E+04
 0.10813086768930E+04
 0.10813001936183E+04
 0.10814168631599E+04
 0.10812570832628E+04
 0.10811551961542E+04
 0.10812320685437E+04
 0.10810722137684E+04
 0.10811364702020E+04
 0.10811003400226E+04
 0.10812669424037E+04
 0.10812031220861E+04
 0.10810840125707E+04
 0.10811366249169E+04
 0.10812648701833E+04
 0.10812242502846E+04
 0.10809762595047E+04
 0.10809137327792E+04
 0.10811161062353E+04
 0.10811856459128E+04
 0.10810086898520E+04
 0.10808888165124E+04
 0.10811227935650E+04
 0.10814336296952E+04
 0.10807923037913E+04
 0.10818247551388E+04
 0.10817548069642E+04
 0.10814324905439E+04
 0.10823992081110E+04
 0.10818118822598E+04
 0.10816818096007E+04
 0.10762694220813E+04
 0.10816433573822E+04
 0.10809793423748E+04
 0.10823364320626E+04
 0.10816524869202E+04
 0.10764796973381E+04
 0.10779808732392E+04
 0.10780867713597E+04
 0.10777812085204E+04
 0.10763356799478E+04
 0.10820204981853E+04
 0.10777801823975E+04
 0.10818589212178E+04
 0.10793858255555E+04
 0.10767238280971E+04
 0.10825075837984E+04
 0.10763112644574E+04
 0.10799017718679E+04
 0.10792925688813E+04
 0.10816379545215E+04
 0.10816317255595E+04
 0.10771859460303E+04
 0.10801322595624E+04
 0.10783593351429E+04
 0.10799505288591E+04
 0.10776000562452E+04
 0.10771071712091E+04
 0.10780956623136E+04
 0.10793268175747E+04
 0.10868567236360E+04
 0.10809054163800E+04
 0.10891795057602E+04
 0.10834090653181E+04
 0.10845209062023E+04
 0.10809204183669E+04
 0.10835176152495E+04
 0.10778185323014E+04
 0.10812604049975E+04
 0.10822565216784E+04
 0.10790662694645E+04
 0.10847552750246E+04
 0.10845249626826E+04
 0.10820284902918E+04
 0.10808582900594E+04
 0.10844584184915E+04
 0.10867523077900E+04
 0.10801448477214E+04
 0.10832266825566E+04
 0.10835146425906E+04
 0.10861817402531E+04
 0.10844218694004E+04
 0.10824392558937E+04
 0.10841308767534E+04
 0.10760806465795E+04
 0.10847418931874E+04
 0.10792533989549E+04
 0.10772288951632E+04
 0.10870661804877E+04
 0.10797022937809E+04
 0.10843248495923E+04
 0.10803911531563E+04
 0.10796828437348E+04
 0.10790130969028E+04
 0.10825291152357E+04
 0.10800323295601E+04
 0.10792601073736E+04
 0.10837272980689E+04
 0.10761232833546E+04
 0.10873285885813E+04
 0.10887739783992E+04
 0.10877533811990E+04
 0.10803979801533E+04
 0.10794400841752E+04
 0.10818135929884E+04
 0.10838618552167E+04
 0.10874298917894E+04
 0.10866096433217E+04
 0.10802539207547E+04
 0.10877713133481E+04
 0.10891376619600E+04
 0.10761001937858E+04
 0.10905580136129E+04
 0.10900001785713E+04
 0.10877217792168E+04
 0.10895883881957E+04
 0.10847392089132E+04
 0.10822013844653E+04
 0.10886158517693E+04
 0.10898742027254E+04
 0.10828581008446E+04
 0.10784134555682E+04
 0.10817630260276E+04
 0.10778507002950E+04
 0.10767087855311E+04
 0.10787511740189E+04
 0.10904604204123E+04
 0.10853611997086E+04
 0.10829192659610E+04
 0.10822517147094E+04
 0.10855921511882E+04
 0.10802582377006E+04
 0.10878735615786E+04
 0.10858678253439E+04
 0.10840654005076E+04
 0.10794055528334E+04
 0.10788125965492E+04
 0.10842654121764E+04
 0.10815384285813E+04
 0.10812375779080E+04
 0.10813487212194E+04
 0.10887375868925E+04
 0.10916973338292E+04
 0.10794568100063E+04
 0.10839196674036E+04
 0.10841658657766E+04
 0.10869945044208E+04
 0.10879924442848E+04
 0.10858271222063E+04
 0.10936414948742E+04
 0.10941195260969E+04
 0.10946077386879E+04
 0.10914402771064E+04
 0.10827298999007E+04
 0.10941869916130E+04
 0.10882428282218E+04
 0.10916237798234E+04
 0.10944522319541E+04
 0.10901805748027E+04
 0.10946710406098E+04
 0.10919959953958E+04
 0.10894040101608E+04
 0.10906433356441E+04
 0.11005585587908E+04
 0.10896043290239E+04
 0.10942823677867E+04
 0.11011919259095E+04
 0.10930309947405E+04
 0.10956708873864E+04
 0.11049598995239E+04
 0.10959148992419E+04
 0.11018415201166E+04
 0.11073359859900E+04
 0.11037391887300E+04
 0.11050089018006E+04
 0.10988641675774E+04
 0.11008585491306E+04
 0.11037613048089E+04
 0.11110766510938E+04
 0.11068183259271E+04
 0.11027164962788E+04
 0.11149879036776E+04
 0.11091880704642E+04
 0.11079494700968E+04
 0.11102850686035E+04
 0.11220105780691E+04
 0.11205103062716E+04
 0.11230903239930E+04
 0.11130382194063E+04
 0.11195686355979E+04
 0.11269009678626E+04
 0.11218148943274E+04
 0.11272186248573E+04
 0.11202811232834E+04
 0.11246965788850E+04
 0.11277588611193E+04
 0.11331537840319E+04
 0.11264130218770E+04
 0.11360339683164E+04
 0.11417314775958E+04
 0.11404956724585E+04
 0.11367926544002E+04
 0.11440876543351E+04
 0.11361920227142E+04
 0.11398152588427E+04
 0.11492759716906E+04
 0.11453488135254E+04
 0.11417927247421E+04
 0.11441547463577E+04
 0.11450454291344E+04
 0.11458534273961E+04
 0.11512773616334E+04
 0.11508720551079E+04
 0.11636493142287E+04
 0.11569006271182E+04
 0.11550649908179E+04
 0.11599702484496E+04
 0.11655350191883E+04
 0.11639471904142E+04
 0.11748510171117E+04
 0.11742910102941E+04
 0.11742217106206E+04
 0.11727103140923E+04
 0.11757854591485E+04
 0.11816775556807E+04
 0.11846549138416E+04
 0.11781034537978E+04
 0.11780711407865E+04
 0.11891276687008E+04
 0.11820452248075E+04
 0.11873957231485E+04
 0.11887399329438E+04
 0.11899201106983E+04
 0.12015070529025E+04
 0.12045097246562E+04
 0.11992995508046E+04
 0.12129372351827E+04
 0.12141786184897E+04
 0.12046767112833E+04
 0.12110885643852E+04
 0.12119788419572E+04
 0.12221810577512E+04
 0.12193324128082E+04
 0.12271169498672E+04
 0.12295609057809E+04
 0.12202003926516E+04
 0.12231240048493E+04
 0.12250239879683E+04
 0.12370545876013E+04
 0.12310834847642E+04
 0.12433900522221E+04
 0.12350642634817E+04
 0.12463665149666E+04
 0.12457886615865E+04
 0.12388901082734E+04
 0.12469870559521E+04
 0.12450533145581E+04
 0.12508302875955E+04
 0.12615718068246E+04
 0.12533432799215E+04
 0.12649193657323E+04
 0.12619649169870E+04
 0.12656539999389E+04
 0.12654224388368E+04
 0.12739148010765E+04
 0.12647830278583E+04
 0.12721513606630E+04
 0.12754467492953E+04
 0.12814424013096E+04
 0.12907339234051E+04
 0.12797136315832E+04
 0.12830046287314E+04
 0.12953564231885E+04
 0.12973438484164E+04
 0.13019561912971E+04
 0.12977722259239E+04
 0.13032097902473E+04
 0.13009004290416E+04
 0.13094812079517E+04
 0.13033530850048E+04
 0.13220307220217E+04
 0.13127124817113E+04
 0.13103135998837E+04
 0.13158616069758E+04
 0.13293255037214E+04
 0.13346547944363E+04
 0.13332222802429E+04
 0.13304923044178E+04
 0.13282119538042E+04
 0.13322679038983E+04
 0.13421430759301E+04
 0.13445351076373E+04
 0.13383604037885E+04
