 0.25955908804632E+10
 0.25957108867719E+10
 0.25959108782898E+10
 0.25961908750767E+10
 0.25965508759658E+10
 0.25969908781553E+10
 0.25975108684409E+10
 0.25981108744504E+10
 0.25987908512540E+10
 0.25995508450152E+10
 0.26003908398451E+10
 0.26013108301255E+10
 0.26023108159791E+10
 0.26033908210366E+10
 0.26045508166741E+10
 0.26057908138888E+10
 0.26071108413668E+10
 0.26085108487228E+10
 0.26099908809880E+10
 0.26115509230563E+10
 0.26131909865318E+10
 0.26149110646728E+10
 0.26167111825178E+10
 0.26185913423416E+10
 0.26205515572656E+10
 0.26225918186366E+10
 0.26247121231626E+10
 0.26269125366548E+10
 0.26291930151584E+10
 0.26315536303445E+10
 0.26339942206827E+10
 0.26365149700238E+10
 0.26391158615754E+10
 0.26417967506096E+10
 0.26445579049655E+10
 0.26473989737657E+10
 0.26503200568240E+10
 0.26533213160801E+10
 0.26564025101691E+10
 0.26595638530268E+10
 0.26628050415913E+10
 0.26661261551835E+10
 0.26695271619401E+10
 0.26730079722955E+10
 0.26765685835092E+10
 0.26802088887854E+10
 0.26839287529480E+10
 0.26877280474645E+10
 0.26916067682777E+10
 0.26955648347898E+10
 0.26996018627780E+10
 0.27037180105931E+10
 0.27079128722843E+10
 0.27121864694406E+10
 0.27165385241666E+10
 0.27209687169468E+10
 0.27254768968135E+10
 0.27300629865617E+10
 0.27347264948552E+10
 0.27394668528115E+10
 0.27442848031946E+10
 0.27491785814606E+10
 0.27541487972467E+10
 0.27591947249729E+10
 0.27643163286407E+10
 0.27695127047926E+10
 0.27747834206328E+10
 0.27801281088896E+10
 0.27855470063573E+10
 0.27910384100876E+10
 0.27966017090924E+10
 0.28022364364562E+10
 0.28079426885352E+10
 0.28137202915660E+10
 0.28195670005778E+10
 0.28254832522982E+10
 0.28314671836850E+10
 0.28375199951615E+10
 0.28436404997604E+10
 0.28498244001310E+10
 0.28560754153977E+10
 0.28623909997020E+10
 0.28687687837824E+10
 0.28752098258626E+10
 0.28817120859490E+10
 0.28882738235517E+10
 0.28948977017241E+10
 0.29015793730516E+10
 0.29083188946968E+10
 0.29151107672190E+10
 0.29219610536934E+10
 0.29288636025333E+10
 0.29358200155553E+10
 0.29428269082634E+10
 0.29498870898897E+10
 0.29569977437630E+10
 0.29641469470973E+10
 0.29713481298375E+10
 0.29785929620972E+10
 0.29858766946699E+10
 0.29932086521990E+10
 0.30005765648928E+10
 0.30079855581431E+10
 0.30154278455869E+10
 0.30229074148848E+10
 0.30304207640751E+10
 0.30379561251523E+10
 0.30455329189132E+10
 0.30531261679783E+10
 0.30607543536001E+10
 0.30683992470853E+10
 0.30760747546951E+10
 0.30837601112336E+10
 0.30914660672720E+10
 0.30991729217571E+10
 0.31069102447155E+10
 0.31146453064650E+10
 0.31223884157918E+10
 0.31301391362493E+10
 0.31378856524165E+10
 0.31456280846571E+10
 0.31533743851308E+10
 0.31611117967169E+10
 0.31688319605278E+10
 0.31765442353428E+10
 0.31842397646802E+10
 0.31919177224363E+10
 0.31995697172296E+10
 0.32071896737433E+10
 0.32147916456863E+10
 0.32223502937134E+10
 0.32298839319340E+10
 0.32373755323338E+10
 0.32448376867618E+10
 0.32522517638158E+10
 0.32596363102976E+10
 0.32669506687119E+10
 0.32742360486418E+10
 0.32814854556617E+10
 0.32886960781494E+10
 0.32958704054884E+10
 0.33030288804040E+10
 0.33101734747862E+10
 0.33173009717048E+10
 0.33244381666997E+10
 0.33316180309632E+10
 0.33388443522514E+10
 0.33461373240811E+10
 0.33535144864140E+10
 0.33610243814661E+10
 0.33686883873313E+10
 0.33765163468026E+10
 0.33845441502345E+10
 0.33927581816796E+10
 0.34012038729865E+10
 0.34098316099698E+10
 0.34186854791924E+10
 0.34277354560150E+10
 0.34369747908093E+10
 0.34463932558721E+10
 0.34559786367764E+10
 0.34657326823580E+10
 0.34756395888817E+10
 0.34857078469674E+10
 0.34959217047474E+10
 0.35063035124622E+10
 0.35168172063176E+10
 0.35274940873295E+10
 0.35383015261078E+10
 0.35492599755880E+10
 0.35603671047546E+10
 0.35715966182059E+10
 0.35829909656754E+10
 0.35945032421596E+10
 0.36061350154419E+10
 0.36179268270912E+10
 0.36298278387832E+10
 0.36418592037685E+10
 0.36540318381678E+10
 0.36663204136168E+10
 0.36787230634350E+10
 0.36912492971794E+10
 0.37038856421259E+10
 0.37166452123361E+10
 0.37295197185342E+10
 0.37425166013152E+10
 0.37556089346637E+10
 0.37688101940735E+10
 0.37821300722146E+10
 0.37955681502932E+10
 0.38090897804109E+10
 0.38227317153648E+10
 0.38364776213550E+10
 0.38503210875790E+10
 0.38642714185235E+10
 0.38783258960000E+10
 0.38924752519782E+10
 0.39067276744495E+10
 0.39210695106401E+10
 0.39355342358811E+10
 0.39500772146760E+10
 0.39647185975818E+10
 0.39794700356094E+10
 0.39943100718375E+10
 0.40092500973754E+10
 0.40242826382028E+10
 0.40394108716861E+10
 0.40546308660614E+10
 0.40699454538202E+10
 0.40853640466610E+10
 0.41008671069361E+10
 0.41164586418827E+10
 0.41321528674887E+10
 0.41479286265014E+10
 0.41638118999155E+10
 0.41797724627896E+10
 0.41958262550418E+10
 0.42119770895899E+10
 0.42282089523153E+10
 0.42445437092299E+10
 0.42609638472305E+10
 0.42774694369606E+10
 0.42940665326304E+10
 0.43107547770485E+10
 0.43275412890181E+10
 0.43444086142570E+10
 0.43613630594378E+10
 0.43784054681586E+10
 0.43955391481142E+10
 0.44127707208109E+10
 0.44300850590857E+10
 0.44474805861975E+10
 0.44649757381874E+10
 0.44825436042856E+10
 0.45002118637557E+10
 0.45179657422410E+10
 0.45358036779280E+10
 0.45537249788217E+10
 0.45717335989681E+10
 0.45898420675362E+10
 0.46080316208642E+10
 0.46263099159700E+10
 0.46446628900010E+10
 0.46631182096606E+10
 0.46816508790473E+10
 0.47002749436350E+10
 0.47189871994444E+10
 0.47377787064230E+10
 0.47566499421412E+10
 0.47756227838408E+10
 0.47946779340835E+10
 0.48138139968291E+10
 0.48330389829126E+10
 0.48523483313436E+10
 0.48717527600157E+10
 0.48912205933092E+10
 0.49107946320194E+10
 0.49304506290913E+10
 0.49501867063040E+10
 0.49700113656692E+10
 0.49899183922388E+10
 0.50099150045712E+10
 0.50299941918738E+10
 0.50501617189596E+10
 0.50704033827181E+10
 0.50907449556774E+10
 0.51111650697674E+10
 0.51316741380054E+10
 0.51522606223758E+10
 0.51729366853599E+10
 0.51936885191593E+10
 0.52145324442759E+10
 0.52354611479686E+10
 0.52564731792341E+10
 0.52775682335900E+10
 0.52987538933565E+10
 0.53200205676318E+10
 0.53413725324859E+10
 0.53628115148697E+10
 0.53843250694059E+10
 0.54059385218426E+10
 0.54276250227658E+10
 0.54493943936347E+10
 0.54712516416398E+10
 0.54931957931419E+10
 0.55152241945866E+10
 0.55373248312049E+10
 0.55595242228755E+10
 0.55818064062819E+10
 0.56041628812482E+10
 0.56266139821275E+10
 0.56491421192090E+10
 0.56717539082330E+10
 0.56944450019350E+10
 0.57172359979295E+10
 0.57400908275726E+10
 0.57630447807846E+10
 0.57860778245958E+10
 0.58091905765979E+10
 0.58323909192539E+10
