 0.77828127914593E+07
 0.77828127914647E+07
 0.77828127915301E+07
 0.77828127918517E+07
 0.77828127940319E+07
 0.77828128089108E+07
 0.77828129398257E+07
 0.77828135132704E+07
 0.77828154248336E+07
 0.77828204368625E+07
 0.77828314346844E+07
 0.77828523523921E+07
 0.77828883628423E+07
 0.77829457173453E+07
 0.77830307447943E+07
 0.77831519136426E+07
 0.77833160630756E+07
 0.77835309934142E+07
 0.77838042134984E+07
 0.77841429599290E+07
 0.77845564939249E+07
 0.77850464009875E+07
 0.77856213431109E+07
 0.77862861055134E+07
 0.77870461560978E+07
 0.77879050334975E+07
 0.77888683279178E+07
 0.77899324732176E+07
 0.77911025868881E+07
 0.77923831771450E+07
 0.77937790927302E+07
 0.77952815455714E+07
 0.77969000321522E+07
 0.77986385490483E+07
 0.78004820853644E+07
 0.78024453110796E+07
 0.78045225893051E+07
 0.78067241730035E+07
 0.78090346998080E+07
 0.78114502399818E+07
 0.78140128049279E+07
 0.78166821760452E+07
 0.78194634294276E+07
 0.78223660020360E+07
 0.78254102438553E+07
 0.78285702165394E+07
 0.78318304857825E+07
 0.78352129475911E+07
 0.78387323385495E+07
 0.78423809598960E+07
 0.78461354885402E+07
 0.78500261835185E+07
 0.78540290788663E+07
 0.78581615969736E+07
 0.78624356645241E+07
 0.78668301761088E+07
 0.78713401799470E+07
 0.78760095542456E+07
 0.78807849510740E+07
 0.78856462178964E+07
 0.78907649431967E+07
 0.78958835092609E+07
 0.79011401436930E+07
 0.79066057422092E+07
 0.79120888781554E+07
 0.79178397744406E+07
 0.79236431284583E+07
 0.79294193299232E+07
 0.79354545466647E+07
 0.79415031473800E+07
 0.79478258645191E+07
 0.79541889502389E+07
 0.79604709746227E+07
 0.79671263744367E+07
 0.79736645052416E+07
 0.79804177650947E+07
 0.79871971294660E+07
 0.79941606249289E+07
 0.80009123512902E+07
 0.80079752798789E+07
 0.80149889893347E+07
 0.80220162306172E+07
 0.80290233146775E+07
 0.80360701094641E+07
 0.80433490560522E+07
 0.80503862028795E+07
 0.80573766243577E+07
 0.80645053597881E+07
 0.80715614913357E+07
 0.80786423855244E+07
 0.80853411426920E+07
 0.80919083089075E+07
 0.80986221204707E+07
 0.81052877241726E+07
 0.81113998095171E+07
 0.81172538706238E+07
 0.81233215143046E+07
 0.81287843547455E+07
 0.81341053749856E+07
 0.81390263831570E+07
 0.81438025733363E+07
 0.81479450739878E+07
 0.81516138696300E+07
 0.81549872841271E+07
 0.81580020449600E+07
 0.81602453009825E+07
 0.81616516515207E+07
 0.81628690027027E+07
 0.81631734848861E+07
 0.81624464298364E+07
 0.81607553942200E+07
 0.81583614033774E+07
 0.81548711509974E+07
 0.81503804806260E+07
 0.81448764411822E+07
 0.81377299331675E+07
 0.81292511196435E+07
 0.81192606035655E+07
 0.81077734221546E+07
 0.80944775845320E+07
 0.80791407429582E+07
 0.80615824767319E+07
 0.80423140685302E+07
 0.80206058514645E+07
 0.79960403843041E+07
 0.79685490581892E+07
 0.79380229533404E+07
 0.79046116159860E+07
 0.78675773042368E+07
 0.78265936249168E+07
 0.77815684881840E+07
 0.77323526235245E+07
 0.76781649968254E+07
 0.76189987011839E+07
 0.75544177345082E+07
 0.74837745509802E+07
 0.74069340220288E+07
 0.73232694311909E+07
 0.72322882799745E+07
 0.71336943426149E+07
 0.70268077645252E+07
 0.69113391981261E+07
 0.67867339608301E+07
 0.66528538576165E+07
 0.65092741934863E+07
 0.63561887316887E+07
 0.61932625949337E+07
 0.60212794356895E+07
 0.58405319855574E+07
 0.56519559050571E+07
 0.54583991267378E+07
 0.52597785936649E+07
 0.50584000190977E+07
 0.48581566258988E+07
 0.46598660949685E+07
 0.44669692618176E+07
 0.42803186871747E+07
 0.41019714930376E+07
 0.39320347901105E+07
 0.37715376230649E+07
 0.36201243407244E+07
 0.34770710304898E+07
 0.33421960098988E+07
 0.32148521133664E+07
 0.30945287488179E+07
 0.29802479050491E+07
 0.28717525312948E+07
 0.27684482988639E+07
 0.26699206797972E+07
 0.25758467396971E+07
 0.24860017201426E+07
 0.23997304236133E+07
 0.23170698154714E+07
 0.22379824223580E+07
 0.21618698242023E+07
 0.20886969997760E+07
 0.20185932363177E+07
 0.19509641768105E+07
 0.18860234212522E+07
 0.18233180441260E+07
 0.17633153949770E+07
 0.17052969116957E+07
 0.16495302715564E+07
 0.15955766629656E+07
 0.15438034412287E+07
 0.14937425277595E+07
 0.14456530125645E+07
 0.13991975505085E+07
 0.13544122526959E+07
 0.13111813518107E+07
 0.12695344982263E+07
 0.12292523415506E+07
 0.11903911366800E+07
 0.11529186673445E+07
 0.11167759596508E+07
 0.10819195894851E+07
 0.10482087412290E+07
 0.10155979057665E+07
 0.98415442275168E+06
 0.95381495658796E+06
 0.92446143423604E+06
 0.89613198296430E+06
 0.86868612158990E+06
 0.84223748077408E+06
 0.81658874378124E+06
 0.79187572615804E+06
 0.76793672525995E+06
 0.74478008948234E+06
 0.72239485347989E+06
 0.70076510895419E+06
 0.67981046742109E+06
 0.65954046181337E+06
 0.63989897666320E+06
 0.62095624251202E+06
 0.60260065201403E+06
 0.58482282410773E+06
 0.56761813139497E+06
 0.55095478967756E+06
 0.53485408485271E+06
 0.51921938635430E+06
 0.50410701383367E+06
 0.48944808103594E+06
 0.47523205028281E+06
 0.46150182494214E+06
 0.44816684654349E+06
 0.43527734116753E+06
 0.42277499034736E+06
 0.41066613433275E+06
 0.39890676713442E+06
 0.38752709687111E+06
 0.37650803919395E+06
 0.36580122681313E+06
 0.35542051684144E+06
 0.34537054544825E+06
 0.33560032443248E+06
 0.32615135609778E+06
 0.31697450816780E+06
 0.30808619398363E+06
 0.29943668431395E+06
 0.29106467238568E+06
 0.28294501751173E+06
 0.27505292653093E+06
 0.26740744277568E+06
 0.25998082704575E+06
 0.25276823449828E+06
 0.24578255729963E+06
 0.23898649126313E+06
 0.23239237002303E+06
 0.22599744544528E+06
 0.21978013326791E+06
 0.21375340119434E+06
 0.20788587721958E+06
 0.20220068376360E+06
 0.19667401111169E+06
 0.19130441735571E+06
 0.18609270357997E+06
 0.18102791613022E+06
 0.17610308113809E+06
 0.17133125368662E+06
 0.16667856283150E+06
 0.16217404468643E+06
 0.15778083367507E+06
 0.15352001655010E+06
 0.14937924519710E+06
 0.14535581651151E+06
 0.14143997004212E+06
 0.13763514878955E+06
 0.13393651100628E+06
 0.13034282716888E+06
 0.12684837885402E+06
 0.12345017971773E+06
 0.12014565579774E+06
 0.11693104527887E+06
 0.11380525741428E+06
 0.11076755563255E+06
 0.10781023177022E+06
 0.10493686821297E+06
 0.10214292625604E+06
 0.99419879707741E+05
 0.96773543335311E+05
 0.94197769627227E+05
 0.91694495004938E+05
 0.89256458000886E+05
 0.86886579913782E+05
 0.84579368996069E+05
 0.82332398566867E+05
 0.80148594895596E+05
 0.78021153644422E+05
 0.75953479306379E+05
 0.73939775926052E+05
 0.71976745714117E+05
 0.70070113522468E+05
 0.68210927430124E+05
 0.66402800438222E+05
 0.64642061426234E+05
 0.62927529502045E+05
 0.61257794571082E+05
 0.59632081981085E+05
 0.58049618753992E+05
 0.56508618109797E+05
