 0.22012047225508E+01
 0.22012047225508E+01
 0.22012047225508E+01
 0.22012047225508E+01
 0.22012047225508E+01
 0.22012047225508E+01
 0.22012047225508E+01
 0.22012047225508E+01
 0.22012047225509E+01
 0.22012046921021E+01
 0.22012050888252E+01
 0.22012045357365E+01
 0.22012041451643E+01
 0.22012044430752E+01
 0.22012038045248E+01
 0.22012040697297E+01
 0.22012039230940E+01
 0.22012045719827E+01
 0.22012043316713E+01
 0.22012038525428E+01
 0.22012040699015E+01
 0.22012045662938E+01
 0.22012044163182E+01
 0.22012033875666E+01
 0.22012030981813E+01
 0.22012039863606E+01
 0.22012042708764E+01
 0.22012035302979E+01
 0.22012029815680E+01
 0.22012040043750E+01
 0.22012051453258E+01
 0.22012025822994E+01
 0.22012062679705E+01
 0.22012064041667E+01
 0.22012046245669E+01
 0.22012068694265E+01
 0.22012063818674E+01
 0.22012055608565E+01
 0.22012115241396E+01
 0.22012059307507E+01
 0.22012031625095E+01
 0.22012068913106E+01
 0.22012052533101E+01
 0.22012151108431E+01
 0.22012375267823E+01
 0.22012375817122E+01
 0.22012383640573E+01
 0.22012122184742E+01
 0.22012065347075E+01
 0.22012371185018E+01
 0.22012061494632E+01
 0.22012538423876E+01
 0.22012202774896E+01
 0.22012091914347E+01
 0.22012093260673E+01
 0.22012588664314E+01
 0.22011922364568E+01
 0.22012059373925E+01
 0.22012663039797E+01
 0.22012265459623E+01
 0.22012605852546E+01
 0.22012446239282E+01
 0.22012000346562E+01
 0.22012355883366E+01
 0.22011592849490E+01
 0.22012424238277E+01
 0.22012543810762E+01
 0.22011811980818E+01
 0.22012633754381E+01
 0.22012115014775E+01
 0.22012670356206E+01
 0.22012604037658E+01
 0.22012035298598E+01
 0.22012664968691E+01
 0.22011713104198E+01
 0.22012646927427E+01
 0.22012109173620E+01
 0.22011856561058E+01
 0.22011931292959E+01
 0.22012042872319E+01
 0.22012089047797E+01
 0.22012033468758E+01
 0.22012653984646E+01
 0.22012393590509E+01
 0.22012013605579E+01
 0.22012715024958E+01
 0.22012085436224E+01
 0.22011941924934E+01
 0.22012086798496E+01
 0.22012137204891E+01
 0.22012706576913E+01
 0.22012167030857E+01
 0.22012164762898E+01
 0.22012590177245E+01
 0.22011828798958E+01
 0.22012511035376E+01
 0.22012124777630E+01
 0.22012262230102E+01
 0.22012939535261E+01
 0.22012848646259E+01
 0.22012241313812E+01
 0.22012511162490E+01
 0.22012447257019E+01
 0.22012545391217E+01
 0.22013262992876E+01
 0.22013049624790E+01
 0.22013347049861E+01
 0.22012498213182E+01
 0.22012592418309E+01
 0.22013287593517E+01
 0.22013942082419E+01
 0.22013625489817E+01
 0.22014483098015E+01
 0.22014467589516E+01
 0.22014719662019E+01
 0.22014608400687E+01
 0.22015081020586E+01
 0.22014990647689E+01
 0.22015321079158E+01
 0.22016006888050E+01
 0.22016438605126E+01
 0.22016775489888E+01
 0.22017451854432E+01
 0.22018703189189E+01
 0.22019369262987E+01
 0.22019145565450E+01
 0.22020044877983E+01
 0.22020897897498E+01
 0.22022287805757E+01
 0.22023116888564E+01
 0.22022884676792E+01
 0.22024289427480E+01
 0.22024908452114E+01
 0.22025852830666E+01
 0.22027039254299E+01
 0.22027956396970E+01
 0.22029608202444E+01
 0.22029757057361E+01
 0.22031614226791E+01
 0.22032001216045E+01
 0.22032790828215E+01
 0.22033891938568E+01
 0.22035185150157E+01
 0.22036072880126E+01
 0.22036650592650E+01
 0.22038432455797E+01
 0.22038656843913E+01
 0.22039401892748E+01
 0.22040258877150E+01
 0.22041089437321E+01
 0.22041710917169E+01
 0.22042645262340E+01
 0.22043889017762E+01
 0.22044553477919E+01
 0.22044185585526E+01
 0.22044947004432E+01
 0.22045143057813E+01
 0.22046158759434E+01
 0.22046162048965E+01
 0.22046187696589E+01
 0.22047331686433E+01
 0.22046754333255E+01
 0.22047074164797E+01
 0.22046794192051E+01
 0.22046487310365E+01
 0.22046125433286E+01
 0.22045797377129E+01
 0.22044875144207E+01
 0.22044922182129E+01
 0.22044981280819E+01
 0.22044150416940E+01
 0.22042742512906E+01
 0.22042138058564E+01
 0.22040515938377E+01
 0.22039257353472E+01
 0.22038273792480E+01
 0.22036194085709E+01
 0.22035139934501E+01
 0.22032507466054E+01
 0.22030179752607E+01
 0.22028355702231E+01
 0.22025470009510E+01
 0.22023308316129E+01
 0.22021446105946E+01
 0.22017699849635E+01
 0.22015934303707E+01
 0.22012622444332E+01
 0.22009432636342E+01
 0.22006210288947E+01
 0.22001827184519E+01
 0.21998072228994E+01
 0.21994682595587E+01
 0.21990048211174E+01
 0.21985436786024E+01
 0.21981180382857E+01
 0.21977173234177E+01
 0.21971680653216E+01
 0.21966645585517E+01
 0.21961717512146E+01
 0.21956147359804E+01
