 0.12287856071230E+01
 0.12287856154771E+01
 0.12287856532512E+01
 0.12287857575042E+01
 0.12287859811654E+01
 0.12287863952375E+01
 0.12287871001449E+01
 0.12287882577229E+01
 0.12287901441678E+01
 0.12287932080140E+01
 0.12287981102370E+01
 0.12288057403490E+01
 0.12288172093818E+01
 0.12288337967611E+01
 0.12288569441849E+01
 0.12288881487216E+01
 0.12289289861614E+01
 0.12289810216773E+01
 0.12290457829248E+01
 0.12291247488254E+01
 0.12292192596553E+01
 0.12293307177095E+01
 0.12294602617838E+01
 0.12296089867265E+01
 0.12297778597781E+01
 0.12299677637375E+01
 0.12301794200180E+01
 0.12304136174807E+01
 0.12306708720154E+01
 0.12309515998966E+01
 0.12312561173978E+01
 0.12315849016187E+01
 0.12319379911890E+01
 0.12323154374830E+01
 0.12327175864136E+01
 0.12331441114453E+01
 0.12335950069593E+01
 0.12340698918096E+01
 0.12345687806811E+01
 0.12350914253861E+01
 0.12356366220400E+01
 0.12362046606615E+01
 0.12367949246424E+01
 0.12374066327594E+01
 0.12380387832305E+01
 0.12386911449038E+01
 0.12393632835779E+01
 0.12400540178620E+01
 0.12407622249249E+01
 0.12414872343235E+01
 0.12422286049626E+01
 0.12429848251131E+01
 0.12437554469871E+01
 0.12445392131964E+01
 0.12453349702590E+01
 0.12461420951133E+01
 0.12469597886710E+01
 0.12477862266574E+01
 0.12486214788858E+01
 0.12494649284407E+01
 0.12503125430533E+01
 0.12511680014440E+01
 0.12520279979071E+01
 0.12528902525142E+01
 0.12537574080715E+01
 0.12546240258354E+01
 0.12554932574747E+01
 0.12563658467355E+01
 0.12572355730112E+01
 0.12581064342041E+01
 0.12589726723571E+01
 0.12598380166207E+01
 0.12607042905768E+01
 0.12615621757819E+01
 0.12624203585406E+01
 0.12632720814124E+01
 0.12641203974168E+01
 0.12649618155436E+01
 0.12658035997443E+01
 0.12666352196423E+01
 0.12674634016790E+01
 0.12682865219121E+01
 0.12691051267867E+01
 0.12699178242482E+01
 0.12707202186860E+01
 0.12715221620744E+01
 0.12723194824758E+01
 0.12731081855300E+01
 0.12738929512648E+01
 0.12746715432338E+01
 0.12754522261338E+01
 0.12762304408198E+01
 0.12770004416401E+01
 0.12777662223977E+01
 0.12785389493531E+01
 0.12793127343598E+01
 0.12800779608556E+01
 0.12808521814523E+01
 0.12816254161976E+01
 0.12824047837038E+01
 0.12831844124484E+01
 0.12839758093063E+01
 0.12847755706753E+01
 0.12855799005479E+01
 0.12863918359828E+01
 0.12872205170746E+01
 0.12880678485316E+01
 0.12889189230570E+01
 0.12897902279933E+01
 0.12906844245951E+01
 0.12916008189907E+01
 0.12925312007958E+01
 0.12934853441004E+01
 0.12944574817100E+01
 0.12954453055465E+01
 0.12964628796703E+01
 0.12974969466209E+01
 0.12985462355750E+01
 0.12996038291428E+01
 0.13006681355064E+01
 0.13017344160972E+01
 0.13027949173932E+01
 0.13038170158293E+01
 0.13048041322465E+01
 0.13057450634722E+01
 0.13066185135403E+01
 0.13074021117970E+01
 0.13080489035191E+01
 0.13085557014605E+01
 0.13088995310512E+01
 0.13090390013962E+01
 0.13089291131373E+01
 0.13085819095551E+01
 0.13079378391027E+01
 0.13069689973345E+01
 0.13057131399760E+01
 0.13041024237309E+01
 0.13021872671594E+01
 0.12999864033879E+01
 0.12975567974768E+01
 0.12949336182005E+01
 0.12921249657762E+01
 0.12892060660913E+01
 0.12862287164734E+01
 0.12832092894451E+01
 0.12802226846655E+01
 0.12772441926407E+01
 0.12743398091269E+01
 0.12714905481164E+01
 0.12687100605576E+01
 0.12660781239478E+01
 0.12635058419707E+01
 0.12610014200672E+01
 0.12586417772956E+01
 0.12563538609294E+01
 0.12541857563921E+01
 0.12521026293017E+01
 0.12501238071451E+01
 0.12482124905444E+01
 0.12464017965102E+01
 0.12446767967059E+01
 0.12430180410085E+01
 0.12414271117382E+01
 0.12399097636083E+01
 0.12384699755703E+01
 0.12370813746719E+01
 0.12357548772549E+01
 0.12344801552056E+01
 0.12332583750050E+01
 0.12320859747463E+01
 0.12309751877852E+01
 0.12298897660468E+01
 0.12288474654779E+01
 0.12278658388218E+01
 0.12269043851571E+01
 0.12259718340133E+01
 0.12250954267444E+01
 0.12242327877081E+01
 0.12234092191031E+01
 0.12225964065523E+01
 0.12218446971088E+01
 0.12210964893672E+01
 0.12203803276683E+01
 0.12196627600686E+01
 0.12189932602610E+01
 0.12183209325794E+01
 0.12176943875972E+01
 0.12170716294194E+01
 0.12164668455666E+01
 0.12158758537548E+01
 0.12153062186587E+01
 0.12147382175203E+01
 0.12141846163951E+01
 0.12136496717845E+01
 0.12131304620151E+01
 0.12126282934127E+01
 0.12121316604571E+01
 0.12116358386585E+01
 0.12111528858248E+01
 0.12106888862456E+01
