   0.00000000000000000000000000000000000      
  -2.22536190582103370524979679294836969E-0008
  -8.17025390077249272828102364051609911E-0007
  -5.47121314177050928067277226111801242E-0006
  -1.99857953459514498741493919116153005E-0005
  -5.19772188358186965760743399965736452E-0005
  -1.08656144265182774834861297676337658E-0004
  -1.95058939889914993223028939168011826E-0004
  -3.12584425813357198959749375606708416E-0004
  -4.57395629268965497250802176621847165E-0004
  -6.18385915847770153090594599957330595E-0004
  -7.74875714497574478820529959076417003E-0004
  -8.94570421568789339179406746096286246E-0004
  -9.32354358613977323247900353829128023E-0004
  -8.30291607229707036145556243044216480E-0004
  -5.18939323048276035003291437571276328E-0004
   8.01201399262845812925618000014925082E-0005
   1.05073457189738928594061662787455796E-0003
   2.47789549527689948829926685617872364E-0003
   4.44303086226169456830432525917938198E-0003
   7.01927657740008248736668295111608747E-0003
   1.02670603128701928985911885629876941E-0002
   1.42304788951352448721120209310940815E-0002
   1.89346921937219695030588457010623595E-0002
   2.43845798084489655573621802933884603E-0002
   3.05646802834703995828845117994689544E-0002
   3.74403371595766794627874746498391022E-0002
   4.49598733395057903804885438871057662E-0002
   5.30575046496771553366247543597164037E-0002
   6.16567070936546724003250769029470009E-0002
   7.06737621357748909602653879640747957E-0002
   8.00212174975169044034473365511772005E-0002
   8.96110681193690363072580551257444206E-0002
   9.93575250691572434838668543152227500E-0002
  0.109179281963202248136878571312844850      
  0.119001261588560801854922836517095238      
  0.128755837213174950261300900551632961      
  0.138383579812508868651244971725278801      
  0.147833586580421133676054664828688009      
  0.157063459443014107110211626705538568      
  0.166039007002738390192614216173511471      
  0.174733739509201156802079859944066639      
  0.183128218917464527173922140153743855      
  0.191209321962892184242940730427054749      
  0.198969459184863415462281706592185199      
  0.206405790364202537352049755658829059      
  0.213519461565361025888075059001162073      
  0.220314887193967207187708731536657991      
  0.226799088963958855212670473508271454      
  0.232981101972099476943590458131939484      
  0.238871444391650922597624882807523880      
  0.244481664866208353900435394464766145      
  0.249823956274947873784003934930707991      
  0.254910833287581763866672933475647344      
  0.259754868206748056474900563961159590      
  0.264368483546831003442027161196177284      
  0.268763792233919816033217059347893730      
  0.272952473919244248695129957389096374      
  0.276945688961102821845581934949992428      
  0.280754034802159673117316437917706495      
  0.284387514340577057380322168268469091      
  0.287855520647528011797882596938050884      
  0.291166858276166815473071982847131453      
  0.294329759759545022776400137532900874      
  0.297351920428698732840196228005893446      
  0.300240539271075394207784134286685905      
  0.303002349252652876176226751176260334      
  0.305643689931208044050330168079525100      
  0.308170530183957076744413971034134599      
  0.310588528422168648469122792791167258      
  0.312903069290530244595625708372950908      
  0.315119312773338103364783958696440899      
  0.317242238621992237967649651428367060      
  0.319276741048136781683194669755622761      
  0.321227459189362437674025507850267617      
  0.323099153273013979034466146985917992      
  0.324896427854663719754302882143236145      
  0.326623903139002423384307062813408644      
  0.328286192311889901143641685570724120      
  0.329887958101437757722256440463160888      
  0.331433978444473892496093762292918548      
  0.332928875026962165495188094485838494      
  0.334377558611878718629335018202669939      
  0.335784964256821572811514218966173288      
  0.337156055497976327572404475600256985      
  0.338496165586109840639812512171849519      
  0.339810338247753227411654397518483866      
  0.341103982129301602527245445380337600      
  0.342382567493121978526148891378595967      
  0.343651718266720707638470591221983122      
  0.344917114795810610289788286397354546      
  0.346184590075582401980816121171838433      
  0.347460113966001707743558508145043111      
  0.348749748318854539952333198336277930      
  0.350059785156515953792843341764095469      
  0.351396441372863551418824377843206724      
  0.352766057501495607231227409985046018      
  0.354175459276641295999509045397859768      
  0.355631237798521386620633467835495051      
  0.357140219514642427886093149659470104      
  0.358709438304853645477631738523421822      
  0.360345903624245789654684839045107682      
  0.362056941633205350402532249484187879      
  0.363849750209118878755323420891263467      
  0.365732030984247613660860439440309702      
  0.367711324071726818975294882200377110      
  0.369795614238675939213131309898570382      
  0.371992664530440854986203527941577212      
  0.374310793390042620912440727649522711      
  0.376758426077506299806377862826805479      
  0.379344369226740560327864594997584721      
  0.382076828711848150242135331928389631      
  0.384964968927613183081877935318794976      
  0.388018015688791753715102685856277952      
  0.391245586215019406128002915224904529      
  0.394657291395774991567537865390646413      
  0.398263292969949685178056833417015192      
  0.402073654641121473801655835343419507      
  0.406098995589448679508196036436078002      
  0.410350582517999137767116498178271720      
  0.414839543324641020984407273636172786      
  0.419577401908361415519430664101370777      
  0.424576512967122144750886010660645801      
  0.429849224457820766899000711067876362      
  0.435408576684907236322565027485282967      
  0.441267451152220073390660166887437821      
  0.447440174923097444352198131312827479      
  0.453940460535509629160066011918675876      
  0.460783394723634483828389848723508309      
  0.467983382699058488001539833677846426      
  0.475556308210932915779182566006091741      
  0.483518003715292293574389233308481649      
  0.491884030460818929142534832904122870      
  0.500671090910294882584785524141856325      
  0.509895521360158886516094269971840616      
  0.519573183420508176103362431221970140      
  0.529720985013439023706247019777817131      
  0.540354605924260907656302735323079464      
  0.551489004167866775248106566748799517      
  0.563139094120957028728959938913167810      
  0.575318894835341852046597025850584999      
  0.588040702491415781809571704757240516      
  0.601315759482597383941788040867967389      
  0.615153754840720540499695348589469631      
  0.629562497586253306726515557632221153      
  0.644548017824363003355863050655184947      
  0.660114204156811712400776941918896278      
  0.676263241047058107947444906957739437      
  0.692995230228058255325482595371949178      
  0.710308226750093096232415859352515434      
  0.728198034021828729269022056232608135      
  0.746659246875758847614581722755199564      
  0.765682914646345717514069508255322806      
  0.785257824385726000872934946204331764      
  0.805369934221373185232240117436029163      
  0.826001401331905743794387780249480210      
  0.847130911089182963187388147624151847      
  0.868732922845069702866120457792200474      
  0.890778081565557654169369793651071528      
  0.913233065041935451161536746547872461      
  0.936061441060152202191682691013393798      
  0.959223763977863981963299236904314494      
  0.982678502138758508929153096334666770      
   1.00638282729068775000051617685934729      
   1.03029357469653947604339040552935248      
   1.05436771676610626367105233303181281      
   1.07856358694305653547636144783772365      
   1.10284140527293010381018395524559758      
   1.12716370921626040059510987062466061      
   1.15149579147086250534296012352615926      
   1.17580587097121112845317621841767663      
   1.20006521143575526849072660034692608      
   1.22424804383825684863451640383507540      
   1.24833148734452570170727208753162559      
   1.27229534537448802146224516596611957      
   1.29612195730340053762288639346320767      
   1.31979592034724735160677152923487632      
   1.34330394452184057565254499832614576      
   1.36663458077320069836388248557517520      
   1.38977807066986185027996701995037034      
   1.41272613742778873112294288248418709      
   1.43547182767139301803311357035170723      
   1.45800934959023489723646231740892709      
   1.48033396501070639616011355778580224      
   1.50244178344765676237452804751958737      
   1.52432988887262703539149615404081863      
   1.54599575172084541736013719510461538      
   1.56743774435878139388630779037595919      
   1.58865468714067833935348566407867011      
   1.60964588218860120083148600087051122      
   1.63041105214922907297587225679008352      
   1.65095030316782873136119696171581010      
   1.67126405214770520628316003373446972      
   1.69135299420832584532185066833561282      
   1.71121806276237812962492165732003553      
   1.73086044337938224359310856240493722      
   1.75028149661544744545740917153885864      
   1.76948273068857019070535638799342247      
   1.78846578136540968477760185186326935      
   1.80723246479630102828237398986072744      
