   0.00000000000000000000000000000000000      
   1.75624168382265198468467032139486130E-0042
   2.17648950616303087826079050645077665E-0040
   3.45456585647643120625569975166985957E-0039
   2.46475354732139163293369013979790342E-0038
   1.10751987688901125234882721083217459E-0037
   3.67706302149038900082057484198890307E-0037
   9.85491592338856767276391114016159330E-0037
   2.24832847967176916388807346356030502E-0036
   4.51222682999437367825059080259075235E-0036
   8.12043360856220759723766031382492662E-0036
   1.32135322064231827251969110289225411E-0035
   1.93932671988878295216875656398273492E-0035
   2.52391862747383035062935750711013395E-0035
   2.76513881379734042082414097401718116E-0035
   2.09697790845092566261767465531604352E-0035
  -3.88417489418165241053457211106840460E-0036
  -6.04584849327047913207680703697237267E-0035
   1.12487959578239217842694290017715562E-0026
   7.82619071561095194160095901499909148E-0025
   1.19591252508204050968165842624767828E-0024
  -8.86054767536120229845411449696021065E-0025
  -1.41026953126887790625733788977027159E-0024
   1.23698271632277743723333485329261305E-0024
   5.54304599884977042540936142541324061E-0025
  -2.68073111688805403452222284571154214E-0025
  -4.80516558763836471762771790260129951E-0025
   3.97527047109690636117680163078499341E-0025
  -9.34634572497667015711514650233258093E-0025
   3.86383387328367837262813707651615311E-0024
   1.21567202374141312739040838722771226E-0024
  -4.25170703622287363770978281832678998E-0025
   6.33598715768796264896544879350091417E-0025
   1.70315246295184589236592774937797809E-0024
  -1.58437042515704276726627463384059340E-0024
   1.18281027148562935498440391060542599E-0024
   3.12842448595093670944495758517694445E-0025
  -2.85753880650629464328737270329039114E-0024
   1.00243183814061974672206115580078538E-0024
  -3.64777247837360416806245285987542403E-0024
   5.97942355288697510279732852837316730E-0024
  -1.25731188160649213377911261486043454E-0023
   9.25325836132769332257264404139809462E-0024
  -5.67795294058492420102417960205859395E-0024
   7.98640639356094176200462392759288181E-0024
   3.11686480892372853746881322256590425E-0024
   3.59830978655846687240153741984474489E-0024
   6.95235628698377551479071358806454616E-0024
  -1.60757112234912760093546302095331188E-0024
   8.31102739602471073807830820558244718E-0024
  -8.56183734698832627568232564406253165E-0025
   2.31330697507880172634330212943305057E-0023
   1.33962500697636364829754748385127870E-0023
   1.85366104566260718388547957117287486E-0023
   1.17655252154597040452224022200431757E-0023
   9.22218368238264939917496286241336220E-0024
  -3.25458606622481809735857843846871758E-0024
  -3.53014658048068411572537276447069559E-0024
   4.87919308246853521772220917520882156E-0023
   4.82951644818343474402399755932724851E-0023
   3.98245634545749492597541318831884937E-0023
   1.88442828769565116519388708663641494E-0023
  -1.02645458031498894377080588360893723E-0023
  -1.22731756771318614405781441837037113E-0023
   3.01609668411555196801840905770608097E-0023
   3.84845655527856858059751099260133770E-0023
   1.31717996035685410744960596682043803E-0023
   7.44672777191409833168684066100987504E-0023
  -1.23760944095908835405145200089292553E-0022
   1.45057828554393813798279370499038518E-0022
   1.63568358120131727879668730233601525E-0023
   7.77303392014596908044683107371843106E-0023
   3.71681587452216035992442887740483776E-0023
  -5.88831963946313649231666988564374392E-0023
   6.32860852245078808722357778250301687E-0023
   4.86182126107908930375106029147555370E-0023
  -6.66175276901808329809595219162605933E-0023
   4.25130268322737729046835301317142422E-0023
  -8.85003284666861221106644700724472699E-0023
  -5.85913136321572861888658853431836916E-0023
   1.09322938807267459285258616714591962E-0023
  -1.34735033981137591389959073395747150E-0022
  -2.40273326459075371276850062314618001E-0022
   1.70494593906087736448765074927358849E-0022
   2.34819626170510173829139769440188577E-0022
   5.77925639619898748108516517000673969E-0023
  -1.66102673386570072765691219376757881E-0023
  -3.74044390571073074034686355366720752E-0022
  -5.13327898850447598168203099926584673E-0022
  -2.71899513340513849924158234000990074E-0022
   8.04772885343136334391967301813283025E-0022
  -3.02842913669181872016958808738669332E-0023
  -7.53466552102539001922619867503829888E-0022
   6.40449465997797514080454389492168629E-0022
   6.56444615811982593672832460752520700E-0022
   3.51673048116308692303769986207765274E-0022
   4.25961008971921907163685698289363474E-0022
  -3.95901574319075660137371060829598610E-0022
  -1.30826014273410896279715143824832771E-0022
  -7.23191652768409923578504908817536917E-0022
   3.43413328814954501899800053733136351E-0022
  -1.93488171248834731444042702013179091E-0022
  -3.02752841421108662374267648185838874E-0022
   7.26924079138765125659903926511129667E-0022
   5.57044091048947022092315300019435140E-0022
  -8.90197629241256797120806635331401380E-0022
   1.57978548611620913389182630662148132E-0021
  -7.22920769887800587294265848237096250E-0022
   1.34012059161297731326773246184217943E-0021
   7.89679650926659561557931442269837252E-0022
   1.48427323415327613471871176773389337E-0021
   7.09914262039197749586975894506963862E-0022
  -2.94621908622456597058036524371088205E-0021
  -8.02092229912292150634313540688431906E-0023
   5.42844302163019650860241763922682311E-0022
   4.79776557045918240805999426938027860E-0023
  -1.87023196281813993004859511912080185E-0021
  -1.41685959698987584204621893395698064E-0022
   1.40967785313763754877349208087401433E-0022
   1.70179794802245489207523750481185299E-0021
   9.98527651815080770322738103238219074E-0022
   3.05252425762158862413486998090544485E-0021
   2.52020796512579961875733597338775524E-0021
  -4.10036295940640316829680211471948411E-0021
   7.13268015983672531139391911205141670E-0021
   2.37374592943278247175246883330494769E-0021
  -3.07120285226942396407793545239027004E-0021
   1.69600517989183852227273246532500574E-0021
  -4.74852153024631910732960334182337321E-0021
   1.84713777775859869171161620998370168E-0022
   3.50859215432196831868123087655597533E-0022
  -3.55173437055900694454592565959914333E-0021
  -4.28328609939144331390704145986661266E-0021
   6.43754348308823836088223343042436790E-0021
  -3.19772071621180152084988208247953162E-0021
   1.56617981227138627553179022471982005E-0021
  -5.35705469033406805403898850450638474E-0021
   1.07432497773383233482039416688592098E-0021
  -2.90627465913537506282926012979203214E-0021
  -2.10926854763499714941954732203496283E-0021
   2.80097678907846405395957975419055080E-0021
  -3.43895906168794599613211055105339047E-0021
   6.43825587243704262472848876278779895E-0021
   2.30587676489484908640558539469148716E-0021
  -2.96327689048729023013348075809487830E-0021
   4.15225212350229593126533322449690517E-0021
   7.52772130609164243216497687813804339E-0021
  -5.92667431531069608307492977970692288E-0021
   7.91593688405413613689072938602559930E-0021
   2.92653539490114879887174811039915037E-0021
   1.24720487331563339287138025907209583E-0020
  -4.35071902666846129924292482522199817E-0021
  -7.04933836540207484435148712159128476E-0021
  -4.25042422707702371765655629889753603E-0021
  -1.91612221534633544543906180936150595E-0021
   1.32890165841688359348264572535361608E-0020
  -5.94170276892358410097652210740215580E-0021
  -4.75189219583158130710584724010689937E-0022
  -8.55623034507401187848456773956208813E-0022
  -1.56791875267328375328353120627675549E-0021
   1.19711388137005142386939574853978156E-0020
   3.75236667312235619569957733838003610E-0021
  -5.34909319037177162897338892059991678E-0022
  -4.09954645548820051857182464556641124E-0021
  -6.34807413668875982944065247877742084E-0021
   8.09246319879809116078184890873716669E-0021
   1.36369128766645378198823581410205733E-0021
  -1.91284062358768557182804862881932713E-0021
  -2.33439693441932464802293172507407750E-0021
  -5.81424769350361536182203397714582295E-0021
  -3.26142870592257848976626208837936897E-0023
   3.97443097291320438569004423877543373E-0021
   1.39715803954490676926334656441310171E-0020
   1.25931148722342208012649609333490128E-0020
  -9.07533404316269137844021941668331146E-0022
  -4.19120240587314345124469250167124116E-0020
   1.71509138894267206950396366495561193E-0021
   9.52414433521798885998436636381685851E-0021
   5.12124905661661503143125879488052394E-0021
  -4.40786204445105579666764885930247568E-0021
   1.90991489318393656302793713999153434E-0021
  -1.01973198363900667143297613782058283E-0020
   1.39158363973396754090291787188257032E-0020
  -1.72521081339323046905267367261165706E-0021
  -2.64208370639962405856537551545423798E-0021
   9.16086435527572967053479366827262396E-0021
  -7.98227280361218493306787290599671360E-0021
  -1.07263917712902880337994629222525384E-0020
   2.60640620030939687910087919939584921E-0020
   4.39960377679164402418762027695701484E-0021
  -1.14094626471513126890096837223276042E-0020
   2.66858646668868714085318104279129093E-0020
   1.66349952703194498552720005821910434E-0020
  -9.74679683903052023833656916409760432E-0021
   1.69294161476812332750043476488175332E-0020
  -1.63907364561804232529837956521149911E-0020
   1.74788648057253145880820485635627766E-0020
  -1.15833426063499513447852512837389043E-0020
  -1.33799678720994934119906727977909176E-0020
  -1.27490647615301880176400588612516466E-0020
