   0.00000000000000000000000000000000000      
  -9.44163203994045038424443298890370566E-0045
  -2.63258696392484739873001296534247416E-0042
  -7.42844186737666023414288465365931368E-0041
  -8.28100354173724963563699457963771971E-0040
  -5.35891704486424907997043298124150442E-0039
  -2.42158358951509786790899492762519409E-0038
  -8.47600145093510037027947227605071941E-0038
  -2.44732836716682267272368663055154446E-0037
  -6.06432840299564709239392127519370421E-0037
  -1.32051655760943392804737753933814578E-0036
  -2.55712249314264200508509325546168645E-0036
  -4.40427631563090060716421035508451554E-0036
  -6.64819811716648610547233796880953039E-0036
  -8.36094329982757955939149420682641283E-0036
  -7.21455076512873818686810014319113123E-0036
   1.50854386172826468849428091292916930E-0036
   2.63258608073747020115969161493901865E-0035
  -9.59414829857949343845649674853159854E-0027
  -4.84942774796092568053157259166848161E-0025
  -5.73479890441690767052197060434442477E-0025
   2.91754398525947790118665771457287232E-0025
   6.91880595027223287660737710714569687E-0025
  -4.92889324830956747857000240654761518E-0025
  -3.78454397764139891509061697005003745E-0025
   3.99946905368332814881473527395292254E-0025
   6.29842697545662564892145701786761160E-0025
   4.18843832848593971457374580993702285E-0026
   9.53478435196287518524575860784602352E-0025
  -3.74818774611352245192513508090871715E-0024
  -1.59711454974518734154504995026574402E-0024
   1.65221874666969414327052932983218281E-0025
   1.59218137718931411732102123112356879E-0026
  -1.86516183386156029604483756927449408E-0024
   1.49509586394794004121880602052108418E-0024
  -1.64876912419640199591935037338649659E-0024
  -9.90421190744983926584610638127577440E-0025
   5.49018620468424899146716910480948624E-0024
  -4.14719945400546592483702468617257311E-0024
   9.88222815399812015540616283220077514E-0024
  -1.49910927545089991137299709187014251E-0023
   2.40447949683978262016304574010301339E-0023
  -1.77528494000118661557283432523494053E-0023
   9.64219737515651636168196906794183802E-0024
  -1.82315983550573590965026738822689273E-0023
  -1.29231834609668592084352196582684298E-0023
  -2.15146430535765451356049956894008407E-0023
  -1.14145395019900696518787529063940677E-0023
   4.78964557995655403015015507763898235E-0024
  -3.23755576518705918356365491484365664E-0023
   1.08876643544550817724552221520210154E-0024
  -6.91807553543214710699238894793760850E-0023
  -3.87110218689846555081265230520252967E-0023
  -4.65751792200828552196519755626114155E-0023
  -3.91287592789103035241970094315451836E-0023
  -2.66876021317080751077867895042356895E-0023
   5.87787434408164866709455504987631920E-0024
   1.44334240038033370718887982597897951E-0023
  -1.68472077870530169428511189052743381E-0022
  -1.58945045687113188949028918640178789E-0022
  -2.12981042632174609651972137789130718E-0022
  -3.62385418435938510338715711630492497E-0023
   4.66336651596529058745470603191040250E-0023
   4.87625341888454179774342333133353883E-0023
  -1.37273227439151722206049801960515674E-0022
  -1.36489983622318276352268645499849173E-0022
  -1.10155073775599880609248260120320161E-0022
  -4.27966324245523201912899221012442475E-0022
   6.82353892256081467726403102555545227E-0022
  -7.50618898793395632042371854726880429E-0022
  -3.24684718127524901160854377347926621E-0023
  -6.35666312900267484177023875537415523E-0022
  -1.87621420540407069388364098261996519E-0022
   2.33464992189557043624804339370603981E-0022
  -1.41678104563293777168076807383121052E-0022
  -2.77663347156760748091341512727716707E-0022
   2.81184706847460183349637039843117219E-0022
  -2.40657731031562739505393852096041868E-0022
   7.37720178661900295966314323838118336E-0022
   6.54363818416645570116246438467890429E-0022
   3.78643460661204242065135618417205809E-0022
   8.71375286221838193857544053464933463E-0022
   2.14204666856124200587845757807355469E-0021
  -1.55142152624847055930793444305369534E-0021
  -2.29403521074742492079341206824807251E-0021
  -2.75690584337267472823128353354393303E-0022
   9.70859623273022207924504375108045157E-0022
   2.84636591250402380588492542884267595E-0021
   3.63385581397470804860838253048987182E-0021
   1.96287538527442069971747223304353702E-0021
  -5.79801963439855816060742627399879756E-0021
  -5.84847857600265829796718049739912888E-0023
   6.72777058205055346168068976194193275E-0021
  -5.07469552904022090677595338636387131E-0021
  -4.93010695292416971635057867725545745E-0021
  -3.17506692017798645867085283181218790E-0021
  -2.53586396357947179871406753685067661E-0021
   5.04028995228059377463911809057306109E-0021
   3.36429015708097063727676949213253162E-0021
   7.31827440734936946728320997261101432E-0021
  -4.75003287264417610838957149961480541E-0021
   2.79470469986160958088744862475506077E-0022
   2.49673794098486035036164249363237246E-0021
  -8.80669831227683029974994228158832059E-0021
  -6.47555684269863646068400598350088801E-0021
   1.29148144881439295851081907714918386E-0020
  -1.81150658639193597167117141152424969E-0020
   9.30405141324626836700946283247805099E-0021
  -1.74693733579397411893784099894790496E-0020
  -1.10215823733544711776111529301764649E-0020
  -1.69030463326528077806640811835453032E-0020
  -1.14493709067062542900841298033518309E-0020
   4.27622804987125820199898176610255695E-0020
   1.68429382262768855540064285113519031E-0022
  -1.09412599259825370988926322208212884E-0020
   4.13720906653778729878185825787819531E-0021
   2.84667326525757811190071317265676677E-0020
  -3.68432965809722721302551064346776838E-0022
   7.38105343564349898218977949530146867E-0021
  -3.32216559981566638155529646155818991E-0020
  -2.17513242628539882082338529332192000E-0020
  -5.61147292399530615383278032095204002E-0020
  -4.55018514835728890129908405634262868E-0020
   7.05697690795797047945738204198286672E-0020
  -9.41216042384014628901814186497025571E-0020
  -2.98266839786519046208389109698956242E-0020
   5.28588055861217675054055851407178681E-0020
  -3.40432292462031043641248383102655999E-0020
   7.29147354307965044202716711298023541E-0020
  -2.41614802227526057508693044396024990E-0021
  -1.98276262301551874920807995948113082E-0020
   6.68338914574206438536334387138487608E-0020
   9.63229319082477458352245573789427212E-0020
  -1.61735598662200349085605460470276337E-0019
   6.68213753929595599431249140902256236E-0020
  -2.87674776263918279630555659419184459E-0020
   1.16539704787400924288323945154698562E-0019
  -4.92893923262425681719405418864248478E-0020
   6.96521610169718623709081909301155182E-0020
   1.91810753791978297712876215428814758E-0020
  -5.88880664372521540417576727081764087E-0020
   6.66372794521973556466127387089670343E-0020
  -1.04587752143354734672416418475638534E-0019
  -5.45284070128274559776782511572155124E-0020
   9.54154527073988098470128786360096947E-0020
  -1.01521760556369171689201916682600753E-0019
  -1.95777121044232377023457164525028719E-0019
   1.60760316835595709764526612778227257E-0019
  -1.38996002995363789777733239806308295E-0019
  -4.28177534969845234932210513503356219E-0020
  -3.03997518967907508362614108611719285E-0019
   6.88882578211407304820907556515541166E-0020
   1.79918974621501181529810814973536189E-0019
   1.23210056216813734080203072076845218E-0019
   5.77780525979539592534054442967213045E-0020
  -2.67807117977684014521704394179957907E-0019
   1.70551694035845240286201386510737683E-0019
  -2.17827912331384352746719574953650140E-0020
   6.70755419196286520692553077914866377E-0020
   1.37337251395666038629380368317625519E-0020
  -3.64309966236250448058696095847029920E-0019
  -1.38498349610832017297533356199763485E-0019
   1.34565898887106623851760817347348056E-0020
   1.76806530228147743695106135313072973E-0019
   2.16876477164753894668414622516702343E-0019
  -2.73863854189734914565946405085248293E-0019
  -5.26511693161004959381295919227000914E-0020
   4.12468512698973107954761004172439571E-0020
   3.07495410771282745130540401902813980E-0020
   2.50882633860122776747234987744748098E-0019
  -1.45252981886051770233335955014126811E-0020
  -2.53526759994904256464139783787973919E-0019
  -3.79738264803696676942802560303544182E-0019
  -3.94151446087539029526106651784965450E-0019
   5.07872090146687700007959794107212431E-0021
   1.31875125876299877646810254458444156E-0018
  -8.03836511121127724227921861370069972E-0020
  -4.26657282822727975748378506454138912E-0019
  -1.43127780777802564992943534107171191E-0019
   2.18204986267398766673792953864649496E-0019
  -4.69242834245066828716971067846368186E-0023
   2.88075439841725479809880298798270637E-0019
  -5.03930416788747324612870189027264280E-0019
   9.71392570446271790422909622440841470E-0020
   4.17485928450216732668284905433021879E-0020
  -4.89612386372586110033169884118025047E-0019
   3.48414412651199171414193487132890524E-0019
   3.98020676384069691713248326190374223E-0019
  -1.06230536596360828875479990273294763E-0018
  -1.45444399620860850784147505986271431E-0019
   7.54957089997691340330379842154911756E-0019
  -1.18066239274350831851186097128455894E-0018
  -5.50946304199025703931547006611474937E-0019
   2.60793332573142160413693273711660567E-0019
  -5.33426128427850678655606643489909497E-0019
   9.59367510551254104004913698344859653E-0019
  -8.65231433379242464645587408457957303E-0019
   7.73416238451765996889200076764631963E-0019
   9.22628938115757681545978564042801637E-0019
   6.45370092389951078616878991763660183E-0019
