   0.00000000000000000000000000000000000      
  -3.01987012429990487152911690821660469E-0046
  -1.26277920803510278304098150586891087E-0043
  -4.75043285464949018376762048471187859E-0042
  -6.62150143494675012574636005449616547E-0041
  -1.55507571367309692337589386252622384E-0026
   4.16381399048854070660718516759479157E-0027
  -3.94645218049867220077120947633756648E-0026
   3.66994628581001366190589134190679871E-0025
   7.76797366424038538855888251200001320E-0024
   7.03778082679105253195463315100037879E-0023
   3.23343073798853526388893031362702356E-0022
   6.80756821409642154553045455828644452E-0022
  -6.89576060341420144470771334835298940E-0023
  -1.31860141562244750845962851940714219E-0021
   2.49051537537933362077900647677442460E-0020
   2.22236448199669975725905662130427305E-0019
   1.05612215962509441562929599835072596E-0018
   6.44772886731336451522625048140078333E-0016
  -7.06623455009506941890583260709434430E-0015
  -1.10253233141308456338878362306353121E-0013
   1.24227148385981100695458625316834787E-0012
   7.11231437909456578449596683223716751E-0013
  -1.01997070447457552825955915784126932E-0011
   9.20910710257951370113180595196869619E-0012
   6.90437372072891121148997957147635437E-0013
  -1.95027183747832510297869371471662029E-0012
  -5.64816020791275621697826131221428345E-0012
  -1.49128079150628986497238122379910322E-0011
  -3.62075845262203814550000514626150139E-0011
  -8.14138195082634661179619442093240662E-0011
  -1.70498046100403072247353422614779689E-0010
  -3.33994004225216796318237556009163450E-0010
  -6.13780827112787427905268966773283342E-0010
  -1.05945241808490858733606855789735558E-0009
  -1.71603201088464886718845075437219181E-0009
  -2.59702969728079330958248867257060881E-0009
  -3.63489351957229963435315853630077837E-0009
  -4.59901762672869812480400226097100924E-0009
  -4.96984170460943293889946681577357027E-0009
  -3.75622931623484830482914710702304288E-0009
   7.56909580991430258824690531598368054E-0010
   1.13444489242745531014274833822555523E-0008
   3.22726809060613937051908440112633290E-0008
   6.98372191097879913144846794108593651E-0008
   1.33016423744755363686662587076288693E-0007
   2.34244640076024261342393286555782921E-0007
   3.90310661373677384364900355832457853E-0007
   6.23379911917778978885679274162895213E-0007
   9.62135142383424750027199747178219669E-0007
   1.44301859699780198547495840398079205E-0006
   2.11157626725964844938646990137532624E-0006
   3.02389653909208277325931836701029477E-0006
   4.24811239632371903832140986162003692E-0006
   5.86595033014475287755027354139746880E-0006
   7.97432483043061849936617784148831194E-0006
   1.06869626673522479396387069813748299E-0005
   1.41359877594267270155121799598527580E-0005
   1.84756676696343828395999259294263950E-0005
   2.38736372471369003492374774961916320E-0005
   3.05301284413604411620757970904917818E-0005
   3.86669097574503859006885902862204463E-0005
   4.85293228912610206811400703401421818E-0005
   6.03908688912748862553680369121670236E-0005
   7.46098576718501016606493570219771921E-0005
   9.13469122590493121328583257380110128E-0005
   1.11084428397030634439144403606657968E-0004
   1.33818636512167420462920554189408257E-0004
   1.61326946310229063501345995504491282E-0004
   1.92659581443816813416516428015476649E-0004
   2.28611051567137942342754483170264063E-0004
   2.69757623914977768733628349732996095E-0004
   3.16808045101584072257384089260572988E-0004
   3.69878924298249663786583182676782791E-0004
   4.30968069217488824710137578954099747E-0004
   4.99414364113491221235935081686402570E-0004
   5.76182780568955146019139405101097363E-0004
   6.61864650815614295429210768609035572E-0004
   7.57100811789874985995628771714465282E-0004
   8.61778419634596366659354286307369137E-0004
   9.82103190032993762747542918358302434E-0004
   1.11272497040494011559870101443180648E-0003
   1.25655488147152394113073388222171113E-0003
   1.41226575134551612700306398692449034E-0003
   1.58689226970454035621058035868239133E-0003
   1.77783982285885355516145331477258180E-0003
   1.98508322769004406066888700957818491E-0003
   2.21280928649898344348061539818404144E-0003
   2.45577745649104161393080641809399343E-0003
   2.72665731471276895821789478953203623E-0003
   3.01422946178609051189289066991398316E-0003
   3.32345527197847342099674972191898011E-0003
   3.66069739797881009542921279206275051E-0003
   4.02639876524555641151824972986806646E-0003
   4.38797852301531530833043139623656898E-0003
   4.81671251641250924758264401102800361E-0003
   5.26516415731884075535365001025206588E-0003
   5.73422341917648792593137992411893259E-0003
   6.26341976792853314976915859431888710E-0003
   6.85880315080626352548250472052542322E-0003
   7.40612361043637507325764210270012400E-0003
   8.03457586635237752047622823332071670E-0003
   8.64225605093933371579983960604913506E-0003
   9.38031317684616488284231472992559596E-0003
   1.00959405713746350812309443906301531E-0002
   1.09096689065101373384877866036950502E-0002
   1.17020096015088700015148741966973476E-0002
   1.25396644976340834994762261624477895E-0002
   1.34738883447825728818495738023858336E-0002
   1.44029239384965842411093920787328234E-0002
   1.53912345401593748889211953799304092E-0002
   1.64090106052099071226141078799601965E-0002
   1.75760555076251715607893176638048960E-0002
   1.87206494088558154597147668009205132E-0002
   1.96910414108162461805390680024597102E-0002
   2.09807279348191915280214471704965460E-0002
   2.21495283180190928959137156629502429E-0002
   2.32791349471942306933647313923510143E-0002
   2.46378298995941590499500403086685475E-0002
   2.59824686656608256515504724614449749E-0002
   2.69984672488522822887043304327266935E-0002
   2.82794657312447776288907199254542309E-0002
   2.93433522908861492619852361272822522E-0002
   3.04751753897794438011403635175811940E-0002
   3.14229772332823377467167588674916488E-0002
   3.24470288496204150968230269389367709E-0002
   3.30181867871971440538258438361827211E-0002
   3.35659674862245021376576676969357789E-0002
   3.37973617678424685180212694227724752E-0002
   3.39352668998521225022997678509561803E-0002
   3.38978004424859451374196587524082647E-0002
   3.29297614363117650007826691339900022E-0002
   3.21262773771455526893157041076616012E-0002
   3.05187029026685768889954309690234433E-0002
   2.86532789708860141597557819349230526E-0002
   2.64350555529516787658548626103290122E-0002
   2.36085806468963282030520483441452633E-0002
   1.93569992519584816175336916645025368E-0002
   1.58113931939702034256490801696446842E-0002
   1.11955099130550024821773999192979349E-0002
   5.86061065059172557135574551777535473E-0003
   8.90858274200721659879465552082958596E-0004
  -4.77611613043880226562865904037994688E-0003
  -9.55772574475707011650775130344852560E-0003
  -1.42522352145110059216786990465315078E-0002
  -1.86994185172446639837643292849608663E-0002
  -2.20927572606792487395458535644875636E-0002
  -2.45487306586944998408484370223590431E-0002
  -2.53122545667793888814835001119010734E-0002
  -2.54133410959149991362818829769665461E-0002
  -2.37895135556249124783037202335630244E-0002
  -2.25468984046518892313878246127277998E-0002
  -2.09185732568901636224199861466098370E-0002
  -1.94740695519053852714366531077687912E-0002
  -1.86965171141102018893509699081551308E-0002
  -1.86608209995365093454299604330722899E-0002
  -1.92531900489331408860215842990448226E-0002
  -2.06303790023916211178336957652784006E-0002
  -2.24990798505014137317887997738579730E-0002
  -2.44084496879271661652750289010215772E-0002
  -2.64195963558587153915721028642195905E-0002
  -2.83395015107793674299046972490950221E-0002
  -3.01099400554595471338254055582000005E-0002
  -3.07563585262721865860535241522795245E-0002
  -3.12717920582264436722597619820055193E-0002
  -3.11908230614516827174833027424825769E-0002
  -3.05764847328210254588473159769799963E-0002
  -2.95920284042015539766856300446449627E-0002
  -2.82591579249491832853129157125610286E-0002
  -2.67582064291811812687391248910633572E-0002
  -2.51303873756975527117280548324122085E-0002
  -2.35724056167164335666578170606335316E-0002
  -2.19868908088255655462166167423035067E-0002
  -2.05278711130959047780024499834342972E-0002
  -1.90849389488560345960900571379039808E-0002
  -1.77965811284704077608229657448982497E-0002
  -1.65767730542222447662661242270038112E-0002
  -1.55117681801170068983826529732551262E-0002
  -1.45225900618790906789752141225835613E-0002
  -1.36027022141929335500974325703778671E-0002
  -1.27809923936513942051428146366363715E-0002
  -1.20050554530986537419037406121193830E-0002
  -1.09681751583099408623361055353047324E-0002
  -1.10643023245245189086182034569412180E-0002
  -1.04388686622323419799587141163166106E-0002
  -9.64745206760341534404113137331797803E-0003
  -9.18188691633212484029391820950064516E-0003
  -8.75516150059367517720186302658915584E-0003
  -8.35398375279824602312436138306663649E-0003
  -8.04465120159066770511685844406297744E-0003
  -7.66945637226919263734693636582200005E-0003
  -7.22032810096969715138066668403828423E-0003
  -6.92718675738729289500132123053444778E-0003
  -6.87340484075571775364090839640669320E-0003
  -6.59924805594314553258560609230158690E-0003
  -6.08254664672671870390852814777563168E-0003
  -5.89030081165553239875449238722339018E-0003
  -6.06391132544223718965599864375094222E-0003
  -5.82745632497593261448815373311266212E-0003
  -4.84117394709479544070707238403169692E-0003
