 0.53405578660231E+07
 0.53405578660231E+07
 0.53405578660231E+07
 0.53405578660231E+07
 0.53405578660231E+07
 0.53405578660231E+07
 0.53405578660231E+07
 0.53405578660231E+07
 0.53405578660231E+07
 0.53405578660231E+07
 0.53405578660232E+07
 0.53405578660234E+07
 0.53405578660238E+07
 0.53405578660235E+07
 0.53405578660229E+07
 0.53405578660228E+07
 0.53405578660221E+07
 0.53405578660210E+07
 0.53405578660193E+07
 0.53405578660168E+07
 0.53405578660177E+07
 0.53405578660124E+07
 0.53405578660078E+07
 0.53405578660014E+07
 0.53405578659952E+07
 0.53405578659910E+07
 0.53405578659975E+07
 0.53405578659801E+07
 0.53405578659554E+07
 0.53405578659379E+07
 0.53405578659364E+07
 0.53405578659063E+07
 0.53405578658973E+07
 0.53405578658913E+07
 0.53405578658393E+07
 0.53405578658129E+07
 0.53405578657548E+07
 0.53405578657894E+07
 0.53405578656730E+07
 0.53405578654732E+07
 0.53405578654701E+07
 0.53405578654510E+07
 0.53405578653771E+07
 0.53405578652177E+07
 0.53405578654622E+07
 0.53405578654224E+07
 0.53405578651278E+07
 0.53405578647004E+07
 0.53405578646298E+07
 0.53405578647072E+07
 0.53405578643843E+07
 0.53405578641937E+07
 0.53405578632812E+07
 0.53405578632909E+07
 0.53405578630454E+07
 0.53405578623189E+07
 0.53405578609815E+07
 0.53405578616526E+07
 0.53405578611685E+07
 0.53405578583040E+07
 0.53405578635404E+07
 0.53405578595523E+07
 0.53405578597502E+07
 0.53405578619417E+07
 0.53405578581645E+07
 0.53405578644514E+07
 0.53405578677114E+07
 0.53405578579423E+07
 0.53405578586761E+07
 0.53405578498433E+07
 0.53405578572270E+07
 0.53405578660994E+07
 0.53405578407222E+07
 0.53405578613020E+07
 0.53405578395225E+07
 0.53405578495279E+07
 0.53405578549748E+07
 0.53405578636488E+07
 0.53405578372994E+07
 0.53405578454622E+07
 0.53405578616537E+07
 0.53405578457102E+07
 0.53405578028087E+07
 0.53405578153765E+07
 0.53405578422081E+07
 0.53405578276411E+07
 0.53405578168430E+07
 0.53405578278089E+07
 0.53405578455021E+07
 0.53405579194709E+07
 0.53405578653611E+07
 0.53405578053872E+07
 0.53405578178512E+07
 0.53405579347043E+07
 0.53405578576926E+07
 0.53405577654040E+07
 0.53405578773468E+07
 0.53405578319308E+07
 0.53405577752645E+07
 0.53405578262400E+07
 0.53405579140738E+07
 0.53405577742470E+07
 0.53405577809169E+07
 0.53405577744272E+07
 0.53405578633424E+07
 0.53405578683485E+07
 0.53405578701706E+07
 0.53405580454009E+07
 0.53405581408295E+07
 0.53405579030248E+07
 0.53405577223344E+07
 0.53405576143112E+07
 0.53405575604356E+07
 0.53405576810924E+07
 0.53405576324003E+07
 0.53405575814392E+07
 0.53405575297254E+07
 0.53405574284874E+07
 0.53405574735541E+07
 0.53405576459344E+07
 0.53405577941693E+07
 0.53405575357398E+07
 0.53405578388012E+07
 0.53405585474931E+07
 0.53405582934957E+07
 0.53405579061831E+07
 0.53405571925261E+07
 0.53405576298441E+07
 0.53405568923263E+07
 0.53405571459220E+07
 0.53405568115349E+07
 0.53405574693197E+07
 0.53405567192461E+07
 0.53405563440241E+07
 0.53405569976624E+07
 0.53405555599227E+07
 0.53405570252153E+07
 0.53405579304194E+07
 0.53405576846591E+07
 0.53405575365709E+07
 0.53405571438737E+07
 0.53405574488724E+07
 0.53405577371354E+07
 0.53405573774161E+07
 0.53405580006400E+07
 0.53405562452034E+07
 0.53405571108048E+07
 0.53405560588804E+07
 0.53405558592750E+07
 0.53405566971424E+07
 0.53405549197112E+07
 0.53405553845036E+07
 0.53405561024341E+07
 0.53405563212253E+07
 0.53405582075972E+07
 0.53405562419830E+07
 0.53405574026633E+07
 0.53405565958150E+07
 0.53405574291081E+07
 0.53405562934962E+07
 0.53405557754600E+07
 0.53405559155051E+07
 0.53405546562629E+07
 0.53405564744476E+07
 0.53405552100756E+07
 0.53405545970832E+07
 0.53405547989206E+07
 0.53405545977546E+07
 0.53405562456434E+07
 0.53405549452182E+07
 0.53405545434424E+07
 0.53405553324898E+07
 0.53405558040217E+07
 0.53405552366363E+07
 0.53405546255169E+07
 0.53405563293670E+07
 0.53405539115304E+07
 0.53405547514392E+07
 0.53405550997748E+07
 0.53405572842125E+07
 0.53405550470092E+07
 0.53405539573515E+07
 0.53405522330075E+07
 0.53405558737503E+07
 0.53405537951420E+07
 0.53405545094785E+07
 0.53405528570855E+07
 0.53405534233315E+07
 0.53405533170312E+07
 0.53405541992222E+07
 0.53405520868317E+07
 0.53405532642767E+07
 0.53405544114730E+07
 0.53405548887904E+07
 0.53405539021324E+07
 0.53405518769809E+07
 0.53405518288590E+07
 0.53405529599313E+07
 0.53405539035902E+07
 0.53405512860840E+07
 0.53405533697905E+07
 0.53405511331779E+07
 0.53405519934435E+07
 0.53405505635035E+07
 0.53405528492401E+07
 0.53405498492921E+07
 0.53405511347112E+07
 0.53405514437549E+07
 0.53405521804621E+07
 0.53405500633220E+07
 0.53405504534807E+07
 0.53405508949364E+07
 0.53405536836335E+07
 0.53405516541680E+07
 0.53405521889738E+07
 0.53405525130056E+07
 0.53405512795620E+07
 0.53405516444321E+07
 0.53405515872624E+07
 0.53405522119945E+07
 0.53405510425450E+07
 0.53405518821743E+07
 0.53405547568444E+07
 0.53405543636882E+07
 0.53405559863783E+07
 0.53405546645561E+07
 0.53405548134463E+07
 0.53405545450939E+07
 0.53405568482505E+07
 0.53405555392983E+07
 0.53405528482611E+07
 0.53405548653865E+07
 0.53405549483737E+07
 0.53405558238518E+07
 0.53405576247688E+07
 0.53405553644120E+07
 0.53405573709126E+07
 0.53405564463239E+07
 0.53405594848319E+07
 0.53405581588136E+07
 0.53405564765661E+07
 0.53405582377898E+07
 0.53405566227531E+07
 0.53405568415382E+07
 0.53405580642623E+07
 0.53405553088724E+07
 0.53405558775524E+07
 0.53405575891817E+07
 0.53405556578819E+07
 0.53405584804988E+07
 0.53405540239701E+07
 0.53405556369521E+07
 0.53405536275913E+07
 0.53405553730467E+07
 0.53405541255393E+07
 0.53405536788217E+07
 0.53405550323117E+07
 0.53405557406776E+07
 0.53405517255889E+07
 0.53405552119415E+07
 0.53405517300990E+07
 0.53405542891659E+07
 0.53405548737299E+07
 0.53405529300088E+07
 0.53405525219315E+07
 0.53405519847455E+07
 0.53405532141269E+07
 0.53405536798313E+07
 0.53405522422039E+07
 0.53405522943595E+07
 0.53405529203457E+07
 0.53405509762969E+07
 0.53405517275236E+07
 0.53405525168438E+07
 0.53405512610910E+07
 0.53405514736580E+07
 0.53405524121683E+07
 0.53405486014077E+07
 0.53405511059832E+07
 0.53405518564229E+07
 0.53405516381167E+07
 0.53405502977540E+07
 0.53405511579046E+07
 0.53405506653616E+07
 0.53405491804004E+07
 0.53405517431246E+07
 0.53405492240393E+07
 0.53405479670188E+07
 0.53405464172358E+07
 0.53405462379776E+07
 0.53405494139666E+07
 0.53405442131749E+07
 0.53405472290302E+07
 0.53405461809585E+07
 0.53405441985970E+07
 0.53405462610442E+07
 0.53405465464288E+07
 0.53405458266697E+07
 0.53405464504847E+07
 0.53405465532254E+07
