 0.21140089951492E+08
 0.21140089951487E+08
 0.21140089951416E+08
 0.21140089951002E+08
 0.21140089949331E+08
 0.21140089944668E+08
 0.21140090048753E+08
 0.21140090529864E+08
 0.21140092253790E+08
 0.21140096868176E+08
 0.21140107191162E+08
 0.21140126663458E+08
 0.21140160645056E+08
 0.21140214944606E+08
 0.21140295299826E+08
 0.21140410022678E+08
 0.21140565507719E+08
 0.21140768968157E+08
 0.21141027356173E+08
 0.21141347827396E+08
 0.21141740618259E+08
 0.21142204982743E+08
 0.21142751690355E+08
 0.21143385306681E+08
 0.21144113869859E+08
 0.21144942296471E+08
 0.21145879325428E+08
 0.21146919264954E+08
 0.21148073421355E+08
 0.21149351007316E+08
 0.21150763746603E+08
 0.21152300057651E+08
 0.21153981120281E+08
 0.21155817715866E+08
 0.21157790451410E+08
 0.21159929738818E+08
 0.21162230790472E+08
 0.21164717990185E+08
 0.21167369868809E+08
 0.21170184771291E+08
 0.21173241671943E+08
 0.21176475832224E+08
 0.21179900077074E+08
 0.21183534888191E+08
 0.21187418697578E+08
 0.21191510974500E+08
 0.21195785780659E+08
 0.21200284702494E+08
 0.21205033191183E+08
 0.21210019220402E+08
 0.21215202054711E+08
 0.21220634310821E+08
 0.21226273114397E+08
 0.21232146554745E+08
 0.21238275523565E+08
 0.21244619098453E+08
 0.21251164159787E+08
 0.21257986382469E+08
 0.21264991419724E+08
 0.21272134465656E+08
 0.21279718496463E+08
 0.21287287327115E+08
 0.21295070773698E+08
 0.21303199107129E+08
 0.21311327645079E+08
 0.21319896285086E+08
 0.21328518637728E+08
 0.21337049862553E+08
 0.21345999471500E+08
 0.21354927497176E+08
 0.21364292703409E+08
 0.21373686364868E+08
 0.21382879588992E+08
 0.21392688910831E+08
 0.21402245851462E+08
 0.21412137869685E+08
 0.21422031844532E+08
 0.21432222260227E+08
 0.21441995649790E+08
 0.21452309853632E+08
 0.21462515397055E+08
 0.21472738866445E+08
 0.21482912113850E+08
 0.21493206754487E+08
 0.21503951647226E+08
 0.21514297469170E+08
 0.21524654359813E+08
 0.21535339357721E+08
 0.21546003789700E+08
 0.21556887822128E+08
 0.21567254492766E+08
 0.21577632298813E+08
 0.21588490837324E+08
 0.21599578482927E+08
 0.21610019867446E+08
 0.21620389005910E+08
 0.21631578291711E+08
 0.21642215264081E+08
 0.21653181944689E+08
 0.21664096926686E+08
 0.21675483845488E+08
 0.21686540201997E+08
 0.21697711280148E+08
 0.21709429385728E+08
 0.21721645349478E+08
 0.21733768210447E+08
 0.21745785232361E+08
 0.21759217485579E+08
 0.21772732235582E+08
 0.21786346977705E+08
 0.21800455965770E+08
 0.21815821661920E+08
 0.21831988409472E+08
 0.21849441866440E+08
 0.21868599958166E+08
 0.21888603234345E+08
 0.21910463324640E+08
 0.21934469670833E+08
 0.21961309777873E+08
 0.21990893858782E+08
 0.22023586826131E+08
 0.22059933787981E+08
 0.22102109159520E+08
 0.22149805371771E+08
 0.22203086192762E+08
 0.22263147949375E+08
 0.22331441238268E+08
 0.22410930057601E+08
 0.22501196990672E+08
 0.22603289705286E+08
 0.22719978015824E+08
 0.22854131927277E+08
 0.23004735604305E+08
 0.23176798681065E+08
 0.23372880053550E+08
 0.23591741849248E+08
 0.23840711590980E+08
 0.24118846535658E+08
 0.24428327865887E+08
 0.24768360774235E+08
 0.25139252798191E+08
 0.25542654740710E+08
 0.25973392991893E+08
 0.26426651148709E+08
 0.26898710567597E+08
 0.27379461757915E+08
 0.27866488304647E+08
 0.28348909420144E+08
 0.28823449125617E+08
 0.29283179964715E+08
 0.29717208945422E+08
 0.30130540296188E+08
 0.30519246907948E+08
 0.30874744599865E+08
 0.31201708096360E+08
 0.31496310862406E+08
 0.31760264302261E+08
 0.31992745395011E+08
 0.32196249805959E+08
 0.32369893996304E+08
 0.32515170669742E+08
 0.32634224798909E+08
 0.32727433346714E+08
 0.32796271490207E+08
 0.32841607956515E+08
 0.32865331079558E+08
 0.32868362170961E+08
 0.32851931219014E+08
 0.32817187681554E+08
 0.32765219346597E+08
 0.32697412342468E+08
 0.32614060743999E+08
 0.32516695845734E+08
 0.32406850559070E+08
 0.32284112375760E+08
 0.32149533910973E+08
 0.32005485693511E+08
 0.31850724184709E+08
 0.31687266977937E+08
 0.31513985086408E+08
 0.31335380722533E+08
 0.31147867016833E+08
 0.30954557146163E+08
 0.30752733519750E+08
 0.30547907449512E+08
 0.30336000100002E+08
 0.30121454548644E+08
 0.29901097711215E+08
 0.29677673385452E+08
 0.29449995410655E+08
 0.29219858770963E+08
 0.28985641881620E+08
 0.28748894874693E+08
 0.28510343627364E+08
 0.28270658950581E+08
 0.28029984704960E+08
 0.27787025584258E+08
 0.27541863625148E+08
 0.27296173792350E+08
 0.27050773513342E+08
