 0.30964654458033E+03
 0.30964654458037E+03
 0.30964654458102E+03
 0.30964654462233E+03
 0.30964654557380E+03
 0.30964654936996E+03
 0.30964653212187E+03
 0.30964635945306E+03
 0.30964566553023E+03
 0.30964377523013E+03
 0.30963970462720E+03
 0.30963222550581E+03
 0.30961998037095E+03
 0.30960155328442E+03
 0.30957561171745E+03
 0.30954086596125E+03
 0.30949625382172E+03
 0.30944084648089E+03
 0.30937388598221E+03
 0.30929479833404E+03
 0.30918212736759E+03
 0.30907210097448E+03
 0.30894874957979E+03
 0.30881207595312E+03
 0.30866216912549E+03
 0.30849925079121E+03
 0.30832352323725E+03
 0.30813558395547E+03
 0.30793577917384E+03
 0.30772449435812E+03
 0.30750214837036E+03
 0.30726967735548E+03
 0.30702738200726E+03
 0.30677575832461E+03
 0.30651602874101E+03
 0.30624831061417E+03
 0.30597344916848E+03
 0.30569173035561E+03
 0.30540428448509E+03
 0.30511187304541E+03
 0.30481355054215E+03
 0.30451127945910E+03
 0.30420537029327E+03
 0.30389587568672E+03
 0.30358257399398E+03
 0.30326666718884E+03
 0.30294898126298E+03
 0.30262903311075E+03
 0.30230655861791E+03
 0.30198196501157E+03
 0.30165613978171E+03
 0.30132819125544E+03
 0.30099882966980E+03
 0.30066762339225E+03
 0.30033402151484E+03
 0.29999857557870E+03
 0.29966150250763E+03
 0.29932103710661E+03
 0.29897881165989E+03
 0.29863507926894E+03
 0.29828434595473E+03
 0.29793422350310E+03
 0.29758027784805E+03
 0.29721980636817E+03
 0.29685831370220E+03
 0.29648788471838E+03
 0.29611466493981E+03
 0.29574060748078E+03
 0.29535636922912E+03
 0.29496911838883E+03
 0.29457030103749E+03
 0.29416667141252E+03
 0.29376103892157E+03
 0.29333943069890E+03
 0.29291560600008E+03
 0.29247950175862E+03
 0.29203548885582E+03
 0.29157858640303E+03
 0.29111985931588E+03
 0.29064276826317E+03
 0.29015722154027E+03
 0.28966086894706E+03
 0.28915389777807E+03
 0.28863280548497E+03
 0.28809162798889E+03
 0.28754352491088E+03
 0.28698128822771E+03
 0.28639854921860E+03
 0.28580071627008E+03
 0.28518275544064E+03
 0.28455614290440E+03
 0.28391196672393E+03
 0.28324061429579E+03
 0.28254630747627E+03
 0.28184240465911E+03
 0.28111885544184E+03
 0.28035855792391E+03
 0.27958567653475E+03
 0.27878292712059E+03
 0.27795651926672E+03
 0.27709569632139E+03
 0.27621434079843E+03
 0.27530365448204E+03
 0.27435477058463E+03
 0.27336736439488E+03
 0.27235122727652E+03
 0.27130526377368E+03
 0.27020198072973E+03
 0.26906301193128E+03
 0.26788803875184E+03
 0.26666909023686E+03
 0.26539025661784E+03
 0.26406194190979E+03
 0.26267157243229E+03
 0.26121255718275E+03
 0.25969948594994E+03
 0.25811678111549E+03
 0.25645503981110E+03
 0.25470678336093E+03
 0.25287265895373E+03
 0.25094944071261E+03
 0.24892932431869E+03
 0.24677658392126E+03
 0.24450254148199E+03
 0.24211340787784E+03
 0.23959306358724E+03
 0.23692771022928E+03
 0.23407580744222E+03
 0.23106073342788E+03
 0.22788559610607E+03
 0.22452313508257E+03
 0.22095303655075E+03
 0.21722477804449E+03
 0.21329669748144E+03
 0.20917030372661E+03
 0.20491475254323E+03
 0.20046983632285E+03
 0.19590103324829E+03
 0.19122485979630E+03
 0.18648472414794E+03
 0.18171040944796E+03
 0.17691057050525E+03
 0.17214542226929E+03
 0.16747684456732E+03
 0.16293991348821E+03
 0.15862252007692E+03
 0.15455303407058E+03
 0.15082510825610E+03
 0.14747169780208E+03
 0.14454883362026E+03
 0.14212787233978E+03
 0.14018533655849E+03
 0.13873791503610E+03
 0.13779191310569E+03
 0.13730854242675E+03
 0.13725609207264E+03
 0.13759272367561E+03
 0.13827169998919E+03
 0.13925646325417E+03
 0.14049612963335E+03
 0.14195374389863E+03
 0.14360578393073E+03
 0.14541684293805E+03
 0.14736054884144E+03
 0.14940836760535E+03
 0.15155770522428E+03
 0.15378544364474E+03
 0.15607831584255E+03
 0.15843061628321E+03
 0.16083060608399E+03
 0.16325554943489E+03
 0.16573572595520E+03
 0.16823965412553E+03
 0.17074919772978E+03
 0.17329946232632E+03
 0.17587192445934E+03
 0.17843649188361E+03
 0.18103398624642E+03
 0.18363590232335E+03
 0.18627358131621E+03
 0.18887192351592E+03
 0.19151091326837E+03
 0.19414383345378E+03
 0.19681762284290E+03
 0.19946333604773E+03
 0.20214452128170E+03
 0.20479690875855E+03
 0.20747823676893E+03
 0.21015795551578E+03
 0.21285484491907E+03
 0.21554188189371E+03
 0.21825508819635E+03
 0.22097434581922E+03
 0.22368996175193E+03
 0.22640669338193E+03
 0.22911609336507E+03
 0.23184660250015E+03
 0.23459356577159E+03
 0.23734164313365E+03
 0.24007993694695E+03
