 0.35172473832405E+01
 0.35172473832405E+01
 0.35172473832405E+01
 0.35172473832405E+01
 0.35172473832405E+01
 0.35172473832405E+01
 0.35172473832405E+01
 0.35172473832405E+01
 0.35172473832405E+01
 0.35172473355199E+01
 0.35172494853538E+01
 0.35172464520117E+01
 0.35172442927179E+01
 0.35172457325827E+01
 0.35172428048518E+01
 0.35172440253569E+01
 0.35172432470528E+01
 0.35172466664678E+01
 0.35172454076261E+01
 0.35172431366911E+01
 0.35172443199566E+01
 0.35172464710992E+01
 0.35172457069793E+01
 0.35172407318903E+01
 0.35172393730532E+01
 0.35172442198100E+01
 0.35172438375292E+01
 0.35172461813923E+01
 0.35172405111240E+01
 0.35172432840383E+01
 0.35172490819381E+01
 0.35172443469769E+01
 0.35172573918370E+01
 0.35172623979717E+01
 0.35172478398991E+01
 0.35172663735898E+01
 0.35172548800113E+01
 0.35172531397462E+01
 0.35172750865875E+01
 0.35172586645037E+01
 0.35172417484333E+01
 0.35172677112000E+01
 0.35172530047850E+01
 0.35172790517064E+01
 0.35172922540405E+01
 0.35172930305627E+01
 0.35172906127753E+01
 0.35172745706884E+01
 0.35172604198662E+01
 0.35172905772025E+01
 0.35172609198295E+01
 0.35172990650586E+01
 0.35172808416817E+01
 0.35172747435325E+01
 0.35172734643767E+01
 0.35173018058802E+01
 0.35172160598117E+01
 0.35172573201875E+01
 0.35172988107077E+01
 0.35172855735502E+01
 0.35173012443529E+01
 0.35172971546787E+01
 0.35172209906922E+01
 0.35172899311073E+01
 0.35171974334816E+01
 0.35172926996589E+01
 0.35172980288790E+01
 0.35171659133615E+01
 0.35173009022618E+01
 0.35171952088736E+01
 0.35172842649697E+01
 0.35172668486849E+01
 0.35172492817102E+01
 0.35172831434068E+01
 0.35172027012191E+01
 0.35173025207638E+01
 0.35172695869449E+01
 0.35172154411336E+01
 0.35171919798147E+01
 0.35171983444026E+01
 0.35172257598392E+01
 0.35172298056930E+01
 0.35172777146512E+01
 0.35172383578652E+01
 0.35172435466908E+01
 0.35173109196800E+01
 0.35172231854558E+01
 0.35171849037591E+01
 0.35172361544532E+01
 0.35172517630701E+01
 0.35173176638911E+01
 0.35173341603052E+01
 0.35172595550765E+01
 0.35173585021660E+01
 0.35172872184460E+01
 0.35173316299149E+01
 0.35173249365959E+01
 0.35173169702370E+01
 0.35174450885954E+01
 0.35174742989644E+01
 0.35174065857664E+01
 0.35174545702602E+01
 0.35175036712749E+01
