 0.53405578660231E+07
 0.53405578660231E+07
 0.53405578660231E+07
 0.53405578660231E+07
 0.53405578660231E+07
 0.53405578660231E+07
 0.53405578660231E+07
 0.53405578660231E+07
 0.53405578660231E+07
 0.53405578660231E+07
 0.53405578660232E+07
 0.53405578660234E+07
 0.53405578660238E+07
 0.53405578660235E+07
 0.53405578660229E+07
 0.53405578660228E+07
 0.53405578660221E+07
 0.53405578660210E+07
 0.53405578660193E+07
 0.53405578660168E+07
 0.53405578660177E+07
 0.53405578660124E+07
 0.53405578660078E+07
 0.53405578660014E+07
 0.53405578659952E+07
 0.53405578659911E+07
 0.53405578659977E+07
 0.53405578659798E+07
 0.53405578659557E+07
 0.53405578659382E+07
 0.53405578659373E+07
 0.53405578659073E+07
 0.53405578658985E+07
 0.53405578658927E+07
 0.53405578658412E+07
 0.53405578658159E+07
 0.53405578657590E+07
 0.53405578657943E+07
 0.53405578656786E+07
 0.53405578654800E+07
 0.53405578654773E+07
 0.53405578654601E+07
 0.53405578653853E+07
 0.53405578652260E+07
 0.53405578654693E+07
 0.53405578654275E+07
 0.53405578651308E+07
 0.53405578646990E+07
 0.53405578646228E+07
 0.53405578646910E+07
 0.53405578643582E+07
 0.53405578641521E+07
 0.53405578632234E+07
 0.53405578632102E+07
 0.53405578629368E+07
 0.53405578621783E+07
 0.53405578608008E+07
 0.53405578614324E+07
 0.53405578608905E+07
 0.53405578579627E+07
 0.53405578631345E+07
 0.53405578590611E+07
 0.53405578591644E+07
 0.53405578612559E+07
 0.53405578573592E+07
 0.53405578635181E+07
 0.53405578666239E+07
 0.53405578566977E+07
 0.53405578572482E+07
 0.53405578482288E+07
 0.53405578553959E+07
 0.53405578640235E+07
 0.53405578383820E+07
 0.53405578586805E+07
 0.53405578366078E+07
 0.53405578462651E+07
 0.53405578513531E+07
 0.53405578596150E+07
 0.53405578328545E+07
 0.53405578405989E+07
 0.53405578562815E+07
 0.53405578398047E+07
 0.53405577963403E+07
 0.53405578083284E+07
 0.53405578345568E+07
 0.53405578192046E+07
 0.53405578077665E+07
 0.53405578178975E+07
 0.53405578347147E+07
 0.53405579078001E+07
 0.53405578527616E+07
 0.53405577919519E+07
 0.53405578031762E+07
 0.53405579187714E+07
 0.53405578405142E+07
 0.53405577470288E+07
 0.53405578573637E+07
 0.53405578105666E+07
 0.53405577520468E+07
 0.53405578011136E+07
 0.53405578871326E+07
 0.53405577448126E+07
 0.53405577486724E+07
