 0.10795098908076E+04
 0.10795098908076E+04
 0.10795098908076E+04
 0.10795098908076E+04
 0.10795098908076E+04
 0.10795098908076E+04
 0.10795098908076E+04
 0.10795098908076E+04
 0.10795098908076E+04
 0.10795204695579E+04
 0.10793534522789E+04
 0.10796090611243E+04
 0.10796546482137E+04
 0.10795797082771E+04
 0.10795000585310E+04
 0.10793813043206E+04
 0.10797916670243E+04
 0.10796270542626E+04
 0.10796416469556E+04
 0.10795161055014E+04
 0.10795252118518E+04
 0.10797506805587E+04
 0.10795230573106E+04
 0.10795441720300E+04
 0.10795805835280E+04
 0.10796668978026E+04
 0.10796564894077E+04
 0.10795385905490E+04
 0.10794742540924E+04
 0.10799350942607E+04
 0.10797605535451E+04
 0.10798806019478E+04
 0.10796441914273E+04
 0.10805031066781E+04
 0.10791397226001E+04
 0.10800676395187E+04
 0.10797675628913E+04
 0.10800054647366E+04
 0.10807819872560E+04
 0.10798977091007E+04
 0.10806696768563E+04
 0.10810641470584E+04
 0.10797301954695E+04
 0.10811202077997E+04
 0.10799319575478E+04
 0.10801843003804E+04
 0.10800898952668E+04
 0.10796548651663E+04
 0.10781908326937E+04
 0.10772950753069E+04
 0.10791025438027E+04
 0.10805558398076E+04
 0.10810426024887E+04
 0.10815977406699E+04
 0.10776640252325E+04
 0.10777990202528E+04
 0.10776226820111E+04
 0.10799690926701E+04
 0.10815685057680E+04
 0.10761534130311E+04
 0.10791536308848E+04
 0.10825255433629E+04
 0.10855209185157E+04
 0.10801706801871E+04
 0.10809975870054E+04
 0.10783076326654E+04
 0.10823349250507E+04
 0.10765701150780E+04
 0.10887616823808E+04
 0.10766416940561E+04
 0.10786780360438E+04
 0.10790639927967E+04
 0.10793072034731E+04
 0.10861326333345E+04
 0.10878855088166E+04
 0.10865595037757E+04
 0.10845584520268E+04
 0.10827408780994E+04
 0.10850723086674E+04
 0.10831090860867E+04
 0.10859461778238E+04
 0.10795923877839E+04
 0.10835755664106E+04
 0.10870128631205E+04
 0.10763550217159E+04
 0.10859931004496E+04
 0.10857559317819E+04
 0.10768797334945E+04
 0.10765880356766E+04
 0.10814622062697E+04
 0.10882601316370E+04
 0.10809328242527E+04
 0.10861038975817E+04
 0.10833724466069E+04
 0.10883485915061E+04
 0.10830596860952E+04
 0.10810718815807E+04
 0.10874967732631E+04
 0.10787647971908E+04
 0.10772423051325E+04
 0.10799771695605E+04
 0.10762631571793E+04
 0.10871896042820E+04
 0.10820591122886E+04
 0.10875586385066E+04
 0.10811722547156E+04
 0.10885860121831E+04
 0.10787280181524E+04
 0.10814103683602E+04
 0.10782361510297E+04
 0.10781878904527E+04
 0.10762723664056E+04
 0.10767645297165E+04
 0.10792409104782E+04
 0.10771763640427E+04
 0.10809891002179E+04
 0.10776713199808E+04
 0.10799174719562E+04
 0.10848085969814E+04
 0.10857164843506E+04
 0.10760652972068E+04
 0.10792810949564E+04
 0.10785241349664E+04
 0.10787376634569E+04
 0.10820694760914E+04
 0.10821976153270E+04
 0.10795121894127E+04
 0.10874840164962E+04
 0.10851618295266E+04
 0.10774805511059E+04
 0.10878284958704E+04
 0.10767366706961E+04
 0.10835204797477E+04
 0.10857846947065E+04
 0.10810197604476E+04
 0.10761302945626E+04
 0.10848737999405E+04
 0.10872710605822E+04
 0.10791192682155E+04
 0.10821192721811E+04
 0.10891654582238E+04
 0.10771613683438E+04
 0.10763008874288E+04
 0.10886390782874E+04
 0.10819422296559E+04
 0.10816094618111E+04
 0.10808621391126E+04
 0.10887356733343E+04
 0.10909129190773E+04
 0.10824491146436E+04
 0.10814928988026E+04
 0.10843475226100E+04
 0.10853361201943E+04
 0.10884261044795E+04
 0.10779775321946E+04
 0.10822176085303E+04
 0.10847687800522E+04
 0.10818643886598E+04
 0.10911449799141E+04
 0.10820254225141E+04
 0.10898100002299E+04
 0.10803691446265E+04
 0.10899826480571E+04
 0.10883243049365E+04
 0.10829504009394E+04
 0.10880831814771E+04
 0.10865885083374E+04
 0.10940294594241E+04
 0.10894792540381E+04
 0.10885676172659E+04
 0.10925999339769E+04
 0.10976837751997E+04
 0.10934466835183E+04
 0.10877757521492E+04
 0.10961206965388E+04
 0.10986740585488E+04
 0.11005895041596E+04
 0.10916697815713E+04
 0.11006243993976E+04
 0.10978071724108E+04
 0.11014244159286E+04
 0.10951001937695E+04
 0.11074020947346E+04
 0.10998280886789E+04
 0.11065161161959E+04
 0.10988686327045E+04
 0.11068949808806E+04
 0.11021700705593E+04
 0.11050380074936E+04
 0.11147830615473E+04
 0.11050283118870E+04
 0.11152784654050E+04
 0.11165490411900E+04
 0.11135406846728E+04
 0.11134600248772E+04
 0.11108594767525E+04
 0.11142559925488E+04
 0.11208476808642E+04
 0.11279436200038E+04
 0.11198121321374E+04
