 0.10189891284960E+00
 0.10189891284961E+00
 0.10189891284978E+00
 0.10189891285078E+00
 0.10189891285480E+00
 0.10189891286596E+00
 0.10189891261479E+00
 0.10189891145552E+00
 0.10189890729663E+00
 0.10189889613219E+00
 0.10189887143470E+00
 0.10189882426969E+00
 0.10189874225041E+00
 0.10189861152836E+00
 0.10189841759604E+00
 0.10189814120342E+00
 0.10189776652599E+00
 0.10189727643548E+00
 0.10189665367677E+00
 0.10189588117040E+00
 0.10189493472950E+00
 0.10189381575786E+00
 0.10189249862248E+00
 0.10189097145252E+00
 0.10188921615673E+00
 0.10188722027452E+00
 0.10188496274726E+00
 0.10188245737567E+00
 0.10187967718993E+00
 0.10187660026419E+00
 0.10187319781596E+00
 0.10186949776279E+00
 0.10186545032368E+00
 0.10186102824796E+00
 0.10185628005845E+00
 0.10185113113392E+00
 0.10184559339658E+00
 0.10183960878678E+00
 0.10183322943813E+00
 0.10182645866234E+00
 0.10181910899171E+00
 0.10181133326239E+00
 0.10180310269362E+00
 0.10179436874640E+00
 0.10178503770799E+00
 0.10177520939067E+00
 0.10176494490705E+00
 0.10175414549032E+00
 0.10174275034549E+00
 0.10173078752381E+00
 0.10171835493252E+00
 0.10170532676352E+00
 0.10169181168070E+00
 0.10167773082701E+00
 0.10166304491927E+00
 0.10164783849193E+00
 0.10163215492351E+00
 0.10161580197181E+00
 0.10159901492596E+00
 0.10158188711497E+00
 0.10156370082909E+00
 0.10154554590601E+00
 0.10152684883001E+00
 0.10150731973599E+00
 0.10148776344713E+00
 0.10146712296893E+00
 0.10144632759053E+00
 0.10142571939338E+00
 0.10140404808579E+00
 0.10138240694466E+00
 0.10135963265146E+00
 0.10133672591345E+00
 0.10131422424964E+00
 0.10129015826914E+00
 0.10126658819979E+00
 0.10124212226716E+00
 0.10121749719436E+00
 0.10119206115604E+00
 0.10116745630260E+00
 0.10114139476465E+00
 0.10111542846561E+00
 0.10108920672026E+00
 0.10106289907700E+00
 0.10103609714406E+00
 0.10100800209042E+00
 0.10098057998096E+00
 0.10095288243482E+00
 0.10092407956147E+00
 0.10089508868445E+00
 0.10086522555951E+00
 0.10083628788120E+00
 0.10080706941588E+00
 0.10077627007616E+00
 0.10074461479038E+00
 0.10071415105616E+00
 0.10068355058822E+00
 0.10065055926276E+00
 0.10061861329800E+00
 0.10058551006135E+00
 0.10055224875078E+00
 0.10051747711888E+00
 0.10048325991269E+00
 0.10044854886387E+00
 0.10041234776008E+00
 0.10037485652563E+00
 0.10033744881858E+00
 0.10030035284052E+00
 0.10026009706885E+00
 0.10021986726188E+00
 0.10017984931379E+00
 0.10013930183102E+00
 0.10009658405269E+00
 0.10005314149452E+00
 0.10000804470277E+00
 0.99960730782081E-01
 0.99913779014348E-01
 0.99865263670608E-01
 0.99815177346357E-01
 0.99762729239781E-01
 0.99708872470002E-01
 0.99653971073915E-01
 0.99597982291518E-01
 0.99537194996492E-01
 0.99474084417998E-01
 0.99410371829385E-01
 0.99344908439791E-01
 0.99277264640272E-01
 0.99203690428396E-01
 0.99127507174298E-01
 0.99049637634624E-01
 0.98967318402877E-01
 0.98879089600133E-01
 0.98789152987041E-01
 0.98692909880051E-01
 0.98589318468877E-01
 0.98483064045256E-01
 0.98366627844188E-01
 0.98243379082033E-01
 0.98112043544113E-01
 0.97973114414235E-01
 0.97825252691991E-01
 0.97663966453367E-01
 0.97490384276310E-01
 0.97303561217682E-01
 0.97099906728428E-01
 0.96880849041719E-01
 0.96640125202372E-01
 0.96378813795044E-01
 0.96091450319227E-01
 0.95775180255634E-01
 0.95436293256031E-01
 0.95060665814520E-01
 0.94646418714041E-01
 0.94202475113652E-01
 0.93718459230663E-01
 0.93202627690732E-01
 0.92651713987445E-01
 0.92076209941279E-01
 0.91475700147515E-01
 0.90866399549399E-01
 0.90255391543346E-01
 0.89650530647527E-01
 0.89063910687915E-01
 0.88504581232470E-01
 0.87982778652589E-01
 0.87498995447289E-01
 0.87060079885752E-01
 0.86666775464640E-01
 0.86319711326765E-01
 0.86019241845206E-01
 0.85765450561167E-01
 0.85552921107888E-01
 0.85382831072610E-01
 0.85253086169513E-01
 0.85159318631407E-01
 0.85100322979434E-01
 0.85074658543571E-01
 0.85079142990816E-01
 0.85112382156396E-01
 0.85172616884244E-01
 0.85257314951792E-01
 0.85366088769959E-01
 0.85496317344835E-01
 0.85648682598970E-01
 0.85818969685844E-01
 0.86009189752958E-01
 0.86214668143955E-01
 0.86437536224496E-01
 0.86675602168674E-01
 0.86928937265895E-01
 0.87194907230037E-01
 0.87476321755400E-01
 0.87769885648856E-01
 0.88075031996302E-01
 0.88391068385902E-01
 0.88716624328962E-01
 0.89053853793582E-01
 0.89402891406438E-01
 0.89760929815327E-01
 0.90126506694914E-01
 0.90501876117870E-01
 0.90884866668165E-01
 0.91279756001586E-01
 0.91678561779238E-01
 0.92089316206276E-01
 0.92502956712035E-01
 0.92927731726324E-01
 0.93358351471704E-01
 0.93795934970310E-01
 0.94239291381784E-01
 0.94691069336364E-01
 0.95147902249574E-01
 0.95614798944595E-01
 0.96082705631978E-01
 0.96557779793058E-01
 0.97039475602795E-01
 0.97526633834740E-01
 0.98019872667659E-01
 0.98515728113013E-01
 0.99020882235707E-01
 0.99528948084548E-01
 0.10004388627687E+00
 0.10056558840292E+00
 0.10108822409712E+00
 0.10161986800784E+00
 0.10215203147649E+00
 0.10268975045967E+00
 0.10323306487550E+00
 0.10378248950350E+00
 0.10433415105668E+00
 0.10488836613251E+00
 0.10545156645037E+00
 0.10601812200713E+00
 0.10658710455796E+00
 0.10716399675241E+00
 0.10774084818653E+00
 0.10832360486961E+00
 0.10890805319524E+00
 0.10950226467146E+00
 0.11009634515484E+00
 0.11069314075372E+00
 0.11129776325145E+00
 0.11190212601511E+00
 0.11251171033990E+00
 0.11312731922203E+00
 0.11374214005859E+00
 0.11436583812887E+00
 0.11499150169985E+00
 0.11561942386513E+00
 0.11625330541972E+00
 0.11688599170258E+00
 0.11752879583748E+00
 0.11817060242288E+00
 0.11881744698216E+00
 0.11946774851881E+00
 0.12011949202443E+00
 0.12077774078567E+00
 0.12143888712479E+00
 0.12209798728608E+00
 0.12276952005710E+00
 0.12343669401669E+00
 0.12411356086934E+00
 0.12478955290569E+00
 0.12546866509742E+00
 0.12615179431864E+00
 0.12683842229356E+00
 0.12752916015421E+00
 0.12822161656743E+00
 0.12891651508550E+00
 0.12961725263744E+00
 0.13031804427784E+00
 0.13102274133673E+00
 0.13173268377721E+00
 0.13244636300957E+00
 0.13315871288649E+00
 0.13387698148779E+00
 0.13459762205631E+00
 0.13531625895582E+00
 0.13604588706148E+00
 0.13677697226464E+00
 0.13750845875872E+00
 0.13824385316020E+00
 0.13898049433693E+00
 0.13972040587096E+00
 0.14046389457734E+00
 0.14121477423598E+00
 0.14195941861674E+00
 0.14271270899224E+00
 0.14346568127506E+00
 0.14422193469099E+00
 0.14498447789185E+00
 0.14574345412038E+00
 0.14651206463711E+00
 0.14727891563587E+00
 0.14805012503093E+00
 0.14882533209582E+00
 0.14960377914235E+00
 0.15038239818914E+00
 0.15116600389928E+00
 0.15194954355136E+00
