 0.16432730420240E+00
 0.16432730420236E+00
 0.16432730420183E+00
 0.16432730419992E+00
 0.16432730418737E+00
 0.16432730411556E+00
 0.16432730225332E+00
 0.16432729422964E+00
 0.16432726668586E+00
 0.16432719381834E+00
 0.16432703280102E+00
 0.16432672136132E+00
 0.16432618676871E+00
 0.16432532434233E+00
 0.16432404580218E+00
 0.16432220009755E+00
 0.16431968649212E+00
 0.16431637669954E+00
 0.16431213382387E+00
 0.16430683270465E+00
 0.16430025887519E+00
 0.16429244501411E+00
 0.16428316853499E+00
 0.16427230778819E+00
 0.16425971460072E+00
 0.16424527553455E+00
 0.16422878754575E+00
 0.16421032144618E+00
 0.16418966205129E+00
 0.16416658531413E+00
 0.16414084433057E+00
 0.16411260643399E+00
 0.16408145447551E+00
 0.16404712350666E+00
 0.16400996793623E+00
 0.16396936955077E+00
 0.16392536104934E+00
 0.16387748544598E+00
 0.16382605914948E+00
 0.16377109970778E+00
 0.16371114058348E+00
 0.16364733672994E+00
 0.16357941408796E+00
 0.16350694882697E+00
 0.16342925003683E+00
 0.16334702961366E+00
 0.16326069119103E+00
 0.16316948680910E+00
 0.16307295431479E+00
 0.16297126478158E+00
 0.16286509003422E+00
 0.16275350289967E+00
 0.16263721393690E+00
 0.16251570945766E+00
 0.16238856027517E+00
 0.16225637497477E+00
 0.16211942682600E+00
 0.16197627263981E+00
 0.16182855437136E+00
 0.16167677675105E+00
 0.16151590472255E+00
 0.16135344159524E+00
 0.16118534284529E+00
 0.16100945076166E+00
 0.16083121163930E+00
 0.16064329436231E+00
 0.16045195938462E+00
 0.16025938967933E+00
 0.16005682569910E+00
 0.15985174246341E+00
 0.15963592609657E+00
 0.15941609536137E+00
 0.15919572756069E+00
 0.15896124521090E+00
 0.15872639949559E+00
 0.15848166940712E+00
 0.15823179338615E+00
 0.15797208236729E+00
 0.15771351886285E+00
 0.15744037396562E+00
 0.15716296019199E+00
 0.15687851717005E+00
 0.15658806331281E+00
 0.15628858765881E+00
 0.15597440409691E+00
 0.15565850591092E+00
 0.15533422557339E+00
 0.15499562390616E+00
 0.15464871013006E+00
 0.15428852234889E+00
 0.15392680852057E+00
 0.15355520047610E+00
 0.15316447040470E+00
 0.15275936492307E+00
 0.15235314488019E+00
 0.15193663017815E+00
 0.15149427053584E+00
 0.15104885467583E+00
 0.15058490860509E+00
 0.15010922957619E+00
 0.14961166205360E+00
 0.14910619326496E+00
 0.14858518404447E+00
 0.14804135413608E+00
 0.14747564222657E+00
 0.14689666610966E+00
 0.14630612629677E+00
 0.14567885224898E+00
 0.14503683855682E+00
 0.14438025254231E+00
 0.14370394181790E+00
 0.14299546169044E+00
 0.14226469419665E+00
 0.14150401816445E+00
 0.14070907881778E+00
 0.13989684239090E+00
 0.13905353152902E+00
 0.13817799302134E+00
 0.13726367518059E+00
 0.13631691376628E+00
 0.13533930560293E+00
 0.13432898714229E+00
 0.13325912050678E+00
 0.13214612889848E+00
 0.13100134080838E+00
 0.12981540517046E+00
 0.12858441054471E+00
 0.12727949482477E+00
 0.12592375719122E+00
 0.12452344767291E+00
 0.12305639422057E+00
 0.12151072544189E+00
 0.11991708657936E+00
 0.11823930516398E+00
 0.11646889588770E+00
 0.11464052449018E+00
 0.11269703426125E+00
 0.11066323917464E+00
 0.10852930387008E+00
 0.10630096238035E+00
 0.10396879864458E+00
 0.10150003555629E+00
 0.98906541831190E-01
 0.96187850945925E-01
 0.93321489019236E-01
 0.90327346878262E-01
 0.87169372756342E-01
 0.83870203027461E-01
 0.80407295144402E-01
 0.76781892504202E-01
 0.73067116432062E-01
 0.69190020958389E-01
 0.65174375996782E-01
 0.61120247534673E-01
 0.56994119258175E-01
 0.52886620165303E-01
 0.48806963895594E-01
 0.44839344994094E-01
 0.40992163834796E-01
 0.37350096569129E-01
 0.33932495441922E-01
 0.30752728655480E-01
 0.27833950619695E-01
 0.25179346364333E-01
 0.22793908493298E-01
 0.20644178156584E-01
 0.18725919003602E-01
 0.17014109660006E-01
 0.15488342504418E-01
 0.14131157324900E-01
 0.12928967548052E-01
 0.11849055207963E-01
 0.10888536435413E-01
 0.10035144417342E-01
 0.92656434585395E-02
 0.85734665177541E-02
 0.79559618070605E-02
 0.73949552069426E-02
 0.68896107414427E-02
 0.64282174800247E-02
 0.60157127915555E-02
 0.56355373778492E-02
 0.52908988838342E-02
 0.49716533552454E-02
 0.46829965563954E-02
 0.44150114302251E-02
 0.41714760862348E-02
 0.39453579243270E-02
 0.37367753055658E-02
 0.35431661682237E-02
 0.33646570101458E-02
 0.31973505369763E-02
 0.30421100916540E-02
 0.28977810495319E-02
 0.27634116590923E-02
 0.26384585070686E-02
 0.25210073938733E-02
 0.24103609866915E-02
 0.23068297393831E-02
 0.22101174171419E-02
 0.21188966788682E-02
 0.20332699304694E-02
 0.19517383408056E-02
 0.18757056505392E-02
 0.18030599140208E-02
 0.17352467261930E-02
 0.16703987544456E-02
 0.16091815830103E-02
 0.15511312778821E-02
 0.14961753153006E-02
 0.14437314799884E-02
 0.13940444831056E-02
 0.13463492019078E-02
 0.13014943027816E-02
 0.12586203722411E-02
 0.12176635418008E-02
 0.11786082879302E-02
 0.11412736500731E-02
 0.11058235061681E-02
 0.10716309909435E-02
 0.10390921122027E-02
 0.10078257065114E-02
 0.97777633629728E-03
 0.94922585143539E-03
 0.92161459275267E-03
 0.89536099680446E-03
 0.87011133737019E-03
 0.84581474480713E-03
 0.82239639368402E-03
 0.79998865688531E-03
 0.77851353369113E-03
 0.75765922709694E-03
 0.73762351402520E-03
 0.71839568492202E-03
 0.69973865864954E-03
 0.68190069030763E-03
 0.66463739737296E-03
 0.64805599716521E-03
 0.63188251588444E-03
 0.61638775038472E-03
 0.60145460467096E-03
 0.58692145814665E-03
 0.57297945385812E-03
 0.55946291016276E-03
 0.54633773505577E-03
 0.53373941556269E-03
 0.52143466720755E-03
 0.50955755482008E-03
 0.49808298454987E-03
 0.48692050645171E-03
 0.47619256069156E-03
 0.46567516361282E-03
 0.45555598226661E-03
 0.44571451915497E-03
 0.43616693501645E-03
 0.42693220640925E-03
 0.41792082328022E-03
 0.40917900533148E-03
 0.40076361061539E-03
 0.39246518017301E-03
 0.38450262166135E-03
 0.37668216203754E-03
 0.36913024909373E-03
 0.36178819422006E-03
 0.35463832599498E-03
 0.34767817555397E-03
 0.34089608628270E-03
 0.33431043472705E-03
 0.32790621554609E-03
 0.32164443693373E-03
 0.31557435068720E-03
 0.30965425834616E-03
 0.30386679119314E-03
 0.29822204858687E-03
 0.29275657302384E-03
 0.28740467558742E-03
 0.28219127493653E-03
 0.27714444563272E-03
 0.27216266083426E-03
 0.26731381944043E-03
 0.26260000568321E-03
 0.25799339897370E-03
 0.25350746363919E-03
 0.24912533180455E-03
 0.24484239229656E-03
 0.24063291670897E-03
 0.23657426580081E-03
 0.23257631002975E-03
 0.22868723076284E-03
 0.22488427903456E-03
 0.22114875903002E-03
 0.21753023887756E-03
 0.21395794436395E-03
 0.21048733072857E-03
 0.20708539660401E-03
 0.20375236810826E-03
 0.20048989079275E-03
 0.19730924083613E-03
 0.19418754097062E-03
 0.19114396005435E-03
