 0.98444459134164E+00
 0.98444459134164E+00
 0.98444459134164E+00
 0.98444459134164E+00
 0.98444459134164E+00
 0.98444459134164E+00
 0.98444459134164E+00
 0.98444459134164E+00
 0.98444459134164E+00
 0.98444459763444E+00
 0.98444429401300E+00
 0.98444472865203E+00
 0.98444477837906E+00
 0.98444469753260E+00
 0.98444461697639E+00
 0.98444436305912E+00
 0.98444495910910E+00
 0.98444473861220E+00
 0.98444478790643E+00
 0.98444462091361E+00
 0.98444462345588E+00
 0.98444493245485E+00
 0.98444461565233E+00
 0.98444462952320E+00
 0.98444470506063E+00
 0.98444481443056E+00
 0.98444481757877E+00
 0.98444460766630E+00
 0.98444445058909E+00
 0.98444536867128E+00
 0.98444474092796E+00
 0.98444500061110E+00
 0.98444472544526E+00
 0.98445224902131E+00
 0.98444391527176E+00
 0.98444919534280E+00
 0.98444519796398E+00
 0.98444505893177E+00
 0.98445425245995E+00
 0.98444461074989E+00
 0.98445698497377E+00
 0.98445664252702E+00
 0.98444467221944E+00
 0.98445997021508E+00
 0.98444653376336E+00
 0.98445086144622E+00
 0.98444480136599E+00
 0.98444420399614E+00
 0.98448860024660E+00
 0.98448207013750E+00
 0.98449099589133E+00
 0.98445152619854E+00
 0.98445611165957E+00
 0.98446545024770E+00
 0.98448588300982E+00
 0.98448679076340E+00
 0.98448546631846E+00
 0.98444887598714E+00
 0.98446783172819E+00
 0.98447302407860E+00
 0.98444342987497E+00
 0.98448822034830E+00
 0.98446709046555E+00
 0.98449215774627E+00
 0.98445645402732E+00
 0.98448777001308E+00
 0.98448895278872E+00
 0.98448029577752E+00
 0.98442646788619E+00
 0.98443163118812E+00
 0.98449015837458E+00
 0.98444395949796E+00
 0.98444957755706E+00
 0.98446110666484E+00
 0.98442887784820E+00
 0.98445668203074E+00
 0.98447789254525E+00
 0.98444110348016E+00
 0.98446696717020E+00
 0.98448766032722E+00
 0.98446400869280E+00
 0.98449044275211E+00
 0.98444212494743E+00
 0.98443723573337E+00
 0.98443375794042E+00
 0.98445804979593E+00
 0.98442281156519E+00
 0.98443439858730E+00
 0.98443170345933E+00
 0.98447432884156E+00
 0.98441975222814E+00
 0.98449147210041E+00
 0.98441455569605E+00
 0.98445409004300E+00
 0.98445437230253E+00
 0.98449071606901E+00
 0.98445482745562E+00
 0.98441676817300E+00
 0.98444912651783E+00
 0.98450013594747E+00
 0.98450531773282E+00
 0.98448703960786E+00
 0.98448947839649E+00
 0.98447795383929E+00
 0.98450060246079E+00
 0.98449836755702E+00
 0.98446005285446E+00
 0.98450738904630E+00
 0.98451137684994E+00
 0.98453823679423E+00
 0.98453401357359E+00
 0.98451405289086E+00
 0.98459449862841E+00
 0.98458478786537E+00
 0.98462776524788E+00
 0.98462895578155E+00
 0.98463898398897E+00
 0.98466116057092E+00
 0.98469812369525E+00
 0.98473113493904E+00
 0.98480617297374E+00
 0.98484375314634E+00
 0.98483495403065E+00
 0.98493352891057E+00
 0.98493260655194E+00
 0.98498747607698E+00
 0.98504564701910E+00
 0.98505494931869E+00
 0.98512191847721E+00
 0.98523233149613E+00
 0.98524579039608E+00
 0.98534987702461E+00
 0.98541042307229E+00
 0.98540616917008E+00
 0.98546491162041E+00
 0.98551708937204E+00
 0.98554386569440E+00
 0.98560834345274E+00
 0.98567912769800E+00
 0.98574007551733E+00
 0.98578035282836E+00
 0.98587705112747E+00
 0.98592697697380E+00
 0.98592344006308E+00
 0.98596996635537E+00
 0.98600381889291E+00
 0.98613742493768E+00
 0.98609522448183E+00
 0.98617634501261E+00
 0.98624281252495E+00
 0.98626870834066E+00
 0.98627364074221E+00
 0.98635437915126E+00
 0.98637665148504E+00
 0.98630766915072E+00
 0.98634535352057E+00
 0.98642177044622E+00
 0.98641456748724E+00
 0.98635415588991E+00
 0.98634826543935E+00
 0.98636069756189E+00
 0.98630327569304E+00
 0.98629851690462E+00
 0.98629258386794E+00
 0.98627813935326E+00
 0.98615323796622E+00
 0.98615111870428E+00
 0.98606680908349E+00
 0.98595367013578E+00
 0.98591695470605E+00
 0.98574122669256E+00
 0.98569021800239E+00
 0.98559219460359E+00
 0.98539673425520E+00
 0.98522348137710E+00
 0.98515424021309E+00
 0.98493882914350E+00
 0.98480835725926E+00
 0.98457002911399E+00
 0.98439834155275E+00
 0.98413909189070E+00
 0.98397281408129E+00
 0.98366615018618E+00
 0.98342025241583E+00
 0.98312409760268E+00
 0.98285569464538E+00
 0.98254165501928E+00
 0.98224560523412E+00
 0.98191594257880E+00
 0.98160258306519E+00
 0.98121658899575E+00
 0.98084302149756E+00
 0.98049012004276E+00
 0.98001755771452E+00
 0.97962434307310E+00
 0.97925447759038E+00
 0.97874501654287E+00
 0.97837478024527E+00
 0.97781028243370E+00
 0.97734356351795E+00
