 0.61505546242799E+01
 0.61505546630845E+01
 0.61505548430408E+01
 0.61505553520941E+01
 0.61505564682579E+01
 0.61505585628405E+01
 0.61505620994550E+01
 0.61505676148774E+01
 0.61505756899046E+01
 0.61505869075152E+01
 0.61506019053051E+01
 0.61506212053250E+01
 0.61506455841626E+01
 0.61506755219085E+01
 0.61507119263608E+01
 0.61507560486581E+01
 0.61508082529580E+01
 0.61508703289416E+01
 0.61509444141751E+01
 0.61510310286483E+01
 0.61511317502871E+01
 0.61512491885337E+01
 0.61513853958427E+01
 0.61515418356781E+01
 0.61517192818595E+01
 0.61519201372317E+01
 0.61521443068402E+01
 0.61523914810182E+01
 0.61526642156426E+01
 0.61529601770939E+01
 0.61532768669982E+01
 0.61536134093496E+01
 0.61539672586950E+01
 0.61543325851377E+01
 0.61547072340882E+01
 0.61550820139355E+01
 0.61554607612572E+01
 0.61558240173327E+01
 0.61561723362826E+01
 0.61565022682197E+01
 0.61567995134749E+01
 0.61570597877544E+01
 0.61572847957574E+01
 0.61574448059520E+01
 0.61575506836462E+01
 0.61575832412167E+01
 0.61575415582723E+01
 0.61574174069381E+01
 0.61572040639240E+01
 0.61568861723769E+01
 0.61564719980648E+01
 0.61559464370051E+01
 0.61553068939662E+01
 0.61545538783230E+01
 0.61536433724264E+01
 0.61526236367666E+01
 0.61514743650464E+01
 0.61501948000190E+01
 0.61487543180308E+01
 0.61471579116784E+01
 0.61454368440342E+01
 0.61435628182764E+01
 0.61415372041474E+01
 0.61393517618157E+01
 0.61370274581025E+01
 0.61345487369012E+01
 0.61318763527262E+01
 0.61291320492851E+01
 0.61261189259491E+01
 0.61230802907919E+01
 0.61197801087945E+01
 0.61163966627733E+01
 0.61127692104089E+01
 0.61090851835137E+01
 0.61052487871417E+01
 0.61012448956611E+01
 0.60971075366618E+01
 0.60928180515381E+01
 0.60883611392089E+01
 0.60838765958194E+01
 0.60791108469816E+01
 0.60742550971713E+01
 0.60693575849099E+01
 0.60642442419581E+01
 0.60589954803274E+01
 0.60535793027744E+01
 0.60481334135537E+01
 0.60425305712618E+01
 0.60367210147170E+01
 0.60308744681620E+01
 0.60249258802643E+01
 0.60187040447301E+01
 0.60125307159233E+01
 0.60061607788726E+01
 0.59996233166889E+01
 0.59929009191615E+01
 0.59861276980755E+01
 0.59791795578543E+01
 0.59720701406195E+01
 0.59647827355230E+01
 0.59572989709037E+01
 0.59496633481596E+01
 0.59418262763929E+01
 0.59336747252843E+01
 0.59253028811663E+01
 0.59166594642830E+01
 0.59076807295274E+01
 0.58982718851761E+01
 0.58883222686807E+01
 0.58780143478213E+01
 0.58669781226437E+01
 0.58551820317710E+01
 0.58425694837422E+01
 0.58288174692101E+01
 0.58137240847408E+01
 0.57973463270283E+01
 0.57784453709529E+01
 0.57572972574782E+01
 0.57329719539756E+01
 0.57046366449090E+01
 0.56708941219344E+01
 0.56305570325668E+01
 0.55814171966303E+01
 0.55226431758594E+01
 0.54514162807519E+01
 0.53697269652025E+01
 0.52782958334353E+01
 0.51794143840913E+01
 0.50790612468748E+01
 0.49815368025784E+01
 0.48869071390583E+01
 0.47977776923030E+01
 0.47152558790345E+01
 0.46368201294259E+01
 0.45638622502503E+01
 0.44961983396369E+01
 0.44325948522887E+01
 0.43723614256449E+01
 0.43160526317765E+01
 0.42632569159940E+01
 0.42126936244738E+01
 0.41649678719851E+01
 0.41195997822086E+01
 0.40765041257981E+01
 0.40349108581104E+01
 0.39954934630420E+01
 0.39581457750432E+01
 0.39218663127956E+01
 0.38870681641085E+01
 0.38535793816025E+01
 0.38220122099231E+01
 0.37909987856310E+01
 0.37616106995483E+01
 0.37330901448022E+01
 0.37055516958945E+01
 0.36791295751500E+01
 0.36534979996919E+01
 0.36287503273185E+01
 0.36048246303290E+01
 0.35815429208623E+01
 0.35591174621068E+01
 0.35373945657715E+01
 0.35162678106910E+01
 0.34958787699585E+01
 0.34760721281478E+01
 0.34567328897052E+01
 0.34381745738371E+01
 0.34199480915545E+01
 0.34023383749331E+01
 0.33851188016514E+01
 0.33684533074978E+01
 0.33520806905903E+01
 0.33363575579104E+01
 0.33208952283061E+01
 0.33059112632081E+01
 0.32912124310940E+01
 0.32768853853129E+01
 0.32629019600519E+01
 0.32493040846157E+01
 0.32360809129078E+01
 0.32230881758548E+01
 0.32103607902784E+01
 0.31979253945583E+01
 0.31858288662915E+01
 0.31740047598458E+01
 0.31623806304604E+01
 0.31510165930626E+01
 0.31399045026695E+01
 0.31290739170567E+01
 0.31183930737497E+01
 0.31079937745702E+01
 0.30977502394709E+01
 0.30876842675655E+01
 0.30778734712536E+01
 0.30682393501469E+01
 0.30587716129179E+01
 0.30495130985650E+01
 0.30404161540025E+01
 0.30314752580526E+01
 0.30226791999735E+01
