 0.11124448542629E+04
 0.11124448542629E+04
 0.11124448542629E+04
 0.11124448542629E+04
 0.11124448542629E+04
 0.11124448542629E+04
 0.11124448542629E+04
 0.11124448542629E+04
 0.11124448542629E+04
 0.11124526923263E+04
 0.11122763418826E+04
 0.11125381591525E+04
 0.11125776487608E+04
 0.11125197602084E+04
 0.11124592698206E+04
 0.11123061257541E+04
 0.11127270976256E+04
 0.11125437308667E+04
 0.11125719838175E+04
 0.11124478068097E+04
 0.11124572871231E+04
 0.11126980112015E+04
 0.11124553468608E+04
 0.11124546691435E+04
 0.11125174704290E+04
 0.11125910915749E+04
 0.11125973576312E+04
 0.11124816969044E+04
 0.11123800238864E+04
 0.11062298058004E+04
 0.11125897698596E+04
 0.11128476344476E+04
 0.11125801039219E+04
 0.11067634188528E+04
 0.11121267767027E+04
 0.11065302254964E+04
 0.11062222977932E+04
 0.11062215750160E+04
 0.11069419836363E+04
 0.11126229645404E+04
 0.11071737808437E+04
 0.11071511934611E+04
 0.11125735630471E+04
 0.11074286052630E+04
 0.11063229585225E+04
 0.11066645391889E+04
 0.11128221849528E+04
 0.11123672513531E+04
 0.11112631197961E+04
 0.11099901491509E+04
 0.11121021450631E+04
 0.11067274547120E+04
 0.11070998669760E+04
 0.11079154607164E+04
 0.11107247090522E+04
 0.11109165451400E+04
 0.11105959602405E+04
 0.11064925339973E+04
 0.11081688872294E+04
 0.11087938769004E+04
 0.11120397821494E+04
 0.11153078754112E+04
 0.11184024010943E+04
 0.11129601608346E+04
 0.11071054556909E+04
 0.11109437454183E+04
 0.11149719179684E+04
 0.11095190924569E+04
 0.11082164471453E+04
 0.11093626545235E+04
 0.11118061085628E+04
 0.11119703099610E+04
 0.11125290621722E+04
 0.11188817119372E+04
 0.11214091526324E+04
 0.11193157785953E+04
 0.11170752679011E+04
 0.11165333519634E+04
 0.11182400027291E+04
 0.11156809157455E+04
 0.11186189016915E+04
 0.11129063461928E+04
 0.11165801093636E+04
 0.11209149852585E+04
 0.11098550528082E+04
 0.11191342568972E+04
 0.11187997657392E+04
 0.11098089958252E+04
 0.11097039727489E+04
 0.11088872992309E+04
 0.11079221613060E+04
 0.11139552841031E+04
 0.11197893303884E+04
 0.11146905796996E+04
 0.11199515537049E+04
 0.11157248248621E+04
 0.11152061913539E+04
 0.11070146732272E+04
 0.11094137307968E+04
 0.11107287524684E+04
 0.11148422275594E+04
 0.11079601094211E+04
 0.11185882765005E+04
 0.11148531970512E+04
 0.11183457406463E+04
 0.11068673823450E+04
 0.11197382946814E+04
 0.11111663086457E+04
 0.11155090530313E+04
 0.11069240714231E+04
 0.11099015406695E+04
 0.11069450196986E+04
 0.11085334865205E+04
 0.11139278967543E+04
 0.11086113296936E+04
 0.11058696278530E+04
 0.11099214442637E+04
 0.11104724237974E+04
 0.11133915058240E+04
 0.11188356891367E+04
 0.11120615738950E+04
 0.11105399756588E+04
 0.11089649813667E+04
 0.11103476583323E+04
 0.11141831643178E+04
 0.11142188954887E+04
 0.11107547997050E+04
 0.11179371068448E+04
 0.11193596841513E+04
 0.11069190740553E+04
 0.11182632376584E+04
 0.11104625416481E+04
 0.11119450555503E+04
 0.11083160621278E+04
 0.11175062418242E+04
 0.11086843179053E+04
 0.11168521242677E+04
 0.11056510869548E+04
 0.11127338681618E+04
 0.11080302115832E+04
 0.11065541626862E+04
 0.11068345660371E+04
 0.11063300416832E+04
 0.11055861568010E+04
 0.11063102706784E+04
 0.11051202190341E+04
 0.11128065584681E+04
 0.11052122659712E+04
 0.11175288077187E+04
 0.11095722564580E+04
 0.11064321561417E+04
 0.11122121500542E+04
 0.11115635714380E+04
 0.11136391265510E+04
 0.11068023970053E+04
 0.11183032266706E+04
 0.11157926692578E+04
 0.11095616092901E+04
 0.11092443996831E+04
 0.11097190545088E+04
 0.11164220689818E+04
 0.11104456904449E+04
 0.11130998304046E+04
 0.11223446071665E+04
 0.11188286511129E+04
 0.11228921152249E+04
 0.11149291021814E+04
 0.11249584913924E+04
 0.11284398162107E+04
 0.11187200002284E+04
 0.11282524597394E+04
 0.11272536852920E+04
 0.11218853362284E+04
 0.11212517094878E+04
 0.11197917452408E+04
 0.11238231534807E+04
 0.11259561812026E+04
 0.11311618575459E+04
 0.11314178598975E+04
 0.11264556763301E+04
 0.11301770060357E+04
 0.11334753414447E+04
 0.11329320311800E+04
 0.11298085249078E+04
 0.11426118455066E+04
 0.11318885763424E+04
 0.11445916399525E+04
 0.11418023359598E+04
 0.11359719026528E+04
 0.11395695993658E+04
 0.11433258386355E+04
 0.11464897023277E+04
 0.11444452809735E+04
 0.11454478444849E+04
 0.11576035265889E+04
 0.11587459774235E+04
 0.11518510193743E+04
 0.11565646293309E+04
 0.11649934382968E+04
 0.11539541927834E+04
