 0.83175735907662E+02
 0.83175735907670E+02
 0.83175735907921E+02
 0.83175735963491E+02
 0.83175737895137E+02
 0.83175756057593E+02
 0.83175836474229E+02
 0.83176061515864E+02
 0.83176532197260E+02
 0.83177345150302E+02
 0.83178578681696E+02
 0.83180289341914E+02
 0.83182513305121E+02
 0.83185272535915E+02
 0.83188576384441E+02
 0.83192422998877E+02
 0.83196809932499E+02
 0.83201722276394E+02
 0.83207140697524E+02
 0.83213050496160E+02
 0.83195008267910E+02
 0.83195544442545E+02
 0.83196182281359E+02
 0.83196933175345E+02
 0.83197812492320E+02
 0.83198824326126E+02
 0.83199985426902E+02
 0.83201311214744E+02
 0.83202799287023E+02
 0.83204471032084E+02
 0.83206345091471E+02
 0.83208429482594E+02
 0.83210737308892E+02
 0.83213296922193E+02
 0.83216114040336E+02
 0.83219229932850E+02
 0.83222614536742E+02
 0.83226359115024E+02
 0.83230449397310E+02
 0.83234890245903E+02
 0.83239744612485E+02
 0.83245022717674E+02
 0.83250703772799E+02
 0.83256933920852E+02
 0.83263647945128E+02
 0.83270939575169E+02
 0.83278811440335E+02
 0.83287305089774E+02
 0.83296458572435E+02
 0.83306358718382E+02
 0.83316972168833E+02
 0.83328391338638E+02
 0.83340663616305E+02
 0.83353780880022E+02
 0.83368012794060E+02
 0.83383140729673E+02
 0.83399305621023E+02
 0.83416554079065E+02
 0.83435094774905E+02
 0.83454952858286E+02
 0.83476025444305E+02
 0.83498516292884E+02
 0.83522494747881E+02
 0.83548077200822E+02
 0.83575232301851E+02
 0.83604131833543E+02
 0.83635084054170E+02
 0.83667518628616E+02
 0.83702643239797E+02
 0.83739189772371E+02
 0.83778646514403E+02
 0.83820104218508E+02
 0.83864628147140E+02
 0.83911296736838E+02
 0.83960796435240E+02
 0.84013402977041E+02
 0.84069076241253E+02
 0.84128126965046E+02
 0.84190856535195E+02
 0.84256525555179E+02
 0.84327082785744E+02
 0.84401468284057E+02
 0.84479568131209E+02
 0.84562840679621E+02
 0.84651141852759E+02
 0.84744821227613E+02
 0.84843302284038E+02
 0.84947794253866E+02
 0.85059143416510E+02
 0.85176227196882E+02
 0.85300074669434E+02
 0.85432631599404E+02
 0.85571449671957E+02
 0.85719184751515E+02
 0.85876208116049E+02
 0.86043440069043E+02
 0.86219852242685E+02
 0.86407552143624E+02
 0.86606797713818E+02
 0.86818982371821E+02
 0.87044961340053E+02
 0.87285000286850E+02
 0.87540487217826E+02
 0.87814580314135E+02
 0.88106361233765E+02
 0.88418216875157E+02
 0.88751903595397E+02
 0.89110679982702E+02
 0.89498283704688E+02
 0.89911884378032E+02
 0.90360760869191E+02
 0.90847356905371E+02
 0.91373399383452E+02
 0.91948351701667E+02
 0.92578212582963E+02
 0.93259676889165E+02
 0.94028345381752E+02
 0.94872058942203E+02
 0.95812862439217E+02
 0.96866317679619E+02
 0.98060318924199E+02
 0.99406424845299E+02
 0.10093728231074E+03
 0.10263837335073E+03
 0.10451748079325E+03
 0.10649721733310E+03
 0.10853493985296E+03
 0.11058850560755E+03
 0.11256893652419E+03
 0.11444534127680E+03
 0.11627271378060E+03
 0.11803625618029E+03
 0.11973415386130E+03
 0.12143829927390E+03
 0.12311896039130E+03
 0.12477526562958E+03
 0.12643466167951E+03
 0.12811212972878E+03
 0.12978072006035E+03
 0.13144300483652E+03
 0.13313813881709E+03
 0.13483512149716E+03
 0.13654502499214E+03
 0.13826343442625E+03
 0.14002072561415E+03
 0.14177713184526E+03
 0.14352868326244E+03
 0.14532499677520E+03
 0.14713839033157E+03
 0.14897381336154E+03
 0.15078383904190E+03
 0.15265564372174E+03
 0.15450894516896E+03
 0.15639369129637E+03
 0.15829744303352E+03
 0.16020394463443E+03
 0.16213606193467E+03
 0.16408177087375E+03
 0.16604227496804E+03
 0.16803131688069E+03
 0.17002379045641E+03
 0.17203101306924E+03
 0.17406111572084E+03
 0.17609432988394E+03
 0.17814470874472E+03
 0.18022351130234E+03
 0.18228724074507E+03
 0.18439069633926E+03
 0.18649289226103E+03
 0.18862207293743E+03
 0.19075158231238E+03
 0.19291768658647E+03
 0.19506216946850E+03
 0.19724317767229E+03
 0.19942277762923E+03
 0.20163082611866E+03
 0.20385029001427E+03
 0.20608354567631E+03
 0.20831987292730E+03
 0.21055793423667E+03
 0.21282382476200E+03
 0.21510909826302E+03
 0.21740608512062E+03
 0.21970190084311E+03
 0.22200829659192E+03
 0.22433989433011E+03
 0.22668103233472E+03
 0.22903134307849E+03
 0.23138097758170E+03
 0.23376115357971E+03
 0.23613608467324E+03
 0.23853693322939E+03
 0.24095669144515E+03
 0.24337161511752E+03
 0.24580176933984E+03
 0.24824863036091E+03
 0.25069749611516E+03
 0.25316110063639E+03
 0.25563961577902E+03
 0.25813533186001E+03
