 0.25955948765236E+10
 0.25957148730912E+10
 0.25959148576897E+10
 0.25961948734867E+10
 0.25965548504590E+10
 0.25969948552159E+10
 0.25975148633276E+10
 0.25981148556778E+10
 0.25987948445432E+10
 0.25995548447320E+10
 0.26003948131689E+10
 0.26013148303780E+10
 0.26023148298283E+10
 0.26033948162171E+10
 0.26045548067757E+10
 0.26057948223397E+10
 0.26071148199340E+10
 0.26085148498289E+10
 0.26099948720940E+10
 0.26115549062347E+10
 0.26131949843904E+10
 0.26149150655324E+10
 0.26167152115954E+10
 0.26185953476340E+10
 0.26205555830830E+10
 0.26225958224604E+10
 0.26247161557300E+10
 0.26269165829161E+10
 0.26291970027080E+10
 0.26315575410298E+10
 0.26339981521520E+10
 0.26365187978432E+10
 0.26391195368715E+10
 0.26418002695016E+10
 0.26445609629428E+10
 0.26474016564553E+10
 0.26503220566772E+10
 0.26533222347243E+10
 0.26564020152031E+10
 0.26595611477520E+10
 0.26627995744111E+10
 0.26661169448650E+10
 0.26695127106123E+10
 0.26729870452171E+10
 0.26765389239850E+10
 0.26801681303250E+10
 0.26838739969285E+10
 0.26876557544851E+10
 0.26915128466800E+10
 0.26954441559102E+10
 0.26994485936084E+10
 0.27035251956148E+10
 0.27076724156418E+10
 0.27118896914978E+10
 0.27161749919607E+10
 0.27205269409094E+10
 0.27249435789324E+10
 0.27294236374869E+10
 0.27339642955905E+10
 0.27385639463581E+10
 0.27432204941473E+10
 0.27479312814208E+10
 0.27526938754653E+10
 0.27575058883071E+10
 0.27623641558385E+10
 0.27672659375998E+10
 0.27722082210099E+10
 0.27771897538627E+10
 0.27822034486103E+10
 0.27872499896999E+10
 0.27923221360624E+10
 0.27974200042813E+10
 0.28025370343039E+10
 0.28076702169979E+10
 0.28128174440014E+10
 0.28179721939694E+10
 0.28231336464802E+10
 0.28282954388725E+10
 0.28334506517968E+10
 0.28386041305546E+10
 0.28437401771323E+10
 0.28488576391364E+10
 0.28539610359290E+10
 0.28590350128664E+10
 0.28640751336557E+10
 0.28690839166086E+10
 0.28740510990062E+10
 0.28789765654162E+10
 0.28838447033308E+10
 0.28886650066333E+10
 0.28934261473962E+10
 0.28981161894390E+10
 0.29027455662704E+10
 0.29072945612337E+10
 0.29117649161999E+10
 0.29161474855008E+10
 0.29204429405283E+10
 0.29246416589768E+10
 0.29287466803447E+10
 0.29327425062776E+10
 0.29366280855579E+10
 0.29404083861310E+10
 0.29440721743279E+10
 0.29476060168004E+10
 0.29510229309794E+10
 0.29543183158523E+10
 0.29574825234030E+10
 0.29605147148638E+10
 0.29634094372520E+10
 0.29662043975865E+10
 0.29688458298019E+10
 0.29713579374175E+10
 0.29737829884855E+10
 0.29760820065565E+10
 0.29782748601903E+10
 0.29804562258709E+10
 0.29824851566541E+10
 0.29845512877887E+10
 0.29866265737031E+10
 0.29887957169430E+10
 0.29911032950143E+10
 0.29936890124669E+10
 0.29966448243516E+10
 0.30002131262890E+10
 0.30044526896268E+10
 0.30095731522745E+10
 0.30156000511874E+10
 0.30224040679750E+10
 0.30298503329201E+10
 0.30377694293038E+10
 0.30459795062537E+10
 0.30543607819144E+10
 0.30628799678669E+10
 0.30715092487822E+10
 0.30802732685839E+10
 0.30891324520635E+10
 0.30981387907439E+10
 0.31072737526409E+10
 0.31165565551194E+10
 0.31259968813468E+10
 0.31355829430551E+10
 0.31453084066579E+10
 0.31552100327765E+10
 0.31652381064893E+10
 0.31754171043234E+10
 0.31857320632584E+10
 0.31961855144978E+10
 0.32067658793824E+10
 0.32174879421005E+10
 0.32283315971678E+10
 0.32392976712874E+10
 0.32503927700922E+10
 0.32615968288693E+10
 0.32729022114642E+10
 0.32843227697651E+10
 0.32958585863614E+10
 0.33074957601714E+10
 0.33192426105210E+10
 0.33310865565307E+10
 0.33430323891166E+10
 0.33550705281674E+10
 0.33672103350674E+10
 0.33794511685822E+10
 0.33917544184292E+10
 0.34041782914136E+10
 0.34167014216285E+10
 0.34292886859652E+10
 0.34419852550904E+10
 0.34547618226717E+10
 0.34676216939590E+10
 0.34805673172634E+10
 0.34936101392184E+10
 0.35067269910124E+10
 0.35199389511261E+10
 0.35332351559842E+10
 0.35466065049098E+10
 0.35600620042793E+10
 0.35736113826530E+10
 0.35872342444867E+10
 0.36009314465949E+10
 0.36147082679669E+10
 0.36285922325970E+10
 0.36425427432457E+10
 0.36565601377689E+10
 0.36706795672637E+10
 0.36848670887011E+10
 0.36991412269597E+10
 0.37134890832617E+10
 0.37279077751162E+10
 0.37424355356095E+10
 0.37570177860141E+10
 0.37716889491832E+10
 0.37864486584306E+10
 0.38012681019511E+10
 0.38161731168837E+10
 0.38311628399093E+10
 0.38462250971266E+10
 0.38613763449494E+10
 0.38765969442948E+10
 0.38919002105709E+10
