 0.20941382915855E+01
 0.20941382915855E+01
 0.20941382915855E+01
 0.20941382915855E+01
 0.20941382915855E+01
 0.20941382992905E+01
 0.20941382692321E+01
 0.20941382760857E+01
 0.20941382460806E+01
 0.20941374377408E+01
 0.20941410070969E+01
 0.20941363943827E+01
 0.20941366056762E+01
 0.20941355622708E+01
 0.20941393000201E+01
 0.20941374771711E+01
 0.20941380674516E+01
 0.20941370803791E+01
 0.20941354687718E+01
 0.20941391404759E+01
 0.20941371856717E+01
 0.20941367909954E+01
 0.20941359251784E+01
 0.20941426448667E+01
 0.20941420672016E+01
 0.20941375767063E+01
 0.20941357255458E+01
 0.20941369744462E+01
 0.20941380447235E+01
 0.20941380629825E+01
 0.20941369604813E+01
 0.20941393004605E+01
 0.20941529576955E+01
 0.20941568337563E+01
 0.20941364642898E+01
 0.20941637452333E+01
 0.20941479041795E+01
 0.20941407650703E+01
 0.20941760682952E+01
 0.20941491971137E+01
 0.20941453456904E+01
 0.20941632866453E+01
 0.20941419418027E+01
 0.20941773995178E+01
 0.20941955245090E+01
 0.20941931881818E+01
 0.20941925408779E+01
 0.20941741905640E+01
 0.20941543694995E+01
 0.20941918245290E+01
 0.20941430297678E+01
 0.20942059723414E+01
 0.20941851508259E+01
 0.20941738171696E+01
 0.20941753061622E+01
 0.20942243885729E+01
 0.20942592498706E+01
 0.20941707900564E+01
 0.20942460895906E+01
 0.20942469118802E+01
 0.20942815737670E+01
 0.20942967048961E+01
 0.20943662319582E+01
 0.20943257040258E+01
 0.20945386989570E+01
 0.20944224267003E+01
 0.20944834447265E+01
 0.20947283358270E+01
 0.20946469707753E+01
 0.20946288450823E+01
 0.20948303705399E+01
 0.20949296347450E+01
 0.20951876425307E+01
 0.20952325793888E+01
 0.20955856387824E+01
 0.20955794661619E+01
 0.20959529225837E+01
 0.20962817420108E+01
 0.20964781509670E+01
