 0.61503569054433E+01
 0.61503569442521E+01
 0.61503571242289E+01
 0.61503576334659E+01
 0.61503587495692E+01
 0.61503608442608E+01
 0.61503643810820E+01
 0.61503698960185E+01
 0.61503779715068E+01
 0.61503891930029E+01
 0.61504041435403E+01
 0.61504233829448E+01
 0.61504477072973E+01
 0.61504776389800E+01
 0.61505143221762E+01
 0.61505580927161E+01
 0.61506105707219E+01
 0.61506729823652E+01
 0.61507467224496E+01
 0.61508335630726E+01
 0.61509339531330E+01
 0.61510521909860E+01
 0.61511887504311E+01
 0.61513454039051E+01
 0.61515236468014E+01
 0.61517252168910E+01
 0.61519501947472E+01
 0.61522023268497E+01
 0.61524813355905E+01
 0.61527864608357E+01
 0.61531164610609E+01
 0.61534760164517E+01
 0.61538620944492E+01
 0.61542732679459E+01
 0.61547184659944E+01
 0.61551962999682E+01
 0.61557065169382E+01
 0.61562520461257E+01
 0.61568451494202E+01
 0.61574952805640E+01
 0.61581945271786E+01
 0.61589705669049E+01
 0.61598365679699E+01
 0.61608032347295E+01
 0.61618823667141E+01
 0.61631038044151E+01
 0.61644965643644E+01
 0.61660769421610E+01
 0.61678674936134E+01
 0.61699005282100E+01
 0.61722124361020E+01
 0.61748237059048E+01
 0.61777808764785E+01
 0.61811081862224E+01
 0.61848381502244E+01
 0.61890149037514E+01
 0.61936791470795E+01
 0.61988589192178E+01
 0.62045961049886E+01
 0.62109570137776E+01
 0.62179173656969E+01
 0.62255912811228E+01
 0.62340030598732E+01
 0.62431686881059E+01
 0.62531728257845E+01
 0.62640013184110E+01
 0.62757613207103E+01
 0.62885136378336E+01
 0.63022456567840E+01
 0.63170469812930E+01
 0.63329626692527E+01
 0.63500475562494E+01
 0.63683492989647E+01
 0.63879244384919E+01
 0.64088132253470E+01
 0.64310357354784E+01
 0.64545643443322E+01
 0.64793522012648E+01
 0.65049288311744E+01
