 0.16432730420240E+00
 0.16432730420236E+00
 0.16432730420183E+00
 0.16432730419992E+00
 0.16432730418737E+00
 0.16432730411556E+00
 0.16432730225340E+00
 0.16432729422877E+00
 0.16432726668142E+00
 0.16432719381062E+00
 0.16432703280241E+00
 0.16432672137791E+00
 0.16432618676619E+00
 0.16432532433744E+00
 0.16432404565173E+00
 0.16432219790603E+00
 0.16431967884615E+00
 0.16431635311260E+00
 0.16431207114844E+00
 0.16430667927032E+00
 0.16429991501487E+00
 0.16429172478205E+00
 0.16428174805351E+00
 0.16426965447617E+00
 0.16425499125102E+00
 0.16423722243451E+00
 0.16421558134861E+00
 0.16418941299850E+00
 0.16415759672612E+00
 0.16411881948994E+00
 0.16407153734746E+00
 0.16401445545109E+00
 0.16394550984625E+00
 0.16386261303094E+00
 0.16376422541792E+00
 0.16364712236395E+00
 0.16351022470105E+00
 0.16335051648644E+00
 0.16316621149636E+00
 0.16295535036366E+00
 0.16271428923820E+00
 0.16244243144704E+00
 0.16213774005523E+00
 0.16179802176205E+00
 0.16142092999124E+00
 0.16100588917274E+00
 0.16055179995553E+00
 0.16005647580914E+00
 0.15951802248055E+00
 0.15893485661074E+00
 0.15830696511006E+00
 0.15763124737865E+00
 0.15690690983776E+00
 0.15613152373556E+00
 0.15530231722813E+00
 0.15441781089324E+00
 0.15347586489354E+00
 0.15247126422639E+00
 0.15140467623497E+00
 0.15027150480696E+00
 0.14906189893686E+00
 0.14778324173087E+00
 0.14642266328927E+00
 0.14497284614533E+00
 0.14343767464284E+00
 0.14179903002133E+00
 0.14005899437394E+00
 0.13821331206861E+00
 0.13623866940912E+00
 0.13413668801495E+00
 0.13187660026819E+00
 0.12945780935233E+00
 0.12686843553508E+00
 0.12404933136074E+00
 0.12099830190512E+00
 0.11764094873699E+00
 0.11391120771673E+00
 0.10964826994295E+00
 0.10458365632406E+00
