 0.67197792076794E+03
 0.67197792076794E+03
 0.67197792076794E+03
 0.67197792076794E+03
 0.67197792076794E+03
 0.67197823877565E+03
 0.67197734998231E+03
 0.67197756846389E+03
 0.67197660663052E+03
 0.67195495340662E+03
 0.67205188985754E+03
 0.67192827157642E+03
 0.67949582194605E+03
 0.67190633634510E+03
 0.67942967704996E+03
 0.67947446883559E+03
 0.67946010403779E+03
 0.67194365706687E+03
 0.67189954255076E+03
 0.67943924344674E+03
 0.67948166403867E+03
 0.67193393091564E+03
 0.67190757877236E+03
 0.67935207842502E+03
 0.67936605647552E+03
 0.67947876651413E+03
 0.67951395460401E+03
 0.67194686262945E+03
 0.67946273500212E+03
 0.67946396916119E+03
 0.67195382883985E+03
 0.67942246194284E+03
 0.67240833759837E+03
 0.67256379743818E+03
 0.67195570122696E+03
 0.67278497559415E+03
 0.67227797641140E+03
 0.67209860206107E+03
 0.67328042218293E+03
 0.67228231343569E+03
 0.68183001459913E+03
 0.67280998027518E+03
 0.67212176420940E+03
 0.67331364132211E+03
 0.67449808149371E+03
 0.67440982979327E+03
 0.67425594323296E+03
 0.67321036968395E+03
 0.67249539377798E+03
 0.67411528831433E+03
 0.67209245542533E+03
 0.67527784550409E+03
 0.67333241012039E+03
 0.67271453236977E+03
 0.67263456589273E+03
 0.67549829505912E+03
 0.68035187564699E+03
 0.67948991042328E+03
 0.67665940119050E+03
 0.67317636925566E+03
 0.67521080442299E+03
 0.67384606674932E+03
 0.68024994290436E+03
 0.67252106600034E+03
 0.67742244498657E+03
 0.67305628680205E+03
 0.67345501433901E+03
 0.67419544064697E+03
 0.67439989478831E+03
 0.66944670164092E+03
 0.67558746131957E+03
 0.67644743111677E+03
 0.67819326066267E+03
 0.67486030265663E+03
 0.67427215298877E+03
 0.67145801524277E+03
 0.67731563183059E+03
 0.67365685078979E+03
 0.67172325267094E+03
