 0.61503569054433E+01
 0.61503569442521E+01
 0.61503571242289E+01
 0.61503576334659E+01
 0.61503587495692E+01
 0.61503608442607E+01
 0.61503643810685E+01
 0.61503698960624E+01
 0.61503779716234E+01
 0.61503891932744E+01
 0.61504041437607E+01
 0.61504233831175E+01
 0.61504477073997E+01
 0.61504776391827E+01
 0.61505143220382E+01
 0.61505580921490E+01
 0.61506105724305E+01
 0.61506729809983E+01
 0.61507467201464E+01
 0.61508335462759E+01
 0.61509339074654E+01
 0.61510520823888E+01
 0.61511885000568E+01
 0.61513448531787E+01
 0.61515225343469E+01
 0.61517230462600E+01
 0.61519461389829E+01
 0.61521949569253E+01
 0.61524684949064E+01
 0.61527645627285E+01
 0.61530804041346E+01
 0.61534180620088E+01
 0.61537710363096E+01
 0.61541339862498E+01
 0.61545097861734E+01
 0.61548869840184E+01
 0.61552625284683E+01
 0.61556260509106E+01
 0.61559770168519E+01
 0.61563107917633E+01
 0.61566016850426E+01
 0.61568594998628E+01
 0.61570741441339E+01
 0.61572332723302E+01
 0.61573205428036E+01
 0.61573386383308E+01
 0.61572865303586E+01
 0.61571462369200E+01
 0.61569044665208E+01
 0.61565567400755E+01
 0.61561050597521E+01
 0.61555296948969E+01
 0.61548323676657E+01
 0.61540011998161E+01
 0.61530227926316E+01
 0.61519007673454E+01
 0.61506299067606E+01
 0.61491884027273E+01
 0.61475894026335E+01
 0.61458388215332E+01
 0.61438585415709E+01
 0.61417501042605E+01
 0.61394546375045E+01
 0.61369357297249E+01
 0.61342675621130E+01
 0.61313435752865E+01
 0.61282490286528E+01
 0.61250125031113E+01
 0.61215112180845E+01
 0.61178445552617E+01
 0.61139006717493E+01
 0.61097707851455E+01
 0.61055020004886E+01
 0.61009078595741E+01
 0.60961794781611E+01
 0.60911814000782E+01
 0.60859858521361E+01
 0.60805248527900E+01
 0.60749559255885E+01
 0.60690651401880E+01
 0.60629907483708E+01
 0.60567020195835E+01
 0.60502121846194E+01
 0.60434964197015E+01
 0.60364535389716E+01
 0.60292897905519E+01
 0.60219125686686E+01
 0.60142392239005E+01
 0.60063569967140E+01
 0.59982073672531E+01
 0.59899554721714E+01
 0.59814828410047E+01
 0.59726789468708E+01
 0.59636049859942E+01
 0.59544615304083E+01
 0.59451211280821E+01
 0.59353651427918E+01
 0.59255262851688E+01
 0.59153877679051E+01
 0.59050555099471E+01
 0.58943944835621E+01
 0.58835901465437E+01
 0.58725620492291E+01
 0.58611935538633E+01
 0.58495043694572E+01
 0.58376434025478E+01
 0.58256002846260E+01
 0.58130431176025E+01
 0.58002660885844E+01
 0.57872813785886E+01
 0.57740082296041E+01
 0.57602656527075E+01
 0.57461885707738E+01
 0.57316574494538E+01
 0.57165911172071E+01
 0.57012097982683E+01
 0.56852896822168E+01
 0.56687860179327E+01
 0.56515553983581E+01
 0.56336515120050E+01
 0.56150135167851E+01
 0.55955480573268E+01
 0.55747706931812E+01
 0.55528077239616E+01
 0.55296578061267E+01
 0.55050493579758E+01
 0.54786667503803E+01
 0.54498317789972E+01
 0.54186064263158E+01
 0.53847032304635E+01
 0.53474702580473E+01
 0.53060415631701E+01
 0.52607197928303E+01
 0.52103744958225E+01
 0.51545274054500E+01
 0.50939541873054E+01
 0.50276181324347E+01
 0.49568743615603E+01
 0.48826262766956E+01
 0.48064514307175E+01
 0.47296038096864E+01
 0.46527795494544E+01
 0.45773939695475E+01
 0.45045065151189E+01
 0.44341945068978E+01
 0.43673460428822E+01
 0.43034234654644E+01
 0.42429260471621E+01
 0.41853971420545E+01
 0.41308052479218E+01
 0.40796404378032E+01
 0.40308546174074E+01
 0.39842499591701E+01
 0.39404767913715E+01
 0.38986683185029E+01
 0.38591355957798E+01
 0.38213976866091E+01
 0.37855791487859E+01
 0.37512435576233E+01
 0.37185917925712E+01
 0.36874588135726E+01
 0.36575225621547E+01
 0.36289063583042E+01
 0.36014334468266E+01
 0.35751865078660E+01
 0.35498996872135E+01
 0.35255949805676E+01
 0.35022111202614E+01
 0.34796690274023E+01
 0.34579718603378E+01
 0.34371068505602E+01
 0.34168427109276E+01
 0.33972911602629E+01
 0.33785130855433E+01
 0.33602243397406E+01
 0.33425070071702E+01
 0.33254937831106E+01
 0.33088657579676E+01
 0.32928055193697E+01
 0.32770937476002E+01
 0.32620627459382E+01
 0.32473125352885E+01
 0.32330632269003E+01
 0.32190042325008E+01
 0.32055190552795E+01
 0.31922539153014E+01
 0.31794667481598E+01
 0.31669318741756E+01
 0.31547406339837E+01
 0.31427915098510E+01
 0.31311832287807E+01
 0.31197825612029E+01
 0.31086561767818E+01
 0.30978073500266E+01
 0.30872194678823E+01
 0.30769135582613E+01
 0.30667955927955E+01
 0.30568398820612E+01
 0.30471152146111E+01
 0.30376469051797E+01
 0.30283249706531E+01
 0.30192465804468E+01
 0.30102567414486E+01
 0.30015303281421E+01
 0.29928833279142E+01
 0.29844939543929E+01
 0.29762113649725E+01
 0.29680772471905E+01
 0.29601011324601E+01
 0.29522983115093E+01
 0.29445828108105E+01
 0.29370265834614E+01
 0.29295597018244E+01
 0.29222778562849E+01
 0.29151208124029E+01
 0.29080540609838E+01
 0.29011194662142E+01
 0.28942721391028E+01
 0.28875834020979E+01
 0.28809507737742E+01
 0.28744643250430E+01
 0.28680373574762E+01
 0.28616848929701E+01
 0.28554763790156E+01
 0.28493330319859E+01
 0.28433199925567E+01
 0.28373724381665E+01
 0.28315218466237E+01
 0.28257316573047E+01
 0.28200444891981E+01
 0.28144570892402E+01
 0.28088934270125E+01
 0.28034331536282E+01
 0.27980502700758E+01
 0.27927000620955E+01
 0.27874832839663E+01
 0.27823025588761E+01
 0.27772053290354E+01
 0.27721308435297E+01
 0.27671632473120E+01
 0.27622635211887E+01
 0.27573879935743E+01
 0.27526107228746E+01
 0.27478728635691E+01
 0.27431880854892E+01
 0.27385756052166E+01
 0.27339969458931E+01
 0.27294747118324E+01
 0.27250191306204E+01
 0.27206060360254E+01
 0.27162672393647E+01
 0.27119371629811E+01
 0.27076916804125E+01
 0.27034720038886E+01
 0.26993082304690E+01
 0.26951934180585E+01
 0.26911103521869E+01
 0.26870771696167E+01
 0.26831091220434E+01
 0.26791435364852E+01
 0.26752571091599E+01
 0.26713707599290E+01
 0.26675540324402E+01
 0.26637804608407E+01
 0.26600437568867E+01
 0.26563226804530E+01
 0.26526547229876E+01
 0.26490172475805E+01
 0.26454334399822E+01
 0.26418713806171E+01
 0.26383385378658E+01
 0.26348593028803E+01
 0.26313908200357E+01
 0.26279538800764E+01
 0.26245599305211E+01
 0.26212087263711E+01
 0.26178743177538E+01
 0.26145863363120E+01
 0.26113064018873E+01
 0.26080750784051E+01
 0.26048538292888E+01
 0.26016748270249E+01
 0.25985230706867E+01
 0.25954025865916E+01
 0.25923029159468E+01
 0.25892257475454E+01
 0.25861961746192E+01
 0.25831742227181E+01
 0.25801967323109E+01
 0.25772391202869E+01
 0.25742803155316E+01
 0.25713823070151E+01
 0.25684889136378E+01
 0.25656255180277E+01
 0.25627842947055E+01
 0.25599647883605E+01
 0.25571712572339E+01
 0.25543931593923E+01
 0.25516339769520E+01
 0.25489102757943E+01
