 0.12287856071230E+01
 0.12287856154771E+01
 0.12287856532512E+01
 0.12287857575042E+01
 0.12287859811654E+01
 0.12287863952375E+01
 0.12287871001449E+01
 0.12287882577229E+01
 0.12287901441678E+01
 0.12287932080140E+01
 0.12287981102368E+01
 0.12288057403488E+01
 0.12288172093827E+01
 0.12288337967606E+01
 0.12288569441771E+01
 0.12288881487080E+01
 0.12289289861366E+01
 0.12289810216838E+01
 0.12290457829067E+01
 0.12291247488443E+01
 0.12292192596456E+01
 0.12293307177279E+01
 0.12294602617858E+01
 0.12296089867466E+01
 0.12297778597763E+01
 0.12299677637165E+01
 0.12301794200086E+01
 0.12304136174125E+01
 0.12306708719232E+01
 0.12309515997102E+01
 0.12312561172232E+01
 0.12315849015671E+01
 0.12319379906596E+01
 0.12323154368302E+01
 0.12327175859773E+01
 0.12331441099158E+01
 0.12335950016515E+01
 0.12340698822577E+01
 0.12345687631803E+01
 0.12350913985016E+01
 0.12356365760686E+01
 0.12362045917719E+01
 0.12367948268238E+01
 0.12374064785767E+01
 0.12380385598338E+01
 0.12386908277390E+01
 0.12393628315733E+01
 0.12400533696285E+01
 0.12407613438712E+01
 0.12414860375207E+01
 0.12422269658099E+01
 0.12429826664621E+01
 0.12437525917717E+01
 0.12445355036948E+01
 0.12453301423344E+01
 0.12461358979835E+01
 0.12469519019855E+01
 0.12477762979219E+01
 0.12486090266145E+01
 0.12494493949521E+01
 0.12502933122377E+01
 0.12511443870235E+01
 0.12519991560004E+01
 0.12528552406575E+01
 0.12537151443376E+01
 0.12545732755226E+01
 0.12554326433887E+01
 0.12562938228000E+01
 0.12571502914888E+01
 0.12580059224000E+01
 0.12588547301210E+01
 0.12597003227523E+01
 0.12605439950629E+01
 0.12613762785624E+01
 0.12622055413069E+01
 0.12630247411185E+01
 0.12638364351427E+01
 0.12646368616193E+01
 0.12654330798785E+01
 0.12662136350280E+01
 0.12669850564875E+01
 0.12677453698760E+01
 0.12684945910455E+01
 0.12692304776829E+01
 0.12699482422193E+01
 0.12706572069397E+01
 0.12713524887084E+01
 0.12720293401498E+01
 0.12726919992425E+01
 0.12733368261350E+01
 0.12739725063437E+01
 0.12745926716810E+01
 0.12751905815234E+01
 0.12757696272219E+01
 0.12763407303869E+01
 0.12768965527694E+01
 0.12774250022409E+01
 0.12779447386114E+01
 0.12784440305808E+01
 0.12789282784392E+01
 0.12793899429960E+01
 0.12798416794708E+01
 0.12802770584699E+01
 0.12806911162534E+01
 0.12810848210370E+01
 0.12814682323845E+01
 0.12818416129690E+01
 0.12821861811821E+01
 0.12825203274617E+01
 0.12828472842381E+01
 0.12831631482522E+01
 0.12834587424246E+01
 0.12837449856299E+01
 0.12840162904755E+01
 0.12842711128769E+01
 0.12845261998593E+01
 0.12847726483745E+01
 0.12850105060535E+01
 0.12852377131664E+01
 0.12854614515031E+01
 0.12856859314492E+01
 0.12859138436141E+01
 0.12861219546973E+01
 0.12863299929833E+01
 0.12865483080643E+01
 0.12867722495205E+01
 0.12869995656904E+01
 0.12872059708803E+01
 0.12874122781639E+01
 0.12876208154515E+01
 0.12878127385565E+01
 0.12879698810868E+01
 0.12881167828630E+01
 0.12882103449781E+01
 0.12882357049510E+01
 0.12882156661789E+01
 0.12880864104180E+01
 0.12878578499167E+01
 0.12875142172670E+01
 0.12870522068529E+01
 0.12864504090179E+01
 0.12856797159169E+01
 0.12847379636214E+01
 0.12836250590278E+01
 0.12823194013386E+01
 0.12808429402859E+01
 0.12791596157745E+01
 0.12773134960317E+01
 0.12752812029039E+01
 0.12730785438998E+01
 0.12708001919368E+01
 0.12683810584407E+01
 0.12658470024025E+01
 0.12633113247201E+01
 0.12607311431947E+01
 0.12581817604300E+01
 0.12556507771345E+01
 0.12531798290757E+01
 0.12507548928254E+01
 0.12484220851649E+01
 0.12461807309350E+01
 0.12440077987287E+01
 0.12419258456577E+01
 0.12399407096438E+01
 0.12380555560843E+01
 0.12362434943853E+01
 0.12345218963240E+01
 0.12328824260893E+01
 0.12313149342125E+01
 0.12298271393497E+01
 0.12284251102152E+01
 0.12270644296133E+01
 0.12257741038733E+01
 0.12245666309588E+01
 0.12233934482519E+01
 0.12222696287438E+01
 0.12212201401707E+01
 0.12201994826004E+01
 0.12192338210876E+01
 0.12182875347356E+01
 0.12174209780906E+01
 0.12165660178854E+01
 0.12157565640539E+01
 0.12149530522335E+01
 0.12142077364935E+01
 0.12134687042501E+01
 0.12127854812877E+01
 0.12121082320955E+01
 0.12114643407783E+01
 0.12108328569083E+01
 0.12102329223228E+01
 0.12096375625161E+01
 0.12090635204170E+01
 0.12085109352868E+01
 0.12079817371827E+01
 0.12074714254617E+01
 0.12069701515696E+01
 0.12064743829124E+01
 0.12059942168042E+01
 0.12055355435696E+01
