 0.53405578660231E+07
 0.53405578660231E+07
 0.53405578660231E+07
 0.53405578660231E+07
 0.53405578660231E+07
 0.53405578660231E+07
 0.53405578660231E+07
 0.53405578660231E+07
 0.53405578660231E+07
 0.53405578660231E+07
 0.53405578660232E+07
 0.53405578660234E+07
 0.53405578660238E+07
 0.53405578660235E+07
 0.53405578660229E+07
 0.53405578660228E+07
 0.53405578660221E+07
 0.53405578660210E+07
 0.53405578660193E+07
 0.53405578660168E+07
 0.53405578660177E+07
 0.53405578660124E+07
 0.53405578660078E+07
 0.53405578660014E+07
 0.53405578659952E+07
 0.53405578659910E+07
 0.53405578659975E+07
 0.53405578659799E+07
 0.53405578659554E+07
 0.53405578659375E+07
 0.53405578659363E+07
 0.53405578659061E+07
 0.53405578658969E+07
 0.53405578658903E+07
 0.53405578658381E+07
 0.53405578658114E+07
 0.53405578657531E+07
 0.53405578657868E+07
 0.53405578656697E+07
 0.53405578654697E+07
 0.53405578654653E+07
 0.53405578654459E+07
 0.53405578653715E+07
 0.53405578652119E+07
 0.53405578654564E+07
 0.53405578654175E+07
 0.53405578651243E+07
 0.53405578647005E+07
 0.53405578646342E+07
 0.53405578647179E+07
 0.53405578644037E+07
 0.53405578642227E+07
 0.53405578633268E+07
 0.53405578633556E+07
 0.53405578631308E+07
 0.53405578624338E+07
 0.53405578611298E+07
 0.53405578618492E+07
 0.53405578614121E+07
 0.53405578586079E+07
 0.53405578639202E+07
 0.53405578600170E+07
 0.53405578603117E+07
 0.53405578626106E+07
 0.53405578589544E+07
 0.53405578653902E+07
 0.53405578688149E+07
 0.53405578592331E+07
 0.53405578601812E+07
 0.53405578515890E+07
 0.53405578592228E+07
 0.53405578683982E+07
 0.53405578433397E+07
 0.53405578642653E+07
 0.53405578428937E+07
 0.53405578533495E+07
 0.53405578592811E+07
 0.53405578684197E+07
 0.53405578426750E+07
 0.53405578514418E+07
 0.53405578683369E+07
 0.53405578530883E+07
 0.53405578110087E+07
 0.53405578244041E+07
 0.53405578522255E+07
 0.53405578385523E+07
 0.53405578289141E+07
 0.53405578409508E+07
 0.53405578599399E+07
 0.53405579352984E+07
 0.53405578825371E+07
 0.53405578241682E+07
 0.53405578382265E+07
 0.53405579569091E+07
 0.53405578816650E+07
 0.53405577915110E+07
 0.53405579055891E+07
 0.53405578623205E+07
 0.53405578080215E+07
 0.53405578619144E+07
 0.53405579523837E+07
 0.53405578153365E+07
 0.53405578250960E+07
 0.53405578221927E+07
 0.53405579147270E+07
 0.53405579233528E+07
 0.53405579295048E+07
 0.53405581092344E+07
 0.53405582093986E+07
 0.53405579765952E+07
 0.53405578018509E+07
 0.53405577001974E+07
 0.53405576538488E+07
 0.53405577811365E+07
 0.53405577398368E+07
 0.53405576951346E+07
 0.53405576501349E+07
 0.53405575547832E+07
 0.53405576059491E+07
 0.53405577845039E+07
 0.53405579382812E+07
 0.53405576847957E+07
 0.53405579926969E+07
 0.53405587071920E+07
 0.53405584585360E+07
 0.53405580769724E+07
 0.53405573669982E+07
 0.53405578099306E+07
 0.53405570777156E+07
 0.53405573358234E+07
 0.53405570054495E+07
 0.53405576669381E+07
 0.53405569228622E+07
 0.53405565513022E+07
 0.53405572101904E+07
 0.53405557752444E+07
 0.53405572449326E+07
 0.53405581543721E+07
 0.53405579137270E+07
 0.53405577706823E+07
 0.53405573818912E+07
 0.53405576920044E+07
 0.53405579849667E+07
 0.53405576279134E+07
 0.53405582576339E+07
 0.53405565055411E+07
 0.53405573755487E+07
 0.53405563247119E+07
 0.53405561355098E+07
 0.53405569763167E+07
 0.53405552036496E+07
 0.53405556741948E+07
 0.53405563971679E+07
 0.53405566168927E+07
 0.53405585095288E+07
 0.53405565512781E+07
 0.53405577119779E+07
 0.53405569111055E+07
 0.53405577455049E+07
 0.53405566248608E+07
 0.53405561055188E+07
 0.53405562520889E+07
 0.53405549952429E+07
 0.53405568262747E+07
 0.53405555655681E+07
 0.53405549571906E+07
 0.53405551650334E+07
 0.53405549703620E+07
 0.53405566234586E+07
 0.53405553179403E+07
 0.53405549244668E+07
 0.53405557226392E+07
 0.53405561984389E+07
 0.53405556381263E+07
 0.53405550318447E+07
 0.53405567398270E+07
 0.53405543362764E+07
 0.53405551774126E+07
 0.53405555209788E+07
 0.53405577245918E+07
 0.53405554949116E+07
 0.53405544108856E+07
 0.53405526769189E+07
 0.53405563317827E+07
 0.53405542670804E+07
 0.53405549704119E+07
 0.53405533270469E+07
 0.53405538638536E+07
 0.53405537828369E+07
 0.53405546627781E+07
 0.53405525806638E+07
 0.53405537661411E+07
 0.53405548885386E+07
 0.53405553733409E+07
 0.53405544158505E+07
 0.53405524086828E+07
 0.53405523633603E+07
 0.53405535182261E+07
 0.53405544724451E+07
 0.53405518348208E+07
 0.53405539328783E+07
 0.53405516829449E+07
 0.53405525454654E+07
 0.53405511323546E+07
 0.53405534183350E+07
 0.53405504456208E+07
 0.53405517205296E+07
 0.53405519976752E+07
 0.53405527632032E+07
 0.53405506561359E+07
 0.53405510694936E+07
 0.53405514905000E+07
 0.53405542782080E+07
 0.53405523092475E+07
 0.53405527922709E+07
 0.53405531139140E+07
 0.53405519540481E+07
 0.53405522442990E+07
 0.53405522669152E+07
 0.53405528739683E+07
 0.53405517167960E+07
 0.53405525674115E+07
 0.53405554517368E+07
 0.53405550521459E+07
 0.53405566630881E+07
 0.53405553323491E+07
 0.53405555781646E+07
 0.53405552088952E+07
 0.53405574720739E+07
 0.53405561876482E+07
 0.53405534955772E+07
 0.53405555847296E+07
 0.53405556896260E+07
 0.53405565537355E+07
 0.53405584171294E+07
 0.53405561676061E+07
 0.53405580394292E+07
 0.53405571583283E+07
 0.53405602716138E+07
 0.53405588740953E+07
 0.53405571681089E+07
 0.53405590354324E+07
 0.53405574299116E+07
 0.53405577149619E+07
 0.53405588011198E+07
 0.53405560599346E+07
 0.53405567042941E+07
 0.53405583555007E+07
 0.53405566019131E+07
 0.53405594098391E+07
 0.53405549538036E+07
 0.53405565245079E+07
 0.53405545625545E+07
 0.53405562714955E+07
 0.53405549807888E+07
 0.53405546464212E+07
 0.53405560003833E+07
 0.53405565932046E+07
 0.53405526615317E+07
 0.53405561717434E+07
 0.53405526286373E+07
 0.53405551825032E+07
 0.53405559141540E+07
 0.53405540276825E+07
 0.53405534553676E+07
 0.53405529152949E+07
 0.53405542917651E+07
 0.53405543107469E+07
 0.53405528429207E+07
 0.53405532014103E+07
 0.53405539109633E+07
 0.53405515794283E+07
 0.53405526951626E+07
 0.53405536896787E+07
 0.53405523724684E+07
 0.53405523011333E+07
 0.53405533987606E+07
 0.53405497259925E+07
 0.53405521838220E+07
 0.53405528442249E+07
 0.53405528295251E+07
 0.53405516629431E+07
 0.53405524876083E+07
 0.53405516948908E+07
 0.53405504578075E+07
 0.53405530806947E+07
 0.53405504594367E+07
 0.53405493003544E+07
 0.53405474507310E+07
 0.53405472733867E+07
 0.53405505799564E+07
 0.53405452605227E+07
 0.53405487700797E+07
 0.53405476839975E+07
 0.53405455540625E+07
 0.53405474522444E+07
 0.53405472215916E+07
 0.53405471733546E+07
 0.53405478728094E+07
 0.53405474418124E+07
