 0.22012047225508E+01
 0.22012047225508E+01
 0.22012047225508E+01
 0.22012047225508E+01
 0.22012047225508E+01
 0.22012047225508E+01
 0.22012047225508E+01
 0.22012047225508E+01
 0.22012047225509E+01
 0.22012046921021E+01
 0.22012050888252E+01
 0.22012045357365E+01
 0.22012041451643E+01
 0.22012044430752E+01
 0.22012038045248E+01
 0.22012040697297E+01
 0.22012039230940E+01
 0.22012045719827E+01
 0.22012043316713E+01
 0.22012038525428E+01
 0.22012040699015E+01
 0.22012045662938E+01
 0.22012044163182E+01
 0.22012033875666E+01
 0.22012030981813E+01
 0.22012039863606E+01
 0.22012042708764E+01
 0.22012035302979E+01
 0.22012029815575E+01
 0.22012039741285E+01
 0.22012051251432E+01
 0.22012026087063E+01
 0.22012062581326E+01
 0.22012065359948E+01
 0.22012047119779E+01
 0.22012068027458E+01
 0.22012062579562E+01
 0.22012055077541E+01
 0.22012121503427E+01
 0.22012057624215E+01
 0.22012031793214E+01
 0.22012079543254E+01
 0.22012047583944E+01
 0.22012171395555E+01
 0.22012373818751E+01
 0.22012407080934E+01
 0.22012372372214E+01
 0.22012167055487E+01
 0.22012065249791E+01
 0.22012371564942E+01
 0.22012061146668E+01
 0.22012511203103E+01
 0.22012227062266E+01
 0.22012113283962E+01
 0.22012126562037E+01
 0.22012574467292E+01
 0.22011942675020E+01
 0.22012057798100E+01
 0.22012660837311E+01
 0.22012277897645E+01
 0.22012588905950E+01
 0.22012457394646E+01
 0.22011980406759E+01
 0.22012343661349E+01
 0.22011599478229E+01
 0.22012398550058E+01
 0.22012511943520E+01
 0.22011834824572E+01
 0.22012634059596E+01
 0.22012078062177E+01
 0.22012673712724E+01
 0.22012619472241E+01
 0.22012034707378E+01
 0.22012670170312E+01
 0.22011718517964E+01
 0.22012643093405E+01
 0.22012166502670E+01
 0.22011828403067E+01
 0.22011949806389E+01
 0.22012027536355E+01
 0.22012087663716E+01
 0.22012037991170E+01
 0.22012674914966E+01
 0.22012370310060E+01
 0.22012000042684E+01
 0.22012703718799E+01
 0.22012084170706E+01
 0.22011961618028E+01
 0.22012064910853E+01
 0.22012141787125E+01
 0.22012720019980E+01
 0.22012250526451E+01
 0.22012175588034E+01
 0.22012574069034E+01
 0.22011695454065E+01
 0.22012625331517E+01
 0.22012199081725E+01
 0.22012228627695E+01
 0.22012890511550E+01
 0.22012896702539E+01
 0.22012173494341E+01
 0.22012456304064E+01
 0.22012402033532E+01
 0.22012364656840E+01
 0.22013207818519E+01
 0.22012950149176E+01
 0.22013187618210E+01
 0.22012556569941E+01
 0.22012431209415E+01
 0.22013026490967E+01
 0.22013595771698E+01
 0.22013115731188E+01
 0.22014064259751E+01
 0.22013829326857E+01
 0.22014006671303E+01
 0.22013903823602E+01
 0.22014375901438E+01
 0.22014575193445E+01
 0.22014328070748E+01
 0.22014824222978E+01
 0.22015221976763E+01
 0.22015076833472E+01
 0.22015546887367E+01
 0.22016788385221E+01
 0.22017214815468E+01
 0.22016867354171E+01
 0.22017347777575E+01
 0.22017943480209E+01
 0.22018852144122E+01
 0.22019639868735E+01
 0.22019107173489E+01
 0.22020224052777E+01
 0.22020962218888E+01
 0.22021801870548E+01
 0.22022235230178E+01
 0.22023029038794E+01
 0.22024319800743E+01
 0.22024511489505E+01
 0.22025541755782E+01
 0.22026231760440E+01
 0.22026796281785E+01
 0.22027465061462E+01
 0.22028659767902E+01
 0.22029386156967E+01
 0.22029544184621E+01
 0.22030592637753E+01
 0.22030708195667E+01
 0.22030976631342E+01
 0.22031786369694E+01
 0.22032412450762E+01
 0.22032515686505E+01
 0.22033318681084E+01
 0.22033883011413E+01
 0.22034669624102E+01
 0.22034086596972E+01
 0.22034930571662E+01
 0.22035368802065E+01
 0.22034850862027E+01
 0.22034610724259E+01
 0.22035280588851E+01
 0.22035871378132E+01
 0.22034870914855E+01
 0.22035638894788E+01
 0.22034383348315E+01
 0.22034145334256E+01
 0.22033858660080E+01
 0.22033237522096E+01
 0.22033253242611E+01
 0.22032664832517E+01
 0.22030986650636E+01
 0.22030074067788E+01
 0.22029901997999E+01
 0.22028458057797E+01
 0.22026654624418E+01
 0.22025570180708E+01
 0.22024404148548E+01
 0.22021950222452E+01
 0.22020997871205E+01
 0.22018122400555E+01
 0.22015947501107E+01
 0.22013802490073E+01
 0.22011065872064E+01
 0.22009633155219E+01
 0.22006319849706E+01
 0.22003663295180E+01
 0.22000754829438E+01
 0.21997121916836E+01
 0.21993979812209E+01
 0.21989760229633E+01
 0.21986115889323E+01
 0.21982623014193E+01
 0.21979724928694E+01
 0.21974714964357E+01
 0.21970980268689E+01
 0.21965737504086E+01
 0.21961405350680E+01
 0.21956764612682E+01
 0.21951841432884E+01
 0.21945737054919E+01
 0.21940710859663E+01
 0.21935708219499E+01
 0.21929272726664E+01
 0.21922729976049E+01
 0.21917616866577E+01
 0.21911696302682E+01
 0.21904688239462E+01
 0.21897484922411E+01
 0.21890965865441E+01
 0.21883782524689E+01
 0.21876515420476E+01
 0.21869453544919E+01
 0.21861435115051E+01
 0.21853787713941E+01
 0.21846704443719E+01
 0.21837488663002E+01
 0.21828943647674E+01
 0.21821289665426E+01
 0.21811451061556E+01
 0.21803233717778E+01
 0.21794337209008E+01
 0.21784776980181E+01
 0.21775505517471E+01
 0.21766087836760E+01
 0.21756372812823E+01
 0.21745978238354E+01
 0.21737321295266E+01
 0.21726730224902E+01
 0.21716837756084E+01
 0.21705456173466E+01
 0.21693988850057E+01
 0.21683515642063E+01
 0.21673686400122E+01
 0.21661359031496E+01
 0.21651122495491E+01
 0.21638658409404E+01
 0.21627571112930E+01
 0.21615652581760E+01
 0.21603295766168E+01
 0.21590964705403E+01
 0.21578226953148E+01
 0.21566417370845E+01
 0.21553357236563E+01
 0.21541965369864E+01
 0.21528240992437E+01
 0.21514957088850E+01
 0.21501381685084E+01
 0.21488059783541E+01
 0.21475249586905E+01
 0.21461890659325E+01
 0.21447420438951E+01
 0.21434336301744E+01
 0.21420171567704E+01
 0.21406590314741E+01
 0.21393381967421E+01
 0.21377706709545E+01
 0.21363696428591E+01
 0.21348746924735E+01
 0.21335018184721E+01
 0.21319418014442E+01
 0.21305994450348E+01
 0.21290800061406E+01
 0.21275461986953E+01
 0.21260509524192E+01
 0.21244475568486E+01
 0.21229095623985E+01
 0.21213696864308E+01
 0.21199018098133E+01
 0.21183498754736E+01
 0.21165962298277E+01
 0.21150702466330E+01
 0.21134919564724E+01
 0.21118456067077E+01
 0.21103804533552E+01
 0.21087551466339E+01
 0.21069374638284E+01
 0.21054935018527E+01
 0.21037528092109E+01
 0.21021687244928E+01
 0.21003806972501E+01
 0.20987460813592E+01
 0.20970940119520E+01
 0.20955053312154E+01
 0.20936976499563E+01
 0.20920937635318E+01
 0.20903424645390E+01
 0.20886022315054E+01
 0.20870099843616E+01
 0.20852755293431E+01
 0.20834740162984E+01
 0.20817159401429E+01
 0.20799950164458E+01
 0.20782175570071E+01
 0.20765951306009E+01
 0.20748448446259E+01
 0.20729606000356E+01
 0.20712997392257E+01
 0.20694246243553E+01
 0.20676489639730E+01
 0.20658878930815E+01
 0.20642078835356E+01
