 0.10189891284960E+00
 0.10189891284961E+00
 0.10189891284978E+00
 0.10189891285078E+00
 0.10189891285480E+00
 0.10189891286596E+00
 0.10189891261479E+00
 0.10189891145552E+00
 0.10189890729663E+00
 0.10189889613219E+00
 0.10189887143471E+00
 0.10189882426970E+00
 0.10189874225041E+00
 0.10189861152818E+00
 0.10189841759567E+00
 0.10189814120266E+00
 0.10189776652564E+00
 0.10189727643452E+00
 0.10189665368328E+00
 0.10189588116948E+00
 0.10189493473302E+00
 0.10189381575807E+00
 0.10189249859320E+00
 0.10189097142836E+00
 0.10188921620805E+00
 0.10188722029413E+00
 0.10188496274978E+00
 0.10188245747212E+00
 0.10187967711384E+00
 0.10187660024459E+00
 0.10187319763954E+00
 0.10186949743738E+00
 0.10186544951394E+00
 0.10186102687411E+00
 0.10185627816828E+00
 0.10185112825899E+00
 0.10184558862918E+00
 0.10183960153448E+00
 0.10183321866296E+00
 0.10182644317693E+00
 0.10181908758660E+00
 0.10181130327863E+00
 0.10180306266954E+00
 0.10179431626141E+00
 0.10178497157832E+00
 0.10177512552703E+00
 0.10176484195178E+00
 0.10175402236207E+00
 0.10174260656444E+00
 0.10173062340131E+00
 0.10171817664775E+00
 0.10170514039810E+00
 0.10169161733614E+00
 0.10167754477752E+00
 0.10166288516206E+00
 0.10164773662759E+00
 0.10163212721703E+00
 0.10161590081235E+00
 0.10159927847175E+00
 0.10158238156741E+00
 0.10156449976610E+00
 0.10154672802642E+00
 0.10152852389761E+00
 0.10150959346820E+00
 0.10149077833625E+00
 0.10147103325952E+00
 0.10145131172712E+00
 0.10143198198406E+00
 0.10141181140043E+00
 0.10139189874078E+00
 0.10137116669134E+00
 0.10135059495623E+00
 0.10133074033386E+00
 0.10130972791531E+00
 0.10128959704165E+00
 0.10126900258594E+00
 0.10124871462118E+00
 0.10122814085277E+00
 0.10120889458857E+00
 0.10118883760744E+00
 0.10116944061968E+00
 0.10115047996494E+00
 0.10113207405886E+00
 0.10111395510407E+00
 0.10109533447081E+00
 0.10107813620404E+00
 0.10106156515555E+00
 0.10104480413269E+00
 0.10102875227683E+00
 0.10101285490633E+00
 0.10099887525250E+00
 0.10098553305358E+00
 0.10097186117506E+00
 0.10095846746283E+00
 0.10094729948985E+00
 0.10093719293772E+00
 0.10092598975727E+00
 0.10091699846320E+00
 0.10090815039730E+00
 0.10090032759675E+00
 0.10089248470209E+00
 0.10088635080501E+00
 0.10088099790463E+00
 0.10087553102466E+00
 0.10087010633454E+00
 0.10086605064337E+00
 0.10086321050843E+00
 0.10085871289826E+00
 0.10085510440265E+00
 0.10085261348315E+00
 0.10085028031003E+00
 0.10084657262898E+00
 0.10084254662529E+00
 0.10083705639009E+00
 0.10082937165957E+00
 0.10082131470357E+00
 0.10081066900592E+00
 0.10079684745111E+00
 0.10077835808699E+00
 0.10075526332390E+00
 0.10072671628631E+00
 0.10069112937272E+00
 0.10064406547551E+00
 0.10058529761468E+00
 0.10051385453354E+00
 0.10042609652143E+00
 0.10031752664536E+00
 0.10017986445553E+00
 0.10001114391008E+00
 0.99805392015453E-01
 0.99552483719017E-01
 0.99239495740087E-01
 0.98864239684375E-01
 0.98408640638430E-01
 0.97861538387960E-01
 0.97226179281276E-01
 0.96485279284525E-01
 0.95652767227333E-01
 0.94740534855566E-01
 0.93772029519789E-01
 0.92771562780279E-01
 0.91755390054152E-01
 0.90751873479067E-01
 0.89782562932865E-01
 0.88856659739707E-01
 0.87991137140884E-01
 0.87182012816737E-01
 0.86438993750181E-01
 0.85756440434255E-01
 0.85134991507055E-01
 0.84580080253396E-01
 0.84077678362398E-01
 0.83625728174425E-01
 0.83229343690637E-01
 0.82878104895081E-01
 0.82573333470694E-01
 0.82309337007917E-01
 0.82085233337121E-01
 0.81896291528099E-01
 0.81742462064362E-01
 0.81620807535624E-01
 0.81528490296202E-01
 0.81464436666131E-01
 0.81426886989965E-01
 0.81414395367323E-01
 0.81425306988287E-01
 0.81458368359203E-01
 0.81512413740144E-01
 0.81586364693028E-01
 0.81679198096241E-01
 0.81789351437486E-01
 0.81917318305971E-01
 0.82061278231788E-01
 0.82219672354481E-01
 0.82393632098620E-01
 0.82582187162124E-01
 0.82782545677238E-01
 0.82996913632242E-01
 0.83223279662849E-01
 0.83463266844181E-01
 0.83710759892079E-01
 0.83971426413598E-01
 0.84241610513330E-01
 0.84525566627825E-01
 0.84815371612160E-01
 0.85117610401316E-01
 0.85425665305015E-01
 0.85744759909245E-01
 0.86071967954733E-01
 0.86408379418745E-01
 0.86751690990371E-01
 0.87105078860674E-01
 0.87466029365570E-01
 0.87833710233039E-01
 0.88207870506840E-01
 0.88587890121263E-01
 0.88976084747814E-01
 0.89373057560351E-01
 0.89775684131144E-01
 0.90182734185212E-01
 0.90598437025244E-01
 0.91017189890422E-01
 0.91446943444424E-01
 0.91878146721314E-01
 0.92319897302404E-01
 0.92762226270146E-01
 0.93213251425688E-01
 0.93670276437189E-01
 0.94131310285244E-01
 0.94596622740256E-01
 0.95070239410986E-01
 0.95547390864431E-01
 0.96033515220284E-01
 0.96518633671870E-01
 0.97011040805772E-01
 0.97508391006608E-01
 0.98009801145329E-01
 0.98518511503094E-01
 0.99028024501692E-01
 0.99545439684419E-01
 0.10006443737516E+00
 0.10059258250084E+00
 0.10112467613391E+00
 0.10165843542216E+00
 0.10219845225213E+00
 0.10273951187481E+00
 0.10328672879653E+00
 0.10383844976432E+00
 0.10439527375614E+00
 0.10495420684206E+00
 0.10551539154483E+00
 0.10608617921438E+00
 0.10665772797974E+00
 0.10723354186327E+00
 0.10781627139600E+00
 0.10839691893800E+00
 0.10898536042161E+00
 0.10957519307650E+00
 0.11017446629897E+00
 0.11077184877467E+00
 0.11137163787947E+00
 0.11198147930454E+00
 0.11258880381505E+00
 0.11320222704480E+00
 0.11382175208623E+00
 0.11443973346055E+00
 0.11506560822770E+00
 0.11569511080282E+00
 0.11632509333961E+00
 0.11696100858958E+00
 0.11759603011079E+00
 0.11824143212702E+00
 0.11888374817265E+00
 0.11953249938590E+00
 0.12018384155612E+00
 0.12083877962718E+00
 0.12149897467162E+00
 0.12216215252715E+00
 0.12282224240255E+00
 0.12349384831023E+00
 0.12416262491995E+00
 0.12484104491000E+00
 0.12551792516729E+00
 0.12619663980220E+00
 0.12687993992547E+00
 0.12756977329351E+00
 0.12826017283207E+00
 0.12895516821663E+00
 0.12964837464843E+00
 0.13034862961515E+00
 0.13105189885902E+00
 0.13175480207650E+00
 0.13246501931428E+00
 0.13317960146647E+00
 0.13389490575543E+00
 0.13460939025314E+00
 0.13533079645303E+00
 0.13605053514367E+00
 0.13678048723230E+00
 0.13750935723720E+00
 0.13824294967353E+00
 0.13897790239033E+00
 0.13971464393798E+00
 0.14045341041082E+00
 0.14119957940014E+00
 0.14194816961243E+00
 0.14269016132962E+00
 0.14344404024996E+00
 0.14419712757122E+00
 0.14495310352289E+00
 0.14571846170433E+00
 0.14647573658268E+00
 0.14724287869314E+00
 0.14800875305055E+00
 0.14877937645409E+00
 0.14955407036869E+00
 0.15032871927121E+00
 0.15110949906159E+00
 0.15189253150048E+00
 0.15267485202293E+00
