 0.21140089951492E+08
 0.21140089951487E+08
 0.21140089951416E+08
 0.21140089951002E+08
 0.21140089949331E+08
 0.21140089944668E+08
 0.21140090048753E+08
 0.21140090529864E+08
 0.21140092253790E+08
 0.21140096868176E+08
 0.21140107191157E+08
 0.21140126663453E+08
 0.21140160645058E+08
 0.21140214944676E+08
 0.21140295299987E+08
 0.21140410022851E+08
 0.21140565507715E+08
 0.21140768968684E+08
 0.21141027353047E+08
 0.21141347827800E+08
 0.21141740616355E+08
 0.21142204982688E+08
 0.21142751698850E+08
 0.21143385320466E+08
 0.21144113849774E+08
 0.21144942281394E+08
 0.21145879344679E+08
 0.21146919241914E+08
 0.21148073425552E+08
 0.21149351016202E+08
 0.21150763768685E+08
 0.21152300201512E+08
 0.21153981522574E+08
 0.21155818572623E+08
 0.21157791090887E+08
 0.21159930857034E+08
 0.21162232745115E+08
 0.21164721009837E+08
 0.21167374300247E+08
 0.21170191337081E+08
 0.21173250258217E+08
 0.21176488063426E+08
 0.21179916652962E+08
 0.21183556328630E+08
 0.21187446070822E+08
 0.21191545784423E+08
 0.21195828964986E+08
 0.21200336721366E+08
 0.21205094704286E+08
 0.21210090510689E+08
 0.21215281547392E+08
 0.21220720476230E+08
 0.21226364677931E+08
 0.21232240735737E+08
 0.21238364474141E+08
 0.21244695145113E+08
 0.21251221700571E+08
 0.21258009170716E+08
 0.21264965011799E+08
 0.21272040770001E+08
 0.21279531099718E+08
 0.21286980431196E+08
 0.21294615162991E+08
 0.21302557519193E+08
 0.21310456877551E+08
 0.21318750673462E+08
 0.21327040085011E+08
 0.21335170118570E+08
 0.21343657339613E+08
 0.21352041608363E+08
 0.21360776793897E+08
 0.21369449172303E+08
 0.21377824597812E+08
 0.21386692875288E+08
 0.21395195114136E+08
 0.21403898394942E+08
 0.21412476525991E+08
 0.21421181393708E+08
 0.21429328926475E+08
 0.21437824372795E+08
 0.21446046348267E+08
 0.21454087041007E+08
 0.21461897786679E+08
 0.21469589878589E+08
 0.21477500917502E+08
 0.21484808590441E+08
 0.21491856225820E+08
 0.21498985157263E+08
 0.21505818763220E+08
 0.21512588177157E+08
 0.21518542686358E+08
 0.21524230505897E+08
 0.21530059638125E+08
 0.21535771280668E+08
 0.21540538114710E+08
 0.21544854390765E+08
 0.21549634175407E+08
 0.21553477022493E+08
 0.21557255062422E+08
 0.21560597049636E+08
 0.21563948909816E+08
 0.21566571192896E+08
 0.21568860653318E+08
 0.21571195723691E+08
 0.21573519232971E+08
 0.21575252175443E+08
 0.21576471212201E+08
 0.21578396434785E+08
 0.21579934026402E+08
 0.21581002248847E+08
 0.21581998765431E+08
 0.21583589480698E+08
 0.21585312316332E+08
 0.21587662287120E+08
 0.21590952529788E+08
 0.21594407257154E+08
 0.21598966842150E+08
 0.21604890520060E+08
 0.21612820556877E+08
 0.21622726297633E+08
 0.21634988652647E+08
 0.21650280048466E+08
 0.21670538432381E+08
 0.21695862764267E+08
 0.21726718531111E+08
 0.21764704688835E+08
 0.21811842796044E+08
 0.21871828883569E+08
 0.21945687031467E+08
 0.22036263462738E+08
 0.22148373816272E+08
 0.22288301201305E+08
 0.22457820425669E+08
 0.22666245333944E+08
 0.22920388210351E+08
 0.23220928163420E+08
 0.23578922460789E+08
 0.23991140849301E+08
 0.24455376530965E+08
 0.24963154367066E+08
 0.25504467191603E+08
 0.26072513742640E+08
 0.26652307129695E+08
 0.27230905136670E+08
 0.27801358559907E+08
 0.28350993399289E+08
 0.28879680820668E+08
 0.29378305658272E+08
 0.29847820436615E+08
 0.30285158413569E+08
 0.30683855878489E+08
 0.31051648735780E+08
 0.31388187464897E+08
 0.31687879458454E+08
 0.31957025383537E+08
 0.32193366360109E+08
 0.32400208837739E+08
 0.32577362685159E+08
 0.32727861318914E+08
 0.32851154193136E+08
 0.32949156292591E+08
 0.33023821603399E+08
 0.33075769678033E+08
 0.33106286849459E+08
 0.33116445581610E+08
 0.33107566695606E+08
 0.33080692342813E+08
 0.33036847224078E+08
 0.32976982746834E+08
 0.32902063322437E+08
 0.32813506632188E+08
 0.32711056440827E+08
 0.32596390447980E+08
 0.32470920490697E+08
 0.32333949987094E+08
 0.32186467058252E+08
 0.32030847585129E+08
 0.31865604403168E+08
 0.31692500796102E+08
 0.31510505572835E+08
 0.31324455524796E+08
 0.31130280865350E+08
 0.30930910436765E+08
 0.30723441127675E+08
 0.30513851713953E+08
 0.30297535033210E+08
 0.30079397193505E+08
 0.29855952664347E+08
 0.29629378209286E+08
 0.29399116294668E+08
 0.29166895237564E+08
 0.28930713935848E+08
 0.28692422190139E+08
 0.28452701805562E+08
 0.28211839117753E+08
 0.27970311533863E+08
 0.27726778890204E+08
 0.27481018704158E+08
 0.27235075880248E+08
 0.26989782448163E+08
 0.26742664935833E+08
 0.26497156264799E+08
 0.26248696215433E+08
 0.26002888810110E+08
 0.25754632409883E+08
 0.25509600031168E+08
 0.25263339581526E+08
 0.25017412520014E+08
 0.24772956623658E+08
 0.24529849290249E+08
 0.24286053441101E+08
 0.24044093374624E+08
 0.23801277747914E+08
 0.23562625537432E+08
 0.23324032525068E+08
 0.23086714900381E+08
 0.22851095878835E+08
 0.22615714640985E+08
 0.22383590237035E+08
 0.22151515270582E+08
 0.21922323806107E+08
 0.21692729988071E+08
 0.21465039467332E+08
 0.21240228910589E+08
 0.21016356977550E+08
 0.20795581009236E+08
 0.20575814712098E+08
 0.20357745701446E+08
 0.20141154606346E+08
 0.19927197579193E+08
 0.19715802866908E+08
 0.19504212704809E+08
 0.19295735770133E+08
 0.19089071590316E+08
 0.18883282421712E+08
 0.18681524340549E+08
 0.18480329447764E+08
 0.18281911021484E+08
 0.18083568594448E+08
 0.17889051609588E+08
 0.17696884892128E+08
 0.17504658530401E+08
 0.17316328210861E+08
 0.17129163324173E+08
 0.16943200281996E+08
 0.16760714521780E+08
 0.16578874568603E+08
 0.16398950818671E+08
 0.16221806538184E+08
 0.16045890915792E+08
 0.15873066087600E+08
 0.15700256119337E+08
 0.15531058539485E+08
 0.15362932164936E+08
 0.15196862590224E+08
 0.15032574920873E+08
 0.14869653670664E+08
 0.14708645520957E+08
 0.14550970338243E+08
 0.14393135325189E+08
 0.14238504069518E+08
 0.14084168628422E+08
 0.13932678323631E+08
 0.13783214401196E+08
 0.13635156707161E+08
 0.13488090338465E+08
 0.13343273448977E+08
 0.13199833638416E+08
 0.13059061048157E+08
 0.12919126892727E+08
 0.12780842493593E+08
 0.12644838612735E+08
 0.12509608631949E+08
 0.12375729259867E+08
 0.12243846309463E+08
 0.12114217523104E+08
 0.11985407752398E+08
 0.11858931562171E+08
 0.11732691769888E+08
 0.11608647389602E+08
 0.11485768643657E+08
 0.11364612270732E+08
 0.11245069789586E+08
 0.11127085345150E+08
 0.11009795752347E+08
 0.10893974008961E+08
 0.10780975815206E+08
 0.10667950869348E+08
 0.10556814259143E+08
 0.10446987042084E+08
 0.10337533013453E+08
 0.10230918586019E+08
 0.10124592062651E+08
 0.10020083005683E+08
 0.99165491884539E+07
 0.98140794975340E+07
 0.97131978403147E+07
 0.96130765054347E+07
 0.95142184546033E+07
 0.94169666976552E+07
