 0.34787160937283E+03
 0.34787161156786E+03
 0.34787162174707E+03
 0.34787165058348E+03
 0.34787171495032E+03
 0.34787184514725E+03
 0.34787209541115E+03
 0.34787254476409E+03
 0.34787327710366E+03
 0.34787435997285E+03
 0.34787583014891E+03
 0.34787768748437E+03
 0.34787992074500E+03
 0.34788245851257E+03
 0.34788527387786E+03
 0.34788822121278E+03
 0.34789127654912E+03
 0.34789436000900E+03
 0.34789739006701E+03
 0.34790031581702E+03
 0.34788707370296E+03
 0.34788548472642E+03
 0.34788337841623E+03
 0.34788072130385E+03
 0.34787743489095E+03
 0.34787348336096E+03
 0.34786863730002E+03
 0.34786314854800E+03
 0.34785673097437E+03
 0.34784902381744E+03
 0.34783960651458E+03
 0.34782877207148E+03
 0.34781570840072E+03
 0.34779983278559E+03
 0.34778167752932E+03
 0.34775994310074E+03
 0.34773448333893E+03
 0.34770422788113E+03
 0.34766949020838E+03
 0.34763000887435E+03
 0.34758276552182E+03
 0.34752955255031E+03
 0.34746951709137E+03
 0.34740145091990E+03
 0.34732376868700E+03
 0.34723732156784E+03
 0.34714244650278E+03
 0.34703738703923E+03
 0.34692085923353E+03
 0.34679274419423E+03
 0.34665389153181E+03
 0.34650222099931E+03
 0.34633846055689E+03
 0.34616142748693E+03
 0.34596987496414E+03
 0.34576455788786E+03
 0.34554567306407E+03
 0.34531005206640E+03
 0.34506041642242E+03
 0.34479737466828E+03
 0.34451138897570E+03
 0.34421584087204E+03
 0.34390310851845E+03
 0.34356870298681E+03
 0.34322271270607E+03
 0.34285119129316E+03
 0.34246543027048E+03
 0.34206932714710E+03
 0.34164643179398E+03
 0.34121000187373E+03
 0.34074537407480E+03
 0.34026479479953E+03
 0.33977385073820E+03
 0.33924767586550E+03
 0.33871156159329E+03
 0.33814800706007E+03
 0.33756553149607E+03
 0.33695519937029E+03
 0.33633776172391E+03
 0.33568342793735E+03
 0.33501170145543E+03
 0.33431722581760E+03
 0.33360247138383E+03
 0.33286111866366E+03
 0.33208268887210E+03
 0.33129152956111E+03
 0.33047561980074E+03
 0.32962429244227E+03
 0.32874679286506E+03
 0.32783646815397E+03
 0.32691389941796E+03
 0.32596308679829E+03
 0.32496893457575E+03
 0.32393829954611E+03
 0.32289749340123E+03
 0.32182852169417E+03
 0.32070217567576E+03
 0.31956176341365E+03
 0.31837901614489E+03
 0.31716598548372E+03
 0.31590314469632E+03
 0.31461786377575E+03
 0.31329597340412E+03
 0.31192336915383E+03
 0.31049975575222E+03
 0.30904501753425E+03
 0.30755998522422E+03
 0.30599786481013E+03
 0.30439730711667E+03
 0.30276212180911E+03
 0.30107893487012E+03
 0.29932556601695E+03
 0.29752008858524E+03
 0.29564626349998E+03
 0.29369471282423E+03
 0.29169622620671E+03
 0.28962503734866E+03
 0.28747372367356E+03
 0.28523018084003E+03
 0.28290438082837E+03
 0.28049068021801E+03
 0.27798821062494E+03
 0.27533851972375E+03
 0.27257053099325E+03
 0.26969613493159E+03
 0.26669686501374E+03
 0.26355235909874E+03
 0.26020377784036E+03
 0.25668938496963E+03
 0.25301031680606E+03
 0.24912344812729E+03
 0.24499218532697E+03
 0.24067912152465E+03
 0.23610805978183E+03
 0.23127576477348E+03
 0.22621565072269E+03
 0.22088927651922E+03
 0.21530202371113E+03
 0.20946842748675E+03
 0.20341243140959E+03
 0.19713582821716E+03
 0.19060002548509E+03
 0.18384958044740E+03
 0.17692478179334E+03
 0.16981134444515E+03
 0.16260007877137E+03
 0.15525430137451E+03
 0.14789380871530E+03
 0.14051846142735E+03
 0.13318783633376E+03
 0.12607861238450E+03
 0.11910245190231E+03
 0.11232579181267E+03
 0.10590669565502E+03
 0.99782499254932E+02
 0.94035163025768E+02
 0.88637172599277E+02
 0.83615015501430E+02
 0.78925590221944E+02
 0.74598105473143E+02
 0.70595664902607E+02
 0.66884537741281E+02
 0.63451191115302E+02
 0.60281668682106E+02
 0.57363921070969E+02
 0.54651170075437E+02
 0.52137773289226E+02
 0.49809245450339E+02
 0.47641803762309E+02
 0.45627904762544E+02
 0.43760910523503E+02
 0.42004886745243E+02
 0.40368351256360E+02
 0.38846751459057E+02
 0.37410627947127E+02
 0.36060512377224E+02
 0.34802968987731E+02
 0.33610245423137E+02
 0.32490963316552E+02
 0.31423818728071E+02
 0.30434202489819E+02
 0.29485809621421E+02
 0.28592758234934E+02
 0.27734356318717E+02
 0.26931081571993E+02
 0.26159551113514E+02
 0.25434716010693E+02
 0.24737572548167E+02
 0.24076119418728E+02
 0.23441418096051E+02
 0.22838906195928E+02
 0.22258538615702E+02
 0.21703587835705E+02
 0.21173371407926E+02
 0.20666776948167E+02
 0.20182945290419E+02
 0.19715806734546E+02
 0.19265142967105E+02
 0.18833392618111E+02
 0.18420155677443E+02
