 0.83176571363982E+02
 0.83176571363993E+02
 0.83176571364246E+02
 0.83176571419259E+02
 0.83176573347217E+02
 0.83176591494077E+02
 0.83176671867343E+02
 0.83176896760619E+02
 0.83177367131976E+02
 0.83178179585701E+02
 0.83179412468727E+02
 0.83181122434615E+02
 0.83183345317745E+02
 0.83186103500882E+02
 0.83189404508049E+02
 0.83193251398603E+02
 0.83197635365248E+02
 0.83202544242816E+02
 0.83207962297555E+02
 0.83213869149038E+02
 0.83195984913398E+02
 0.83196517301783E+02
 0.83197154023336E+02
 0.83197905675326E+02
 0.83198783678614E+02
 0.83199797363000E+02
 0.83200963922080E+02
 0.83202280113729E+02
 0.83203762268770E+02
 0.83205429930455E+02
 0.83207302800412E+02
 0.83209371229130E+02
 0.83211667941974E+02
 0.83214215620516E+02
 0.83216989296268E+02
 0.83220037644473E+02
 0.83223361247086E+02
 0.83226994944353E+02
 0.83230920245895E+02
 0.83235136847145E+02
 0.83239755057107E+02
 0.83244691602278E+02
 0.83249969085017E+02
 0.83255624564785E+02
 0.83261705371372E+02
 0.83268165620083E+02
 0.83274979349801E+02
 0.83282201567572E+02
 0.83289868290354E+02
 0.83297971378801E+02
 0.83306465256312E+02
 0.83315417243550E+02
 0.83324789654290E+02
 0.83334612004689E+02
 0.83344926498861E+02
 0.83355692484152E+02
 0.83366891832958E+02
 0.83378639904018E+02
 0.83390823705769E+02
 0.83403418089586E+02
 0.83416777713017E+02
 0.83430392755180E+02
 0.83444547341725E+02
 0.83459414994117E+02
 0.83474613010238E+02
 0.83490669102422E+02
 0.83507160014083E+02
 0.83523944585299E+02
 0.83541652944248E+02
 0.83559788426445E+02
 0.83578917073421E+02
 0.83598584992386E+02
 0.83618595232232E+02
 0.83639904034992E+02
 0.83661572096882E+02
 0.83684274404470E+02
 0.83707711421995E+02
 0.83732250186985E+02
 0.83757111725286E+02
 0.83783473112213E+02
 0.83810602923293E+02
 0.83838747830093E+02
 0.83867835091259E+02
 0.83898145357683E+02
 0.83930130585277E+02
 0.83962878495150E+02
 0.83996895433014E+02
 0.84032653540335E+02
 0.84069835696471E+02
 0.84108758750608E+02
 0.84148654621220E+02
 0.84190221319308E+02
 0.84234131514492E+02
 0.84280177322274E+02
 0.84327362871767E+02
 0.84376484128322E+02
 0.84428850192533E+02
 0.84482732785301E+02
 0.84539425843168E+02
 0.84598503454483E+02
 0.84660942956090E+02
 0.84725655671495E+02
 0.84793380173879E+02
 0.84864882496024E+02
 0.84940339593754E+02
 0.85019031381491E+02
 0.85101041799388E+02
 0.85188775001216E+02
 0.85280619755973E+02
 0.85376616843043E+02
 0.85477623879697E+02
 0.85585023674900E+02
 0.85698196010728E+02
 0.85818332964072E+02
 0.85946278933729E+02
 0.86080851846548E+02
 0.86223773604364E+02
 0.86376001033153E+02
 0.86538787099644E+02
 0.86712093705888E+02
 0.86896997450565E+02
 0.87094289436964E+02
 0.87308275155446E+02
 0.87538311132710E+02
 0.87784594445142E+02
 0.88049389749314E+02
 0.88335283484991E+02
 0.88647905602027E+02
 0.88986175428883E+02
 0.89351489226785E+02
 0.89748947743718E+02
 0.90183639764637E+02
 0.90652412900727E+02
 0.91164138650958E+02
 0.91729276696383E+02
 0.92312146318855E+02
 0.92982299337937E+02
 0.93695453764009E+02
 0.94468186137711E+02
 0.95302744915056E+02
 0.96204520126010E+02
 0.97185541261464E+02
 0.98248215928664E+02
 0.99395586236315E+02
 0.10063999468823E+03
 0.10197773983734E+03
 0.10342732297560E+03
 0.10497968185199E+03
 0.10664803347339E+03
 0.10843419891164E+03
 0.11030779041399E+03
 0.11230135772044E+03
 0.11440952188124E+03
 0.11659014847217E+03
 0.11886543122590E+03
 0.12120480011517E+03
 0.12361348366186E+03
 0.12607105057596E+03
 0.12858677520105E+03
 0.13113046044081E+03
 0.13370457936026E+03
 0.13631248814196E+03
 0.13894507214072E+03
 0.14159219988074E+03
 0.14424101891432E+03
 0.14691254843419E+03
 0.14959299110333E+03
 0.15227692469876E+03
 0.15497186151327E+03
 0.15766818433395E+03
 0.16035438271451E+03
 0.16306457719566E+03
 0.16577021515721E+03
 0.16845976772832E+03
 0.17116909843691E+03
 0.17388437573273E+03
 0.17657625688856E+03
 0.17928922190728E+03
 0.18199151023378E+03
 0.18472264947458E+03
 0.18740436403984E+03
 0.19012085782183E+03
 0.19282261636425E+03
 0.19556239570463E+03
 0.19826527022189E+03
 0.20099820620960E+03
 0.20369910896712E+03
 0.20642820717177E+03
 0.20914693215350E+03
 0.21188333214235E+03
 0.21460610233355E+03
 0.21735254366653E+03
 0.22010119287615E+03
 0.22284765416260E+03
 0.22558969514439E+03
 0.22832396470390E+03
 0.23107806970155E+03
 0.23384881534687E+03
 0.23661552690079E+03
 0.23937355637172E+03
