 0.16431646807701E+00
 0.16431646807697E+00
 0.16431646807651E+00
 0.16431646810801E+00
 0.16431646927819E+00
 0.16431648034875E+00
 0.16431652778923E+00
 0.16431665760741E+00
 0.16431691794218E+00
 0.16431734131408E+00
 0.16431793132732E+00
 0.16431865791848E+00
 0.16431946793289E+00
 0.16432026598971E+00
 0.16432096554662E+00
 0.16432141105474E+00
 0.16432149318814E+00
 0.16432107138685E+00
 0.16431999378006E+00
 0.16431811840384E+00
 0.16430024805149E+00
 0.16429243418915E+00
 0.16428315773126E+00
 0.16427229700490E+00
 0.16425970384234E+00
 0.16424526487768E+00
 0.16422877700994E+00
 0.16421031100348E+00
 0.16418965177580E+00
 0.16416657539761E+00
 0.16414083462189E+00
 0.16411259697479E+00
 0.16408144573533E+00
 0.16404711530072E+00
 0.16400995980257E+00
 0.16396936211133E+00
 0.16392535328729E+00
 0.16387747725494E+00
 0.16382605267010E+00
 0.16377109302269E+00
 0.16371113335659E+00
 0.16364732390274E+00
 0.16357940264682E+00
 0.16350692429231E+00
 0.16342922811709E+00
 0.16334699647196E+00
 0.16326063876077E+00
 0.16316941889057E+00
 0.16307286395446E+00
 0.16297113740101E+00
 0.16286492386057E+00
 0.16275331261208E+00
 0.16263692934160E+00
 0.16251533039586E+00
 0.16238806346019E+00
 0.16225573870225E+00
 0.16211865357055E+00
 0.16197529484836E+00
 0.16182731390253E+00
 0.16167522124763E+00
 0.16151401814244E+00
 0.16135111396967E+00
 0.16118252536085E+00
 0.16100597070975E+00
 0.16082704775918E+00
 0.16063832211729E+00
 0.16044601781138E+00
 0.16025233477902E+00
 0.16004849985148E+00
 0.15984172214011E+00
 0.15962417770259E+00
 0.15940251806515E+00
 0.15917980923462E+00
 0.15894270586378E+00
 0.15870483181122E+00
 0.15845678673560E+00
 0.15820314636266E+00
 0.15793912922359E+00
 0.15767582466264E+00
 0.15739719594638E+00
 0.15711369096776E+00
 0.15682237738799E+00
 0.15652447473492E+00
 0.15621652860188E+00
 0.15589284121605E+00
 0.15556629936342E+00
 0.15523037970487E+00
 0.15487920365462E+00
 0.15451757765889E+00
 0.15414170417163E+00
 0.15376248969492E+00
 0.15337110157553E+00
 0.15295928573221E+00
 0.15253043243831E+00
 0.15209837000503E+00
 0.15165323416865E+00
 0.15117890890511E+00
 0.15069846155946E+00
 0.15019630275277E+00
 0.14967846375849E+00
 0.14913414457715E+00
 0.14857758879412E+00
 0.14800073806931E+00
 0.14739545597523E+00
 0.14676107195026E+00
 0.14610772255478E+00
 0.14543524717199E+00
 0.14471769387249E+00
 0.14397527835800E+00
 0.14320947165310E+00
 0.14241210065509E+00
 0.14157023197002E+00
 0.14069282634499E+00
 0.13976993502436E+00
 0.13879533226646E+00
 0.13778493921378E+00
 0.13672348072789E+00
 0.13560537725931E+00
 0.13442249054575E+00
 0.13317929484002E+00
 0.13187080113390E+00
 0.13049508671316E+00
 0.12901797402432E+00
 0.12745359686272E+00
 0.12580753271921E+00
 0.12406789273626E+00
 0.12222180285605E+00
 0.12023427653761E+00
 0.11812663270972E+00
 0.11589983042856E+00
 0.11352931105314E+00
 0.11099495945945E+00
 0.10833581105866E+00
 0.10551036452538E+00
 0.10252317053637E+00
 0.99387036729273E-01
 0.96105453874015E-01
 0.92672303755672E-01
 0.89106810317004E-01
 0.85429904687895E-01
 0.81649916740375E-01
 0.77752043486373E-01
 0.73770037660770E-01
 0.69735107668160E-01
 0.65647603122854E-01
 0.61566629422666E-01
 0.57479920180036E-01
 0.53460092012997E-01
 0.49512774149423E-01
 0.45674122721368E-01
 0.42036003593591E-01
 0.38552378268788E-01
 0.35254482452855E-01
 0.32212407546876E-01
 0.29388403075757E-01
 0.26810942382169E-01
 0.24457508760427E-01
 0.22329226238655E-01
 0.20397807183154E-01
 0.18665407466758E-01
 0.17107701057205E-01
 0.15703259358708E-01
 0.14439505695800E-01
 0.13304390871744E-01
 0.12287206365129E-01
 0.11366229454296E-01
 0.10534934976287E-01
 0.97842939210522E-02
 0.91029719984484E-02
 0.84853960881904E-02
 0.79265774261193E-02
 0.74133272734682E-02
 0.69460758925928E-02
 0.65214705266800E-02
 0.61296018765512E-02
 0.57692567919266E-02
 0.54408085759244E-02
 0.51358156229601E-02
 0.48555109605438E-02
 0.45936792401163E-02
 0.43557145834451E-02
 0.41320844989695E-02
 0.39255483393951E-02
 0.37307654056113E-02
 0.35518938835876E-02
 0.33832130009800E-02
 0.32275925550251E-02
 0.30805412118188E-02
 0.29434435818910E-02
 0.28141328328976E-02
 0.26934491256294E-02
 0.25791195288343E-02
 0.24715865418934E-02
 0.23705024352983E-02
 0.22754522536101E-02
 0.21860866714525E-02
 0.21011223122563E-02
 0.20203959735224E-02
 0.19442186869996E-02
 0.18723844827713E-02
