 0.25955908804632E+10
 0.25957108867719E+10
 0.25959108782898E+10
 0.25961908750767E+10
 0.25965508759658E+10
 0.25969908781553E+10
 0.25975108684409E+10
 0.25981108744504E+10
 0.25987908512540E+10
 0.25995508450152E+10
 0.26003908398451E+10
 0.26013108301255E+10
 0.26023108280701E+10
 0.26033908300442E+10
 0.26045508254062E+10
 0.26057908184156E+10
 0.26071108283291E+10
 0.26085108559886E+10
 0.26099908853143E+10
 0.26115509228752E+10
 0.26131909915391E+10
 0.26149110634526E+10
 0.26167111824535E+10
 0.26185913474086E+10
 0.26205515511415E+10
 0.26225918199578E+10
 0.26247121222761E+10
 0.26269125518086E+10
 0.26291930154323E+10
 0.26315536175749E+10
 0.26339942195702E+10
 0.26365149783466E+10
 0.26391158507006E+10
 0.26417967625699E+10
 0.26445578983485E+10
 0.26473989762959E+10
 0.26503200695369E+10
 0.26533213045826E+10
 0.26564024975045E+10
 0.26595638390100E+10
 0.26628050090601E+10
 0.26661261354954E+10
 0.26695271032960E+10
 0.26730078971492E+10
 0.26765684720251E+10
 0.26802087436527E+10
 0.26839285372754E+10
 0.26877277649237E+10
 0.26916063908213E+10
 0.26955643111755E+10
 0.26996011595889E+10
 0.27037170805566E+10
 0.27079116736743E+10
 0.27121849336536E+10
 0.27165365558118E+10
 0.27209662511428E+10
 0.27254738080967E+10
 0.27300591597051E+10
 0.27347217838478E+10
 0.27394611308864E+10
 0.27442778694928E+10
 0.27491702146710E+10
 0.27541388090407E+10
 0.27591828602691E+10
 0.27643023148992E+10
 0.27694962736403E+10
 0.27747642090498E+10
 0.27801057582402E+10
 0.27855211037363E+10
 0.27910085548020E+10
 0.27965674370154E+10
 0.28021972445693E+10
 0.28078980344956E+10
 0.28136695637087E+10
 0.28195095169722E+10
 0.28254184180081E+10
 0.28313942108471E+10
 0.28374380940512E+10
 0.28435486455732E+10
 0.28497216489610E+10
 0.28559607717554E+10
 0.28622632196649E+10
 0.28686266652665E+10
 0.28750521046882E+10
 0.28815372402186E+10
 0.28880802491724E+10
 0.28946833587437E+10
 0.29013425670409E+10
 0.29080573357300E+10
 0.29148220638795E+10
 0.29216424844127E+10
 0.29285124003535E+10
 0.29354327024788E+10
 0.29424000619058E+10
 0.29494166428864E+10
 0.29564793561025E+10
 0.29635755425739E+10
 0.29707183588754E+10
 0.29778986719260E+10
 0.29851112158782E+10
 0.29923643398445E+10
 0.29996450089969E+10
 0.30069576065289E+10
 0.30142930007520E+10
 0.30216542158705E+10
 0.30290363720669E+10
 0.30364259851277E+10
 0.30438408656360E+10
 0.30512546743982E+10
 0.30586833749126E+10
 0.30661068850988E+10
 0.30735362478745E+10
 0.30809481464447E+10
 0.30883496547317E+10
 0.30957185895427E+10
 0.31030796341062E+10
 0.31103975221939E+10
 0.31176765522713E+10
 0.31249112736089E+10
 0.31320860927345E+10
 0.31391935020167E+10
 0.31462365462101E+10
 0.31531963105447E+10
 0.31600580337660E+10
 0.31668258556507E+10
 0.31734857725742E+10
 0.31800340581787E+10
 0.31864577833637E+10
 0.31927540655947E+10
 0.31989415391098E+10
 0.32050058340212E+10
 0.32109739737940E+10
 0.32168552842480E+10
 0.32226859953289E+10
 0.32284795930695E+10
 0.32342840057400E+10
 0.32401037296508E+10
 0.32460084897681E+10
 0.32520268109343E+10
 0.32581809499826E+10
 0.32645039509912E+10
 0.32710285521042E+10
 0.32777690394495E+10
 0.32847271907573E+10
 0.32919252211155E+10
 0.32993831054230E+10
 0.33070920131190E+10
 0.33150435140612E+10
 0.33232263901058E+10
 0.33316541605990E+10
 0.33402960273155E+10
 0.33491433352682E+10
 0.33581944242295E+10
 0.33673965607938E+10
 0.33767867526032E+10
 0.33862976873293E+10
 0.33959774392495E+10
 0.34057950999087E+10
 0.34157548736785E+10
 0.34258495560264E+10
 0.34360777712689E+10
 0.34464476627095E+10
 0.34569469927904E+10
 0.34675859765941E+10
 0.34783512370465E+10
 0.34892662603792E+10
 0.35002955774990E+10
 0.35114699143294E+10
 0.35227590635733E+10
 0.35341798731738E+10
 0.35457324992188E+10
 0.35573914707079E+10
 0.35691979233983E+10
 0.35811072702891E+10
 0.35931198381716E+10
 0.36052770960088E+10
 0.36175300572701E+10
 0.36298993855934E+10
 0.36423958655590E+10
 0.36549977273446E+10
 0.36676993976297E+10
 0.36805140247158E+10
 0.36934281813497E+10
 0.37064574121999E+10
 0.37195873714704E+10
 0.37328335742180E+10
 0.37461644986437E+10
 0.37595962960048E+10
 0.37731378195346E+10
 0.37867903974921E+10
 0.38005194660449E+10
 0.38143618224823E+10
 0.38283017574656E+10
 0.38423316417258E+10
 0.38564621769504E+10
 0.38706901636097E+10
 0.38850077942290E+10
 0.38994245703132E+10
 0.39139234325964E+10
 0.39285402972996E+10
