 0.21140089951492E+08
 0.21140089951487E+08
 0.21140089951416E+08
 0.21140089951002E+08
 0.21140089949331E+08
 0.21140089944668E+08
 0.21140090048753E+08
 0.21140090529864E+08
 0.21140092253790E+08
 0.21140096868176E+08
 0.21140107191162E+08
 0.21140126663458E+08
 0.21140160645055E+08
 0.21140214944602E+08
 0.21140295299828E+08
 0.21140410022538E+08
 0.21140565507573E+08
 0.21140768968269E+08
 0.21141027355753E+08
 0.21141347827427E+08
 0.21141740617777E+08
 0.21142204982714E+08
 0.21142751686834E+08
 0.21143385310144E+08
 0.21144113871430E+08
 0.21144942287879E+08
 0.21145879342306E+08
 0.21146919287173E+08
 0.21148073410290E+08
 0.21149351026007E+08
 0.21150763709679E+08
 0.21152300066278E+08
 0.21153981040852E+08
 0.21155817655659E+08
 0.21157790534457E+08
 0.21159929538256E+08
 0.21162230734442E+08
 0.21164718075445E+08
 0.21167369670047E+08
 0.21170184777350E+08
 0.21173240983115E+08
 0.21176475549882E+08
 0.21179899498074E+08
 0.21183534090092E+08
 0.21187417648692E+08
 0.21191509709870E+08
 0.21195784354056E+08
 0.21200282808282E+08
 0.21205030766224E+08
 0.21210017003194E+08
 0.21215200585164E+08
 0.21220632350788E+08
 0.21226271634812E+08
 0.21232147627305E+08
 0.21238278567909E+08
 0.21244627704657E+08
 0.21251177876203E+08
 0.21258010203353E+08
 0.21265026136139E+08
 0.21272188105616E+08
 0.21279791670148E+08
 0.21287386806810E+08
 0.21295209344951E+08
 0.21303385840404E+08
 0.21311571544100E+08
 0.21320213716473E+08
 0.21328924880791E+08
 0.21337558085717E+08
 0.21346638039848E+08
 0.21355718082451E+08
 0.21365268061836E+08
 0.21374866345799E+08
 0.21384306481064E+08
 0.21394405575124E+08
 0.21404299835063E+08
 0.21414568481337E+08
 0.21424905195466E+08
 0.21435589261206E+08
 0.21445918458154E+08
 0.21456871436353E+08
 0.21467785886832E+08
 0.21478812823677E+08
 0.21489868286300E+08
 0.21501144635166E+08
 0.21512977689322E+08
 0.21524531349614E+08
 0.21536201212843E+08
 0.21548325103218E+08
 0.21560580745997E+08
 0.21573184474431E+08
 0.21585411078424E+08
 0.21597797035267E+08
 0.21610828744781E+08
 0.21624269894476E+08
 0.21637205340741E+08
 0.21650228894532E+08
 0.21664320630560E+08
 0.21677997525008E+08
 0.21692182967096E+08
 0.21706486002425E+08
 0.21721505123063E+08
 0.21736328358450E+08
 0.21751408788771E+08
 0.21767202989291E+08
 0.21783704092382E+08
 0.21800198786732E+08
 0.21816688342078E+08
 0.21834665458965E+08
 0.21852837565516E+08
 0.21871033368659E+08
 0.21889694171612E+08
 0.21909524075215E+08
 0.21929909217277E+08
 0.21951336397951E+08
 0.21974112926525E+08
 0.21997135765832E+08
 0.22021270626159E+08
 0.22046710392589E+08
 0.22073818964821E+08
 0.22102259548754E+08
 0.22132168051348E+08
 0.22163496409738E+08
 0.22198261794807E+08
 0.22235431247572E+08
 0.22274610710561E+08
 0.22316433654947E+08
 0.22361649490207E+08
 0.22412323176685E+08
 0.22467299805713E+08
 0.22526759654017E+08
 0.22592443749924E+08
 0.22665970853514E+08
 0.22745686851956E+08
 0.22834803608838E+08
 0.22934507107977E+08
 0.23043066433306E+08
 0.23165377185098E+08
 0.23300454061421E+08
 0.23449587387267E+08
 0.23613307778488E+08
 0.23793071299746E+08
 0.23992174060266E+08
 0.24210795315489E+08
 0.24449368746991E+08
 0.24710740762580E+08
 0.24993086062384E+08
 0.25300494725075E+08
 0.25629196463204E+08
 0.25981027511978E+08
 0.26354139220107E+08
 0.26738511513267E+08
 0.27138839341488E+08
 0.27549799472187E+08
 0.27958248170716E+08
 0.28364896428306E+08
 0.28759891250935E+08
 0.29140843581394E+08
 0.29501339094780E+08
 0.29840600036579E+08
 0.30152529241069E+08
 0.30436744895769E+08
 0.30693199158117E+08
 0.30920684558782E+08
 0.31118696020302E+08
 0.31287082479920E+08
 0.31428308708877E+08
 0.31542480497193E+08
 0.31630545213914E+08
 0.31694050613682E+08
 0.31733924729507E+08
 0.31751417092525E+08
 0.31748279479086E+08
 0.31725340201351E+08
 0.31684103517370E+08
 0.31625537607327E+08
 0.31550734338411E+08
 0.31461452241464E+08
 0.31357777408302E+08
 0.31241514032583E+08
 0.31112161954752E+08
 0.30973705563676E+08
 0.30823579532024E+08
 0.30664721192569E+08
 0.30495229204171E+08
 0.30319688881793E+08
 0.30135140966130E+08
 0.29945788674469E+08
 0.29748701228338E+08
 0.29546728931930E+08
 0.29338596828600E+08
 0.29126890464778E+08
 0.28909513443256E+08
 0.28688356559758E+08
 0.28464156354678E+08
 0.28237508591392E+08
 0.28009004819673E+08
 0.27776963609203E+08
 0.27541898397255E+08
 0.27305677678830E+08
 0.27068952965762E+08
