 0.10189891284960E+00
 0.10189891284961E+00
 0.10189891284978E+00
 0.10189891285078E+00
 0.10189891285480E+00
 0.10189891286596E+00
 0.10189891261479E+00
 0.10189891145552E+00
 0.10189890729663E+00
 0.10189889613219E+00
 0.10189887143470E+00
 0.10189882426969E+00
 0.10189874225041E+00
 0.10189861152836E+00
 0.10189841759604E+00
 0.10189814120342E+00
 0.10189776652598E+00
 0.10189727643553E+00
 0.10189665367686E+00
 0.10189588117032E+00
 0.10189493473009E+00
 0.10189381575787E+00
 0.10189249862278E+00
 0.10189097145494E+00
 0.10188921615592E+00
 0.10188722027230E+00
 0.10188496274249E+00
 0.10188245738029E+00
 0.10187967717172E+00
 0.10187660027651E+00
 0.10187319778239E+00
 0.10186949773993E+00
 0.10186545037457E+00
 0.10186102836972E+00
 0.10185627974594E+00
 0.10185113094766E+00
 0.10184559345897E+00
 0.10183960872704E+00
 0.10183322960613E+00
 0.10182645896113E+00
 0.10181910951092E+00
 0.10181133376997E+00
 0.10180310379391E+00
 0.10179436997232E+00
 0.10178504019071E+00
 0.10177521255647E+00
 0.10176494909180E+00
 0.10175415180284E+00
 0.10174275879078E+00
 0.10173079982590E+00
 0.10171837079457E+00
 0.10170535180093E+00
 0.10169184001348E+00
 0.10167776834042E+00
 0.10166309311161E+00
 0.10164790186452E+00
 0.10163223230216E+00
 0.10161590108525E+00
 0.10159913609416E+00
 0.10158203552116E+00
 0.10156388379665E+00
 0.10154576632228E+00
 0.10152711624792E+00
 0.10150763762386E+00
 0.10148814604205E+00
 0.10146758021801E+00
 0.10144686793878E+00
 0.10142635373397E+00
 0.10140479139352E+00
 0.10138325150620E+00
 0.10136061388287E+00
 0.10133787137033E+00
 0.10131552559829E+00
 0.10129165725522E+00
 0.10126829664075E+00
 0.10124405489538E+00
 0.10121967868978E+00
 0.10119452202117E+00
 0.10117021481198E+00
 0.10114449880050E+00
 0.10111886443952E+00
 0.10109302468791E+00
 0.10106712575501E+00
 0.10104078564472E+00
 0.10101314943760E+00
 0.10098622418574E+00
 0.10095906666109E+00
 0.10093083372286E+00
 0.10090244543380E+00
 0.10087322182703E+00
 0.10084492734956E+00
 0.10081638672150E+00
 0.10078627808262E+00
 0.10075535884880E+00
 0.10072564944134E+00
 0.10069580901999E+00
 0.10066358696175E+00
 0.10063234545496E+00
 0.10059997450174E+00
 0.10056744395013E+00
 0.10053331574152E+00
 0.10049972250798E+00
 0.10046555097182E+00
 0.10042984772711E+00
 0.10039260583601E+00
 0.10035547596207E+00
 0.10031836907924E+00
 0.10027793551656E+00
 0.10023713464094E+00
 0.10019631616398E+00
 0.10015460707746E+00
 0.10011015898408E+00
 0.10006451768107E+00
 0.10001661797186E+00
 0.99965579285694E-01
 0.99914021747481E-01
 0.99860008982248E-01
 0.99802961217909E-01
 0.99742097409442E-01
 0.99678141513705E-01
 0.99610868245674E-01
 0.99540052666596E-01
 0.99461584858321E-01
 0.99377311524614E-01
 0.99288344064876E-01
 0.99193024855894E-01
 0.99089717081720E-01
 0.98973918460387E-01
 0.98847945575213E-01
 0.98711536384161E-01
 0.98560930689309E-01
 0.98392243968037E-01
 0.98209880624070E-01
 0.98006385224977E-01
 0.97779653989622E-01
 0.97533836257966E-01
 0.97258611966069E-01
 0.96956688004701E-01
 0.96625882016853E-01
 0.96265711890085E-01
 0.95874613806043E-01
 0.95446383259479E-01
 0.94982189231691E-01
 0.94483215333492E-01
 0.93945919964733E-01
 0.93376657625162E-01
 0.92770063359280E-01
 0.92137558950281E-01
 0.91478368331085E-01
 0.90799759457869E-01
 0.90121426365672E-01
 0.89438176171500E-01
 0.88759384069893E-01
 0.88106651721107E-01
 0.87477505698774E-01
 0.86885624628218E-01
 0.86331530984129E-01
 0.85821225684871E-01
 0.85353438680290E-01
 0.84933724495282E-01
 0.84560142061796E-01
 0.84229613534325E-01
 0.83942592826227E-01
 0.83697801052172E-01
 0.83493596996463E-01
 0.83326187120662E-01
 0.83194632857571E-01
 0.83096720962756E-01
 0.83030310553766E-01
 0.82993792102184E-01
 0.82985399821604E-01
 0.83003058669560E-01
 0.83045617106559E-01
 0.83111148234324E-01
 0.83198872085435E-01
 0.83307436975919E-01
 0.83434701207147E-01
 0.83581091541956E-01
 0.83744479582163E-01
 0.83925586466732E-01
 0.84119925454338E-01
 0.84330642956266E-01
 0.84554562555455E-01
 0.84794743546866E-01
 0.85045038565958E-01
 0.85309938785585E-01
 0.85583669601363E-01
 0.85870438555575E-01
 0.86167440221399E-01
 0.86476062074905E-01
 0.86793016053917E-01
 0.87121864422734E-01
 0.87459784415773E-01
 0.87806226344942E-01
 0.88160620867508E-01
 0.88521856274945E-01
 0.88893101322807E-01
 0.89273434985013E-01
 0.89661232523469E-01
 0.90053783389768E-01
