 0.16432730420240E+00
 0.16432730420236E+00
 0.16432730420183E+00
 0.16432730419992E+00
 0.16432730418737E+00
 0.16432730411559E+00
 0.16432730225337E+00
 0.16432729423067E+00
 0.16432726668436E+00
 0.16432719381470E+00
 0.16432703278901E+00
 0.16432672115378E+00
 0.16432618293232E+00
 0.16432530831165E+00
 0.16432399068395E+00
 0.16432203835595E+00
 0.16431926584872E+00
 0.16431538487015E+00
 0.16430998400011E+00
 0.16430249390179E+00
 0.16429201596228E+00
 0.16427761285733E+00
 0.16425771424543E+00
 0.16423042784607E+00
 0.16419336988466E+00
 0.16414369957855E+00
 0.16407801506017E+00
 0.16399276676868E+00
 0.16388372987479E+00
 0.16374555094059E+00
 0.16357514310211E+00
 0.16336769342951E+00
 0.16311850122272E+00
 0.16282345844489E+00
 0.16247956075364E+00
 0.16208318230629E+00
 0.16163217069375E+00
 0.16112399585476E+00
 0.16055771371868E+00
 0.15993268123045E+00
 0.15924585459147E+00
 0.15849927866582E+00
 0.15769137571205E+00
 0.15682163700561E+00
 0.15588823836843E+00
 0.15489134189194E+00
 0.15383041357009E+00
 0.15270256087593E+00
 0.15150603999511E+00
 0.15023711726770E+00
 0.14889517958821E+00
 0.14747424657449E+00
 0.14597235897495E+00
 0.14438439625102E+00
 0.14270212107301E+00
 0.14092283375924E+00
 0.13903790689430E+00
 0.13703521629302E+00
 0.13490828897456E+00
 0.13264420982827E+00
 0.13021495133251E+00
 0.12761564099639E+00
 0.12480112044911E+00
 0.12173309073720E+00
 0.11835116658209E+00
 0.11451342258660E+00
 0.10993915100326E+00
