 0.67197792076794E+03
 0.67197792076794E+03
 0.67197792076794E+03
 0.67197792076794E+03
 0.67197792076794E+03
 0.67197823877565E+03
 0.67197734998231E+03
 0.67197756846389E+03
 0.67197660663052E+03
 0.67195495340662E+03
 0.67205188985754E+03
 0.67192827157642E+03
 0.67949578783368E+03
 0.67190614581626E+03
 0.67942918118358E+03
 0.67947421908167E+03
 0.67946103309716E+03
 0.67194343803262E+03
 0.67190011212519E+03
 0.67944285268138E+03
 0.67947240926266E+03
 0.67193078099858E+03
 0.67190199389797E+03
 0.67940948473505E+03
 0.68187411409064E+03
 0.67944866683934E+03
 0.67949979374622E+03
 0.67195805935704E+03
 0.67951086012836E+03
 0.67940636290609E+03
 0.67193515029761E+03
 0.67944113919181E+03
 0.67243443577207E+03
 0.67250217592595E+03
 0.67208127555633E+03
 0.67268125272202E+03
 0.67233207128411E+03
 0.67223281910121E+03
 0.67322217677582E+03
 0.67223524997405E+03
 0.68186580721907E+03
 0.67291177543176E+03
 0.67197843758580E+03
 0.67337781179404E+03
 0.67437492824983E+03
 0.67424125742096E+03
 0.67400469957490E+03
 0.67305924280858E+03
 0.67229989251074E+03
 0.67383009232682E+03
 0.67201122788938E+03
 0.67484508726060E+03
 0.67252958499255E+03
 0.67244756143807E+03
 0.67224376020926E+03
 0.67497765034614E+03
 0.67970320352391E+03
 0.68119424691562E+03
 0.67581411435035E+03
 0.67202874201938E+03
 0.67426482157499E+03
 0.67256110007201E+03
 0.67886855954463E+03
 0.67133746267566E+03
 0.67567178709830E+03
 0.67093394368782E+03
 0.67131894170240E+03
