 0.77828127914593E+07
 0.77828127914647E+07
 0.77828127915301E+07
 0.77828127918517E+07
 0.77828127940321E+07
 0.77828128089112E+07
 0.77828129398068E+07
 0.77828135132428E+07
 0.77828154249012E+07
 0.77828204370394E+07
 0.77828314347007E+07
 0.77828523418107E+07
 0.77828882590462E+07
 0.77829452759189E+07
 0.77830291888756E+07
 0.77831471868694E+07
 0.77833034232860E+07
 0.77835006351258E+07
 0.77837374365355E+07
 0.77840066741669E+07
 0.77842952946536E+07
 0.77845729959079E+07
 0.77848033875494E+07
 0.77849305709686E+07
 0.77848803601581E+07
 0.77845546239192E+07
 0.77838314801918E+07
 0.77825512901936E+07
 0.77805298015610E+07
 0.77774767314357E+07
 0.77732473323621E+07
 0.77674737421118E+07
 0.77598030769210E+07
 0.77498328183928E+07
 0.77370967665864E+07
 0.77210946516217E+07
 0.77012709925206E+07
 0.76770098908314E+07
 0.76476373438779E+07
 0.76124677172470E+07
 0.75707203251339E+07
 0.75216979108124E+07
 0.74645068365877E+07
 0.73983656140450E+07
 0.73223786598524E+07
 0.72356929569862E+07
 0.71374254435551E+07
 0.70266333531721E+07
 0.69024849853398E+07
 0.67638328675927E+07
 0.66099168512284E+07
 0.64395188404897E+07
 0.62517435854837E+07
 0.60455358010467E+07
 0.58193385685600E+07
 0.55722472072483E+07
 0.53026637355171E+07
 0.50085999948907E+07
 0.46886536183487E+07
 0.43405018689732E+07
 0.39604397943853E+07
 0.35466701710282E+07
 0.30929105497933E+07
 0.25943633311168E+07
 0.20426607567384E+07
 0.14212354840349E+07
 0.70178889596882E+06
