 0.67197792076794E+03
 0.67197792076794E+03
 0.67197792076794E+03
 0.67197792076794E+03
 0.67197792076794E+03
 0.67197823877565E+03
 0.67197734998231E+03
 0.67197756846389E+03
 0.67197660663052E+03
 0.67195495340662E+03
 0.67205188985754E+03
 0.67192827157642E+03
 0.67949582194605E+03
 0.67190633634510E+03
 0.67942965274651E+03
 0.67947477267217E+03
 0.67945972969675E+03
 0.67194404236533E+03
 0.67189493495517E+03
 0.67943914507355E+03
 0.67948071329734E+03
 0.67193495829407E+03
 0.67190470754046E+03
 0.67935253530545E+03
 0.67931080776140E+03
 0.67946942908067E+03
 0.67952499787166E+03
 0.67938660719694E+03
 0.68186109546138E+03
 0.67948737454343E+03
 0.67207041640850E+03
 0.68177583891566E+03
 0.67237194354034E+03
 0.67238622164723E+03
 0.67202123293594E+03
 0.67278563862727E+03
 0.67223762475576E+03
 0.67203969717364E+03
 0.67323438992945E+03
 0.67227045759732E+03
 0.67932226886524E+03
 0.67291452317130E+03
 0.67206828260946E+03
 0.67327804767774E+03
 0.67453294799950E+03
 0.67462160098330E+03
 0.67434326702144E+03
 0.67324810477199E+03
 0.67249280102593E+03
 0.67421252106473E+03
 0.67250843337973E+03
 0.67551280631306E+03
 0.67356546706704E+03
 0.67305258307561E+03
 0.67320379483322E+03
 0.67595457788482E+03
 0.68080259261413E+03
 0.67226382167291E+03
 0.67712877781362E+03
 0.67394447815880E+03
 0.67595853569008E+03
 0.67476364086382E+03
 0.68130868015599E+03
 0.67425387677811E+03
 0.67870734573395E+03
 0.67463663460991E+03
 0.67537227683888E+03
 0.67639881029033E+03
 0.67678480238001E+03
 0.67303804862299E+03
 0.67858985744117E+03
 0.67962963983647E+03
 0.68206820543102E+03
 0.67888206344554E+03
 0.67936274868954E+03
 0.67710067291307E+03
 0.68294317936766E+03
 0.68027100545638E+03
 0.67540622535654E+03
 0.67451225969904E+03
 0.67323890340244E+03
 0.68201294728590E+03
 0.67916218439259E+03
 0.68161749285539E+03
 0.67652067549747E+03
 0.67835638563912E+03
 0.67931924067268E+03
 0.67615405293702E+03
 0.67996319396349E+03
 0.67829248336215E+03
 0.67909738084067E+03
 0.68315613179465E+03
 0.68009341255277E+03
 0.68540571220072E+03
 0.67967977718806E+03
 0.68160171745948E+03
 0.68163438246817E+03
 0.67946759189976E+03
 0.68671528616070E+03
 0.68624944924533E+03
 0.68493345302502E+03
 0.68771069960306E+03
 0.68574812450989E+03
 0.68575851158090E+03
 0.68925522124054E+03
 0.68895080495785E+03
 0.69191891793021E+03
 0.69180204249011E+03
 0.69246979308749E+03
 0.69583435801288E+03
 0.69136980172042E+03
 0.69594219366995E+03
 0.69332282186278E+03
 0.69337641194744E+03
 0.69530136799164E+03
 0.70546939345036E+03
 0.69809833557946E+03
 0.69773598418303E+03
 0.70295733134299E+03
 0.70819498606138E+03
 0.70797959472949E+03
 0.70353312043265E+03
 0.70844585116932E+03
 0.71482392480220E+03
 0.71261756552630E+03
 0.71681639740586E+03
 0.71808680413235E+03
 0.71387167221458E+03
 0.71479749594046E+03
 0.71634681866039E+03
 0.72587820629212E+03
 0.71856003139637E+03
 0.72158254765363E+03
 0.72250249095961E+03
 0.72386766849959E+03
 0.72569890333943E+03
 0.72810649020331E+03
 0.72911436236030E+03
 0.73673558023215E+03
 0.73927470812060E+03
 0.73972081424251E+03
 0.73698340551371E+03
 0.73771342750989E+03
 0.74356142199443E+03
 0.73967235010256E+03
 0.74226332702220E+03
 0.74272989614303E+03
 0.74576796289596E+03
 0.74445288192459E+03
 0.74971273063427E+03
 0.75192747957595E+03
 0.75804318101129E+03
 0.75388652595654E+03
 0.76193933188972E+03
 0.76519333679149E+03
 0.76343261963499E+03
 0.76089370659311E+03
 0.76844087184852E+03
 0.76608662875322E+03
 0.77255256976062E+03
 0.77768284002770E+03
 0.76902620534916E+03
 0.77625504569641E+03
 0.78076035699549E+03
 0.78330371239544E+03
 0.78790285718655E+03
 0.78652999034294E+03
 0.78316659708035E+03
 0.78671111238119E+03
 0.79040597446995E+03
 0.79012164667497E+03
 0.79535834635322E+03
 0.79206646246393E+03
 0.79697061316290E+03
 0.80273279231878E+03
 0.79973842705020E+03
 0.80268004155398E+03
 0.80421128904054E+03
 0.80486901747717E+03
 0.81777728645402E+03
 0.81892941037965E+03
 0.81187640312113E+03
 0.81460109410949E+03
 0.81717878677459E+03
 0.82245154775328E+03
 0.82402510277867E+03
 0.83281276085375E+03
 0.83476113666731E+03
 0.82755259630835E+03
 0.83243628359023E+03
 0.83820771378738E+03
 0.84537527666027E+03
 0.84303022074522E+03
 0.84399564099593E+03
 0.84172423397221E+03
 0.85048764353720E+03
 0.85161369003358E+03
 0.85189645838991E+03
 0.85359804965611E+03
 0.85891043164173E+03
 0.85898625315542E+03
 0.86482431251052E+03
 0.87194798390748E+03
 0.87554299825265E+03
 0.87263901675206E+03
 0.87280377336776E+03
 0.87673485719689E+03
 0.87497446123717E+03
 0.87762232051728E+03
 0.88749337902232E+03
 0.88547318887707E+03
 0.89691055370929E+03
 0.89732531187089E+03
 0.89907804369112E+03
 0.90507850450917E+03
 0.89620911257684E+03
 0.90344448111791E+03
 0.90018985310978E+03
 0.91026128876995E+03
 0.90776571968340E+03
 0.91182590526569E+03
 0.91657828768873E+03
 0.91290849768343E+03
 0.91809446782908E+03
 0.91940082413259E+03
 0.92169558940061E+03
 0.92496073885826E+03
 0.92784418393160E+03
 0.93622146418260E+03
 0.93197302223460E+03
 0.94348548766461E+03
 0.94579667315424E+03
 0.93890366186227E+03
 0.95398905533455E+03
 0.95654473343476E+03
 0.94681780972640E+03
 0.94866037329553E+03
 0.95114689242487E+03
 0.96453796305038E+03
 0.95813088061425E+03
 0.96008779951702E+03
 0.96253161141468E+03
 0.96676586400376E+03
 0.97656423540956E+03
 0.97875023341780E+03
 0.97769469566400E+03
 0.98635213895686E+03
 0.98085726379257E+03
 0.98480513907249E+03
 0.98224898420377E+03
 0.98562132502099E+03
 0.99104365833092E+03
 0.10028758420801E+04
 0.99302199759692E+03
 0.99909698147826E+03
 0.99958892750151E+03
 0.10067795928718E+04
 0.10103469671223E+04
 0.10151917041635E+04
 0.10112573780927E+04
 0.10216413184850E+04
 0.10209834811235E+04
 0.10210473210662E+04
 0.10268169694131E+04
 0.10255923153806E+04
 0.10369687774547E+04
 0.10287827626679E+04
 0.10307655598924E+04
 0.10402621717267E+04
 0.10364100376245E+04
 0.10469197695637E+04
 0.10423147786663E+04
 0.10447356415897E+04
 0.10517665223659E+04
 0.10642339585884E+04
 0.10580733255879E+04
 0.10587839003878E+04
 0.10710947278960E+04
 0.10624048680771E+04
 0.10632216853609E+04
 0.10666883551978E+04
 0.10832567428580E+04
 0.10727075356968E+04
 0.10796455110199E+04
 0.10798519712092E+04
 0.10825824951257E+04
 0.10850672815413E+04
 0.10931132965771E+04
 0.11002067447169E+04
 0.11005221559526E+04
 0.10990109863539E+04
 0.11075520611509E+04
 0.11006154444410E+04
 0.11094301143439E+04
 0.11098320680567E+04
 0.11175339778063E+04
 0.11159293697567E+04
 0.11273200671140E+04
 0.11208904248120E+04
 0.11255330626746E+04
