 0.10813086768930E+04
 0.10813086768930E+04
 0.10813086768930E+04
 0.10813086768930E+04
 0.10813086768930E+04
 0.10813086768930E+04
 0.10813086768930E+04
 0.10813086768930E+04
 0.10813086768930E+04
 0.10813001936183E+04
 0.10814168631599E+04
 0.10812570832628E+04
 0.10811551961542E+04
 0.10812320685437E+04
 0.10810722137684E+04
 0.10811364702020E+04
 0.10811003400226E+04
 0.10812669424037E+04
 0.10812031220861E+04
 0.10810840125707E+04
 0.10811366249169E+04
 0.10812648701833E+04
 0.10812242502846E+04
 0.10809762595047E+04
 0.10809137327792E+04
 0.10811161062353E+04
 0.10811718377864E+04
 0.10810167461793E+04
 0.10807830355081E+04
 0.10810603576310E+04
 0.10812850482758E+04
 0.10812117046996E+04
 0.10818809203367E+04
 0.10822255112726E+04
 0.10811272800458E+04
 0.10824994771086E+04
 0.10819462044856E+04
 0.10815650769548E+04
 0.10762892500723E+04
 0.10815983472439E+04
 0.10809009168523E+04
 0.10760781031329E+04
 0.10814181112946E+04
 0.10765555091419E+04
 0.10778081384859E+04
 0.10781392287839E+04
 0.10776943375391E+04
 0.10765876439054E+04
 0.10821438552686E+04
 0.10776513582298E+04
 0.10818216808622E+04
 0.10792959954783E+04
 0.10768405704752E+04
 0.10763103059983E+04
 0.10764644133425E+04
 0.10798923968804E+04
 0.10792224450261E+04
 0.10815948288932E+04
 0.10818063560185E+04
 0.10771617298161E+04
 0.10799565315600E+04
 0.10784141673865E+04
 0.10803163367064E+04
 0.10781612369845E+04
 0.10767948949952E+04
 0.10780759378054E+04
 0.10789774322130E+04
 0.10867882014035E+04
 0.10810960554873E+04
 0.10890182182900E+04
 0.10834234864624E+04
 0.10842477464217E+04
 0.10811627787324E+04
 0.10834829750949E+04
 0.10775246579702E+04
 0.10809949535140E+04
 0.10763198098117E+04
 0.10791588930373E+04
 0.10850937503267E+04
 0.10844640182235E+04
 0.10828508212930E+04
 0.10807578186873E+04
 0.10837891247630E+04
 0.10869647722514E+04
 0.10793362676385E+04
 0.10825420053331E+04
 0.10840540070063E+04
 0.10862195458390E+04
 0.10842603478671E+04
 0.10827598216574E+04
 0.10827533644844E+04
 0.10762498570954E+04
 0.10844897784907E+04
 0.10799814218459E+04
 0.10780071266162E+04
 0.10863354977349E+04
 0.10801832460646E+04
 0.10843169835766E+04
 0.10816405348717E+04
 0.10776249714077E+04
 0.10792302128817E+04
 0.10818664256289E+04
 0.10794732512287E+04
 0.10783575682338E+04
 0.10851457142966E+04
 0.10771598225404E+04
 0.10854332808185E+04
 0.10864146118817E+04
 0.10879027042483E+04
 0.10827342626913E+04
 0.10773458040191E+04
 0.10776993833474E+04
 0.10794884827565E+04
 0.10860997293781E+04
 0.10872136697856E+04
 0.10789688627626E+04
 0.10858475358649E+04
 0.10773763510006E+04
 0.10773551076082E+04
 0.10865363442371E+04
 0.10864958770823E+04
 0.10743653379769E+04
 0.10863509476016E+04
 0.10838635146563E+04
 0.10802712102563E+04
 0.10733493375516E+04
 0.10766352838845E+04
 0.10809114979525E+04
 0.10758944692141E+04
 0.10787289595422E+04
 0.10829987734140E+04
 0.10748489360306E+04
 0.10819324509076E+04
 0.10738695752483E+04
 0.10806646108458E+04
 0.10821575878263E+04
 0.10794991464169E+04
 0.10691049199263E+04
 0.10787549937110E+04
 0.10819483336507E+04
 0.10803015823410E+04
 0.10704320531836E+04
 0.10739232403999E+04
 0.10703847132063E+04
 0.10739982194156E+04
 0.10718011515140E+04
 0.10812212724255E+04
 0.10768486709206E+04
 0.10819944843070E+04
 0.10722396479330E+04
 0.10708424798707E+04
 0.10728866516152E+04
 0.10689759265824E+04
 0.10708159966101E+04
 0.10780330233002E+04
 0.10732238319108E+04
 0.10710300172494E+04
 0.10810991885979E+04
 0.10785135193946E+04
 0.10808835222003E+04
 0.10724628029347E+04
 0.10748359532548E+04
 0.10833203990668E+04
 0.10819169327131E+04
 0.10716985261007E+04
 0.10757510865516E+04
 0.10750968439805E+04
 0.10761300741097E+04
 0.10801446403957E+04
 0.10764594192000E+04
 0.10769383552784E+04
 0.10769745410070E+04
 0.10779415545896E+04
 0.10803266282062E+04
 0.10800226443484E+04
 0.10883141432863E+04
 0.10829246152147E+04
 0.10899103652390E+04
 0.10869934822579E+04
 0.10827046396465E+04
 0.10819688490272E+04
 0.10856204120616E+04
 0.10879779197393E+04
 0.10850303415365E+04
 0.10861254805164E+04
 0.10993974569570E+04
 0.10908067598638E+04
 0.10969234672490E+04
 0.10930822934788E+04
 0.11048684694940E+04
 0.10919499743197E+04
 0.10959638239347E+04
 0.11034318764564E+04
 0.11068666206747E+04
 0.11036002581836E+04
 0.11061895955845E+04
 0.11006706680122E+04
 0.11060656378965E+04
 0.11054682708044E+04
 0.11042049460718E+04
