 0.16431646807701E+00
 0.16431646807697E+00
 0.16431646807651E+00
 0.16431646810801E+00
 0.16431646927819E+00
 0.16431648034875E+00
 0.16431652778923E+00
 0.16431665760741E+00
 0.16431691794226E+00
 0.16431734131418E+00
 0.16431793132655E+00
 0.16431865791976E+00
 0.16431946793427E+00
 0.16432026599102E+00
 0.16432096557029E+00
 0.16432141102551E+00
 0.16432149317694E+00
 0.16432107136731E+00
 0.16431999376647E+00
 0.16431811839975E+00
 0.16430024791268E+00
 0.16429243423254E+00
 0.16428315781225E+00
 0.16427229599013E+00
 0.16425970191752E+00
 0.16424525954768E+00
 0.16422876580177E+00
 0.16421028779352E+00
 0.16418960642328E+00
 0.16416649035519E+00
 0.16414068359501E+00
 0.16411233783564E+00
 0.16408101702419E+00
 0.16404642387791E+00
 0.16400888180569E+00
 0.16396771846403E+00
 0.16392290216731E+00
 0.16387391002799E+00
 0.16382097358602E+00
 0.16376398827566E+00
 0.16370136232692E+00
 0.16363409830774E+00
 0.16356176314953E+00
 0.16348374731140E+00
 0.16339916614263E+00
 0.16330845067740E+00
 0.16321184426900E+00
 0.16310822807807E+00
 0.16299688252010E+00
 0.16287760812214E+00
 0.16275090266772E+00
 0.16261540406906E+00
 0.16247141874163E+00
 0.16231811231289E+00
 0.16215458656447E+00
 0.16198120112008E+00
 0.16179753691449E+00
 0.16160192164188E+00
 0.16139531262443E+00
 0.16117796320422E+00
 0.16094406432866E+00
 0.16070078971647E+00
 0.16044346058671E+00
 0.16016925771447E+00
 0.15988320597906E+00
 0.15957685974295E+00
 0.15925624562334E+00
 0.15892279260361E+00
 0.15856660184249E+00
 0.15819472009241E+00
 0.15779736183384E+00
 0.15738105323751E+00
 0.15694812010126E+00
 0.15648331738896E+00
 0.15600027691518E+00
 0.15548721454681E+00
 0.15494784930276E+00
 0.15437589607896E+00
 0.15378199355042E+00
 0.15314719806313E+00
 0.15248097158421E+00
 0.15177876096342E+00
 0.15103979295863E+00
 0.15025832191971E+00
 0.14942538884955E+00
 0.14855382999488E+00
 0.14763331447103E+00
 0.14665400784440E+00
 0.14562017770353E+00
 0.14452309198289E+00
 0.14337379816421E+00
 0.14215793542512E+00
 0.14085967663981E+00
 0.13948127806740E+00
 0.13803479668946E+00
 0.13650712835836E+00
 0.13486549916336E+00
 0.13314081237025E+00
 0.13130325266222E+00
 0.12935649277890E+00
 0.12727576165997E+00
 0.12507742256414E+00
 0.12274051851865E+00
 0.12024029900422E+00
 0.11756643551210E+00
 0.11472392170520E+00
 0.11170356569300E+00
 0.10843501100495E+00
 0.10494316807881E+00
 0.10121296913831E+00
 0.97212460951802E-01
 0.92887887955581E-01
 0.88240899190259E-01
 0.83245781138604E-01
 0.77905402954153E-01
 0.72332113523726E-01
 0.66612128036425E-01
 0.60915013123764E-01
 0.55433860557526E-01
 0.50364561338017E-01
 0.45801893377041E-01
 0.41763538772682E-01
 0.38171774527169E-01
 0.35014438778656E-01
 0.32247525479662E-01
 0.29803693080560E-01
 0.27630265923868E-01
 0.25665014834016E-01
 0.23902987212164E-01
 0.22320861192480E-01
 0.20882914053381E-01
 0.19564588713628E-01
 0.18373776865759E-01
 0.17275977505477E-01
 0.16261348400665E-01
 0.15336868726205E-01
 0.14473059738702E-01
 0.13675011601039E-01
 0.12935422947196E-01
 0.12251371215751E-01
 0.11616671774458E-01
 0.11020767620425E-01
 0.10465312943229E-01
 0.99473866194361E-02
 0.94612132931751E-02
 0.90077774217125E-02
 0.85801242930925E-02
 0.81799903856720E-02
 0.78026299341660E-02
 0.74460690352779E-02
 0.71151804128043E-02
 0.68002964528868E-02
 0.65005162970578E-02
 0.62205337823972E-02
 0.59544246699037E-02
 0.57041670012004E-02
 0.54664036863072E-02
 0.52424678677495E-02
 0.50287941091245E-02
 0.48271738357295E-02
 0.46361145122760E-02
 0.44537980803187E-02
 0.42808945851595E-02
 0.41165132981497E-02
 0.39608250628692E-02
 0.38118372302626E-02
 0.36702541134405E-02
 0.35353850383273E-02
 0.34065257857169E-02
 0.32838884453091E-02
 0.31675022972385E-02
 0.30552987589003E-02
 0.29484832528289E-02
 0.28472089587356E-02
 0.27495932754252E-02
 0.26561423743071E-02
 0.25677133045655E-02
 0.24822335212894E-02
 0.24007354902244E-02
 0.23220612081030E-02
 0.22480118024792E-02
 0.21760246430850E-02
 0.21075345676583E-02
 0.20408106808501E-02
 0.19778144485704E-02
 0.19166196291592E-02
 0.18585209766329E-02
 0.18023707651926E-02
 0.17484971679681E-02
 0.16964857659300E-02
 0.16467254877441E-02
 0.15985609808918E-02
 0.15521365653598E-02
 0.15076334420130E-02
 0.14648306165957E-02
 0.14238330026156E-02
 0.13841353570577E-02
 0.13456849054741E-02
 0.13086044334217E-02
 0.12731460569360E-02
