 0.64710694463868E-04
 0.64709147731278E-04
 0.64706566878458E-04
 0.64702952542888E-04
 0.64698298816402E-04
 0.64692602331337E-04
 0.64685859458746E-04
 0.64678060521696E-04
 0.64669200738551E-04
 0.64659267484592E-04
 0.64648260202098E-04
 0.64636161620464E-04
 0.64622968192107E-04
 0.64608669239382E-04
 0.64593254797898E-04
 0.64576716175607E-04
 0.64559040468658E-04
 0.64540218690707E-04
 0.64520237826855E-04
 0.64499084289508E-04
 0.64476739583630E-04
 0.64453195645521E-04
 0.64428428888731E-04
 0.64402420891220E-04
 0.64375148355797E-04
 0.64346587417589E-04
 0.64316707066053E-04
 0.64285490887105E-04
 0.64252903448489E-04
 0.64218907375036E-04
 0.64183472502107E-04
 0.64146571309948E-04
 0.64108166246970E-04
 0.64068217516989E-04
 0.64026721137545E-04
 0.63983627986092E-04
 0.63938920880209E-04
 0.63892570192233E-04
 0.63844574803502E-04
 0.63794932368323E-04
 0.63743575928570E-04
 0.63690559963031E-04
 0.63635893349045E-04
 0.63579548899476E-04
 0.63521526101366E-04
 0.63461877293699E-04
 0.63400648221606E-04
 0.63337837189469E-04
 0.63273459337782E-04
 0.63207566952741E-04
 0.63140228243973E-04
 0.63071448746061E-04
 0.63001312046931E-04
 0.62929846176116E-04
 0.62857090243888E-04
 0.62783129130396E-04
 0.62708022237948E-04
 0.62631771938774E-04
 0.62554508739757E-04
 0.62476307248448E-04
 0.62397026236720E-04
 0.62317032822721E-04
 0.62236211260765E-04
 0.62154539964762E-04
 0.62072281526638E-04
 0.61989227518120E-04
 0.61905643066046E-04
 0.61821670992786E-04
 0.61737020491880E-04
 0.61652018501528E-04
 0.61566410118375E-04
 0.61480481027492E-04
 0.61394357909942E-04
 0.61307600453737E-04
 0.61220731593897E-04
 0.61133386995291E-04
 0.61045779700738E-04
 0.60957752818163E-04
 0.60869625294384E-04
 0.60780903798310E-04
 0.60691844252395E-04
 0.60602374894341E-04
 0.60512407499429E-04
 0.60421839759614E-04
 0.60330383405854E-04
 0.60238266852173E-04
 0.60145245231791E-04
 0.60050861301397E-04
 0.59955140586006E-04
 0.59857677972084E-04
 0.59758408315846E-04
 0.59656756492112E-04
 0.59551955884965E-04
 0.59443397463936E-04
 0.59330693595843E-04
 0.59212414307774E-04
 0.59086312511583E-04
 0.58950806672568E-04
 0.58800891565044E-04
