 0.35172473832405E+01
 0.35172473832405E+01
 0.35172473832405E+01
 0.35172473832405E+01
 0.35172473832405E+01
 0.35172473832405E+01
 0.35172473832405E+01
 0.35172473832405E+01
 0.35172473832405E+01
 0.35172473355199E+01
 0.35172494853538E+01
 0.35172464520117E+01
 0.35172442927179E+01
 0.35172457325827E+01
 0.35172428048518E+01
 0.35172440253569E+01
 0.35172432470528E+01
 0.35172466664678E+01
 0.35172454076261E+01
 0.35172431366911E+01
 0.35172443199566E+01
 0.35172464710992E+01
 0.35172457069793E+01
 0.35172407318903E+01
 0.35172393779685E+01
 0.35172426967471E+01
 0.35172442971540E+01
 0.35172451063949E+01
 0.35172422424168E+01
 0.35172451091646E+01
 0.35172528065723E+01
 0.35172432827865E+01
 0.35172585027550E+01
 0.35172625667332E+01
 0.35172466661317E+01
 0.35172677146723E+01
 0.35172584078124E+01
 0.35172521208565E+01
 0.35172749588978E+01
 0.35172559504299E+01
 0.35172393999181E+01
 0.35172707320554E+01
 0.35172508269595E+01
 0.35172775311672E+01
 0.35172909069603E+01
 0.35172908086527E+01
 0.35172907509764E+01
 0.35172763514288E+01
 0.35172588563468E+01
 0.35172918165188E+01
 0.35172559271348E+01
 0.35173002948710E+01
 0.35172790734517E+01
 0.35172693288348E+01
 0.35172699075299E+01
 0.35173018434005E+01
 0.35172166905986E+01
 0.35172555983406E+01
 0.35172990090271E+01
 0.35172845243902E+01
 0.35173012798321E+01
 0.35172964656546E+01
 0.35172226623747E+01
 0.35172889913088E+01
 0.35171952454021E+01
 0.35172942756420E+01
 0.35172975516746E+01
 0.35171631736431E+01
 0.35173018672021E+01
 0.35171921646533E+01
 0.35172857198857E+01
 0.35172659632210E+01
 0.35172494641980E+01
 0.35172883626165E+01
 0.35172063701016E+01
 0.35173022007283E+01
 0.35172737774713E+01
 0.35172179567819E+01
 0.35172003358418E+01
 0.35172074645770E+01
 0.35172302124743E+01
 0.35172439238645E+01
 0.35172878694738E+01
 0.35172269699352E+01
 0.35172472217204E+01
 0.35173158598326E+01
 0.35172281067658E+01
 0.35171833188153E+01
 0.35172243579467E+01
 0.35172541522832E+01
 0.35173344334747E+01
 0.35173480884143E+01
 0.35172722545036E+01
 0.35173719704460E+01
 0.35172980519143E+01
 0.35173851594797E+01
 0.35173503581279E+01
 0.35173617702696E+01
 0.35174828549445E+01
