 0.16432730420240E+00
 0.16432730420236E+00
 0.16432730420183E+00
 0.16432730419992E+00
 0.16432730418737E+00
 0.16432730411556E+00
 0.16432730225333E+00
 0.16432729422957E+00
 0.16432726668576E+00
 0.16432719381902E+00
 0.16432703279951E+00
 0.16432672135208E+00
 0.16432618676987E+00
 0.16432532436591E+00
 0.16432404575228E+00
 0.16432220011630E+00
 0.16431968661367E+00
 0.16431637621335E+00
 0.16431213128758E+00
 0.16430682576613E+00
 0.16430024203335E+00
 0.16429240530384E+00
 0.16428308005740E+00
 0.16427212272118E+00
 0.16425935064613E+00
 0.16424459348648E+00
 0.16422756865667E+00
 0.16420823026814E+00
 0.16418620541906E+00
 0.16416106507728E+00
 0.16413229639119E+00
 0.16409974292130E+00
 0.16406259011675E+00
 0.16402010623400E+00
 0.16397211382332E+00
 0.16391738595288E+00
 0.16385527799998E+00
 0.16378462211908E+00
 0.16370495627245E+00
 0.16361548307457E+00
 0.16351386840341E+00
 0.16340039840569E+00
 0.16327374045433E+00
 0.16313299560102E+00
 0.16297641865025E+00
 0.16280392240777E+00
 0.16261509310099E+00
 0.16240845922319E+00
 0.16218277649220E+00
 0.16193759126273E+00
 0.16167288973337E+00
 0.16138713186710E+00
 0.16108046307091E+00
 0.16075180612149E+00
 0.16040014462687E+00
 0.16002572546275E+00
 0.15962807758051E+00
 0.15920525895914E+00
 0.15875832234387E+00
 0.15828738831671E+00
 0.15778607187463E+00
 0.15726232587844E+00
 0.15671041675263E+00
 0.15612751568897E+00
 0.15551907355754E+00
 0.15487471614517E+00
 0.15420166627111E+00
 0.15350117170863E+00
 0.15276187529345E+00
 0.15199083794096E+00
 0.15117655559140E+00
 0.15032657824506E+00
 0.14944336341947E+00
 0.14850702849242E+00
 0.14753440083679E+00
 0.14651074727748E+00
 0.14543950473164E+00
 0.14431188900471E+00
 0.14314117540048E+00
 0.14190194068190E+00
 0.14060610290818E+00
 0.13924557126878E+00
 0.13781801184863E+00
 0.13631455128628E+00
 0.13471955915676E+00
 0.13305287616872E+00
 0.13129146614993E+00
 0.12942023950168E+00
 0.12744138825762E+00
 0.12533295810070E+00
 0.12310944144024E+00
 0.12073324850621E+00
 0.11816822820559E+00
 0.11539587378588E+00
 0.11241122833469E+00
 0.10914827203180E+00
 0.10547371966570E+00
 0.10132367776466E+00
 0.96346132374846E-01
