 0.13708380095672E+03
 0.13708380095668E+03
 0.13708380095628E+03
 0.13708380104278E+03
 0.13708380419564E+03
 0.13708383395743E+03
 0.13708396560561E+03
 0.13708433276318E+03
 0.13708509673929E+03
 0.13708640656975E+03
 0.13708837510253E+03
 0.13709107221384E+03
 0.13709452877991E+03
 0.13709874545770E+03
 0.13710369749786E+03
 0.13710934228881E+03
 0.13711562579802E+03
 0.13712248309015E+03
 0.13712984505929E+03
 0.13713763875685E+03
 0.13710580022311E+03
 0.13710388119845E+03
 0.13710166635098E+03
 0.13709915719304E+03
 0.13709636985528E+03
 0.13709333477449E+03
 0.13709010425275E+03
 0.13708675034689E+03
 0.13708338073055E+03
 0.13708013844003E+03
 0.13707720820376E+03
 0.13707481311816E+03
 0.13707324047214E+03
 0.13707283140280E+03
 0.13707397347530E+03
 0.13707714226003E+03
 0.13708286486434E+03
 0.13709174775037E+03
 0.13710445481999E+03
 0.13712171989517E+03
 0.13714439483348E+03
 0.13717333435969E+03
 0.13720976076327E+03
 0.13725422194640E+03
 0.13730806212918E+03
 0.13737240884629E+03
 0.13744847078420E+03
 0.13753757115665E+03
 0.13764110516453E+03
 0.13776049930782E+03
 0.13789726052429E+03
 0.13805298729168E+03
 0.13822936431880E+03
 0.13842812922191E+03
 0.13865127844819E+03
 0.13890061366749E+03
 0.13917826362788E+03
 0.13948655417578E+03
 0.13982776436613E+03
 0.14020416952521E+03
 0.14061950422604E+03
 0.14107513794885E+03
 0.14157521468816E+03
 0.14212336527451E+03
 0.14272185649118E+03
 0.14337782152720E+03
 0.14409268425077E+03
 0.14487077564073E+03
 0.14572041075297E+03
 0.14664513087664E+03
 0.14765571738695E+03
 0.14875580405382E+03
 0.14995150412418E+03
 0.15126174839202E+03
 0.15268808951824E+03
 0.15424892879396E+03
 0.15595676496537E+03
 0.15783311317030E+03
 0.15988481626866E+03
 0.16215330337068E+03
 0.16465316527724E+03
 0.16742327004995E+03
 0.17050050844495E+03
 0.17394113311195E+03
 0.17782280112929E+03
 0.18218484018198E+03
 0.18715725508525E+03
 0.19288149493205E+03
 0.19951714421868E+03
 0.20733549599067E+03
 0.21660054230730E+03
 0.22787308101082E+03
 0.24199889779364E+03
 0.26025464700858E+03
 0.28476169804740E+03
 0.32010634339322E+03
 0.37811892185733E+03
 0.49627352346112E+03
 0.10633407423585E+04
