 0.11124448542629E+04
 0.11124448542629E+04
 0.11124448542629E+04
 0.11124448542629E+04
 0.11124448542629E+04
 0.11124448542629E+04
 0.11124448542629E+04
 0.11124448542629E+04
 0.11124448542629E+04
 0.11124526923263E+04
 0.11122763418826E+04
 0.11125381591525E+04
 0.11125776487608E+04
 0.11125197602084E+04
 0.11124592698206E+04
 0.11123061257541E+04
 0.11127270976256E+04
 0.11125437308667E+04
 0.11125719838175E+04
 0.11124478068097E+04
 0.11124572871231E+04
 0.11126980112015E+04
 0.11124553468608E+04
 0.11124546691435E+04
 0.11125174704290E+04
 0.11126091768979E+04
 0.11126002867326E+04
 0.11124405144740E+04
 0.11123619160321E+04
 0.11128731118739E+04
 0.11124808397216E+04
 0.11128050730268E+04
 0.11127345944397E+04
 0.11067249452050E+04
 0.11119995628398E+04
 0.11065242050393E+04
 0.11127379599508E+04
 0.11128515784182E+04
 0.11070737187951E+04
 0.11063561659454E+04
 0.11069752405441E+04
 0.11073048629601E+04
 0.11124473868054E+04
 0.11074020668927E+04
 0.11064912064586E+04
 0.11065451431517E+04
 0.11062378312035E+04
 0.11125970249216E+04
 0.11110795052744E+04
 0.11101587515218E+04
 0.11121453864881E+04
 0.11067699665217E+04
 0.11073406772710E+04
 0.11079285225143E+04
 0.11106249897016E+04
 0.11107289439685E+04
 0.11107131614186E+04
 0.11062140046672E+04
 0.11078886375024E+04
 0.11089694223856E+04
 0.11116788038096E+04
 0.11157099913002E+04
 0.11187872826641E+04
 0.11128225042784E+04
 0.11067856058973E+04
 0.11109496106030E+04
 0.11153049205929E+04
 0.11091261261672E+04
 0.11082035419115E+04
 0.11096484789553E+04
 0.11114701628934E+04
 0.11118930062954E+04
 0.11123109059374E+04
 0.11181605782923E+04
 0.11214730370005E+04
 0.11195610084253E+04
 0.11169715809467E+04
 0.11162381339278E+04
 0.11182578638888E+04
 0.11157129593316E+04
 0.11188917912444E+04
 0.11126563902078E+04
 0.11167974071773E+04
 0.11206383199465E+04
 0.11093515430569E+04
 0.11189234058621E+04
 0.11197441004633E+04
 0.11105690511379E+04
 0.11101341274474E+04
 0.11090507492739E+04
 0.11080262358346E+04
 0.11146451489355E+04
 0.11189515526294E+04
 0.11148077035988E+04
 0.11080391020570E+04
 0.11157451253817E+04
 0.11143787325660E+04
 0.11074997337501E+04
 0.11082779012810E+04
 0.11104303448800E+04
 0.11131812759502E+04
 0.11081700726062E+04
 0.11195771444166E+04
 0.11164883214442E+04
 0.11196291438531E+04
 0.11063701871216E+04
 0.11068697751675E+04
 0.11125324993884E+04
 0.11145900910889E+04
 0.11115292288908E+04
 0.11106370361877E+04
 0.11073950095260E+04
 0.11094847565228E+04
 0.11112089739558E+04
 0.11074586717805E+04
 0.11043905361110E+04
 0.11104348575410E+04
 0.11089287811864E+04
 0.11158047507973E+04
 0.11162424264814E+04
 0.11094754153791E+04
 0.11130294250403E+04
 0.11104881507894E+04
 0.11092017052641E+04
 0.11122861043226E+04
 0.11138740419607E+04
 0.11054010465679E+04
 0.11162773023384E+04
 0.11048801119554E+04
 0.11079777966329E+04
 0.11157721760696E+04
 0.11058857723851E+04
 0.11140746969410E+04
 0.11042202706707E+04
 0.11155874039459E+04
 0.11038755183616E+04
 0.11067457889490E+04
 0.11051802896878E+04
 0.11109208293185E+04
 0.11144871587161E+04
 0.11055471374211E+04
 0.11049495904628E+04
 0.11016979618990E+04
 0.11057796694418E+04
 0.11054751026533E+04
 0.11018566201835E+04
 0.11015365307573E+04
 0.11016436183859E+04
 0.11033153753335E+04
 0.11046055070625E+04
 0.11069014191296E+04
 0.11103770550043E+04
 0.11158471982232E+04
 0.11096005204980E+04
 0.11075900085795E+04
 0.11083607393865E+04
 0.11077485443165E+04
 0.11068193820661E+04
 0.11048205819456E+04
 0.11065551826594E+04
 0.11103465094678E+04
 0.11090218289866E+04
 0.11107232125044E+04
 0.11092336801559E+04
 0.11108494946331E+04
 0.11212637281532E+04
 0.11141885122875E+04
 0.11191419939905E+04
 0.11199263906263E+04
 0.11190884839476E+04
 0.11247530268017E+04
 0.11272596745893E+04
 0.11258087265716E+04
 0.11232894440812E+04
 0.11176004192645E+04
 0.11218070169987E+04
 0.11265831104861E+04
 0.11261382280228E+04
 0.11197426818644E+04
 0.11230738153620E+04
 0.11263885185931E+04
 0.11268385735329E+04
 0.11310952638100E+04
 0.11372384350656E+04
 0.11345544400544E+04
 0.11381874948066E+04
 0.11410503417420E+04
 0.11304402142379E+04
 0.11333865761394E+04
 0.11471790861598E+04
 0.11370699206671E+04
 0.11442728834529E+04
 0.11497059320023E+04
 0.11407094329366E+04
 0.11446955298210E+04
 0.11581626760659E+04
 0.11520514751427E+04
 0.11485279519941E+04
 0.11626605986847E+04
 0.11548474687449E+04
