 0.10189891284960E+00
 0.10189891284961E+00
 0.10189891284978E+00
 0.10189891285078E+00
 0.10189891285480E+00
 0.10189891286596E+00
 0.10189891261479E+00
 0.10189891145552E+00
 0.10189890729663E+00
 0.10189889613219E+00
 0.10189887143470E+00
 0.10189882426969E+00
 0.10189874225041E+00
 0.10189861152835E+00
 0.10189841759603E+00
 0.10189814120339E+00
 0.10189776652604E+00
 0.10189727643547E+00
 0.10189665367599E+00
 0.10189588116927E+00
 0.10189493472846E+00
 0.10189381575888E+00
 0.10189249862356E+00
 0.10189097145450E+00
 0.10188921615119E+00
 0.10188722026774E+00
 0.10188496274234E+00
 0.10188245745413E+00
 0.10187967720649E+00
 0.10187660032537E+00
 0.10187319778726E+00
 0.10186949777061E+00
 0.10186545038314E+00
 0.10186102836234E+00
 0.10185628021079E+00
 0.10185113131791E+00
 0.10184559346801E+00
 0.10183960869903E+00
 0.10183322944614E+00
 0.10182645860216E+00
 0.10181910905849E+00
 0.10181133301796E+00
 0.10180310203698E+00
 0.10179436803917E+00
 0.10178503679216E+00
 0.10177520796443E+00
 0.10176494295826E+00
 0.10175414369744E+00
 0.10174274751800E+00
 0.10173078389518E+00
 0.10171835143979E+00
 0.10170532483682E+00
 0.10169180600954E+00
 0.10167772437155E+00
 0.10166303776673E+00
 0.10164783372644E+00
 0.10163215121448E+00
 0.10161580490807E+00
 0.10159902040704E+00
 0.10158189921491E+00
 0.10156372435742E+00
 0.10154557987454E+00
 0.10152689836736E+00
 0.10150739714027E+00
 0.10148786767014E+00
 0.10146727603282E+00
 0.10144653723081E+00
 0.10142598616991E+00
 0.10140440844541E+00
 0.10138284107826E+00
 0.10136019130896E+00
 0.10133743306544E+00
 0.10131509063131E+00
 0.10129121644658E+00
 0.10126788890208E+00
 0.10124367934989E+00
 0.10121936565135E+00
 0.10119429174494E+00
 0.10117006893165E+00
 0.10114450056456E+00
 0.10111904377238E+00
 0.10109344635723E+00
 0.10106778853309E+00
 0.10104174585091E+00
 0.10101452401552E+00
 0.10098800948412E+00
 0.10096137440808E+00
 0.10093372623097E+00
 0.10090597650084E+00
 0.10087754374815E+00
 0.10085014296795E+00
 0.10082256014064E+00
 0.10079357382095E+00
 0.10076390582312E+00
 0.10073556694930E+00
 0.10070724358537E+00
 0.10067676974582E+00
 0.10064744749035E+00
 0.10061725935885E+00
 0.10058700261620E+00
 0.10055559997465E+00
 0.10052482099823E+00
 0.10049386886153E+00
 0.10046161011654E+00
 0.10042827789821E+00
 0.10039536878151E+00
 0.10036283569801E+00
 0.10032757707005E+00
 0.10029244098625E+00
 0.10025781022310E+00
 0.10022290882424E+00
 0.10018599486206E+00
 0.10014870036878E+00
 0.10010989543630E+00
 0.10006909518050E+00
 0.10002888131887E+00
 0.99987228047907E-01
 0.99944241954949E-01
 0.99898993117778E-01
 0.99852400976764E-01
 0.99804699604506E-01
 0.99755866771798E-01
 0.99702255268494E-01
 0.99646258718532E-01
 0.99589242223730E-01
 0.99530235721290E-01
 0.99468247912655E-01
 0.99400016749254E-01
 0.99328222740271E-01
 0.99253496366930E-01
 0.99173214535740E-01
 0.99085458179743E-01
 0.98993885057921E-01
 0.98893540589052E-01
 0.98783180890916E-01
 0.98666707474500E-01
 0.98535647777919E-01
 0.98392995823804E-01
 0.98236212110862E-01
 0.98065024413952E-01
 0.97876348710506E-01
 0.97664906858114E-01
 0.97429712137192E-01
 0.97168641699878E-01
 0.96875382553078E-01
 0.96550723623843E-01
 0.96185046630867E-01
 0.95780509518584E-01
 0.95328868268175E-01
 0.94828569401966E-01
 0.94290180597823E-01
 0.93701100741497E-01
 0.93066550774667E-01
 0.92405199785717E-01
 0.91716373464941E-01
 0.91018968206530E-01
 0.90320619288210E-01
 0.89637537847341E-01
 0.88974492916990E-01
 0.88348557322573E-01
 0.87762792005145E-01
 0.87220254326780E-01
 0.86725885676916E-01
 0.86281338991178E-01
 0.85887650973478E-01
 0.85540779285582E-01
 0.85241542988334E-01
 0.84987034435198E-01
 0.84775263654399E-01
 0.84603783861937E-01
 0.84471236847795E-01
 0.84373401465285E-01
 0.84309556758835E-01
 0.84277589352402E-01
 0.84274673244693E-01
 0.84299488842969E-01
 0.84350058698459E-01
 0.84425095587245E-01
 0.84522691280490E-01
 0.84642529502589E-01
 0.84780926403329E-01
 0.84939459134758E-01
 0.85115055830617E-01
 0.85309647710966E-01
 0.85518389996162E-01
 0.85743827945461E-01
 0.85981694649210E-01
 0.86234784194969E-01
 0.86500063855442E-01
 0.86779061007453E-01
 0.87068804245490E-01
 0.87371717623467E-01
 0.87685549631052E-01
 0.88009137424002E-01
 0.88342397964095E-01
 0.88683519523876E-01
 0.89035707816389E-01
 0.89399110600139E-01
 0.89769569519218E-01
 0.90147064134363E-01
 0.90534013631228E-01
 0.90926987819375E-01
 0.91330989871467E-01
 0.91739483435476E-01
 0.92158626975805E-01
 0.92580271364960E-01
 0.93011823527270E-01
 0.93449904912765E-01
 0.93893302831340E-01
 0.94342553976317E-01
 0.94799868545121E-01
 0.95262551377024E-01
 0.95733895688042E-01
 0.96206727351753E-01
 0.96685929984570E-01
 0.97171150829264E-01
 0.97662458902780E-01
 0.98160166496902E-01
 0.98658921470289E-01
 0.99167008972786E-01
 0.99677563889740E-01
 0.10019608456793E+00
 0.10072027423299E+00
 0.10124644545435E+00
 0.10177926699527E+00
 0.10231304706947E+00
 0.10285413170386E+00
 0.10339790098100E+00
 0.10395016191799E+00
 0.10450346927964E+00
 0.10505890926648E+00
 0.10562396217153E+00
 0.10619199350769E+00
 0.10676243181655E+00
 0.10734069678735E+00
 0.10791807516221E+00
 0.10850187362575E+00
 0.10908752520672E+00
 0.10968306555009E+00
 0.11027740709320E+00
 0.11087491159550E+00
 0.11147989212507E+00
 0.11208582225380E+00
 0.11269601295120E+00
 0.11331258233949E+00
 0.11392862813960E+00
 0.11455156601517E+00
 0.11517876091424E+00
 0.11580713494672E+00
 0.11644150875570E+00
 0.11707420788697E+00
 0.11771746351605E+00
 0.11835889464353E+00
 0.11900540621581E+00
 0.11965703009350E+00
 0.12030873906843E+00
 0.12096773291926E+00
 0.12162934944600E+00
 0.12228881237260E+00
 0.12295988070489E+00
 0.12362701958395E+00
 0.12430399656091E+00
 0.12497905224265E+00
 0.12565883494026E+00
 0.12634130632249E+00
 0.12702921768164E+00
 0.12771964578818E+00
 0.12841426018538E+00
 0.12910840817231E+00
 0.12980668262581E+00
 0.13050858891897E+00
 0.13121277205061E+00
 0.13192260894167E+00
 0.13263598801827E+00
 0.13334839066654E+00
 0.13406797723095E+00
 0.13478740566015E+00
 0.13550625511064E+00
 0.13623648403686E+00
 0.13696717342082E+00
 0.13769767139857E+00
 0.13843171701964E+00
 0.13917154703168E+00
 0.13991032440318E+00
 0.14065180908205E+00
 0.14140056721536E+00
 0.14214878210852E+00
 0.14290050902023E+00
 0.14365353267697E+00
 0.14440973856277E+00
 0.14517375716821E+00
 0.14593189827259E+00
 0.14670158187968E+00
 0.14746626297303E+00
 0.14823696319760E+00
 0.14901092273913E+00
 0.14978962201327E+00
 0.15056759158481E+00
 0.15135012175252E+00
 0.15213493577614E+00
