 0.10000000133514E-09
 0.10000000133514E-09
 0.10000000133514E-09
 0.10000000133514E-09
 0.10000000133514E-09
 0.10000000133514E-09
 0.10000000133514E-09
 0.10000000133514E-09
 0.10000000133514E-09
 0.10000000133514E-09
 0.10000000133514E-09
 0.10000000133514E-09
 0.10000000133514E-09
 0.10000000133514E-09
 0.10000000133514E-09
 0.10000000133514E-09
 0.10000000133514E-09
 0.10000000133514E-09
 0.10000000133514E-09
 0.10000000133514E-09
 0.10000000133514E-09
 0.10000000133514E-09
 0.10000000133514E-09
 0.10000000133514E-09
 0.10000000133514E-09
 0.10000000133514E-09
 0.10000000133514E-09
 0.24920430276887E-04
 0.24920430276887E-04
 0.47680637269112E-04
 0.64008586190421E-04
 0.84432929812940E-04
 0.10961684109807E-03
 0.14025094326859E-03
 0.17706241148546E-03
 0.22081556247751E-03
 0.27228522579207E-03
 0.33227626586893E-03
 0.40159552778934E-03
 0.48105761395450E-03
 0.57150377141369E-03
 0.67375234629457E-03
 0.78860727479891E-03
 0.91689031677552E-03
 0.10594179721390E-02
 0.12169701998825E-02
 0.13902989695027E-02
 0.15801905480154E-02
 0.17873939806789E-02
 0.20126019774799E-02
 0.22565402131980E-02
 0.25198707076762E-02
 0.28032485587161E-02
 0.31073620472506E-02
 0.34328358795320E-02
 0.37802649298820E-02
 0.41502327453189E-02
 0.45432799280600E-02
 0.49600783379442E-02
 0.54007424587175E-02
 0.58666593504337E-02
 0.63574267539664E-02
 0.68738505912589E-02
 0.74169237615000E-02
 0.79863500818827E-02
 0.85833707017904E-02
 0.92078977426080E-02
 0.98594973955756E-02
 0.10540765257856E-01
 0.11250625347181E-01
 0.11990401259350E-01
 0.12759982465320E-01
 0.13559361215336E-01
 0.14390641069837E-01
 0.15252833879611E-01
 0.16146159567535E-01
 0.17072734177560E-01
 0.18033023093993E-01
 0.19022918719226E-01
 0.20049375775352E-01
 0.21109490458950E-01
 0.22206012979579E-01
 0.23334934325572E-01
 0.24501918124676E-01
 0.25707068733190E-01
 0.26947485708059E-01
 0.28226224900232E-01
 0.29544457281818E-01
 0.30902191166233E-01
 0.32302250793940E-01
 0.33738481086989E-01
 0.35218639038639E-01
 0.36741548705295E-01
 0.38311316780502E-01
 0.39922951600851E-01
 0.41575668027569E-01
 0.43283501132914E-01
 0.45032261489675E-01
 0.46831573102105E-01
 0.48681243310848E-01
 0.50587125446753E-01
 0.52539604859638E-01
 0.54545798732670E-01
 0.56610911681174E-01
 0.58733941493036E-01
 0.60915920834169E-01
 0.63153576957691E-01
 0.65464024255545E-01
 0.67834761443033E-01
 0.70267083700780E-01
 0.72766057036869E-01
 0.75343431142933E-01
 0.77990408042171E-01
 0.80718409958024E-01
 0.83529097507135E-01
 0.86418217318397E-01
 0.89388543408595E-01
 0.92452287520810E-01
 0.95615211969106E-01
 0.98866305076197E-01
 0.10221929480647E+00
 0.10567962977914E+00
 0.10925233831934E+00
 0.11294622266379E+00
 0.11675391453989E+00
 0.12068258497605E+00
 0.12474384781613E+00
 0.12895676978997E+00
 0.13331648678240E+00
 0.13781748562597E+00
 0.14248540633621E+00
 0.14732908743840E+00
 0.15233487780980E+00
 0.15753515873949E+00
 0.16294104395198E+00
 0.16853102665107E+00
 0.17435425088003E+00
 0.18039024045925E+00
 0.18665228858221E+00
 0.19314820579115E+00
 0.19986488350680E+00
 0.20683478662277E+00
 0.21404476486093E+00
 0.22147648588765E+00
 0.22914072716603E+00
 0.23700056171117E+00
 0.24506081186501E+00
 0.25326183495489E+00
 0.26160104896040E+00
 0.27002584525263E+00
 0.27844977163877E+00
 0.28688307574308E+00
 0.29526797943064E+00
 0.30352576614619E+00
 0.31165154726583E+00
 0.31959839121796E+00
 0.32736426956199E+00
 0.33493312844033E+00
 0.34231742240080E+00
 0.34951030521193E+00
 0.35653022002528E+00
 0.36339080105692E+00
 0.37010187913580E+00
 0.37667336215030E+00
 0.38311562042034E+00
 0.38944113817908E+00
 0.39565494518565E+00
 0.40176460802326E+00
 0.40777518524141E+00
 0.41369056210513E+00
 0.41951445004844E+00
 0.42525130376558E+00
 0.43090159031732E+00
 0.43646642553953E+00
 0.44194951700021E+00
 0.44735349542291E+00
 0.45267686185789E+00
 0.45792280230073E+00
 0.46309137650380E+00
 0.46818528412509E+00
 0.47320332318337E+00
 0.47814852903300E+00
 0.48302058819136E+00
 0.48782232051770E+00
 0.49255283545766E+00
 0.49721467265580E+00
 0.50180759759971E+00
 0.50633375341456E+00
 0.51079370207193E+00
 0.51518915019563E+00
 0.51952044983758E+00
 0.52378942387503E+00
 0.52799677017753E+00
 0.53214354396431E+00
 0.53623101037458E+00
 0.54025970781049E+00
 0.54423143937160E+00
 0.54814739036496E+00
 0.55200771798138E+00
 0.55581409423090E+00
 0.55956764161437E+00
 0.56326898884539E+00
 0.56691979614789E+00
 0.57052014462807E+00
 0.57407180673574E+00
 0.57757497269918E+00
 0.58103133491545E+00
 0.58444149560921E+00
 0.58780610958277E+00
 0.59112632497345E+00
 0.59440305161258E+00
 0.59763711369224E+00
 0.60082923993181E+00
 0.60398005974271E+00
 0.60709061500927E+00
 0.61016183961848E+00
 0.61319424602696E+00
 0.61618887539037E+00
 0.61914583761497E+00
 0.62206635173349E+00
 0.62495100890386E+00
 0.62780041741063E+00
 0.63061554907007E+00
 0.63339645283850E+00
 0.63614425719562E+00
 0.63885909858680E+00
 0.64154230187045E+00
 0.64419388041972E+00
 0.64681474154501E+00
 0.64940510990349E+00
 0.65196544627156E+00
 0.65449697763724E+00
 0.65699991052347E+00
 0.65947444214579E+00
 0.66192115156715E+00
 0.66434044976558E+00
 0.66673354564340E+00
 0.66910019076701E+00
 0.67144109801929E+00
 0.67375654110930E+00
 0.67604700230374E+00
 0.67831310643840E+00
 0.68055491998643E+00
 0.68277317588708E+00
 0.68496823708137E+00
 0.68714000364419E+00
 0.68928992657758E+00
 0.69141722418280E+00
 0.69352308837024E+00
 0.69560729798942E+00
 0.69767038073533E+00
 0.69971285793433E+00
 0.70173488100354E+00
 0.70373672599281E+00
 0.70571916447336E+00
 0.70768175796350E+00
 0.70962556326478E+00
 0.71155045274137E+00
 0.71345659527126E+00
 0.71534477986627E+00
 0.71721467779631E+00
 0.71906713523734E+00
 0.72090183603394E+00
 0.72271961645840E+00
 0.72452041649654E+00
 0.72630465920711E+00
 0.72807234780800E+00
 0.72982401635563E+00
 0.73155965356675E+00
 0.73327958722824E+00
 0.73498399924823E+00
 0.73667314985814E+00
 0.73834741602236E+00
 0.74000674883979E+00
 0.74165151970713E+00
 0.74328193427769E+00
 0.74489798586876E+00
 0.74650032473783E+00
 0.74808852702529E+00
 0.74966334777754E+00
 0.75122466747033E+00
 0.75277277330469E+00
 0.75430785808238E+00
 0.75582991544415E+00
 0.75733924121303E+00
 0.75883634405036E+00
 0.76032067270712E+00
 0.76179312963641E+00
 0.76325343253655E+00
 0.76470160437996E+00
 0.76613833242453E+00
 0.76756338988050E+00
 0.76897699062547E+00
 0.77037935143410E+00
 0.77177050528725E+00
 0.77315073715882E+00
 0.77452006497892E+00
 0.77587875417833E+00
 0.77722675739171E+00
 0.77856445470501E+00
