 0.83176571363982E+02
 0.83176571363993E+02
 0.83176571364246E+02
 0.83176571419259E+02
 0.83176573347217E+02
 0.83176591494077E+02
 0.83176671867343E+02
 0.83176896760619E+02
 0.83177367131976E+02
 0.83178179585701E+02
 0.83179412468727E+02
 0.83181122434613E+02
 0.83183345317738E+02
 0.83186103500894E+02
 0.83189404507951E+02
 0.83193251397509E+02
 0.83197635364194E+02
 0.83202544242107E+02
 0.83207962298219E+02
 0.83213869149193E+02
 0.83195984913096E+02
 0.83196517301574E+02
 0.83197154028728E+02
 0.83197905670887E+02
 0.83198783678975E+02
 0.83199797361650E+02
 0.83200963921876E+02
 0.83202280120306E+02
 0.83203762280400E+02
 0.83205429939682E+02
 0.83207302830400E+02
 0.83209371264751E+02
 0.83211667946567E+02
 0.83214215715187E+02
 0.83216989493198E+02
 0.83220037683507E+02
 0.83223361449678E+02
 0.83226995418645E+02
 0.83230920811359E+02
 0.83235138143652E+02
 0.83239756831687E+02
 0.83244694476788E+02
 0.83249973677082E+02
 0.83255630894543E+02
 0.83261716098530E+02
 0.83268181394848E+02
 0.83275001078346E+02
 0.83282231939267E+02
 0.83289910629751E+02
 0.83298028301312E+02
 0.83306543530936E+02
 0.83315519866068E+02
 0.83324927589738E+02
 0.83334793220348E+02
 0.83345157293123E+02
 0.83355986438619E+02
 0.83367268682857E+02
 0.83379112432754E+02
 0.83391410185842E+02
 0.83404146903501E+02
 0.83417673113973E+02
 0.83431486154780E+02
 0.83445873413523E+02
 0.83461013065212E+02
 0.83476527403992E+02
 0.83492947237426E+02
 0.83509860619140E+02
 0.83527129845315E+02
 0.83545397377935E+02
 0.83564162710395E+02
 0.83584003392006E+02
 0.83604484434035E+02
 0.83625400313483E+02
 0.83647730032719E+02
 0.83670530086180E+02
 0.83694511071451E+02
 0.83719366588697E+02
 0.83745472626651E+02
 0.83772083119187E+02
 0.83800346865319E+02
 0.83829601563601E+02
 0.83860052659633E+02
 0.83891695716691E+02
 0.83924784106674E+02
 0.83959827400745E+02
 0.83995882569274E+02
 0.84033498056244E+02
 0.84073206138083E+02
 0.84114654408862E+02
 0.84158205650145E+02
 0.84203091315883E+02
 0.84250049321853E+02
 0.84299807697358E+02
 0.84352149827008E+02
 0.84406081188362E+02
 0.84462425661223E+02
 0.84522595408238E+02
 0.84584826466073E+02
 0.84650454454452E+02
 0.84719125918435E+02
 0.84791783232988E+02
 0.84867368455064E+02
 0.84946680116942E+02
 0.85030621529601E+02
 0.85119274508826E+02
 0.85211921963321E+02
 0.85308668176502E+02
 0.85412189614822E+02
 0.85520679386143E+02
 0.85634145680566E+02
 0.85753476161852E+02
 0.85880331086132E+02
 0.86013881500291E+02
 0.86155363956236E+02
 0.86305776400063E+02
 0.86463483183621E+02
 0.86630379622647E+02
 0.86807589132474E+02
 0.86996199712786E+02
 0.87195894416910E+02
 0.87407419366803E+02
 0.87631798460575E+02
 0.87873015629785E+02
 0.88130411948769E+02
 0.88403191083984E+02
 0.88693530530375E+02
 0.89003640560745E+02
 0.89339643119119E+02
 0.89699227041447E+02
 0.90083350676899E+02
 0.90497237647239E+02
 0.90946679790064E+02
 0.91427726199759E+02
 0.91950547546664E+02
 0.92520575581451E+02
 0.93133219509828E+02
 0.93807280310067E+02
 0.94540835797424E+02
 0.95342300471790E+02
 0.96213717673574E+02
 0.97165001995540E+02
 0.98211234128135E+02
 0.99354592532290E+02
 0.10059883392108E+03
 0.10195808429039E+03
 0.10342427991861E+03
 0.10501415879477E+03
 0.10671489250824E+03
 0.10853289378464E+03
 0.11046212455711E+03
 0.11246475157480E+03
 0.11457312781214E+03
 0.11677583029981E+03
 0.11902750712900E+03
 0.12135520058597E+03
 0.12372364520903E+03
 0.12614616228470E+03
 0.12859967963025E+03
 0.13109989877149E+03
 0.13361435440047E+03
 0.13615008353526E+03
 0.13871565715225E+03
 0.14129733383782E+03
 0.14389473758667E+03
 0.14649104532746E+03
 0.14911036878878E+03
 0.15173221533860E+03
 0.15436087796395E+03
 0.15700016643470E+03
 0.15964272409774E+03
 0.16227645734542E+03
 0.16493598585532E+03
 0.16759245120047E+03
 0.17023325572534E+03
 0.17289155660138E+03
 0.17556267100662E+03
 0.17821080839223E+03
 0.18087944755534E+03
 0.18353840053471E+03
 0.18622737754382E+03
 0.18887245017792E+03
 0.19154848185687E+03
 0.19421208051971E+03
 0.19691389245272E+03
 0.19958163436557E+03
 0.20228118848031E+03
 0.20495113714912E+03
 0.20764092952466E+03
 0.21033090933755E+03
 0.21303461557627E+03
 0.21572760974407E+03
 0.21844397655190E+03
 0.22116537870852E+03
 0.22388014280349E+03
 0.22659637503740E+03
 0.22930776367057E+03
 0.23203197057989E+03
 0.23477553468132E+03
 0.23752055136368E+03
 0.24024901460257E+03
 0.24300008384839E+03
 0.24574477363316E+03
 0.24851966226834E+03
 0.25127354028528E+03
 0.25406169552875E+03
 0.25682296482494E+03
 0.25961542311533E+03
 0.26241148592865E+03
 0.26520288068386E+03
 0.26800087095531E+03
 0.27081706614064E+03
 0.27363656357811E+03
 0.27648432841601E+03
 0.27930167296385E+03
 0.28213649165632E+03
 0.28498504250382E+03
 0.28783665141226E+03
 0.29070163551653E+03
 0.29355474851526E+03
 0.29643729232322E+03
 0.29931552538499E+03
 0.30221518879959E+03
 0.30513114890314E+03
 0.30803160217197E+03
 0.31096075589191E+03
 0.31386793338885E+03
 0.31679929879226E+03
 0.31973298201249E+03
 0.32268846380991E+03
 0.32564103283693E+03
 0.32858305168036E+03
 0.33156630689334E+03
 0.33455111044408E+03
 0.33753597142984E+03
 0.34055365854691E+03
 0.34353851557147E+03
 0.34655814695424E+03
 0.34956406510563E+03
 0.35261203032102E+03
 0.35564582242666E+03
 0.35868363485646E+03
 0.36175249900961E+03
 0.36479852080758E+03
 0.36787518083835E+03
 0.37096906716098E+03
 0.37403479415707E+03
 0.37714391273645E+03
 0.38025767276138E+03
 0.38336445520091E+03
 0.38650560093791E+03
 0.38961716549603E+03
 0.39277553520568E+03
 0.39591307800449E+03
 0.39907544951445E+03
 0.40224637186719E+03
 0.40541353107181E+03
 0.40860941871338E+03
 0.41180810093172E+03
 0.41498584168392E+03
 0.41821997343682E+03
 0.42142048517848E+03
 0.42467247202054E+03
 0.42790740253019E+03
 0.43115260939745E+03
 0.43439615796543E+03
 0.43767835104011E+03
 0.44095374253301E+03
 0.44424002726346E+03
 0.44750955664411E+03
 0.45082038705068E+03
 0.45413249460339E+03
 0.45744284839952E+03
 0.46077834223947E+03
 0.46411952567800E+03
 0.46745741993236E+03
 0.47081495336488E+03
 0.47418344840500E+03
 0.47753862942750E+03
 0.48092042810906E+03
 0.48432471129472E+03
 0.48772089624032E+03
 0.49113460471201E+03
 0.49454725458515E+03
 0.49796361237304E+03
 0.50139298397874E+03
 0.50484984800502E+03
 0.50828514624437E+03
 0.51174966013383E+03
 0.51520007264177E+03
 0.51867619972687E+03
 0.52218278646654E+03
 0.52564808554528E+03
 0.52917378330212E+03
 0.53267315027385E+03
 0.53619752112290E+03
 0.53973910647737E+03
 0.54326651006627E+03
 0.54681708191732E+03
 0.55036498916180E+03
 0.55393034904110E+03
