 0.67197792076794E+03
 0.67197792076794E+03
 0.67197792076794E+03
 0.67197792076794E+03
 0.67197792076794E+03
 0.67197823877565E+03
 0.67197734998231E+03
 0.67197756846389E+03
 0.67197660663052E+03
 0.67195495340662E+03
 0.67205188985754E+03
 0.67192827157642E+03
 0.67949582194605E+03
 0.67190633634510E+03
 0.67942965274651E+03
 0.67947477267217E+03
 0.67945972969675E+03
 0.67194404236533E+03
 0.67189493495517E+03
 0.67943914507355E+03
 0.67948071329734E+03
 0.67193473609648E+03
 0.67190510005618E+03
 0.67935341421428E+03
 0.67931248778543E+03
 0.67947603481446E+03
 0.67952873391995E+03
 0.67938503713365E+03
 0.68186007207870E+03
 0.67947522880455E+03
 0.67204416426026E+03
 0.67935244753830E+03
 0.67228348345000E+03
 0.67248443552756E+03
 0.67204900091824E+03
 0.67269198103785E+03
 0.67213822623458E+03
 0.67218693459184E+03
 0.67327790078780E+03
 0.67228515673271E+03
 0.68187086993601E+03
 0.67297634480291E+03
 0.67200027571534E+03
 0.67336690099860E+03
 0.67440250246840E+03
 0.67455285457095E+03
 0.67435111145614E+03
 0.67329629685787E+03
 0.67251744553371E+03
 0.67443957668330E+03
 0.67249662231547E+03
 0.67532891171134E+03
 0.67338285100539E+03
 0.67297418134990E+03
 0.67300078451646E+03
 0.67579584902178E+03
 0.68071667297753E+03
 0.67216557914578E+03
 0.67733191963677E+03
 0.67381137417781E+03
 0.67622747284548E+03
 0.67479236680073E+03
 0.68135966985239E+03
 0.67413738158516E+03
 0.67881696640962E+03
 0.67447952293777E+03
 0.67523899677875E+03
 0.67624243461519E+03
 0.67691904823330E+03
 0.67292456860820E+03
 0.67859374788601E+03
 0.67978000961003E+03
 0.68198288901202E+03
 0.67876429619802E+03
 0.67905191492013E+03
 0.67676629010492E+03
 0.68068535099461E+03
 0.67996245859684E+03
 0.67469334366390E+03
 0.67496863218397E+03
 0.67782026506457E+03
 0.68161593559419E+03
 0.67853915421402E+03
 0.68181745599780E+03
 0.67602851015648E+03
 0.67848527053685E+03
 0.67883181061457E+03
 0.67511122545809E+03
 0.67934942826624E+03
 0.67788295881702E+03
 0.67900735608222E+03
 0.68283938881242E+03
 0.67895594161269E+03
 0.68528210913588E+03
 0.67844980851593E+03
 0.68120082419271E+03
 0.68028223973185E+03
 0.67852277446263E+03
 0.68614380315447E+03
 0.68481013303661E+03
 0.68470681033630E+03
 0.68699441445060E+03
 0.68433843846578E+03
 0.68393059885753E+03
 0.68865800713751E+03
 0.68723215420374E+03
 0.68894055954808E+03
 0.68981619415089E+03
 0.69098758150877E+03
 0.69419385754975E+03
 0.68883433810229E+03
 0.69425522041818E+03
 0.69086863489765E+03
 0.69287787513189E+03
 0.69315032822485E+03
 0.70403972650083E+03
 0.70214967829157E+03
 0.69615912419262E+03
 0.70174173032100E+03
 0.70640984375312E+03
 0.70383658228533E+03
 0.70004566697409E+03
 0.70516992334979E+03
 0.71181771558635E+03
 0.71017174901568E+03
 0.71385186612515E+03
 0.71541126413824E+03
 0.71717767377573E+03
 0.70875442857620E+03
 0.71155353063941E+03
 0.72190273643132E+03
 0.72219150581713E+03
 0.71880904225943E+03
 0.72520632728817E+03
 0.72190469180774E+03
 0.72159842775052E+03
 0.72917695556075E+03
 0.73089683260063E+03
 0.72308529244846E+03
 0.73463104592456E+03
 0.72781953186193E+03
 0.73825764128713E+03
 0.72933927971838E+03
 0.73687749502362E+03
 0.73782753097761E+03
 0.74575675680342E+03
 0.73875631889489E+03
 0.74662958283263E+03
 0.75018783955249E+03
 0.74865828156654E+03
 0.74918302688303E+03
 0.75351847152358E+03
 0.74821998588078E+03
 0.75399028758656E+03
 0.76137689182037E+03
 0.76280854898059E+03
 0.75615064492584E+03
 0.76126415565771E+03
 0.76090124467499E+03
 0.76841114647183E+03
 0.77326806045072E+03
 0.76997379331041E+03
 0.76995081533532E+03
 0.77846022842479E+03
 0.77936782349399E+03
 0.77775245165678E+03
 0.78040846989091E+03
 0.77932615271287E+03
 0.78410885315065E+03
 0.78746656483928E+03
 0.79392898018203E+03
 0.78569371555430E+03
 0.79301350871262E+03
 0.79939361586837E+03
 0.79663323410897E+03
 0.80203027066711E+03
 0.80406677130591E+03
 0.80083196369774E+03
 0.80680590736732E+03
 0.80939123565736E+03
 0.80769253147363E+03
 0.81009880831764E+03
 0.81820422329779E+03
 0.81863862884976E+03
 0.81607835703725E+03
 0.82953660785949E+03
 0.82051582448072E+03
 0.82621400767554E+03
 0.83343638102272E+03
 0.83314963997125E+03
 0.84015933030329E+03
 0.83351087563972E+03
 0.84422274049803E+03
 0.84430901966681E+03
 0.84035470219654E+03
 0.84415127819849E+03
 0.84593437889545E+03
 0.84936941284512E+03
 0.86075336962952E+03
 0.85701539506167E+03
 0.85538883444732E+03
 0.86740054192368E+03
 0.87024702902497E+03
 0.86305347296539E+03
 0.86866791766164E+03
 0.87045564125484E+03
 0.87227627808435E+03
 0.88151368334907E+03
 0.88223765215319E+03
 0.87812973922495E+03
 0.89133568340643E+03
 0.88531530692515E+03
 0.88398357213753E+03
 0.89773521550714E+03
 0.89882164069693E+03
 0.89532734479093E+03
 0.90597565490863E+03
 0.90271182217373E+03
 0.90417959879925E+03
 0.91155250901059E+03
 0.91701322678957E+03
 0.90771433359305E+03
 0.90908549852580E+03
 0.92092890360397E+03
 0.91694301885803E+03
 0.92790223616747E+03
 0.92309962754906E+03
 0.92426825490708E+03
 0.93416736734743E+03
 0.92916151672559E+03
 0.93563919538145E+03
 0.94114409218012E+03
 0.94188998574918E+03
 0.94351736601083E+03
 0.94255358407667E+03
 0.95545663823631E+03
 0.94988262679503E+03
 0.94897777750269E+03
 0.95424065958471E+03
 0.96737953344608E+03
 0.97008854871065E+03
 0.96567307761671E+03
 0.97509386484486E+03
 0.97720860915749E+03
 0.96996859332893E+03
 0.97613200568264E+03
 0.98748247428639E+03
 0.97727828790438E+03
 0.98891874164542E+03
 0.98026908528513E+03
 0.99159421954348E+03
 0.99660241682577E+03
 0.99036487186425E+03
 0.99702921167095E+03
 0.99700304019834E+03
 0.99597752180174E+03
 0.10108812152473E+04
 0.10084153103316E+04
 0.10154976448411E+04
 0.10076905107421E+04
 0.10118343025851E+04
 0.10249547260218E+04
 0.10155531842790E+04
 0.10271306582800E+04
 0.10232618883929E+04
 0.10335316134582E+04
 0.10307049346081E+04
 0.10322702672438E+04
 0.10339591822595E+04
 0.10408161964362E+04
 0.10394329666408E+04
 0.10433851446584E+04
 0.10429948571036E+04
 0.10636464728530E+04
 0.10644228194189E+04
 0.10542112243163E+04
 0.10691789928882E+04
 0.10727898457202E+04
 0.10684826448146E+04
 0.10723845259900E+04
 0.10772516203857E+04
 0.10819980695896E+04
 0.10864989735586E+04
 0.10834947389045E+04
 0.10934109220969E+04
 0.10936185822293E+04
 0.10887235412240E+04
 0.10877192929939E+04
 0.11038005757960E+04
 0.10946852882813E+04
 0.11019481494144E+04
 0.11000777454997E+04
 0.11011107741171E+04
 0.11143372175787E+04
 0.11134904944112E+04
 0.11104113748499E+04
 0.11123566912212E+04
 0.11299599925454E+04
 0.11184275554226E+04
 0.11238771763591E+04
