 0.77828127914593E+07
 0.77828127914647E+07
 0.77828127915301E+07
 0.77828127918517E+07
 0.77828127940319E+07
 0.77828128089108E+07
 0.77828129398257E+07
 0.77828135132704E+07
 0.77828154248336E+07
 0.77828204368883E+07
 0.77828314346935E+07
 0.77828523524168E+07
 0.77828883629268E+07
 0.77829457171207E+07
 0.77830307445476E+07
 0.77831519141296E+07
 0.77833160632066E+07
 0.77835309934126E+07
 0.77838042136762E+07
 0.77841429586237E+07
 0.77845564946237E+07
 0.77850463996485E+07
 0.77856213449883E+07
 0.77862860975891E+07
 0.77870461392457E+07
 0.77879050162250E+07
 0.77888683051577E+07
 0.77899324076893E+07
 0.77911024671262E+07
 0.77923829393899E+07
 0.77937786039847E+07
 0.77952807157089E+07
 0.77968985242106E+07
 0.77986359260228E+07
 0.78004774089156E+07
 0.78024375489977E+07
 0.78045100023369E+07
 0.78067045352841E+07
 0.78090047892895E+07
 0.78114052057508E+07
 0.78139462406324E+07
 0.78165863265087E+07
 0.78193268192658E+07
 0.78221747782936E+07
 0.78251457354286E+07
 0.78282100529766E+07
 0.78313459919647E+07
 0.78345696245142E+07
 0.78378867598225E+07
 0.78412827459863E+07
 0.78447227240776E+07
 0.78482251576667E+07
 0.78517544859536E+07
 0.78553133848965E+07
 0.78588971483322E+07
 0.78624673515070E+07
 0.78659990843064E+07
 0.78695085036427E+07
 0.78729330407336E+07
 0.78762209282355E+07
 0.78795137373224E+07
 0.78825336260577E+07
 0.78853796380701E+07
 0.78880874630112E+07
 0.78904439464480E+07
 0.78926448001401E+07
 0.78944496569053E+07
 0.78957434437062E+07
 0.78967508421439E+07
 0.78971958225576E+07
 0.78972739408322E+07
 0.78967164239032E+07
 0.78953692751662E+07
 0.78935812135277E+07
 0.78908585583343E+07
 0.78874412029607E+07
 0.78830917336240E+07
 0.78778854247206E+07
 0.78714418151659E+07
 0.78641031556740E+07
 0.78554953361363E+07
 0.78456131272524E+07
 0.78343557565068E+07
 0.78216817639319E+07
 0.78076252939548E+07
 0.77917828410206E+07
 0.77741836934094E+07
 0.77548532925695E+07
 0.77335539004171E+07
 0.77102267552082E+07
 0.76845571286222E+07
 0.76565310714211E+07
 0.76261645579115E+07
 0.75932519258076E+07
 0.75573828779040E+07
 0.75186351045276E+07
 0.74768813278212E+07
 0.74318054528995E+07
 0.73833101056615E+07
 0.73311319770021E+07
 0.72751024135301E+07
 0.72150026535371E+07
 0.71506113380464E+07
 0.70816188271258E+07
 0.70077434552041E+07
 0.69287762676717E+07
 0.68445277072955E+07
 0.67542188931548E+07
 0.66579373702878E+07
 0.65554789794076E+07
 0.64462219993760E+07
 0.63294868720070E+07
 0.62052349600727E+07
 0.60726603281999E+07
 0.59310933889643E+07
 0.57807873642471E+07
 0.56208318726114E+07
 0.54503268496600E+07
 0.52684737862209E+07
 0.50752579969996E+07
 0.48700167423917E+07
 0.46520646573209E+07
 0.44191814896203E+07
 0.41716719491703E+07
 0.39104642296815E+07
 0.36348823061281E+07
 0.33447425441647E+07
 0.30374050802519E+07
 0.27169457615407E+07
 0.23867175747303E+07
 0.20481043898233E+07
 0.17040721544975E+07
 0.13660144904604E+07
 0.10368004768819E+07
 0.72383257335798E+06
 0.43847081324929E+06
 0.18009766550989E+06
-0.45212283205617E+05
-0.23707407154448E+06
-0.39609292439704E+06
-0.52500528692099E+06
-0.62788238861421E+06
-0.70721711329074E+06
-0.76597809027864E+06
-0.80790308625352E+06
-0.83510160517149E+06
-0.85071196976723E+06
-0.85642310007561E+06
-0.85432849289983E+06
-0.84587450936926E+06
-0.83209376025666E+06
-0.81448542784100E+06
-0.79383260664256E+06
-0.77075067281028E+06
-0.74596947046014E+06
-0.71997941924977E+06
-0.69321176438354E+06
-0.66602428341294E+06
-0.63868221641213E+06
-0.61144207879212E+06
-0.58449187437173E+06
-0.55794974169526E+06
-0.53196334262578E+06
-0.50660110708491E+06
-0.48199052124879E+06
-0.45810946085932E+06
-0.43504139960246E+06
-0.41279891003266E+06
-0.39138860686239E+06
-0.37082744920417E+06
-0.35115483130424E+06
-0.33225948020213E+06
-0.31420188035727E+06
-0.29701195413015E+06
-0.28056072427670E+06
-0.26487376179944E+06
-0.24999962176773E+06
-0.23580385865074E+06
-0.22232829922843E+06
-0.20946847290799E+06
-0.19737208861734E+06
-0.18582760410132E+06
-0.17492799851436E+06
-0.16451234831937E+06
-0.15472282096794E+06
-0.14540372023930E+06
-0.13665918597277E+06
-0.12834778142458E+06
-0.12049961008534E+06
-0.11307121552799E+06
-0.10607250912805E+06
-0.99441510179433E+05
-0.93184181651213E+05
-0.87291341232992E+05
-0.81750034798324E+05
-0.76542829766252E+05
-0.71618376829353E+05
-0.66964061605275E+05
-0.62596688030984E+05
-0.58505786085268E+05
-0.54635949235448E+05
-0.51025831036679E+05
-0.47596533589938E+05
-0.44411719212239E+05
-0.41388143733841E+05
-0.38587441313064E+05
-0.35941138097100E+05
-0.33460480456676E+05
-0.31139527023610E+05
-0.28980020265379E+05
-0.26941957543132E+05
-0.25043037230376E+05
-0.23255451913365E+05
-0.21611452179144E+05
-0.20073720126388E+05
-0.18632798971647E+05
-0.17294976572703E+05
-0.16046575322559E+05
-0.14901155737386E+05
-0.13823230474762E+05
-0.12830338058609E+05
-0.11902422758839E+05
-0.11038920948307E+05
-0.10258475135435E+05
-0.95248205956117E+04
-0.88645187791882E+04
-0.82484108335445E+04
-0.76891763983991E+04
-0.71702223042706E+04
-0.67013099275111E+04
-0.62828276263110E+04
-0.58839494457497E+04
-0.55341795980976E+04
-0.52183224470347E+04
-0.49226317422804E+04
-0.46757065726673E+04
-0.44510982552903E+04
-0.42569674051481E+04
-0.40714382096320E+04
-0.39230558168044E+04
-0.37982335075883E+04
-0.36837273944235E+04
-0.35964684591844E+04
-0.35219437305566E+04
-0.34594718660228E+04
-0.34238680057633E+04
-0.33905249548622E+04
-0.33730963067957E+04
-0.33685618198430E+04
-0.33707980763758E+04
-0.33952629222512E+04
-0.34139175786286E+04
-0.34507349683268E+04
-0.34928180524184E+04
-0.35409036759091E+04
-0.35971914251370E+04
-0.36547398007498E+04
-0.37199769678562E+04
-0.37968008154382E+04
-0.38634179113049E+04
-0.39477367182593E+04
-0.40250954169733E+04
-0.41087242601843E+04
-0.41958624000389E+04
-0.42881199357805E+04
-0.43774079446585E+04
-0.44673610306918E+04
-0.45619643205726E+04
-0.46586551816325E+04
-0.47525701984267E+04
-0.48465706956207E+04
-0.49467795077492E+04
-0.50380837269407E+04
-0.51322819014324E+04
-0.52280535629621E+04
-0.53234803935100E+04
-0.54160348918518E+04
-0.55142584904687E+04
-0.56026599162873E+04
-0.56943456436191E+04
-0.57839869407838E+04
-0.58724509744419E+04
-0.59591480215175E+04
-0.60472888266471E+04
-0.61319664074275E+04
-0.62133806021175E+04
-0.62981346696865E+04
-0.63770275038498E+04
-0.64583116738439E+04
-0.65358584013189E+04
-0.66076424032863E+04
-0.66849258314754E+04
-0.67542094160550E+04
-0.68244057771808E+04
-0.68936822973161E+04
-0.69588193232162E+04
-0.70232625402373E+04
-0.70837572637121E+04
-0.71431566842964E+04
-0.72036176264820E+04
