 0.21140089951492E+08
 0.21140089951487E+08
 0.21140089951416E+08
 0.21140089951002E+08
 0.21140089949331E+08
 0.21140089944668E+08
 0.21140090048753E+08
 0.21140090529864E+08
 0.21140092253790E+08
 0.21140096868169E+08
 0.21140107191161E+08
 0.21140126663454E+08
 0.21140160644990E+08
 0.21140214944729E+08
 0.21140295299885E+08
 0.21140410023515E+08
 0.21140565507520E+08
 0.21140768968032E+08
 0.21141027356119E+08
 0.21141347824011E+08
 0.21141740620342E+08
 0.21142204979360E+08
 0.21142751693289E+08
 0.21143385289711E+08
 0.21144113832983E+08
 0.21144942274344E+08
 0.21145879349570E+08
 0.21146919305668E+08
 0.21148073490063E+08
 0.21149351156446E+08
 0.21150763933925E+08
 0.21152300685853E+08
 0.21153981977663E+08
 0.21155819341997E+08
 0.21157792786526E+08
 0.21159933092497E+08
 0.21162236049417E+08
 0.21164726132431E+08
 0.21167381496112E+08
 0.21170201241768E+08
 0.21173263419409E+08
 0.21176505897004E+08
 0.21179939581370E+08
 0.21183585638876E+08
 0.21187482682065E+08
 0.21191590313267E+08
 0.21195881769028E+08
 0.21200398595168E+08
 0.21205165237754E+08
 0.21210170393167E+08
 0.21215370229020E+08
 0.21220814718406E+08
 0.21226460134492E+08
 0.21232334830884E+08
 0.21238450843215E+08
 0.21244766900024E+08
 0.21251266459041E+08
 0.21258017584013E+08
 0.21264921798338E+08
 0.21271930397789E+08
 0.21279336395577E+08
 0.21286677323111E+08
 0.21294178650888E+08
 0.21301951234706E+08
 0.21309653233894E+08
 0.21317705557223E+08
 0.21325718051654E+08
 0.21333533471983E+08
 0.21341644553734E+08
 0.21349602676067E+08
 0.21357853781780E+08
 0.21365969085159E+08
 0.21373727440489E+08
 0.21381903585139E+08
 0.21389633107431E+08
 0.21397483751428E+08
 0.21405111091126E+08
 0.21412779800299E+08
 0.21419790219147E+08
 0.21427058976954E+08
 0.21433925736316E+08
 0.21440516374909E+08
 0.21446747093351E+08
 0.21452746868831E+08
 0.21458820278835E+08
 0.21464176341596E+08
 0.21469133631999E+08
 0.21474012180338E+08
 0.21478479913888E+08
 0.21482700789113E+08
 0.21486004084899E+08
 0.21488846055093E+08
 0.21491649981553E+08
 0.21494201072028E+08
 0.21495634338560E+08
 0.21496473730535E+08
 0.21497550149418E+08
 0.21497561809229E+08
 0.21497283412080E+08
 0.21496411353335E+08
 0.21495368882692E+08
 0.21493425879638E+08
 0.21490973610608E+08
 0.21488381902933E+08
 0.21485593694602E+08
 0.21482084508870E+08
 0.21477889912309E+08
 0.21474196015044E+08
 0.21470029891013E+08
 0.21465317626743E+08
 0.21460457311205E+08
 0.21456103774413E+08
 0.21451888671312E+08
 0.21448295999994E+08
 0.21445762531281E+08
 0.21443671223380E+08
 0.21442967485545E+08
 0.21444167546649E+08
 0.21447894803980E+08
 0.21454557645691E+08
 0.21464857835991E+08
 0.21479806843315E+08
 0.21501874964447E+08
 0.21531929858344E+08
 0.21571378409381E+08
 0.21623086183699E+08
 0.21690517298965E+08
 0.21779733296289E+08
 0.21894400339010E+08
 0.22040136652575E+08
 0.22225688931054E+08
 0.22461116714124E+08
 0.22749647678023E+08
 0.23101820099969E+08
 0.23521627202277E+08
 0.23999245680139E+08
 0.24537082914866E+08
 0.25117180786283E+08
 0.25725336855198E+08
 0.26344612590429E+08
 0.26962301398450E+08
 0.27572319022696E+08
 0.28163049136482E+08
 0.28726140077693E+08
 0.29261625585275E+08
 0.29761519118488E+08
 0.30230022491883E+08
 0.30662263376550E+08
 0.31061249434516E+08
 0.31426702660559E+08
 0.31753957828263E+08
 0.32051583310889E+08
 0.32319489439235E+08
 0.32554052883693E+08
 0.32760392958575E+08
 0.32937696268719E+08
 0.33088568424872E+08
 0.33213312824648E+08
 0.33314226616542E+08
 0.33391495902206E+08
 0.33446621566620E+08
 0.33481081516398E+08
 0.33495615070208E+08
 0.33491385002949E+08
 0.33469390446182E+08
 0.33430555631711E+08
 0.33375940043793E+08
 0.33306392750406E+08
 0.33222694478575E+08
 0.33125728709954E+08
 0.33016888878190E+08
 0.32895546905847E+08
 0.32763379533496E+08
 0.32621887313402E+08
 0.32469850305865E+08
 0.32308686359380E+08
 0.32140460138313E+08
 0.31963462969764E+08
 0.31779721699245E+08
 0.31587653540216E+08
 0.31392430988607E+08
 0.31189476611140E+08
 0.30982633932086E+08
 0.30768050752425E+08
 0.30551532423014E+08
 0.30329018366210E+08
 0.30105440760730E+08
 0.29876871240750E+08
 0.29645564539632E+08
 0.29410938798376E+08
 0.29174551262644E+08
 0.28934843475897E+08
 0.28693171304518E+08
 0.28450259094360E+08
 0.28206679872775E+08
 0.27962703267573E+08
 0.27716620405192E+08
 0.27468723013283E+08
 0.27220966604066E+08
 0.26973948862764E+08
 0.26725141258190E+08
 0.26478018404981E+08
 0.26228406963380E+08
 0.25981427166807E+08
 0.25732277234878E+08
 0.25486222952067E+08
 0.25239166647542E+08
 0.24992677173071E+08
 0.24747146715806E+08
 0.24503564204203E+08
 0.24259379553826E+08
 0.24016754241459E+08
 0.23774049368122E+08
 0.23534780270936E+08
 0.23296347104283E+08
 0.23058490838648E+08
 0.22822378655193E+08
 0.22587353807028E+08
 0.22355285420601E+08
 0.22123257781448E+08
 0.21893535152013E+08
 0.21664513253449E+08
 0.21436631045869E+08
 0.21212389201005E+08
 0.20988317614018E+08
 0.20767757907946E+08
 0.20547893732799E+08
 0.20330529123573E+08
 0.20114138121613E+08
 0.19900227079613E+08
 0.19689246846674E+08
 0.19477747033874E+08
 0.19269599641904E+08
 0.19063323725221E+08
 0.18857406570344E+08
 0.18655809241267E+08
 0.18455339624850E+08
 0.18257393968282E+08
 0.18059211120807E+08
 0.17864916024755E+08
 0.17672864892290E+08
 0.17481408351262E+08
 0.17293139751788E+08
 0.17106171366878E+08
 0.16920554761472E+08
 0.16738633084141E+08
 0.16556979287632E+08
 0.16377651050628E+08
 0.16200488473181E+08
 0.16024588015530E+08
 0.15852495193403E+08
 0.15679971386504E+08
 0.15510854094640E+08
 0.15343215839701E+08
 0.15177319753825E+08
 0.15013563018483E+08
 0.14850910651233E+08
 0.14690484334911E+08
 0.14533017176711E+08
 0.14374993556150E+08
 0.14221077790413E+08
 0.14067193039539E+08
 0.13915662243355E+08
 0.13766085051249E+08
 0.13618697317378E+08
 0.13472211412207E+08
 0.13327309314443E+08
 0.13184647176892E+08
 0.13043889454742E+08
 0.12904160146848E+08
 0.12766071651211E+08
 0.12630571697863E+08
 0.12495144418166E+08
 0.12361832395740E+08
 0.12230442675349E+08
 0.12100630227477E+08
 0.11971939305165E+08
 0.11845980461915E+08
 0.11719884308032E+08
 0.11596051666289E+08
 0.11473550963298E+08
 0.11352549783755E+08
 0.11232849980299E+08
 0.11115133857841E+08
 0.10998440492189E+08
 0.10882824309227E+08
 0.10769521832245E+08
 0.10656795529786E+08
 0.10546171202304E+08
 0.10436475371024E+08
 0.10327369877309E+08
 0.10220955723581E+08
 0.10114596168666E+08
 0.10010091911292E+08
 0.99070163320580E+07
 0.98046986369651E+07
 0.97038843596776E+07
 0.96038753915627E+07
 0.95051991619013E+07
 0.94082603948257E+07
