 0.98444459134164E+00
 0.98444459134164E+00
 0.98444459134164E+00
 0.98444459134164E+00
 0.98444459134164E+00
 0.98444459134164E+00
 0.98444459134164E+00
 0.98444459134164E+00
 0.98444459134164E+00
 0.98444459763444E+00
 0.98444429401300E+00
 0.98444472865203E+00
 0.98444477837906E+00
 0.98444469753260E+00
 0.98444461697639E+00
 0.98444436305912E+00
 0.98444495910910E+00
 0.98444473861220E+00
 0.98444478790643E+00
 0.98444462091361E+00
 0.98444462345588E+00
 0.98444493245485E+00
 0.98444461565233E+00
 0.98444462952320E+00
 0.98444470506063E+00
 0.98444481443056E+00
 0.98444481757877E+00
 0.98444458690814E+00
 0.98444450047068E+00
 0.98444516456467E+00
 0.98444485422177E+00
 0.98444496431685E+00
 0.98444470587954E+00
 0.98445094755684E+00
 0.98444424486627E+00
 0.98445057035352E+00
 0.98444502458637E+00
 0.98444488538861E+00
 0.98445387132451E+00
 0.98444473604587E+00
 0.98445740702782E+00
 0.98445579533394E+00
 0.98444474685688E+00
 0.98445812887259E+00
 0.98444994443679E+00
 0.98444965947988E+00
 0.98444484266306E+00
 0.98444472425710E+00
 0.98448821990246E+00
 0.98448252369558E+00
 0.98449103524842E+00
 0.98445013237639E+00
 0.98445603366979E+00
 0.98446488292888E+00
 0.98448543676553E+00
 0.98448587320480E+00
 0.98448609535496E+00
 0.98444544063731E+00
 0.98446555656129E+00
 0.98447283921480E+00
 0.98444310528771E+00
 0.98448766017678E+00
 0.98446418526336E+00
 0.98449202092498E+00
 0.98445459093257E+00
 0.98448849425028E+00
 0.98448800280842E+00
 0.98447903515953E+00
 0.98442607423924E+00
 0.98443183472480E+00
 0.98449004218528E+00
 0.98444445531630E+00
 0.98444963662236E+00
 0.98446379233908E+00
 0.98443013405099E+00
 0.98445231314236E+00
 0.98447642037549E+00
 0.98444641424497E+00
 0.98446955187477E+00
 0.98448749541553E+00
 0.98445863931539E+00
 0.98448833136474E+00
 0.98444042017015E+00
 0.98444232449534E+00
 0.98442557407951E+00
 0.98445966483176E+00
 0.98440281360544E+00
 0.98443142952702E+00
 0.98442912993230E+00
 0.98445887864797E+00
 0.98440290841481E+00
 0.98448230434654E+00
 0.98441153000849E+00
 0.98444071452937E+00
 0.98442322235800E+00
 0.98447397161005E+00
 0.98443647983092E+00
 0.98439281508039E+00
 0.98443252397878E+00
 0.98446318108092E+00
 0.98447238058558E+00
 0.98445253572567E+00
 0.98443168829911E+00
 0.98442573857815E+00
 0.98443135083957E+00
 0.98443334746514E+00
 0.98439511288924E+00
 0.98442235853157E+00
 0.98441821513372E+00
 0.98440782339559E+00
 0.98441253973741E+00
 0.98436643601471E+00
 0.98443508988301E+00
 0.98439895018939E+00
 0.98441390599892E+00
 0.98442187481923E+00
 0.98438245746898E+00
 0.98438281837250E+00
 0.98438497609450E+00
 0.98440238719104E+00
 0.98440457982196E+00
 0.98441682613213E+00
 0.98435532989951E+00
 0.98440030080926E+00
 0.98435928519809E+00
 0.98434576755025E+00
 0.98434453795556E+00
 0.98430028644811E+00
 0.98432501613204E+00
 0.98435230106201E+00
 0.98434838142209E+00
 0.98432697554020E+00
 0.98431417822886E+00
 0.98427536600299E+00
 0.98429794632228E+00
 0.98424584683505E+00
 0.98425668681309E+00
 0.98423240514483E+00
 0.98421675474049E+00
 0.98424457798169E+00
 0.98418416012788E+00
 0.98414753188656E+00
 0.98413378046669E+00
 0.98412636415291E+00
 0.98411058135515E+00
 0.98409145359397E+00
 0.98411352554034E+00
 0.98406723359229E+00
 0.98409300075517E+00
 0.98402887128975E+00
 0.98399392667001E+00
 0.98395544736757E+00
 0.98396931583752E+00
 0.98389810208495E+00
 0.98388313129998E+00
 0.98382523643949E+00
 0.98383687876018E+00
 0.98378546998426E+00
 0.98363759695985E+00
 0.98361216513319E+00
 0.98352242417776E+00
 0.98345372973779E+00
 0.98334565601746E+00
 0.98328506272870E+00
 0.98316278469811E+00
 0.98305852382093E+00
 0.98291687191685E+00
 0.98283346234590E+00
 0.98262635190003E+00
 0.98246018814089E+00
 0.98235734389514E+00
 0.98214995952579E+00
 0.98197921465023E+00
 0.98178769206302E+00
 0.98162975613440E+00
 0.98137355635855E+00
 0.98114455923953E+00
 0.98095541100182E+00
 0.98071492875133E+00
 0.98039962799107E+00
 0.98013889542794E+00
 0.97983236340463E+00
 0.97953699914300E+00
 0.97921752282753E+00
 0.97892371391132E+00
 0.97862861911616E+00
 0.97829833645608E+00
 0.97787710487555E+00
 0.97746902716121E+00
 0.97715167733477E+00
 0.97677222389028E+00
 0.97628995623166E+00
 0.97594349145081E+00
 0.97546481604540E+00
 0.97503761506392E+00
 0.97458237358021E+00
 0.97403670593176E+00
 0.97353196352412E+00
 0.97306418986138E+00
 0.97252783912227E+00
