 0.35172283106890E+01
 0.35172283106890E+01
 0.35172283106890E+01
 0.35172283106890E+01
 0.35172283106890E+01
 0.35172283106890E+01
 0.35172283106890E+01
 0.35172283106890E+01
 0.35172283106890E+01
 0.35172283219305E+01
 0.35172277795404E+01
 0.35172285559806E+01
 0.35172286448131E+01
 0.35172285003888E+01
 0.35172283564830E+01
 0.35172279028846E+01
 0.35172289676696E+01
 0.35172285737735E+01
 0.35172286618328E+01
 0.35172283635165E+01
 0.35172283680580E+01
 0.35172289200544E+01
 0.35172283541177E+01
 0.35172283788967E+01
 0.35172285138369E+01
 0.35172287092156E+01
 0.35172287148395E+01
 0.35172283027690E+01
 0.35172281483569E+01
 0.35172293346959E+01
 0.35172287802987E+01
 0.35172289769728E+01
 0.35172285152998E+01
 0.35172396654286E+01
 0.35172276917446E+01
 0.35172389915938E+01
 0.35172290846384E+01
 0.35172288359752E+01
 0.35172448884334E+01
 0.35172285691890E+01
 0.35172512045867E+01
 0.35172483254705E+01
 0.35172285885018E+01
 0.35172524940833E+01
 0.35172378734579E+01
 0.35172373644116E+01
 0.35172287596502E+01
 0.35172285481295E+01
 0.35173062479902E+01
 0.35172960724834E+01
 0.35173112772158E+01
 0.35172382091927E+01
 0.35172487512318E+01
 0.35172645594419E+01
 0.35173012762944E+01
 0.35173020559343E+01
 0.35173024527755E+01
 0.35172298278725E+01
 0.35172657628078E+01
 0.35172787723947E+01
 0.35172256559978E+01
 0.35173052481169E+01
 0.35172633131431E+01
 0.35173130379888E+01
 0.35172461739366E+01
 0.35173067380749E+01
 0.35173058601814E+01
 0.35172898406689E+01
 0.35171952315378E+01
 0.35172055221646E+01
 0.35173095032469E+01
 0.35172280676930E+01
 0.35172373235789E+01
 0.35172626112292E+01
 0.35172024840559E+01
 0.35172421049051E+01
 0.35172851696911E+01
 0.35172315671264E+01
 0.35172728999620E+01
 0.35173049537934E+01
 0.35172534059332E+01
 0.35173064471022E+01
 0.35172208592905E+01
 0.35172242611871E+01
 0.35171943380427E+01
 0.35172552379045E+01
 0.35171536780501E+01
 0.35172047983136E+01
 0.35172006902822E+01
 0.35172538334744E+01
 0.35171538474213E+01
 0.35172956806453E+01
 0.35171692493491E+01
 0.35172213851356E+01
 0.35171901368788E+01
 0.35172807952787E+01
 0.35172138202372E+01
 0.35171358162368E+01
 0.35172067534573E+01
 0.35172615192866E+01
 0.35172779531101E+01
 0.35172425025269E+01
 0.35172052605877E+01
 0.35171946319063E+01
 0.35172046577452E+01
 0.35172082245440E+01
 0.35171399211536E+01
 0.35171885937201E+01
 0.35171811918530E+01
 0.35171626277296E+01
 0.35171710531611E+01
 0.35170886910563E+01
 0.35172113372198E+01
 0.35171467762812E+01
 0.35171734938928E+01
 0.35171877296054E+01
 0.35171173128399E+01
 0.35171179575791E+01
 0.35171218122577E+01
 0.35171529162861E+01
 0.35171568332890E+01
 0.35171787105031E+01
 0.35170688502221E+01
 0.35171491890869E+01
 0.35170759162902E+01
 0.35170517672027E+01
 0.35170495705409E+01
 0.35169705146370E+01
 0.35170146947638E+01
 0.35170634392502E+01
 0.35170564368609E+01
 0.35170181952660E+01
 0.35169953326786E+01
 0.35169259931497E+01
 0.35169663339217E+01
 0.35168732551096E+01
 0.35168926215738E+01
 0.35168492403360E+01
 0.35168212792919E+01
 0.35168709881974E+01
 0.35167630449773E+01
 0.35166976029344E+01
 0.35166730335723E+01
 0.35166597829349E+01
 0.35166315838363E+01
 0.35165974079941E+01
 0.35166368442243E+01
 0.35165541332969E+01
 0.35166001723413E+01
 0.35164855889822E+01
 0.35164231500913E+01
 0.35163543941625E+01
 0.35163791749001E+01
 0.35162519254607E+01
 0.35162251740870E+01
 0.35161217195433E+01
 0.35161425238966E+01
 0.35160506575779E+01
 0.35157863984484E+01
 0.35157409480465E+01
 0.35155805631104E+01
 0.35154577875391E+01
 0.35152646218473E+01
 0.35151563157169E+01
 0.35149377424000E+01
 0.35147513642060E+01
 0.35144981294558E+01
 0.35143490074860E+01
 0.35139787022578E+01
 0.35136815798592E+01
 0.35134976683921E+01
 0.35131267835188E+01
 0.35128213950887E+01
 0.35124788127613E+01
 0.35121962827809E+01
 0.35117379212578E+01
 0.35113281767831E+01
 0.35109896978387E+01
 0.35105593100514E+01
 0.35099949406475E+01
 0.35095281764802E+01
 0.35089793425844E+01
 0.35084504229195E+01
 0.35078782351294E+01
 0.35073519357118E+01
 0.35068232533957E+01
 0.35062314350942E+01
 0.35054765046341E+01
 0.35047449934325E+01
 0.35041760135085E+01
 0.35034955660402E+01
 0.35026305582263E+01
 0.35020089981022E+01
 0.35011500696956E+01
 0.35003833282839E+01
 0.34995660748155E+01
 0.34985862359568E+01
 0.34976796409294E+01
 0.34968392376037E+01
 0.34958753799015E+01
