 0.16434232347461E+00
 0.16434232347457E+00
 0.16434232347403E+00
 0.16434232346865E+00
 0.16434232342544E+00
 0.16434232326739E+00
 0.16434232175710E+00
 0.16434231349438E+00
 0.16434228584599E+00
 0.16434221352161E+00
 0.16434205373785E+00
 0.16434174413459E+00
 0.16434121096734E+00
 0.16434035131277E+00
 0.16433905604149E+00
 0.16433723119600E+00
 0.16433470194712E+00
 0.16433137207048E+00
 0.16432714998955E+00
 0.16432183687693E+00
 0.16431528524628E+00
 0.16430742556674E+00
 0.16429813736127E+00
 0.16428727849210E+00
 0.16427466947879E+00
 0.16426026014174E+00
 0.16424385605894E+00
 0.16422527002761E+00
 0.16420454655100E+00
 0.16418146306858E+00
 0.16415578783815E+00
 0.16412746625260E+00
 0.16409637552495E+00
 0.16406220076102E+00
 0.16402494709140E+00
 0.16398415726462E+00
 0.16394034193734E+00
 0.16389238503564E+00
 0.16384067672571E+00
 0.16378528858164E+00
 0.16372560545742E+00
 0.16366170682240E+00
 0.16359416175520E+00
 0.16352125669775E+00
 0.16344424222062E+00
 0.16336213617292E+00
 0.16327537434862E+00
 0.16318383538910E+00
 0.16308746103994E+00
 0.16298554159568E+00
 0.16287913992390E+00
 0.16276757169330E+00
 0.16265092719723E+00
 0.16252974609319E+00
 0.16240109644186E+00
 0.16226886925769E+00
 0.16213168132320E+00
 0.16199002953123E+00
 0.16184160780471E+00
 0.16168708900245E+00
 0.16152887730200E+00
 0.16136504967649E+00
 0.16119592722081E+00
 0.16102083409707E+00
 0.16084128263693E+00
 0.16065608365283E+00
 0.16046254836264E+00
 0.16026931028047E+00
 0.16006193314193E+00
 0.15985812657634E+00
 0.15964037119786E+00
 0.15942157359022E+00
 0.15918980060839E+00
 0.15895861116184E+00
 0.15872046376967E+00
 0.15847401202645E+00
 0.15822152698189E+00
 0.15796156990069E+00
 0.15769211504133E+00
 0.15742349464363E+00
 0.15713671983780E+00
 0.15684517609422E+00
 0.15655198473372E+00
 0.15624406180879E+00
 0.15592709686480E+00
 0.15559796649332E+00
 0.15526620688472E+00
 0.15492289697754E+00
 0.15456241065712E+00
 0.15419881036715E+00
 0.15382494744054E+00
 0.15342893945526E+00
 0.15303395800946E+00
 0.15262112587549E+00
 0.15219245129813E+00
 0.15174656275559E+00
 0.15129342953068E+00
 0.15082227755072E+00
 0.15033635643793E+00
 0.14983306036443E+00
 0.14931093182773E+00
 0.14877458733599E+00
 0.14822082882810E+00
 0.14764048312498E+00
 0.14704389470538E+00
 0.14642825134724E+00
 0.14579037174903E+00
 0.14512606420608E+00
 0.14443055013973E+00
 0.14372277375833E+00
 0.14297822093773E+00
 0.14220591970911E+00
 0.14140764236151E+00
 0.14057229334267E+00
 0.13970317103051E+00
 0.13882256680594E+00
 0.13786806654570E+00
 0.13689291198774E+00
 0.13587948596095E+00
 0.13482721179835E+00
 0.13372191070902E+00
 0.13257626543129E+00
 0.13136919337279E+00
 0.13013319683560E+00
 0.12881523100914E+00
 0.12746648377492E+00
 0.12605107286101E+00
 0.12453447159245E+00
 0.12295756339954E+00
 0.12133373131691E+00
 0.11960820168878E+00
 0.11780328455870E+00
 0.11594244866079E+00
 0.11394278146401E+00
 0.11185172009523E+00
 0.10967551995878E+00
 0.10738145638859E+00
 0.10494175038150E+00
 0.10240039179440E+00
 0.99747805051930E-01
 0.96919346710350E-01
 0.93963602955985E-01
 0.90858532569174E-01
 0.87611283031075E-01
 0.84164999354394E-01
 0.80597054093885E-01
 0.76916973268539E-01
 0.73048028688048E-01
 0.69054912827097E-01
 0.64953894215901E-01
 0.60869280741583E-01
 0.56668275550095E-01
 0.52552950231886E-01
 0.48476884513216E-01
 0.44512972369875E-01
 0.40735776528305E-01
 0.37143225257888E-01
 0.33792975802387E-01
 0.30693922846974E-01
 0.27841936425004E-01
 0.25265096443223E-01
 0.22937780658846E-01
 0.20838870127026E-01
 0.18965830091701E-01
 0.17291155516773E-01
 0.15785795125892E-01
 0.14456152324379E-01
 0.13257672053055E-01
 0.12189482132080E-01
 0.11228869287947E-01
 0.10370307160541E-01
 0.95921848211452E-02
 0.89003106583858E-02
 0.82699721960284E-02
 0.77032442823028E-02
 0.71849740936292E-02
 0.67154328462748E-02
 0.62870146449009E-02
 0.58982092930414E-02
 0.55426799658926E-02
 0.52159944647177E-02
 0.49148778769099E-02
 0.46381427071878E-02
 0.43840061087112E-02
 0.41493087901158E-02
 0.39313926902965E-02
 0.37294530762320E-02
 0.35420538131639E-02
 0.33691291206842E-02
 0.32067225127118E-02
 0.30561763258996E-02
 0.29146709676791E-02
 0.27822207381411E-02
 0.26589798366703E-02
 0.25432164618312E-02
 0.24343590723262E-02
 0.23320805078452E-02
 0.22362023508059E-02
 0.21455450599138E-02
 0.20598902900413E-02
