 0.21139157607065E+08
 0.21139157607060E+08
 0.21139157606989E+08
 0.21139157606494E+08
 0.21139157605725E+08
 0.21139157609289E+08
 0.21139157687105E+08
 0.21139158197546E+08
 0.21139159926713E+08
 0.21139164496020E+08
 0.21139174531701E+08
 0.21139194305599E+08
 0.21139228284595E+08
 0.21139282391955E+08
 0.21139363335516E+08
 0.21139477458448E+08
 0.21139633743832E+08
 0.21139837636352E+08
 0.21140095164880E+08
 0.21140416092154E+08
 0.21140808068290E+08
 0.21141274420836E+08
 0.21141821209406E+08
 0.21142455463633E+08
 0.21143184517309E+08
 0.21144011071533E+08
 0.21144943239276E+08
 0.21145989700642E+08
 0.21147147998584E+08
 0.21148425398524E+08
 0.21149834255833E+08
 0.21151374936534E+08
 0.21153052359839E+08
 0.21154880857015E+08
 0.21156858535220E+08
 0.21159007287998E+08
 0.21161297649350E+08
 0.21163788919134E+08
 0.21166456612212E+08
 0.21169296321995E+08
 0.21172338138050E+08
 0.21175575684319E+08
 0.21178978006294E+08
 0.21182636693419E+08
 0.21186481805633E+08
 0.21190567273085E+08
 0.21194865190015E+08
 0.21199383137472E+08
 0.21204121451160E+08
 0.21209120512385E+08
 0.21214316346924E+08
 0.21219747694055E+08
 0.21225407681303E+08
 0.21231260639959E+08
 0.21237481294722E+08
 0.21243831460602E+08
 0.21250394091030E+08
 0.21257133704852E+08
 0.21264183264653E+08
 0.21271504144490E+08
 0.21278939452587E+08
 0.21286606986423E+08
 0.21294476137536E+08
 0.21302584725378E+08
 0.21310830176031E+08
 0.21319278535562E+08
 0.21328089064621E+08
 0.21336718773512E+08
 0.21346047706200E+08
 0.21354977077702E+08
 0.21364571191870E+08
 0.21374026123795E+08
 0.21384068137447E+08
 0.21393837073323E+08
 0.21403793310506E+08
 0.21414004360331E+08
 0.21424308993096E+08
 0.21434785797873E+08
 0.21445549968417E+08
 0.21455920480880E+08
 0.21467083982287E+08
 0.21478184568934E+08
 0.21488989779971E+08
 0.21500311779956E+08
 0.21511774001912E+08
 0.21523541737589E+08
 0.21535005087881E+08
 0.21546689296352E+08
 0.21558932679690E+08
 0.21570818821373E+08
 0.21582777865054E+08
 0.21595529404440E+08
 0.21607573104028E+08
 0.21620097127435E+08
 0.21632918640324E+08
 0.21646098918080E+08
 0.21658990503247E+08
 0.21672227972281E+08
 0.21685575611259E+08
 0.21699161592115E+08
 0.21713039758679E+08
 0.21726877982314E+08
 0.21740858037609E+08
 0.21755486369981E+08
 0.21770106241580E+08
 0.21784797886887E+08
 0.21799774591535E+08
 0.21815224986393E+08
 0.21831368374645E+08
 0.21847009353710E+08
 0.21863631337595E+08
 0.21880593552061E+08
 0.21897731327762E+08
 0.21915666020874E+08
 0.21934160121026E+08
 0.21951780353810E+08
 0.21972257188042E+08
 0.21992255841609E+08
 0.22012857487126E+08
 0.22033982121114E+08
 0.22056387357698E+08
 0.22079293924342E+08
 0.22103846084118E+08
 0.22128082268187E+08
 0.22155005401053E+08
 0.22181665558930E+08
 0.22209954906417E+08
 0.22241846972714E+08
 0.22274988817541E+08
 0.22308504980683E+08
 0.22345505941768E+08
 0.22384729682535E+08
 0.22424946563105E+08
 0.22470713107453E+08
 0.22519447720344E+08
 0.22571032973284E+08
 0.22627377669322E+08
 0.22690303907900E+08
 0.22757750876317E+08
 0.22830661002711E+08
 0.22913194300466E+08
 0.23003542618829E+08
 0.23103839132618E+08
 0.23214959204669E+08
 0.23341814906681E+08
 0.23481829701449E+08
 0.23636613983296E+08
 0.23813891856447E+08
 0.24012935102019E+08
 0.24236601821972E+08
 0.24479606427372E+08
 0.24756542126985E+08
 0.25055195469867E+08
 0.25382922548540E+08
 0.25735757371316E+08
 0.26106862783812E+08
 0.26495775674318E+08
 0.26892969646695E+08
 0.27292789330541E+08
 0.27690234283295E+08
 0.28074133851022E+08
 0.28441237061314E+08
 0.28788061588840E+08
 0.29108317146322E+08
 0.29400894496382E+08
 0.29666104675966E+08
 0.29898293531146E+08
 0.30102510693296E+08
 0.30276199304599E+08
 0.30421562170808E+08
 0.30538320508920E+08
 0.30629161329989E+08
 0.30693195839253E+08
 0.30733858425851E+08
 0.30751503805994E+08
 0.30748043266797E+08
 0.30724446787157E+08
 0.30682051962513E+08
 0.30622443179622E+08
 0.30546721372557E+08
 0.30455937314264E+08
 0.30350855922805E+08
 0.30232931873028E+08
 0.30103487150654E+08
 0.29963106294648E+08
 0.29812194323470E+08
 0.29651933533961E+08
 0.29483125288130E+08
 0.29307647038812E+08
 0.29123764534033E+08
 0.28934313988915E+08
 0.28737835664795E+08
 0.28535751617715E+08
 0.28329891193621E+08
 0.28119307343648E+08
 0.27904443724341E+08
 0.27686105279768E+08
 0.27465354576100E+08
 0.27241126905142E+08
 0.27014042678156E+08
