 0.20941382915855E+01
 0.20941382915855E+01
 0.20941382915855E+01
 0.20941382915855E+01
 0.20941382915855E+01
 0.20941382992905E+01
 0.20941382692321E+01
 0.20941382760857E+01
 0.20941382460806E+01
 0.20941374377408E+01
 0.20941410070969E+01
 0.20941363943827E+01
 0.20941366056762E+01
 0.20941355605136E+01
 0.20941393009926E+01
 0.20941374629281E+01
 0.20941380850365E+01
 0.20941370950334E+01
 0.20941352996515E+01
 0.20941391373862E+01
 0.20941372202511E+01
 0.20941368319017E+01
 0.20941358172275E+01
 0.20941426272435E+01
 0.20941442066139E+01
 0.20941379483979E+01
 0.20941352833210E+01
 0.20941408118039E+01
 0.20941449631073E+01
 0.20941372958449E+01
 0.20941413220128E+01
 0.20941506918387E+01
 0.20941514958678E+01
 0.20941505089360E+01
 0.20941362740093E+01
 0.20941647605698E+01
 0.20941483817277E+01
 0.20941428555479E+01
 0.20941735208293E+01
 0.20941482255489E+01
 0.20941404160773E+01
 0.20941667012648E+01
 0.20941346720674E+01
 0.20941770752072E+01
 0.20941925092197E+01
 0.20941886583275E+01
 0.20941858613560E+01
 0.20941693634361E+01
 0.20941396094959E+01
 0.20941766968851E+01
 0.20941307910421E+01
 0.20941785379523E+01
 0.20941508763345E+01
 0.20941338647745E+01
 0.20941294140918E+01
 0.20941504107683E+01
 0.20941509604857E+01
 0.20940744321825E+01
 0.20940995846596E+01
 0.20940831286132E+01
 0.20940707019281E+01
 0.20940503356496E+01
 0.20940135461086E+01
 0.20939866080263E+01
 0.20940781636449E+01
 0.20939169533782E+01
 0.20938811177185E+01
 0.20939984579630E+01
 0.20937973779954E+01
 0.20937354923017E+01
 0.20936513762445E+01
 0.20935534820098E+01
 0.20935377047513E+01
 0.20934298725830E+01
 0.20934833917184E+01
 0.20932734587264E+01
 0.20930998278667E+01
 0.20931146406606E+01
 0.20930523759437E+01
 0.20928845947292E+01
 0.20926535683573E+01
 0.20925118313765E+01
 0.20922620314733E+01
 0.20920159938244E+01
 0.20918454326841E+01
 0.20916028365402E+01
 0.20913880019693E+01
 0.20911439704725E+01
 0.20907865819801E+01
 0.20904191292166E+01
 0.20900547790468E+01
 0.20898326307542E+01
 0.20893051402921E+01
 0.20888769091250E+01
 0.20884918636651E+01
 0.20879011680227E+01
 0.20874527285189E+01
 0.20867303476941E+01
 0.20863086237963E+01
 0.20857110202391E+01
 0.20848918139640E+01
 0.20841508016692E+01
 0.20833957635679E+01
 0.20825625082772E+01
 0.20819024634447E+01
 0.20808927507434E+01
 0.20801201471813E+01
 0.20789542267823E+01
 0.20779181097656E+01
 0.20769621425486E+01
 0.20757513091098E+01
 0.20747981690768E+01
 0.20733976242082E+01
 0.20722040410047E+01
 0.20708597107688E+01
 0.20694553569709E+01
 0.20680722017984E+01
 0.20667036467141E+01
 0.20653955320469E+01
 0.20636661029793E+01
 0.20621514340582E+01
 0.20606539380219E+01
 0.20588869593663E+01
 0.20572470255919E+01
 0.20556016367565E+01
 0.20538148986927E+01
 0.20520453100768E+01
 0.20500087480786E+01
 0.20481293106121E+01
 0.20462849835680E+01
 0.20442874319954E+01
 0.20422983347039E+01
 0.20404223180598E+01
 0.20380934295100E+01
 0.20361581354782E+01
 0.20339687150224E+01
 0.20316036321713E+01
 0.20293653320344E+01
 0.20271178755706E+01
 0.20245407580212E+01
 0.20222102625546E+01
 0.20196518698039E+01
 0.20170400687105E+01
 0.20144745670704E+01
 0.20119585480843E+01
 0.20089875559971E+01
 0.20062008123441E+01
 0.20034546369231E+01
 0.20002866400932E+01
 0.19972674641923E+01
 0.19943234609958E+01
 0.19910571951098E+01
 0.19878977494454E+01
 0.19846627288944E+01
 0.19812794546078E+01
 0.19780052309443E+01
 0.19746462881420E+01
 0.19710379601246E+01
 0.19673523067670E+01
 0.19640531992764E+01
 0.19603879262182E+01
 0.19567582519115E+01
 0.19526966966655E+01
 0.19490156994930E+01
 0.19452391946158E+01
 0.19411823779054E+01
 0.19373907495379E+01
 0.19335750962929E+01
 0.19295788582744E+01
 0.19252781037904E+01
 0.19212229955103E+01
 0.19170839120689E+01
 0.19129560170302E+01
 0.19087691107615E+01
 0.19047642614941E+01
 0.19000692446901E+01
 0.18959048087231E+01
 0.18915794826696E+01
 0.18872136826946E+01
 0.18828038926683E+01
 0.18783597541416E+01
 0.18739161274745E+01
 0.18697319660613E+01
 0.18649012984220E+01
 0.18605954126286E+01
 0.18557221579463E+01
 0.18511185807658E+01
 0.18468085359395E+01
 0.18420234188369E+01
 0.18372566183300E+01
 0.18325680953966E+01
 0.18280580792124E+01
 0.18233484392201E+01
 0.18183720511751E+01
 0.18136647371692E+01
 0.18090037342603E+01
 0.18039991596808E+01
 0.17991951931795E+01
 0.17944207234625E+01
 0.17897939923722E+01
