 0.35172473832405E+01
 0.35172473832405E+01
 0.35172473832405E+01
 0.35172473832405E+01
 0.35172473832405E+01
 0.35172473832405E+01
 0.35172473832405E+01
 0.35172473832405E+01
 0.35172473832405E+01
 0.35172473355199E+01
 0.35172494853538E+01
 0.35172464520117E+01
 0.35172442927179E+01
 0.35172457325827E+01
 0.35172428048518E+01
 0.35172440253569E+01
 0.35172432470528E+01
 0.35172466664678E+01
 0.35172454076261E+01
 0.35172431366911E+01
 0.35172443199566E+01
 0.35172464710992E+01
 0.35172457069793E+01
 0.35172407318903E+01
 0.35172393752262E+01
 0.35172432845318E+01
 0.35172447656780E+01
 0.35172416609498E+01
 0.35172388201837E+01
 0.35172436700012E+01
 0.35172499914145E+01
 0.35172367076135E+01
 0.35172569361194E+01
 0.35172568837951E+01
 0.35172471331388E+01
 0.35172668095460E+01
 0.35172554512440E+01
 0.35172519774709E+01
 0.35172738492064E+01
 0.35172548123057E+01
 0.35172398612675E+01
 0.35172697533925E+01
 0.35172474912001E+01
 0.35172777945328E+01
 0.35172925962640E+01
 0.35172916754705E+01
 0.35172897864124E+01
 0.35172777097297E+01
 0.35172587654147E+01
 0.35172893075362E+01
 0.35172576770326E+01
 0.35172996989530E+01
 0.35172792553941E+01
 0.35172714990666E+01
 0.35172747090865E+01
 0.35173013483656E+01
 0.35172167341477E+01
 0.35172609515409E+01
 0.35172993668818E+01
 0.35172865895920E+01
 0.35173009301074E+01
 0.35172972489932E+01
 0.35172279421151E+01
 0.35172907695944E+01
 0.35171951799337E+01
 0.35172929488347E+01
 0.35172981299547E+01
 0.35171630546768E+01
 0.35173012736277E+01
 0.35171962148264E+01
 0.35172847852874E+01
 0.35172669335391E+01
 0.35172435235797E+01
 0.35172811935075E+01
 0.35172048641533E+01
 0.35173001910653E+01
 0.35172692274442E+01
 0.35172105629551E+01
 0.35171808619619E+01
 0.35171896824798E+01
 0.35172177586194E+01
 0.35172281557926E+01
 0.35172754677450E+01
 0.35172210496693E+01
 0.35172228419282E+01
 0.35172848706297E+01
 0.35172011898711E+01
 0.35171665739876E+01
 0.35172002691937E+01
 0.35172078680866E+01
 0.35172729736346E+01
 0.35172557466054E+01
 0.35171875074413E+01
 0.35172790675870E+01
 0.35171867139779E+01
 0.35171932962975E+01
 0.35171910361693E+01
 0.35171764987225E+01
 0.35172776730498E+01
 0.35172779022320E+01
 0.35171826228013E+01
 0.35171969350665E+01
 0.35172022788150E+01
 0.35171988483939E+01
 0.35172452984117E+01
 0.35172563915712E+01
 0.35172210009909E+01
 0.35171202373233E+01
 0.35171126772749E+01
 0.35171969648317E+01
 0.35172770564322E+01
 0.35172036254110E+01
 0.35172762746465E+01
 0.35172202525144E+01
 0.35172038548730E+01
 0.35172191592797E+01
 0.35172065672245E+01
 0.35172287138368E+01
 0.35172006169507E+01
 0.35172139727662E+01
 0.35172645070810E+01
 0.35172639364498E+01
 0.35172910569299E+01
 0.35173624262279E+01
 0.35174029385777E+01
 0.35173651088678E+01
 0.35173783634582E+01
 0.35174179976192E+01
 0.35175439935131E+01
 0.35175866211909E+01
 0.35175436927332E+01
 0.35176415267669E+01
 0.35176822743152E+01
 0.35177359478952E+01
 0.35177704176819E+01
 0.35178311375201E+01
 0.35180042932235E+01
 0.35179308129696E+01
 0.35180812951836E+01
 0.35181145603117E+01
 0.35182015512478E+01
 0.35182907045610E+01
 0.35184163886209E+01
 0.35184117674025E+01
 0.35184875757908E+01
 0.35185414355639E+01
 0.35185768095621E+01
 0.35186443448150E+01
 0.35186814107820E+01
 0.35186901610372E+01
 0.35187194053374E+01
 0.35187913360523E+01
 0.35187782257784E+01
 0.35188437772076E+01
 0.35187296839307E+01
 0.35188461393591E+01
 0.35187501692668E+01
 0.35187614626218E+01
 0.35185912673990E+01
 0.35185344434451E+01
 0.35184600649241E+01
 0.35183253100780E+01
 0.35182505586142E+01
 0.35182068291659E+01
 0.35179502553502E+01
 0.35178791237417E+01
 0.35177185507854E+01
 0.35175993025656E+01
 0.35173313346925E+01
 0.35170993066877E+01
 0.35168527609865E+01
 0.35166787419316E+01
 0.35163020899683E+01
 0.35160979763555E+01
 0.35156904202995E+01
 0.35154098349171E+01
 0.35150235598023E+01
 0.35147025306303E+01
 0.35142075496126E+01
 0.35138625986112E+01
 0.35133406270706E+01
 0.35128750601631E+01
 0.35124703334367E+01
 0.35118452029016E+01
 0.35113843811433E+01
 0.35107207058293E+01
 0.35101487633743E+01
 0.35094953789973E+01
 0.35090040773739E+01
 0.35083430428950E+01
 0.35076631400129E+01
 0.35068167302539E+01
 0.35060879055162E+01
 0.35053888823027E+01
 0.35045305146919E+01
 0.35037024226556E+01
 0.35029678036022E+01
 0.35021183506178E+01
 0.35011066370279E+01
 0.35001810200479E+01
