 0.34789878279465E+03
 0.34789878498954E+03
 0.34789879516805E+03
 0.34789882399173E+03
 0.34789888833281E+03
 0.34789901844543E+03
 0.34789926911766E+03
 0.34789971834525E+03
 0.34790045074432E+03
 0.34790153429241E+03
 0.34790300891329E+03
 0.34790487227911E+03
 0.34790711088968E+03
 0.34790965281098E+03
 0.34791243558090E+03
 0.34791542613629E+03
 0.34791845042955E+03
 0.34792149495464E+03
 0.34792456815016E+03
 0.34792747056195E+03
 0.34791417169788E+03
 0.34791249307712E+03
 0.34791036270234E+03
 0.34790771293989E+03
 0.34790439739004E+03
 0.34790049724173E+03
 0.34789580172106E+03
 0.34789009246457E+03
 0.34788356135123E+03
 0.34787583792826E+03
 0.34786653618350E+03
 0.34785553889187E+03
 0.34784257173074E+03
 0.34782696616998E+03
 0.34780859648186E+03
 0.34778644754720E+03
 0.34776125862446E+03
 0.34773073742980E+03
 0.34769529522718E+03
 0.34765477202892E+03
 0.34760769043718E+03
 0.34755384270864E+03
 0.34749388142297E+03
 0.34742419625381E+03
 0.34734672593563E+03
 0.34725914747111E+03
 0.34716187505027E+03
 0.34705420709407E+03
 0.34693547669813E+03
 0.34680392335030E+03
 0.34666110631666E+03
 0.34650524674149E+03
 0.34633599644206E+03
 0.34615383850727E+03
 0.34595298763526E+03
 0.34574011711025E+03
 0.34551225055221E+03
 0.34526979455810E+03
 0.34500803727645E+03
 0.34472803370272E+03
 0.34443360678653E+03
 0.34412086718190E+03
 0.34379005980177E+03
 0.34343953208440E+03
 0.34307193570798E+03
 0.34268480795603E+03
 0.34227220222609E+03
 0.34185078128060E+03
 0.34139301161374E+03
 0.34093122369475E+03
 0.34043330986934E+03
 0.33992265771291E+03
 0.33937677430046E+03
 0.33882059551613E+03
 0.33824031877240E+03
 0.33763319553161E+03
 0.33700298314738E+03
 0.33634672517866E+03
 0.33566095682575E+03
 0.33496460659296E+03
 0.33422134428366E+03
 0.33345696565095E+03
 0.33267702098240E+03
 0.33185634443438E+03
 0.33100547126787E+03
 0.33011817951449E+03
 0.32921227609417E+03
 0.32827045945665E+03
 0.32728277556072E+03
 0.32627421910060E+03
 0.32523222012543E+03
 0.32413226354126E+03
 0.32301942239986E+03
 0.32185591967585E+03
 0.32064556558746E+03
 0.31938532987616E+03
 0.31809313719004E+03
 0.31674865502706E+03
 0.31535504422615E+03
 0.31390831675731E+03
 0.31240449025559E+03
 0.31085006740211E+03
 0.30923836408229E+03
 0.30754983136281E+03
 0.30580265990976E+03
 0.30398939837249E+03
 0.30210226961918E+03
 0.30012955144119E+03
 0.29805829161166E+03
 0.29592580568633E+03
 0.29367784666392E+03
 0.29132455734894E+03
 0.28887340427366E+03
 0.28629194796987E+03
 0.28357519501360E+03
 0.28077581176321E+03
 0.27774139613379E+03
 0.27458482458597E+03
 0.27125213620128E+03
 0.26773768023521E+03
 0.26398919309355E+03
 0.26002568509457E+03
 0.25577136738060E+03
 0.25129578820183E+03
 0.24643717286528E+03
 0.24130936792120E+03
 0.23578025875067E+03
 0.22973500260219E+03
 0.22324698370368E+03
 0.21637125001911E+03
 0.20883007973209E+03
 0.20084572548857E+03
 0.19244106447969E+03
 0.18346500357116E+03
 0.17420508589348E+03
 0.16486407666728E+03
 0.15554200657025E+03
 0.14635437609855E+03
 0.13761556203318E+03
 0.12940801657592E+03
 0.12163656850881E+03
 0.11446362378521E+03
 0.10783682772152E+03
 0.10174157418012E+03
 0.96071626219416E+02
 0.90892016512433E+02
 0.86171492823103E+02
 0.81753904961167E+02
 0.77678716947344E+02
 0.73899809022668E+02
 0.70469735410320E+02
 0.67216679133917E+02
 0.64243445373063E+02
 0.61453419665405E+02
 0.58847663901487E+02
 0.56431084879194E+02
 0.54156439036765E+02
 0.52028299083732E+02
 0.50034093193653E+02
 0.48145393360196E+02
 0.46381131488541E+02
 0.44719296023369E+02
 0.43145970706491E+02
 0.41667202791785E+02
 0.40269433194574E+02
 0.38935952253550E+02
 0.37689157496213E+02
 0.36495282454746E+02
 0.35366607103877E+02
 0.34289489612266E+02
 0.33270002035671E+02
 0.32290529108914E+02
 0.31370713566704E+02
 0.30484715323621E+02
 0.29644448858883E+02
 0.28836019522757E+02
 0.28063102199982E+02
 0.27324929043949E+02
 0.26621143720736E+02
 0.25947694202681E+02
 0.25300064248901E+02
 0.24675559069387E+02
 0.24077618859741E+02
 0.23504921875780E+02
 0.22955701777358E+02
 0.22424173486361E+02
 0.21913146652614E+02
 0.21422083581276E+02
 0.20951380708847E+02
 0.20493522836847E+02
 0.20055633751649E+02
 0.19629761781517E+02
 0.19218633304995E+02
 0.18823390475093E+02
 0.18440982128096E+02
 0.18071370430094E+02
 0.17713750892885E+02
 0.17368388387788E+02
 0.17033152452789E+02
 0.16707469663032E+02
