 0.25955908804632E+10
 0.25957108867719E+10
 0.25959108782898E+10
 0.25961908750767E+10
 0.25965508759658E+10
 0.25969908781553E+10
 0.25975108684409E+10
 0.25981108744504E+10
 0.25987908512540E+10
 0.25995508450152E+10
 0.26003908398451E+10
 0.26013108301255E+10
 0.26023108280701E+10
 0.26033908143551E+10
 0.26045508236026E+10
 0.26057908269311E+10
 0.26071108412407E+10
 0.26085108291826E+10
 0.26099908769146E+10
 0.26115509174551E+10
 0.26131909768834E+10
 0.26149110526729E+10
 0.26167111867066E+10
 0.26185913453116E+10
 0.26205515641687E+10
 0.26225918156992E+10
 0.26247121158877E+10
 0.26269125379762E+10
 0.26291930244756E+10
 0.26315536280605E+10
 0.26339942052423E+10
 0.26365149729880E+10
 0.26391158485155E+10
 0.26417967479176E+10
 0.26445578940396E+10
 0.26473989688617E+10
 0.26503200616463E+10
 0.26533213270403E+10
 0.26564025204560E+10
 0.26595638349087E+10
 0.26628050460768E+10
 0.26661261678369E+10
 0.26695271481946E+10
 0.26730079746309E+10
 0.26765685925523E+10
 0.26802089060725E+10
 0.26839287566856E+10
 0.26877280622536E+10
 0.26916067945153E+10
 0.26955648832341E+10
 0.26996018993621E+10
 0.27037180776273E+10
 0.27079129884900E+10
 0.27121866493408E+10
 0.27165387759088E+10
 0.27209690290522E+10
 0.27254773711499E+10
 0.27300636160949E+10
 0.27347273962800E+10
 0.27394679863549E+10
 0.27442862978606E+10
 0.27491805122054E+10
 0.27541512530657E+10
 0.27591978690793E+10
 0.27643202852940E+10
 0.27695176710312E+10
 0.27747895959273E+10
 0.27801357423517E+10
 0.27855563283240E+10
 0.27910497168999E+10
 0.27966153942755E+10
 0.28022529157089E+10
 0.28079624137041E+10
 0.28137437076490E+10
 0.28195947327445E+10
 0.28255159682853E+10
 0.28315054787640E+10
 0.28375647006785E+10
 0.28436922527944E+10
 0.28498843432726E+10
 0.28561445324232E+10
 0.28624703498326E+10
 0.28688595269649E+10
 0.28753132864632E+10
 0.28818296674755E+10
 0.28884070050099E+10
 0.28950480878635E+10
 0.29017487556039E+10
 0.29085090756906E+10
 0.29153237701495E+10
 0.29221988751094E+10
 0.29291285096825E+10
 0.29361144467204E+10
 0.29431533552902E+10
 0.29502481539520E+10
 0.29573962588932E+10
 0.29645859448224E+10
 0.29718305522575E+10
 0.29791220893783E+10
 0.29864559101606E+10
 0.29938418178618E+10
 0.30012670345682E+10
 0.30087372783217E+10
 0.30162448466615E+10
 0.30237941479902E+10
 0.30313816470369E+10
 0.30389950787913E+10
 0.30466551460071E+10
 0.30543363735070E+10
 0.30620571313983E+10
 0.30697997219572E+10
 0.30775783458355E+10
 0.30853718989820E+10
 0.30931918750161E+10
 0.31010185625618E+10
 0.31088807594088E+10
 0.31167462446650E+10
 0.31246259280446E+10
 0.31325190230937E+10
 0.31404131608437E+10
 0.31483087128948E+10
 0.31562137835079E+10
 0.31641160505095E+10
 0.31720066599909E+10
 0.31798936399458E+10
 0.31877678301733E+10
 0.31956289022704E+10
 0.32034689548445E+10
 0.32112804108284E+10
 0.32190746902280E+10
 0.32268297431361E+10
 0.32345584607901E+10
 0.32422457944510E+10
 0.32499027441850E+10
 0.32575101440228E+10
 0.32650817215285E+10
 0.32725786318118E+10
 0.32800384943315E+10
 0.32874531982912E+10
 0.32948164566913E+10
 0.33021278034953E+10
 0.33094064503717E+10
 0.33166535060720E+10
 0.33238608941343E+10
 0.33310533037959E+10
 0.33382614349708E+10
 0.33454885718003E+10
 0.33527530582211E+10
 0.33600717634877E+10
 0.33674933569264E+10
 0.33750409791482E+10
 0.33827273710288E+10
 0.33905930243598E+10
 0.33986293422509E+10
 0.34068886073154E+10
 0.34153279652769E+10
 0.34239961608800E+10
 0.34328684848075E+10
 0.34419393857390E+10
 0.34511998183751E+10
 0.34606382336270E+10
 0.34702544819213E+10
 0.34800318135468E+10
 0.34899775613227E+10
 0.35000750561397E+10
 0.35103448740082E+10
 0.35207520144127E+10
 0.35313267412652E+10
 0.35420357391013E+10
 0.35528998674013E+10
 0.35639171237909E+10
 0.35750588823993E+10
 0.35863703651623E+10
 0.35978019166491E+10
 0.36093567359528E+10
 0.36210745674550E+10
 0.36329038453990E+10
 0.36448666601179E+10
 0.36569731006647E+10
 0.36691982953995E+10
 0.36815397257912E+10
 0.36940054937025E+10
 0.37065841914908E+10
 0.37192880816786E+10
 0.37321087265432E+10
 0.37450530022215E+10
 0.37580941616643E+10
 0.37712469053014E+10
 0.37845183001403E+10
 0.37979099419471E+10
 0.38113855933228E+10
 0.38249829468944E+10
 0.38386860287786E+10
 0.38524876173158E+10
 0.38663970220373E+10
 0.38804121262785E+10
 0.38945212489372E+10
 0.39087347940132E+10
 0.39230398197286E+10
 0.39374687891888E+10
 0.39519766266205E+10
 0.39665830531853E+10
 0.39813004700807E+10
 0.39961051028374E+10
 0.40110120746456E+10
 0.40260105779464E+10
 0.40411083172808E+10
 0.40562972417122E+10
 0.40715811244158E+10
 0.40869685043702E+10
 0.41024435813938E+10
 0.41180049281708E+10
 0.41336737266867E+10
 0.41494230369510E+10
 0.41652772497512E+10
 0.41812123018172E+10
 0.41972395218616E+10
 0.42133647196954E+10
 0.42295717139915E+10
 0.42458816424812E+10
 0.42622781657431E+10
 0.42787602982876E+10
 0.42953339192292E+10
 0.43120003930584E+10
 0.43287632342172E+10
 0.43456095252638E+10
 0.43625422046156E+10
 0.43795635518814E+10
 0.43966777602239E+10
 0.44138884467671E+10
 0.44311823096423E+10
 0.44485587722477E+10
 0.44660345140463E+10
 0.44835824156095E+10
 0.45012335297783E+10
 0.45189682216760E+10
 0.45367901276043E+10
 0.45546933885962E+10
 0.45726848946000E+10
 0.45907765003215E+10
 0.46089479859954E+10
 0.46272097947538E+10
 0.46455495446276E+10
 0.46639875084961E+10
 0.46825053099571E+10
 0.47011116643739E+10
 0.47198118081405E+10
 0.47385866193054E+10
 0.47574449483515E+10
 0.47764045274629E+10
 0.47954439042717E+10
 0.48145679056830E+10
 0.48337803355357E+10
 0.48530741419178E+10
 0.48724663676149E+10
 0.48919234351100E+10
 0.49114835284483E+10
 0.49311271990057E+10
 0.49508514835843E+10
 0.49706679392357E+10
 0.49905617174714E+10
 0.50105445406975E+10
 0.50306134031719E+10
 0.50507712151690E+10
 0.50710014562468E+10
 0.50913312740483E+10
 0.51117435490025E+10
 0.51322411243229E+10
 0.51528180613691E+10
 0.51734835905403E+10
 0.51942274219902E+10
 0.52150609766996E+10
 0.52359817649319E+10
 0.52569833116868E+10
 0.52780709328630E+10
 0.52992462706512E+10
 0.53205040497885E+10
 0.53418488702625E+10
 0.53632804382642E+10
 0.53847834919257E+10
 0.54063884046166E+10
 0.54280712406031E+10
 0.54498277316874E+10
 0.54716818718055E+10
 0.54936176241046E+10
 0.55156368048590E+10
 0.55377332445895E+10
 0.55599242568227E+10
 0.55821971120263E+10
 0.56045489915628E+10
 0.56269923350852E+10
 0.56495131373329E+10
 0.56721181877107E+10
 0.56948039438828E+10
 0.57175860785889E+10
 0.57404387688515E+10
 0.57633901416562E+10
 0.57864146289273E+10
 0.58095193473572E+10
 0.58327128868233E+10
