 0.10190117950350E+00
 0.10190117950351E+00
 0.10190117950369E+00
 0.10190117950488E+00
 0.10190117950674E+00
 0.10190117949805E+00
 0.10190117931093E+00
 0.10190117807678E+00
 0.10190117391227E+00
 0.10190116291005E+00
 0.10190113840821E+00
 0.10190109115382E+00
 0.10190100936958E+00
 0.10190087884675E+00
 0.10190068355754E+00
 0.10190040841388E+00
 0.10190003238588E+00
 0.10189954069393E+00
 0.10189892002896E+00
 0.10189814658533E+00
 0.10189720166947E+00
 0.10189607793456E+00
 0.10189476015958E+00
 0.10189323183598E+00
 0.10189147500507E+00
 0.10188948343424E+00
 0.10188723765433E+00
 0.10188471644995E+00
 0.10188192650990E+00
 0.10187884915321E+00
 0.10187545623873E+00
 0.10187174538709E+00
 0.10186770607203E+00
 0.10186330272770E+00
 0.10185854218088E+00
 0.10185336923363E+00
 0.10184785581354E+00
 0.10184185973270E+00
 0.10183544011716E+00
 0.10182860691650E+00
 0.10182128831585E+00
 0.10181349917100E+00
 0.10180531504139E+00
 0.10179651476130E+00
 0.10178726808975E+00
 0.10177744360840E+00
 0.10176711273795E+00
 0.10175625356535E+00
 0.10174486975610E+00
 0.10173286383223E+00
 0.10172039068999E+00
 0.10170736020138E+00
 0.10169379368765E+00
 0.10167977829653E+00
 0.10166489853042E+00
 0.10164972912583E+00
 0.10163407849735E+00
 0.10161803100835E+00
 0.10160128535294E+00
 0.10158393310986E+00
 0.10156637821448E+00
 0.10154832112969E+00
 0.10152986819544E+00
 0.10151091883687E+00
 0.10149176090961E+00
 0.10147222634067E+00
 0.10145196116548E+00
 0.10143228002178E+00
 0.10141109728364E+00
 0.10139103447002E+00
 0.10136962219195E+00
 0.10134874678105E+00
 0.10132675161672E+00
 0.10130562439532E+00
 0.10128437707802E+00
 0.10126284009652E+00
 0.10124141979675E+00
 0.10121995751316E+00
 0.10119823032880E+00
 0.10117781191663E+00
 0.10115597706773E+00
 0.10113481403171E+00
 0.10111481745445E+00
 0.10109413617997E+00
 0.10107369128421E+00
 0.10105314248991E+00
 0.10103387438709E+00
 0.10101478622693E+00
 0.10099506895179E+00
 0.10097685614228E+00
 0.10095922441326E+00
 0.10094052819352E+00
 0.10092424574415E+00
 0.10090761534617E+00
 0.10089124240154E+00
 0.10087485475167E+00
 0.10085997718461E+00
 0.10084527696764E+00
 0.10083116382638E+00
 0.10081748528644E+00
 0.10080415703907E+00
 0.10079183049694E+00
 0.10078010473609E+00
 0.10076801928937E+00
 0.10075684152031E+00
 0.10074641690014E+00
 0.10073632822755E+00
 0.10072606557797E+00
 0.10071516323397E+00
 0.10070618106785E+00
 0.10069588115637E+00
 0.10068534572199E+00
 0.10067504981573E+00
 0.10066356563102E+00
 0.10065095912919E+00
 0.10064022561704E+00
 0.10062331430174E+00
 0.10060692932981E+00
 0.10058817096297E+00
 0.10056717124776E+00
 0.10054152257545E+00
 0.10051224445218E+00
 0.10047619206377E+00
 0.10043641995744E+00
 0.10038544149554E+00
 0.10032810364566E+00
 0.10025838315990E+00
 0.10017049704514E+00
 0.10006595926273E+00
 0.99944028861579E-01
 0.99793786835139E-01
 0.99613422836628E-01
 0.99400585537959E-01
 0.99136731339167E-01
 0.98822059150150E-01
 0.98448999015098E-01
 0.98004361872351E-01
 0.97475359927115E-01
 0.96866319565781E-01
 0.96176699672213E-01
 0.95395603217544E-01
 0.94547710675950E-01
 0.93645691241200E-01
 0.92711386236801E-01
 0.91754370487172E-01
 0.90813861074178E-01
 0.89909054633380E-01
 0.89031461348591E-01
 0.88204751214714E-01
 0.87432364736150E-01
 0.86733432392768E-01
 0.86079880487122E-01
 0.85496671564519E-01
 0.84965599196679E-01
 0.84489742980491E-01
 0.84069000726652E-01
 0.83695392160579E-01
 0.83368964997310E-01
 0.83086405133225E-01
 0.82843296437358E-01
 0.82640096490469E-01
 0.82473038051800E-01
 0.82339118646759E-01
 0.82237487346860E-01
 0.82165383217732E-01
 0.82120793444045E-01
 0.82103015448573E-01
 0.82109569204321E-01
 0.82139380850732E-01
 0.82191282325999E-01
 0.82263725788256E-01
 0.82356432198897E-01
 0.82466677225522E-01
 0.82595313267517E-01
 0.82740098701094E-01
 0.82901710682375E-01
 0.83078302381973E-01
 0.83269775707839E-01
 0.83473945981597E-01
 0.83691166613280E-01
 0.83921643281671E-01
 0.84165467090395E-01
 0.84420755201531E-01
 0.84685986483109E-01
 0.84961620050676E-01
 0.85249556506183E-01
 0.85546967388547E-01
 0.85853735598023E-01
 0.86168388848953E-01
 0.86494411001213E-01
 0.86826991784808E-01
 0.87169795573525E-01
 0.87522037722420E-01
 0.87880317028297E-01
 0.88246552970113E-01
 0.88620665967151E-01
 0.89002096872255E-01
 0.89389691486823E-01
 0.89785584066994E-01
 0.90188963090513E-01
