 0.11124448542629E+04
 0.11124448542629E+04
 0.11124448542629E+04
 0.11124448542629E+04
 0.11124448542629E+04
 0.11124448542629E+04
 0.11124448542629E+04
 0.11124448542629E+04
 0.11124448542629E+04
 0.11124526923263E+04
 0.11122763418826E+04
 0.11125381591525E+04
 0.11125776487608E+04
 0.11125197602084E+04
 0.11124592698206E+04
 0.11123061257541E+04
 0.11127270976256E+04
 0.11125437308667E+04
 0.11125719838175E+04
 0.11124478068097E+04
 0.11124572871231E+04
 0.11126980112015E+04
 0.11124553468608E+04
 0.11124546691435E+04
 0.11125174704290E+04
 0.11125910915749E+04
 0.11125973576312E+04
 0.11124711595748E+04
 0.11124077143583E+04
 0.11062179280264E+04
 0.11126848471478E+04
 0.11127855536885E+04
 0.11124508095178E+04
 0.11067203536331E+04
 0.11122283885689E+04
 0.11064886747573E+04
 0.11127461100359E+04
 0.11064027999386E+04
 0.11069121921302E+04
 0.11126175613726E+04
 0.11071076991845E+04
 0.11072307360952E+04
 0.11127190543851E+04
 0.11072426800108E+04
 0.11062207690372E+04
 0.11065885799562E+04
 0.11062148863954E+04
 0.11124326434200E+04
 0.11110996934248E+04
 0.11101071347372E+04
 0.11123163804578E+04
 0.11068164598345E+04
 0.11069871619224E+04
 0.11080457159294E+04
 0.11105629103321E+04
 0.11107400435176E+04
 0.11106586295140E+04
 0.11128209901060E+04
 0.11081402567583E+04
 0.11087353559500E+04
 0.11119941199563E+04
 0.11156307165556E+04
 0.11185913423487E+04
 0.11129649299998E+04
 0.11074416338257E+04
 0.11108973487286E+04
 0.11152217571328E+04
 0.11093878781757E+04
 0.11084547056737E+04
 0.11096131542974E+04
 0.11116200279985E+04
 0.11122609127321E+04
 0.11125669902091E+04
 0.11188355932834E+04
 0.11212316344225E+04
 0.11195353630544E+04
 0.11175782156785E+04
 0.11156393540387E+04
 0.11181214637880E+04
 0.11159398910194E+04
 0.11195966022100E+04
 0.11121206013649E+04
 0.11158209170133E+04
 0.11204444095315E+04
 0.11094565093421E+04
 0.11193352689218E+04
 0.11197237879705E+04
 0.11104800171057E+04
 0.11101213988469E+04
 0.11079117695684E+04
 0.11069189443980E+04
 0.11133400492398E+04
 0.11189725204612E+04
 0.11152214116577E+04
 0.11211208929174E+04
 0.11154516418594E+04
 0.11148968821818E+04
 0.11193772172549E+04
 0.11098179964351E+04
 0.11103698504616E+04
 0.11141382302089E+04
 0.11084430612575E+04
 0.11190409886796E+04
 0.11151913429988E+04
 0.11198296126210E+04
 0.11071269099293E+04
 0.11080315107944E+04
 0.11124578795159E+04
 0.11132886058258E+04
 0.11117917549147E+04
 0.11102398700786E+04
 0.11078791204240E+04
 0.11106531525307E+04
 0.11134809954849E+04
 0.11091872400615E+04
 0.11126815640411E+04
 0.11114725984723E+04
 0.11064765798338E+04
 0.11189232550408E+04
 0.11188603444030E+04
 0.11102468133406E+04
 0.11105749066243E+04
 0.11096701015546E+04
 0.11084492782751E+04
 0.11152989199627E+04
 0.11148626858816E+04
 0.11064238250540E+04
 0.11170466732700E+04
 0.11105861981449E+04
 0.11085277904201E+04
 0.11179899780441E+04
 0.11066254096354E+04
 0.11165712972104E+04
 0.11098683551093E+04
 0.11152316211805E+04
 0.11193529159848E+04
 0.11145690142937E+04
 0.11094393959155E+04
 0.11133556641496E+04
 0.11183724676754E+04
 0.11158000626982E+04
 0.11087579801693E+04
 0.11074177541386E+04
 0.11111751657521E+04
 0.11181056480621E+04
 0.11144361935076E+04
 0.11133941981125E+04
 0.11094481160832E+04
 0.11174405684045E+04
 0.11141773814761E+04
 0.11102920805022E+04
 0.11161189669396E+04
 0.11182072706983E+04
 0.11143427386767E+04
 0.11150381992304E+04
 0.11134571009091E+04
 0.11249622284073E+04
 0.11145941903688E+04
 0.11246521429200E+04
 0.11169371132866E+04
 0.11222597792033E+04
 0.11148026766242E+04
 0.11138169013683E+04
 0.11171757051355E+04
 0.11208248505132E+04
 0.11225877227493E+04
 0.11249327955766E+04
 0.11194569734594E+04
 0.11244760426915E+04
 0.11206556008084E+04
 0.11311533201970E+04
 0.11216862125352E+04
 0.11229670820965E+04
 0.11351677849645E+04
 0.11361372179711E+04
 0.11281940634820E+04
 0.11299636266154E+04
 0.11306533901618E+04
 0.11379891479943E+04
 0.11343377126274E+04
 0.11421531146926E+04
 0.11325152374275E+04
 0.11468527568987E+04
 0.11487522941407E+04
 0.11401493431111E+04
 0.11469790772392E+04
 0.11505137914860E+04
 0.11534015329004E+04
 0.11465030450539E+04
 0.11466794167591E+04
 0.11599039199005E+04
 0.11552032330072E+04
 0.11548711879542E+04
 0.11579799362061E+04
 0.11570590765320E+04
 0.11558025952915E+04
 0.11645105996057E+04
 0.11601045679682E+04
 0.11653699397351E+04
 0.11606909377003E+04
