 0.11312241377893E+03
 0.11312241377892E+03
 0.11312241377876E+03
 0.11312241378960E+03
 0.11312241419240E+03
 0.11312241800312E+03
 0.11312243433314E+03
 0.11312247901929E+03
 0.11312256863194E+03
 0.11312271436522E+03
 0.11312291745954E+03
 0.11312316756621E+03
 0.11312344638812E+03
 0.11312372109358E+03
 0.11312396189255E+03
 0.11312411524415E+03
 0.11312414351614E+03
 0.11312399832299E+03
 0.11312362739332E+03
 0.11312298185759E+03
 0.11311683036487E+03
 0.11311414052498E+03
 0.11311094708003E+03
 0.11310720816028E+03
 0.11310287263756E+03
 0.11309790148330E+03
 0.11309222460524E+03
 0.11308586655422E+03
 0.11307875246873E+03
 0.11307080574594E+03
 0.11306194069157E+03
 0.11305221524154E+03
 0.11304148499224E+03
 0.11302965852714E+03
 0.11301685803408E+03
 0.11300286898572E+03
 0.11298770329401E+03
 0.11297120258771E+03
 0.11295347553546E+03
 0.11293452661766E+03
 0.11291385032019E+03
 0.11289184192649E+03
 0.11286840876399E+03
 0.11284340068113E+03
 0.11281657924935E+03
 0.11278818968759E+03
 0.11275836283518E+03
 0.11272685073217E+03
 0.11269347339823E+03
 0.11265830085761E+03
 0.11262155642471E+03
 0.11258292014882E+03
 0.11254261689295E+03
 0.11250047892544E+03
 0.11245635973654E+03
 0.11241044792460E+03
 0.11236284648206E+03
 0.11231302479496E+03
 0.11226157297004E+03
 0.11220861318468E+03
 0.11215245584573E+03
 0.11209561031508E+03
 0.11203674157312E+03
 0.11197504615717E+03
 0.11191241453977E+03
 0.11184629524479E+03
 0.11177883115809E+03
 0.11171074926775E+03
 0.11163904823696E+03
 0.11156618330407E+03
 0.11148944683458E+03
 0.11141108211744E+03
 0.11133222156126E+03
 0.11124815212375E+03
 0.11116368496352E+03
 0.11107545404895E+03
 0.11098504894668E+03
 0.11089082026036E+03
 0.11079651723206E+03
 0.11069678073349E+03
 0.11059492973052E+03
 0.11049023208953E+03
 0.11038280422108E+03
 0.11027163226159E+03
 0.11015460190575E+03
 0.11003621089799E+03
 0.10991427350266E+03
 0.10978649067468E+03
 0.10965481558424E+03
 0.10951759372646E+03
 0.10937882195631E+03
 0.10923542193945E+03
 0.10908416885257E+03
 0.10892653386844E+03
 0.10876727949069E+03
 0.10860295907422E+03
 0.10842772089840E+03
 0.10824988832982E+03
 0.10806375273285E+03
 0.10787141091421E+03
 0.10766923298576E+03
 0.10746215747909E+03
 0.10724727143704E+03
 0.10702143674883E+03
 0.10678502854476E+03
 0.10654108107049E+03
 0.10628977034552E+03
 0.10602170226719E+03
 0.10574442313276E+03
 0.10545840626009E+03
 0.10516106492892E+03
 0.10484704243857E+03
 0.10452026668994E+03
 0.10417714671686E+03
 0.10381531285134E+03
 0.10344130665697E+03
 0.10304958570021E+03
 0.10263816102428E+03
 0.10220416481733E+03
 0.10175033869435E+03
 0.10127549361837E+03
 0.10077841616756E+03
 0.10024776521129E+03
 0.99688761593755E+02
 0.99105385985081E+02
 0.98493146994923E+02
 0.97847834378196E+02
 0.97156511033125E+02
 0.96427926908355E+02
 0.95662256573599E+02
 0.94849599386857E+02
 0.93980482011007E+02
 0.93068081667731E+02
 0.92092386477327E+02
 0.91047233406318E+02
 0.89948457426501E+02
 0.88760561898701E+02
 0.87502737464351E+02
 0.86143675397881E+02
 0.84710557232234E+02
 0.83180643319751E+02
 0.81538019014869E+02
 0.79784393156562E+02
 0.77921502451033E+02
 0.75934307992628E+02
 0.73841019804766E+02
 0.71622746053426E+02
 0.69308004925239E+02
 0.66892031662250E+02
 0.64393696559213E+02
 0.61877138145724E+02
 0.59316079640806E+02
 0.56741630204828E+02
 0.54226555922592E+02
 0.51752954154800E+02
 0.49374594309973E+02
 0.47084148934627E+02
 0.44909227604937E+02
 0.42838207657481E+02
 0.40891687760060E+02
 0.39062700716917E+02
 0.37341037845252E+02
 0.35725718674872E+02
 0.34217065762290E+02
 0.32809878696756E+02
 0.31488263648883E+02
 0.30252432257744E+02
 0.29095270476371E+02
 0.28009239002983E+02
 0.26990741625503E+02
 0.26039668958215E+02
 0.25137803980064E+02
 0.24291839564028E+02
 0.23500254835983E+02
 0.22748870920183E+02
 0.22036939903704E+02
 0.21371059831150E+02
 0.20735503364728E+02
 0.20136034430269E+02
 0.19562416797545E+02
 0.19026205227453E+02
 0.18511297158586E+02
 0.18023960535191E+02
 0.17553616795241E+02
 0.17111076144421E+02
 0.16684493978913E+02
 0.16282040271429E+02
 0.15894182451091E+02
 0.15523483139282E+02
 0.15167695063154E+02
 0.14828033750976E+02
 0.14499981270979E+02
 0.14184895565608E+02
 0.13883168880254E+02
 0.13593773673564E+02
 0.13316469046448E+02
 0.13048288796371E+02
 0.12788556370117E+02
 0.12538516134605E+02
 0.12298845297057E+02
 0.12066379391997E+02
 0.11842736603799E+02
 0.11624890179824E+02
 0.11416098143047E+02
 0.11212064449935E+02
 0.11017110305541E+02
 0.10826534361903E+02
 0.10642078571361E+02
 0.10463421239850E+02
 0.10290683392616E+02
 0.10122226590571E+02
 0.99590541803833E+01
 0.97994869951405E+01
 0.96462717304887E+01
 0.94968770417837E+01
 0.93515939656895E+01
 0.92100987521587E+01
 0.90721465163577E+01
 0.89389466416691E+01
 0.88080837011149E+01
 0.86814682965248E+01
 0.85572920234015E+01
 0.84360492615928E+01
 0.83186308984493E+01
 0.82035123563177E+01
 0.80921506294099E+01
 0.79830528190689E+01
 0.78766708617547E+01
 0.77721361253422E+01
 0.76708267642160E+01
 0.75720351675663E+01
 0.74747677815253E+01
 0.73798872725027E+01
 0.72873607680331E+01
 0.71961043386783E+01
 0.71080533148470E+01
 0.70212628035141E+01
 0.69367991623846E+01
 0.68530960141503E+01
 0.67720295640689E+01
 0.66927672919109E+01
 0.66144832754721E+01
 0.65384453934990E+01
 0.64635288047231E+01
 0.63900889244632E+01
 0.63185844140917E+01
 0.62478623128947E+01
 0.61789202179100E+01
 0.61112894718749E+01
 0.60445406997282E+01
 0.59797367486778E+01
 0.59154989107602E+01
 0.58530050514955E+01
 0.57913807792870E+01
 0.57307936810001E+01
 0.56716374754021E+01
 0.56132447089432E+01
 0.55558388609864E+01
 0.54999304150575E+01
 0.54443073775366E+01
 0.53904441082858E+01
 0.53367215548523E+01
 0.52843349796506E+01
 0.52328707094180E+01
 0.51823671264850E+01
 0.51323946394295E+01
 0.50833469485275E+01
 0.50350719921651E+01
 0.49877789741855E+01
 0.49412909838841E+01
 0.48953229506298E+01
 0.48503094593215E+01
 0.48057973459010E+01
 0.47618953979731E+01
 0.47190738350878E+01
 0.46766275070800E+01
 0.46348885797724E+01
 0.45941517999230E+01
 0.45534492100841E+01
 0.45135668277451E+01
 0.44743105599712E+01
 0.44357099136585E+01
 0.43976320437932E+01
 0.43601348924911E+01
 0.43232364616370E+01
 0.42866034874258E+01
 0.42508408303817E+01
 0.42154232805395E+01
 0.41807363449150E+01
 0.41464402310944E+01
 0.41123005351957E+01
 0.40791674411941E+01
 0.40460451965338E+01
 0.40136760587440E+01
 0.39816026359055E+01
 0.39498666968322E+01
 0.39187665814393E+01
 0.38879799525065E+01
 0.38576641386853E+01
 0.38276437495611E+01
