 0.83176571363982E+02
 0.83176571363993E+02
 0.83176571364246E+02
 0.83176571419259E+02
 0.83176573347217E+02
 0.83176591494077E+02
 0.83176671867343E+02
 0.83176896760619E+02
 0.83177367131976E+02
 0.83178179585701E+02
 0.83179412468727E+02
 0.83181122434618E+02
 0.83183345317745E+02
 0.83186103500780E+02
 0.83189404508064E+02
 0.83193251398424E+02
 0.83197635364928E+02
 0.83202544243393E+02
 0.83207962297360E+02
 0.83213869148069E+02
 0.83195984913390E+02
 0.83196517295895E+02
 0.83197154021407E+02
 0.83197905669883E+02
 0.83198783679320E+02
 0.83199797361385E+02
 0.83200963921448E+02
 0.83202280099228E+02
 0.83203762289025E+02
 0.83205429943341E+02
 0.83207302847494E+02
 0.83209371232219E+02
 0.83211667965166E+02
 0.83214215696368E+02
 0.83216989445961E+02
 0.83220037751381E+02
 0.83223361328933E+02
 0.83226994968604E+02
 0.83230920315777E+02
 0.83235137095383E+02
 0.83239755474236E+02
 0.83244692353039E+02
 0.83249970521426E+02
 0.83255626006677E+02
 0.83261708700616E+02
 0.83268169879320E+02
 0.83274985965669E+02
 0.83282209699387E+02
 0.83289881736784E+02
 0.83297989792491E+02
 0.83306491242798E+02
 0.83315454836418E+02
 0.83324840078621E+02
 0.83334679674455E+02
 0.83345013523446E+02
 0.83355805956202E+02
 0.83367039339720E+02
 0.83378829890733E+02
 0.83391060576837E+02
 0.83403720138194E+02
 0.83417151572136E+02
 0.83430860842500E+02
 0.83445120891138E+02
 0.83460109023822E+02
 0.83475455251984E+02
 0.83491680714855E+02
 0.83508367956471E+02
 0.83525386616488E+02
 0.83543355437550E+02
 0.83561791809020E+02
 0.83581259131752E+02
 0.83601324723000E+02
 0.83621775907574E+02
 0.83643585056685E+02
 0.83665803224513E+02
 0.83689126142055E+02
 0.83713259617890E+02
 0.83738567655299E+02
 0.83764305040187E+02
 0.83791591611179E+02
 0.83819780333369E+02
 0.83849051673322E+02
 0.83879408041296E+02
 0.83911088674901E+02
 0.83944575374170E+02
 0.83978964566401E+02
 0.84014744012132E+02
 0.84052441741271E+02
 0.84091683358399E+02
 0.84132864802537E+02
 0.84175182331006E+02
 0.84219331936583E+02
 0.84266063838329E+02
 0.84315105716047E+02
 0.84365492514561E+02
 0.84418012964421E+02
 0.84474018615942E+02
 0.84531738068287E+02
 0.84592511207549E+02
 0.84655922336559E+02
 0.84722900062465E+02
 0.84792373625956E+02
 0.84865091692210E+02
 0.84941876762937E+02
 0.85022743733980E+02
 0.85107096354072E+02
 0.85194943142954E+02
 0.85288721828642E+02
 0.85386692921904E+02
 0.85488879227374E+02
 0.85596024242840E+02
 0.85709656204136E+02
 0.85828910067934E+02
 0.85954919561542E+02
 0.86088491001184E+02
 0.86228121430259E+02
 0.86375437357728E+02
 0.86531262116052E+02
 0.86696669832764E+02
 0.86871116383627E+02
 0.87055273330106E+02
 0.87249837690045E+02
 0.87458438271737E+02
 0.87680048408837E+02
 0.87913866924382E+02
 0.88161699834169E+02
 0.88425362153967E+02
 0.88709656561273E+02
 0.89012499589934E+02
 0.89334471984314E+02
 0.89679746853476E+02
 0.90052647234776E+02
 0.90449577789927E+02
 0.90878939708210E+02
 0.91344560413443E+02
 0.91841992916878E+02
 0.92386884597100E+02
 0.92988226483455E+02
 0.93613353834797E+02
 0.94312307821428E+02
 0.95068196613705E+02
 0.95897608363892E+02
 0.96804897621906E+02
 0.97794891061734E+02
 0.98881986846686E+02
 0.10006481978731E+03
 0.10136285184932E+03
 0.10277115127974E+03
 0.10430470679889E+03
 0.10596638701845E+03
 0.10772812866037E+03
 0.10962202278995E+03
 0.11164289511829E+03
 0.11374767929774E+03
 0.11596206022293E+03
 0.11824732053192E+03
 0.12061510261404E+03
 0.12303876961474E+03
 0.12552946591088E+03
 0.12805762465294E+03
 0.13062263199453E+03
 0.13322878402716E+03
 0.13586662696059E+03
 0.13852165172557E+03
 0.14118683273416E+03
 0.14387702298778E+03
 0.14657707735803E+03
 0.14928660482894E+03
 0.15200797556141E+03
 0.15473527492488E+03
 0.15745237258018E+03
 0.16019716675355E+03
 0.16293686972346E+03
 0.16566028914912E+03
 0.16840245525390E+03
 0.17115581565859E+03
 0.17388126666107E+03
 0.17663020903995E+03
 0.17936768283212E+03
 0.18212993463350E+03
 0.18485027485747E+03
 0.18759813509868E+03
 0.19033199824268E+03
 0.19310267773954E+03
 0.19583864993874E+03
 0.19860284450052E+03
 0.20133458062556E+03
 0.20408878970193E+03
 0.20684137251862E+03
 0.20960151497849E+03
 0.21235270567160E+03
 0.21512456083903E+03
 0.21790057712132E+03
 0.22067057146068E+03
 0.22343682475329E+03
 0.22619474569346E+03
 0.22896758689956E+03
 0.23175835228458E+03
 0.23454925996697E+03
 0.23732660452253E+03
 0.24012105894552E+03
 0.24290905630539E+03
 0.24572333863765E+03
 0.24851825375241E+03
 0.25134568571576E+03
 0.25414264427990E+03
 0.25697027511937E+03
 0.25980058198551E+03
 0.26263421008064E+03
 0.26546505977942E+03
 0.26831585953160E+03
 0.27116693103257E+03
 0.27404397959689E+03
 0.27689483493052E+03
 0.27976090323570E+03
 0.28263401018163E+03
 0.28551753229829E+03
 0.28841361576431E+03
 0.29129381271406E+03
 0.29420614843417E+03
 0.29710675331362E+03
 0.30003306371486E+03
 0.30297198836950E+03
 0.30589937068139E+03
 0.30884931863487E+03
 0.31178265063706E+03
 0.31473456284943E+03
 0.31769105026640E+03
 0.32067380885790E+03
 0.32364211772990E+03
 0.32661277075853E+03
 0.32961310000158E+03
 0.33261572685836E+03
 0.33561898656499E+03
 0.33865560296323E+03
 0.34166034546590E+03
 0.34469492975533E+03
 0.34772135250549E+03
 0.35079286338132E+03
 0.35384085361416E+03
 0.35689248922138E+03
 0.35997743738208E+03
 0.36304539031741E+03
 0.36613826532335E+03
 0.36924057853651E+03
 0.37233113677231E+03
 0.37545683213621E+03
 0.37857334533774E+03
 0.38169921733891E+03
 0.38485248893703E+03
 0.38798254712965E+03
 0.39115218624952E+03
 0.39430369697416E+03
 0.39747778792433E+03
 0.40066534592015E+03
 0.40384417224045E+03
 0.40704751559040E+03
 0.41026273687370E+03
 0.41345992230775E+03
 0.41670507988046E+03
 0.41991326706152E+03
 0.42317666162806E+03
 0.42642397856988E+03
 0.42967811526548E+03
 0.43293492021720E+03
 0.43622061725291E+03
 0.43950892788957E+03
 0.44280856185642E+03
 0.44610395670892E+03
 0.44940529340624E+03
 0.45273161155713E+03
 0.45605097429238E+03
 0.45939462265154E+03
 0.46275415882643E+03
 0.46609262788283E+03
 0.46946219633481E+03
 0.47283652995155E+03
 0.47619043810010E+03
 0.47960074634255E+03
 0.48300311927246E+03
 0.48641208910140E+03
 0.48982372920069E+03
 0.49324846209321E+03
 0.49668009977295E+03
 0.50011580610297E+03
 0.50358538757818E+03
 0.50703177852621E+03
 0.51050276781923E+03
 0.51396036659692E+03
 0.51743631403254E+03
 0.52095380166729E+03
 0.52442615117384E+03
 0.52795349163966E+03
 0.53145843187347E+03
 0.53498783385234E+03
 0.53853698656255E+03
 0.54207188828675E+03
 0.54562742294562E+03
 0.54918481911749E+03
 0.55276355041334E+03
