 0.30964654458033E+03
 0.30964654458037E+03
 0.30964654458102E+03
 0.30964654462233E+03
 0.30964654557380E+03
 0.30964654936996E+03
 0.30964653212187E+03
 0.30964635945306E+03
 0.30964566553023E+03
 0.30964377523013E+03
 0.30963970462720E+03
 0.30963222550581E+03
 0.30961998037095E+03
 0.30960155328527E+03
 0.30957561171738E+03
 0.30954086596294E+03
 0.30949625382555E+03
 0.30944084647370E+03
 0.30937388597585E+03
 0.30929479834298E+03
 0.30918212737319E+03
 0.30907210105299E+03
 0.30894874960724E+03
 0.30881207604573E+03
 0.30866216910667E+03
 0.30849925086217E+03
 0.30832352324771E+03
 0.30813558457765E+03
 0.30793577929852E+03
 0.30772449460235E+03
 0.30750214827746E+03
 0.30726967760171E+03
 0.30702738210721E+03
 0.30677575793189E+03
 0.30651603093338E+03
 0.30624831151569E+03
 0.30597345196663E+03
 0.30569173650121E+03
 0.30540429334605E+03
 0.30511188625579E+03
 0.30481357510727E+03
 0.30451131874675E+03
 0.30420542725112E+03
 0.30389597107301E+03
 0.30358270386140E+03
 0.30326686641298E+03
 0.30294926417110E+03
 0.30262944293687E+03
 0.30230710830883E+03
 0.30198271209117E+03
 0.30165712694461E+03
 0.30132946763165E+03
 0.30100050346592E+03
 0.30066974770439E+03
 0.30033672033429E+03
 0.30000196218608E+03
 0.29966570244581E+03
 0.29932617897139E+03
 0.29898510123233E+03
 0.29864259051870E+03
 0.29829335497464E+03
 0.29794483281326E+03
 0.29759271829010E+03
 0.29723434016916E+03
 0.29687517349012E+03
 0.29650726020511E+03
 0.29613681752200E+03
 0.29576570858657E+03
 0.29538468099769E+03
 0.29500080780123E+03
 0.29460572541740E+03
 0.29420587669515E+03
 0.29380436457551E+03
 0.29338682083643E+03
 0.29296736813113E+03
 0.29253570553437E+03
 0.29209632051129E+03
 0.29164404569011E+03
 0.29118970774418E+03
 0.29071727411108E+03
 0.29023627426015E+03
 0.28974431119105E+03
 0.28924149838553E+03
 0.28872464299111E+03
 0.28818733258179E+03
 0.28764250898822E+03
 0.28708358323899E+03
 0.28650362682263E+03
 0.28590815396285E+03
 0.28529216862052E+03
 0.28466709104360E+03
 0.28402377601522E+03
 0.28335267243895E+03
 0.28265792779797E+03
 0.28195310550041E+03
 0.28122809522053E+03
 0.28046580606996E+03
 0.27969013140552E+03
 0.27888442944708E+03
 0.27805461001192E+03
 0.27718997435434E+03
 0.27630472322820E+03
 0.27539025821888E+03
 0.27443742345407E+03
 0.27344714816481E+03
 0.27242802050474E+03
 0.27138050182679E+03
 0.27027727271538E+03
 0.26914011758935E+03
 0.26797015837792E+03
 0.26675989930689E+03
 0.26549377328632E+03
 0.26418314075040E+03
 0.26281747774168E+03
 0.26139007382007E+03
 0.25991940565241E+03
 0.25838991523114E+03
 0.25679569290735E+03
 0.25512857951457E+03
 0.25339683672619E+03
 0.25159694524980E+03
 0.24972558363294E+03
 0.24775126608676E+03
 0.24568900894141E+03
 0.24355076390258E+03
 0.24132453546842E+03
 0.23899940760966E+03
 0.23654031569973E+03
 0.23397349193133E+03
 0.23130155183818E+03
 0.22849933920932E+03
 0.22554393388981E+03
 0.22247570064964E+03
 0.21924476984133E+03
 0.21584119951554E+03
 0.21231542700424E+03
 0.20858258558968E+03
 0.20471195124483E+03
 0.20061841071976E+03
 0.19641390693748E+03
 0.19205117988923E+03
 0.18752227435205E+03
 0.18286637900579E+03
 0.17812837293144E+03
 0.17332268992789E+03
 0.16854249748221E+03
 0.16381035508146E+03
 0.15924531592375E+03
 0.15490370735946E+03
 0.15088114746321E+03
 0.14731541936179E+03
 0.14420772018404E+03
 0.14162316721491E+03
 0.13962539724810E+03
 0.13818322004034E+03
 0.13729212219364E+03
 0.13690564007946E+03
 0.13697729726579E+03
 0.13745655639973E+03
 0.13828554378732E+03
 0.13941423477390E+03
 0.14080278311582E+03
 0.14241000603331E+03
 0.14419450045576E+03
 0.14612338050335E+03
 0.14818532988740E+03
 0.15035023281430E+03
 0.15260217078263E+03
 0.15493048138355E+03
 0.15731957640916E+03
 0.15974604524807E+03
 0.16223703677496E+03
 0.16475682521186E+03
 0.16728963937666E+03
 0.16986410809531E+03
 0.17246993235812E+03
 0.17506680880762E+03
 0.17770143492193E+03
 0.18033818017670E+03
 0.18301039688131E+03
 0.18565177150814E+03
 0.18832858334934E+03
 0.19099925450238E+03
 0.19371268418597E+03
 0.19639787370954E+03
 0.19911598869423E+03
 0.20180664256457E+03
 0.20452348565780E+03
 0.20724229675593E+03
 0.20997177142980E+03
 0.21269521174291E+03
 0.21544167701952E+03
 0.21819455694355E+03
 0.22094350199923E+03
 0.22369055820820E+03
 0.22643096754062E+03
 0.22918769345725E+03
 0.23196360085048E+03
 0.23474087122804E+03
 0.23750573364203E+03
 0.24028863753020E+03
 0.24306601368449E+03
 0.24587041846025E+03
 0.24865626814697E+03
 0.25147523516325E+03
 0.25426443473005E+03
 0.25708480854458E+03
 0.25990838230827E+03
 0.26273575575001E+03
 0.26556080022051E+03
 0.26840616946339E+03
 0.27125218776919E+03
 0.27412449395976E+03
 0.27697096456184E+03
 0.27983292292936E+03
 0.28270218456597E+03
 0.28558210279596E+03
 0.28847480424224E+03
 0.29135185161787E+03
 0.29426120955853E+03
 0.29715903420499E+03
 0.30008271782435E+03
 0.30301916932140E+03
 0.30594423791356E+03
 0.30889199796847E+03
 0.31182328332444E+03
 0.31477325972794E+03
 0.31772792274909E+03
 0.32070895030084E+03
 0.32367563506782E+03
 0.32664475568222E+03
 0.32964362694550E+03
 0.33264487704072E+03
 0.33564683651455E+03
 0.33868221295015E+03
 0.34168579405802E+03
 0.34471927053117E+03
 0.34774464747237E+03
 0.35081515580770E+03
 0.35386220299634E+03
 0.35691294405323E+03
 0.35999703632425E+03
 0.36306418147139E+03
 0.36615628472704E+03
 0.36925786359208E+03
 0.37234772677476E+03
 0.37547275545172E+03
 0.37858863673415E+03
 0.38171390642554E+03
 0.38486660091849E+03
 0.38799611352848E+03
 0.39116522773740E+03
 0.39431624114451E+03
 0.39748985547199E+03
 0.40067695771795E+03
 0.40385535065998E+03
 0.40705827803212E+03
 0.41027310133739E+03
 0.41346990886612E+03
 0.41671470111547E+03
 0.41992254290229E+03
 0.42318560274518E+03
 0.42643260128387E+03
 0.42968643314498E+03
 0.43294294645052E+03
 0.43622836249067E+03
 0.43951640417793E+03
 0.44281578007209E+03
 0.44611092819671E+03
 0.44941202829323E+03
 0.45273811841013E+03
 0.45605726309366E+03
 0.45940070121383E+03
 0.46276003510139E+03
 0.46609831125747E+03
 0.46946769325415E+03
 0.47284184781800E+03
 0.47619558503957E+03
 0.47960572689546E+03
 0.48300794044736E+03
 0.48641675700200E+03
 0.48982824979559E+03
 0.49325284072216E+03
 0.49668434175751E+03
 0.50011991662200E+03
 0.50358937067085E+03
 0.50703563979891E+03
 0.51050651121374E+03
 0.51396399695989E+03
 0.51743983513542E+03
 0.52095721656229E+03
 0.52442946495081E+03
 0.52795670674348E+03
 0.53146155247044E+03
 0.53499086287392E+03
 0.53853992695167E+03
 0.54207474355575E+03
 0.54563019577285E+03
 0.54918751243476E+03
 0.55276616668195E+03
