 0.22012047225508E+01
 0.22012047225508E+01
 0.22012047225508E+01
 0.22012047225508E+01
 0.22012047225508E+01
 0.22012047225508E+01
 0.22012047225508E+01
 0.22012047225508E+01
 0.22012047225509E+01
 0.22012046921021E+01
 0.22012050888252E+01
 0.22012045357365E+01
 0.22012041451643E+01
 0.22012044430752E+01
 0.22012038045248E+01
 0.22012040697297E+01
 0.22012039230940E+01
 0.22012045719827E+01
 0.22012043316713E+01
 0.22012038525428E+01
 0.22012040699015E+01
 0.22012045662938E+01
 0.22012044163182E+01
 0.22012033875666E+01
 0.22012030981813E+01
 0.22012039863606E+01
 0.22012042708764E+01
 0.22012035302979E+01
 0.22012029815680E+01
 0.22012040043619E+01
 0.22012051502923E+01
 0.22012025156021E+01
 0.22012061686234E+01
 0.22012060018289E+01
 0.22012044295211E+01
 0.22012068833836E+01
 0.22012058583229E+01
 0.22012055503547E+01
 0.22012142966897E+01
 0.22012060517603E+01
 0.22012032748866E+01
 0.22012083062642E+01
 0.22012052202866E+01
 0.22012165220105E+01
 0.22012408335889E+01
 0.22012366672197E+01
 0.22012348758890E+01
 0.22012169277346E+01
 0.22012065120238E+01
 0.22012352436839E+01
 0.22012061265532E+01
 0.22012526330830E+01
 0.22012224948703E+01
 0.22012091113082E+01
 0.22012101876012E+01
 0.22012574542276E+01
 0.22011940331576E+01
 0.22012054800034E+01
 0.22012669362461E+01
 0.22012258461054E+01
 0.22012579621752E+01
 0.22012489971192E+01
 0.22011980895070E+01
 0.22012371821144E+01
 0.22011632747123E+01
 0.22012394765456E+01
 0.22012515268857E+01
 0.22011857798021E+01
 0.22012640978934E+01
 0.22012059826443E+01
 0.22012669263273E+01
 0.22012625218316E+01
 0.22012036820897E+01
 0.22012661218336E+01
 0.22011728691442E+01
 0.22012652275618E+01
 0.22012071943606E+01
 0.22011831881819E+01
 0.22011969675683E+01
 0.22012045608265E+01
 0.22012084399204E+01
 0.22012014166312E+01
 0.22012663846905E+01
 0.22012380375974E+01
 0.22012012998710E+01
 0.22012685992067E+01
 0.22012056570359E+01
 0.22011913311747E+01
 0.22012038355228E+01
 0.22012109163749E+01
 0.22012712984722E+01
 0.22012132200276E+01
 0.22012082929271E+01
 0.22012587992471E+01
 0.22011753383742E+01
 0.22012503431937E+01
 0.22012103096535E+01
 0.22012123163353E+01
 0.22012718705466E+01
 0.22012637530736E+01
 0.22011940673337E+01
 0.22012239937997E+01
 0.22012200329360E+01
 0.22012143441965E+01
 0.22012874833675E+01
 0.22012502850397E+01
 0.22012795970492E+01
 0.22012049186258E+01
 0.22011914836280E+01
 0.22012421752110E+01
 0.22012950390655E+01
 0.22012428366197E+01
 0.22013173518883E+01
 0.22012891805991E+01
 0.22013059513694E+01
 0.22012569666405E+01
 0.22012868808324E+01
 0.22012770333710E+01
 0.22012440655241E+01
 0.22012615117263E+01
 0.22012889089427E+01
 0.22012797747346E+01
 0.22012805557864E+01
 0.22013755838892E+01
 0.22013879713560E+01
 0.22013786630435E+01
 0.22013150364083E+01
 0.22013491674565E+01
 0.22013976732994E+01
 0.22014246891719E+01
 0.22013345592365E+01
 0.22013341937014E+01
 0.22013877594355E+01
 0.22014050006137E+01
 0.22013673432697E+01
 0.22014168623718E+01
 0.22014930688411E+01
 0.22014423697908E+01
 0.22015137278425E+01
 0.22014702138019E+01
 0.22014243879855E+01
 0.22014945916180E+01
 0.22015043060826E+01
 0.22014854679120E+01
 0.22015409354420E+01
 0.22015518096103E+01
 0.22015606640426E+01
 0.22015709638752E+01
 0.22016231591032E+01
 0.22016006473906E+01
 0.22015975915960E+01
 0.22016111218050E+01
 0.22016509268287E+01
 0.22016416910345E+01
 0.22015723048545E+01
 0.22016568886028E+01
 0.22016249261870E+01
 0.22015653270117E+01
 0.22015004964481E+01
 0.22014613212319E+01
 0.22014520704919E+01
 0.22013299324334E+01
 0.22013559583675E+01
 0.22012638058683E+01
 0.22011116763499E+01
 0.22010081135640E+01
 0.22009314675654E+01
 0.22008458237967E+01
 0.22007020151078E+01
 0.22005477914660E+01
 0.22003620548007E+01
 0.22002465036927E+01
 0.22001653959141E+01
 0.21999223943740E+01
 0.21998075677253E+01
 0.21995993170204E+01
 0.21993144085068E+01
 0.21991658354767E+01
 0.21988441456416E+01
 0.21985934103512E+01
 0.21983061062000E+01
 0.21980195935448E+01
 0.21977200880546E+01
 0.21974960271098E+01
 0.21970735464042E+01
 0.21967356497480E+01
 0.21964907340372E+01
 0.21960315920180E+01
 0.21956701195001E+01
 0.21953275337721E+01
 0.21948860353617E+01
 0.21944811525670E+01
 0.21939277219919E+01
 0.21934388351878E+01
 0.21930363666313E+01
 0.21924929329407E+01
 0.21919713796811E+01
 0.21914573962948E+01
 0.21908951712697E+01
 0.21903001214176E+01
 0.21898065914381E+01
 0.21891380800721E+01
 0.21884920512483E+01
 0.21878813191865E+01
 0.21872302853487E+01
 0.21865575389718E+01
 0.21857886303230E+01
 0.21851000297487E+01
 0.21844160901892E+01
 0.21836942765174E+01
 0.21829376614477E+01
 0.21820940512190E+01
 0.21813671241031E+01
 0.21805714848051E+01
 0.21797152353231E+01
 0.21789195924160E+01
 0.21780019772356E+01
 0.21771484950091E+01
 0.21762500842848E+01
 0.21754267039680E+01
 0.21743885481272E+01
 0.21735514376598E+01
 0.21725083344839E+01
 0.21715633446241E+01
 0.21705362745797E+01
 0.21694883647202E+01
 0.21685474123184E+01
 0.21674568983344E+01
 0.21663760755754E+01
 0.21653954427207E+01
 0.21642245683008E+01
 0.21631134802433E+01
 0.21620833519410E+01
 0.21609599657424E+01
 0.21598077933148E+01
 0.21585442214849E+01
 0.21573388907797E+01
 0.21561773096450E+01
 0.21550609387632E+01
 0.21538121373181E+01
 0.21524890091209E+01
 0.21512445908814E+01
 0.21499725294034E+01
 0.21487973499164E+01
 0.21475099779176E+01
 0.21461069875671E+01
 0.21447856390287E+01
 0.21435510265021E+01
 0.21422015961444E+01
 0.21408410420967E+01
 0.21392989089568E+01
 0.21380634074351E+01
 0.21365774355451E+01
 0.21351906282849E+01
 0.21338701032519E+01
 0.21323363668908E+01
 0.21308706728598E+01
 0.21295161828354E+01
 0.21280067369990E+01
 0.21265277375135E+01
 0.21251156578424E+01
 0.21234884195981E+01
 0.21221359046181E+01
 0.21205687839296E+01
 0.21190186829749E+01
 0.21175791620077E+01
 0.21159334760780E+01
 0.21143858994362E+01
 0.21127385266421E+01
 0.21113015202005E+01
 0.21097559036077E+01
 0.21080444153084E+01
 0.21065867062158E+01
 0.21049374058469E+01
 0.21032950486467E+01
 0.21016259078840E+01
 0.21000221519026E+01
 0.20983891548515E+01
 0.20967449052916E+01
 0.20951933291146E+01
 0.20934729515372E+01
 0.20917666408300E+01
 0.20900818208288E+01
 0.20885139089568E+01
 0.20866442940159E+01
 0.20851374897515E+01
 0.20833093437654E+01
 0.20815993088080E+01
 0.20799998955757E+01
 0.20781933020542E+01
 0.20765574812249E+01
 0.20748507886742E+01
 0.20730320277827E+01
 0.20713924807189E+01
 0.20696086080688E+01
 0.20677229803502E+01
 0.20661565204513E+01
 0.20643241635964E+01
 0.20625323359028E+01
 0.20607696045200E+01
