 0.30964654458033E+03
 0.30964654458037E+03
 0.30964654458102E+03
 0.30964654462233E+03
 0.30964654557380E+03
 0.30964654936996E+03
 0.30964653212187E+03
 0.30964635945306E+03
 0.30964566553023E+03
 0.30964377523013E+03
 0.30963970462722E+03
 0.30963222550646E+03
 0.30961998037148E+03
 0.30960155329023E+03
 0.30957561171936E+03
 0.30954086594552E+03
 0.30949625382558E+03
 0.30944084646292E+03
 0.30937388602544E+03
 0.30929479834098E+03
 0.30918212742618E+03
 0.30907210111322E+03
 0.30894874935609E+03
 0.30881207604548E+03
 0.30866216980525E+03
 0.30849925133839E+03
 0.30832352425054E+03
 0.30813558620788E+03
 0.30793578351493E+03
 0.30772450323555E+03
 0.30750216512247E+03
 0.30726970852596E+03
 0.30702744042533E+03
 0.30677585902647E+03
 0.30651619807873E+03
 0.30624858797118E+03
 0.30597388308035E+03
 0.30569240116985E+03
 0.30540528677264E+03
 0.30511333883417E+03
 0.30481566693808E+03
 0.30451424281511E+03
 0.30420944509331E+03
 0.30390141048861E+03
 0.30358995757516E+03
 0.30327634618696E+03
 0.30296154124470E+03
 0.30264506983300E+03
 0.30232677441242E+03
 0.30200712503390E+03
 0.30168713689844E+03
 0.30136590075306E+03
 0.30104428842098E+03
 0.30072185278359E+03
 0.30039811839581E+03
 0.30007367954711E+03
 0.29974859793974E+03
 0.29942133998645E+03
 0.29909328796189E+03
 0.29876470831197E+03
 0.29842999063709E+03
 0.29809665386746E+03
 0.29776011299143E+03
 0.29741740619329E+03
 0.29707398108298E+03
 0.29672131380340E+03
 0.29636563614539E+03
 0.29600827044446E+03
 0.29563981594727E+03
 0.29526676532502E+03
 0.29488019884113E+03
 0.29448636726172E+03
 0.29408777242855E+03
 0.29366981526720E+03
 0.29324561139242E+03
 0.29280423136397E+03
 0.29234985873097E+03
 0.29187687567679E+03
 0.29139506907556E+03
 0.29088762902335E+03
 0.29036354939865E+03
 0.28981952030313E+03
 0.28925481936715E+03
 0.28866606364340E+03
 0.28804472591110E+03
 0.28740384590605E+03
 0.28673553973621E+03
 0.28603140580960E+03
 0.28529615462883E+03
 0.28452382371258E+03
 0.28372497661527E+03
 0.28288860592627E+03
 0.28200389281032E+03
 0.28107304279127E+03
 0.28010978634568E+03
 0.27910162112065E+03
 0.27802782364355E+03
 0.27691319662174E+03
 0.27573740222250E+03
 0.27450526570722E+03
 0.27320207584090E+03
 0.27184224198824E+03
 0.27041292090638E+03
 0.26890116238093E+03
 0.26730416539305E+03
 0.26563092090683E+03
 0.26387780971809E+03
 0.26200603025997E+03
 0.26004132959648E+03
 0.25798119762827E+03
 0.25580988191212E+03
 0.25350301516572E+03
 0.25106860681065E+03
 0.24848910639018E+03
 0.24574727726151E+03
 0.24286364081738E+03
 0.23980869957229E+03
 0.23656582211923E+03
 0.23311515856314E+03
 0.22946102353138E+03
 0.22558906452533E+03
 0.22148733260483E+03
 0.21709738835373E+03
 0.21243041419424E+03
 0.20751153915839E+03
 0.20232206467782E+03
 0.19684898954705E+03
 0.19103524995508E+03
 0.18496930749996E+03
 0.17874033915742E+03
 0.17228335964197E+03
 0.16579562651923E+03
 0.15943634736824E+03
 0.15331264263258E+03
 0.14760658108587E+03
 0.14257505821690E+03
 0.13825277351687E+03
 0.13477007761718E+03
 0.13212547553027E+03
 0.13027378840232E+03
 0.12912063012434E+03
 0.12855876910495E+03
 0.12849597250674E+03
 0.12883997349686E+03
 0.12951673944469E+03
 0.13045436347827E+03
 0.13161134731711E+03
 0.13293763205503E+03
 0.13441015556302E+03
 0.13600351349957E+03
 0.13767047942440E+03
 0.13943172269798E+03
 0.14127522904524E+03
 0.14315627267047E+03
 0.14509743063799E+03
 0.14707158243732E+03
 0.14908836040057E+03
 0.15113201640164E+03
 0.15321578348514E+03
 0.15531794016886E+03
 0.15744102549086E+03
 0.15959375173628E+03
 0.16176504839099E+03
 0.16395841427826E+03
 0.16615899727601E+03
 0.16838484122863E+03
 0.17062562822721E+03
 0.17287965334729E+03
 0.17515081461799E+03
 0.17743510992700E+03
 0.17972139193722E+03
 0.18203640947945E+03
 0.18436039630215E+03
 0.18667797104703E+03
 0.18902572353360E+03
 0.19138779552308E+03
 0.19373795014096E+03
 0.19611793589369E+03
 0.19849811195652E+03
 0.20091254873218E+03
 0.20329144631110E+03
 0.20571045116960E+03
 0.20812049102835E+03
 0.21057821513593E+03
 0.21300939028431E+03
 0.21547817704507E+03
 0.21792180366535E+03
 0.22039560319968E+03
 0.22287364618740E+03
 0.22536931022244E+03
 0.22786428062944E+03
 0.23038816537844E+03
 0.23291417859731E+03
 0.23544538549955E+03
 0.23798312797018E+03
 0.24051710098481E+03
 0.24307076440732E+03
 0.24564940754882E+03
 0.24823059080535E+03
 0.25080589920929E+03
 0.25340543945889E+03
 0.25599518956921E+03
 0.25862606720470E+03
 0.26123492794550E+03
 0.26388401571592E+03
 0.26651274669344E+03
 0.26916970399073E+03
 0.27183304906679E+03
 0.27450667303670E+03
 0.27717801380973E+03
 0.27987360687473E+03
 0.28257487326857E+03
 0.28530589207940E+03
 0.28801032243463E+03
 0.29073812374260E+03
 0.29347787648478E+03
 0.29622697989878E+03
 0.29899118568881E+03
 0.30174523662419E+03
 0.30452859146904E+03
 0.30731008055421E+03
 0.31011508306308E+03
 0.31294092194342E+03
 0.31574785547036E+03
 0.31858856295563E+03
 0.32141342010499E+03
 0.32425956816205E+03
 0.32710518119215E+03
 0.32998561797809E+03
 0.33285517416621E+03
 0.33572334845553E+03
 0.33863696760789E+03
 0.34153835053925E+03
 0.34445074268271E+03
 0.34739572594402E+03
 0.35031218895252E+03
 0.35326087015356E+03
 0.35620269963835E+03
 0.35918791259503E+03
 0.36215490313388E+03
 0.36512544161765E+03
 0.36812698218695E+03
 0.37112030230090E+03
 0.37413528859622E+03
 0.37716335779755E+03
 0.38017779521067E+03
 0.38322990375775E+03
 0.38627930238235E+03
 0.38933963567923E+03
 0.39242142685294E+03
 0.39548023950603E+03
 0.39858679321767E+03
 0.40167286408426E+03
 0.40478320661772E+03
 0.40790274871359E+03
 0.41102430189590E+03
 0.41416886004131E+03
 0.41732387311809E+03
 0.42045870719556E+03
 0.42364230784308E+03
 0.42680627652996E+03
 0.43000859917433E+03
 0.43319752872374E+03
 0.43639431819913E+03
 0.43960057123332E+03
 0.44283410214601E+03
 0.44607657214817E+03
 0.44931170358875E+03
 0.45255763956108E+03
 0.45581626018604E+03
 0.45909481834802E+03
 0.46236095709062E+03
 0.46566009320414E+03
 0.46896967829247E+03
 0.47227661470391E+03
 0.47558258224787E+03
 0.47892505118424E+03
 0.48223953960690E+03
 0.48560133041607E+03
 0.48895699600657E+03
 0.49233264364777E+03
 0.49569448313694E+03
 0.49909146846552E+03
 0.50247765286133E+03
 0.50587983264018E+03
 0.50929678921974E+03
 0.51270076170678E+03
 0.51613539989543E+03
 0.51955933918899E+03
 0.52299475218949E+03
 0.52647798057519E+03
 0.52991809412663E+03
 0.53341563437413E+03
 0.53689078408829E+03
 0.54037273736138E+03
 0.54388415184532E+03
 0.54738541558732E+03
 0.55091082844961E+03
 0.55445199596402E+03
 0.55797565225654E+03
