 0.21140089951492E+08
 0.21140089951487E+08
 0.21140089951416E+08
 0.21140089951002E+08
 0.21140089949331E+08
 0.21140089944668E+08
 0.21140090048753E+08
 0.21140090529864E+08
 0.21140092253790E+08
 0.21140096868176E+08
 0.21140107191162E+08
 0.21140126663455E+08
 0.21140160645052E+08
 0.21140214944582E+08
 0.21140295299961E+08
 0.21140410022574E+08
 0.21140565508070E+08
 0.21140768967927E+08
 0.21141027356770E+08
 0.21141347827896E+08
 0.21141740618856E+08
 0.21142204987510E+08
 0.21142751688012E+08
 0.21143385303409E+08
 0.21144113834584E+08
 0.21144942307631E+08
 0.21145879346021E+08
 0.21146919271796E+08
 0.21148073399192E+08
 0.21149351014792E+08
 0.21150763773347E+08
 0.21152300125245E+08
 0.21153981241239E+08
 0.21155818031859E+08
 0.21157790714765E+08
 0.21159929994057E+08
 0.21162231265678E+08
 0.21164719048635E+08
 0.21167371211251E+08
 0.21170187158756E+08
 0.21173244438615E+08
 0.21176479991164E+08
 0.21179906075527E+08
 0.21183542761873E+08
 0.21187429055480E+08
 0.21191524648068E+08
 0.21195803299998E+08
 0.21200306261682E+08
 0.21205059968182E+08
 0.21210051027784E+08
 0.21215237862101E+08
 0.21220675726062E+08
 0.21226319704493E+08
 0.21232197972723E+08
 0.21238327217013E+08
 0.21244671262286E+08
 0.21251215229936E+08
 0.21258029848064E+08
 0.21265021874803E+08
 0.21272146953908E+08
 0.21279699208996E+08
 0.21287227673300E+08
 0.21294962768571E+08
 0.21303024036755E+08
 0.21311070503097E+08
 0.21319531653586E+08
 0.21328032805551E+08
 0.21336408595931E+08
 0.21345176014652E+08
 0.21353884592381E+08
 0.21362996014360E+08
 0.21372091616657E+08
 0.21380949591492E+08
 0.21390361630436E+08
 0.21399476651552E+08
 0.21408864063833E+08
 0.21418191852937E+08
 0.21427744206469E+08
 0.21436795989282E+08
 0.21446318475644E+08
 0.21455638907049E+08
 0.21464894690620E+08
 0.21474011530769E+08
 0.21483116701398E+08
 0.21492572213995E+08
 0.21501519237913E+08
 0.21510349339299E+08
 0.21519389220171E+08
 0.21528262899171E+08
 0.21537194017511E+08
 0.21545485174484E+08
 0.21553613859652E+08
 0.21562057458483E+08
 0.21570541398033E+08
 0.21578209014058E+08
 0.21585594444406E+08
 0.21593615088780E+08
 0.21600842178333E+08
 0.21608172329166E+08
 0.21615208468893E+08
 0.21622453190683E+08
 0.21629113320048E+08
 0.21635565056176E+08
 0.21642245276228E+08
 0.21649098985234E+08
 0.21655479605354E+08
 0.21661419931277E+08
 0.21668222130894E+08
 0.21674724878584E+08
 0.21680823078889E+08
 0.21686850665807E+08
 0.21693550539724E+08
 0.21700306921888E+08
 0.21707594173650E+08
 0.21715687387054E+08
 0.21723728299761E+08
 0.21732511872901E+08
 0.21742194332826E+08
 0.21753241370261E+08
 0.21765486104340E+08
 0.21779044859091E+08
 0.21794215161977E+08
 0.21812786374941E+08
 0.21834178295535E+08
 0.21858198310886E+08
 0.21885987303603E+08
 0.21918515519969E+08
 0.21958065070647E+08
 0.22004440254681E+08
 0.22058639875991E+08
 0.22123336909374E+08
 0.22201526442527E+08
 0.22293059840965E+08
 0.22403569422068E+08
 0.22536696569421E+08
 0.22693481296772E+08
 0.22883085319234E+08
 0.23107585554602E+08
 0.23371614957770E+08
 0.23678174778424E+08
 0.24028704333309E+08
 0.24426892243265E+08
 0.24867751556330E+08
 0.25344047798125E+08
 0.25850294597655E+08
 0.26372622428689E+08
 0.26906003612266E+08
 0.27435674181460E+08
 0.27957090055916E+08
 0.28462926874726E+08
 0.28939586916196E+08
 0.29392817333531E+08
 0.29819771829237E+08
 0.30210002157481E+08
 0.30569910878003E+08
 0.30894756170194E+08
 0.31187516307832E+08
 0.31447368859740E+08
 0.31676939817737E+08
 0.31875201238850E+08
 0.32043928368752E+08
 0.32185604389802E+08
 0.32300635899327E+08
 0.32390080004651E+08
 0.32455238495889E+08
 0.32498009785782E+08
 0.32519266589954E+08
 0.32520300550375E+08
 0.32502277161866E+08
 0.32466317255197E+08
 0.32413726601939E+08
 0.32345078534549E+08
 0.32261643480191E+08
 0.32165024071349E+08
 0.32054926199497E+08
 0.31932484523123E+08
 0.31800057807200E+08
 0.31656151353049E+08
 0.31502956594391E+08
 0.31339718314700E+08
 0.31170534285747E+08
 0.30992025799894E+08
 0.30807324899552E+08
 0.30613778989025E+08
 0.30416423258650E+08
 0.30211710587009E+08
 0.30004287948291E+08
 0.29790622317411E+08
 0.29573475392785E+08
 0.29351638915014E+08
 0.29127292640205E+08
 0.28898556721166E+08
 0.28666898836383E+08
 0.28433182810412E+08
 0.28198072460093E+08
 0.27961811274479E+08
 0.27723016221049E+08
 0.27481802672689E+08
 0.27240147918716E+08
 0.26998380432765E+08
 0.26754796258405E+08
 0.26512152885166E+08
 0.26266670753473E+08
 0.26023391538104E+08
 0.25777811967923E+08
 0.25534681695132E+08
 0.25290373845179E+08
 0.25046246232745E+08
 0.24803174198910E+08
 0.24561643384167E+08
 0.24319482207559E+08
 0.24078132635482E+08
 0.23836438026344E+08
 0.23598868209044E+08
 0.23361538838365E+08
 0.23124659867305E+08
 0.22888968538840E+08
 0.22654929590765E+08
 0.22423168158091E+08
 0.22191182411393E+08
 0.21961974849867E+08
 0.21733385354862E+08
 0.21505277609191E+08
 0.21280832912720E+08
 0.21056937829700E+08
 0.20836208003124E+08
 0.20616339300584E+08
 0.20398460897856E+08
 0.20181508333713E+08
 0.19967249495657E+08
 0.19755905774947E+08
 0.19544389245902E+08
 0.19335268420144E+08
 0.19128535739446E+08
 0.18922397684695E+08
 0.18720080200281E+08
 0.18518838629319E+08
 0.18320195722036E+08
 0.18121548428347E+08
 0.17926477898280E+08
 0.17733757736016E+08
 0.17541590599773E+08
 0.17352780136670E+08
 0.17165147704798E+08
 0.16978786176995E+08
 0.16795975789683E+08
 0.16613588725438E+08
 0.16433826570558E+08
 0.16255879177655E+08
 0.16079350538255E+08
 0.15906240406745E+08
 0.15733187454122E+08
 0.15563280216353E+08
 0.15394837080250E+08
 0.15228116255090E+08
 0.15063649924499E+08
 0.14900463978599E+08
 0.14739104321381E+08
 0.14580557402955E+08
 0.14422474752312E+08
 0.14267618192504E+08
 0.14112757006287E+08
 0.13960867058210E+08
 0.13810835103725E+08
 0.13662603457184E+08
 0.13515416781972E+08
 0.13369910776922E+08
 0.13226136720361E+08
 0.13084889839483E+08
 0.12944480022947E+08
 0.12806078110771E+08
 0.12669313830339E+08
 0.12533448316824E+08
 0.12399535524391E+08
 0.12267784280510E+08
 0.12137449409108E+08
 0.12008152740751E+08
 0.11881297312844E+08
 0.11754606415188E+08
 0.11630338711331E+08
 0.11507300687072E+08
 0.11385775967153E+08
 0.11265795288225E+08
 0.11146993419796E+08
 0.11030030950662E+08
 0.10913895869591E+08
 0.10800043555382E+08
 0.10687056251280E+08
 0.10575558450198E+08
 0.10465398050002E+08
 0.10355784534174E+08
 0.10249090927915E+08
 0.10142056052853E+08
 0.10037340844338E+08
 0.99335569933535E+07
 0.98306633255162E+07
 0.97297018391820E+07
 0.96292634885299E+07
 0.95302871832199E+07
 0.94324621772360E+07
