 0.53405578660231E+07
 0.53405578660231E+07
 0.53405578660231E+07
 0.53405578660231E+07
 0.53405578660231E+07
 0.53405578660231E+07
 0.53405578660231E+07
 0.53405578660231E+07
 0.53405578660231E+07
 0.53405578660231E+07
 0.53405578660232E+07
 0.53405578660234E+07
 0.53405578660238E+07
 0.53405578660235E+07
 0.53405578660229E+07
 0.53405578660228E+07
 0.53405578660221E+07
 0.53405578660210E+07
 0.53405578660193E+07
 0.53405578660168E+07
 0.53405578660177E+07
 0.53405578660124E+07
 0.53405578660078E+07
 0.53405578660014E+07
 0.53405578659951E+07
 0.53405578659910E+07
 0.53405578659975E+07
 0.53405578659799E+07
 0.53405578659554E+07
 0.53405578659374E+07
 0.53405578659362E+07
 0.53405578659060E+07
 0.53405578658966E+07
 0.53405578658904E+07
 0.53405578658381E+07
 0.53405578658113E+07
 0.53405578657531E+07
 0.53405578657870E+07
 0.53405578656694E+07
 0.53405578654695E+07
 0.53405578654650E+07
 0.53405578654457E+07
 0.53405578653711E+07
 0.53405578652115E+07
 0.53405578654565E+07
 0.53405578654173E+07
 0.53405578651245E+07
 0.53405578647006E+07
 0.53405578646343E+07
 0.53405578647182E+07
 0.53405578644052E+07
 0.53405578642233E+07
 0.53405578633285E+07
 0.53405578633586E+07
 0.53405578631344E+07
 0.53405578624429E+07
 0.53405578611396E+07
 0.53405578618625E+07
 0.53405578614267E+07
 0.53405578586285E+07
 0.53405578639450E+07
 0.53405578600475E+07
 0.53405578603533E+07
 0.53405578626635E+07
 0.53405578590222E+07
 0.53405578654691E+07
 0.53405578689087E+07
 0.53405578593443E+07
 0.53405578603187E+07
 0.53405578517585E+07
 0.53405578594235E+07
 0.53405578686319E+07
 0.53405578435933E+07
 0.53405578645889E+07
 0.53405578432588E+07
 0.53405578537671E+07
 0.53405578597720E+07
 0.53405578690128E+07
 0.53405578433078E+07
 0.53405578522090E+07
 0.53405578691988E+07
 0.53405578540834E+07
 0.53405578120733E+07
 0.53405578256542E+07
 0.53405578536427E+07
 0.53405578401194E+07
 0.53405578306702E+07
 0.53405578429209E+07
 0.53405578621319E+07
 0.53405579377435E+07
 0.53405578852858E+07
 0.53405578271830E+07
 0.53405578416733E+07
 0.53405579606929E+07
 0.53405578857753E+07
 0.53405577959664E+07
 0.53405579104845E+07
 0.53405578678430E+07
 0.53405578139665E+07
 0.53405578684031E+07
 0.53405579596190E+07
 0.53405578231883E+07
 0.53405578335851E+07
 0.53405578315142E+07
 0.53405579248964E+07
 0.53405579345146E+07
 0.53405579413109E+07
 0.53405581219822E+07
 0.53405582234890E+07
 0.53405579917652E+07
 0.53405578181431E+07
 0.53405577182319E+07
 0.53405576731234E+07
 0.53405578016835E+07
 0.53405577623737E+07
 0.53405577197960E+07
 0.53405576754813E+07
 0.53405575828432E+07
 0.53405576358449E+07
 0.53405578166441E+07
 0.53405579728452E+07
 0.53405577224511E+07
 0.53405580327053E+07
 0.53405587505521E+07
 0.53405585043939E+07
 0.53405581255121E+07
 0.53405574191828E+07
 0.53405578663351E+07
 0.53405571375544E+07
 0.53405573995513E+07
 0.53405570737370E+07
 0.53405577393596E+07
 0.53405569996691E+07
 0.53405566338080E+07
 0.53405572957857E+07
 0.53405558655767E+07
 0.53405573424093E+07
 0.53405582539348E+07
 0.53405580194640E+07
 0.53405578792313E+07
 0.53405574949265E+07
 0.53405578112097E+07
 0.53405581078520E+07
 0.53405577545173E+07
 0.53405583885209E+07
 0.53405566382435E+07
 0.53405575128622E+07
 0.53405564675702E+07
 0.53405562796349E+07
 0.53405571257019E+07
 0.53405553551905E+07
 0.53405558308545E+07
 0.53405565557116E+07
 0.53405567753255E+07
 0.53405586738415E+07
 0.53405567193892E+07
 0.53405578860188E+07
 0.53405570911488E+07
 0.53405579358550E+07
 0.53405568032021E+07
 0.53405562931042E+07
 0.53405564395468E+07
 0.53405551903459E+07
 0.53405570203534E+07
 0.53405557644727E+07
 0.53405551674333E+07
 0.53405553685980E+07
 0.53405551738921E+07
 0.53405568337469E+07
 0.53405555366929E+07
 0.53405551465122E+07
 0.53405559535701E+07
 0.53405564319821E+07
 0.53405558745123E+07
 0.53405552582736E+07
 0.53405569816972E+07
 0.53405545906632E+07
 0.53405554239306E+07
 0.53405557590100E+07
 0.53405579751546E+07
 0.53405557504169E+07
 0.53405546664044E+07
 0.53405529571234E+07
 0.53405565911003E+07
 0.53405545411674E+07
 0.53405552630990E+07
 0.53405536169823E+07
 0.53405541578802E+07
 0.53405540804135E+07
 0.53405549719490E+07
 0.53405528702976E+07
 0.53405540604501E+07
 0.53405552002203E+07
 0.53405556710179E+07
 0.53405547058264E+07
 0.53405527226336E+07
 0.53405526896422E+07
 0.53405538346100E+07
 0.53405547960823E+07
 0.53405521576330E+07
 0.53405542195313E+07
 0.53405520191041E+07
 0.53405528744696E+07
 0.53405514745300E+07
 0.53405537611483E+07
 0.53405507751939E+07
 0.53405521228303E+07
 0.53405524102200E+07
 0.53405530949219E+07
 0.53405510361144E+07
 0.53405514407601E+07
 0.53405518720671E+07
 0.53405547135996E+07
 0.53405526947992E+07
 0.53405531961343E+07
 0.53405535419698E+07
 0.53405523621385E+07
 0.53405526544915E+07
 0.53405526558205E+07
 0.53405532514338E+07
 0.53405521357160E+07
 0.53405529744707E+07
 0.53405558885814E+07
 0.53405554963908E+07
 0.53405571463335E+07
 0.53405557760477E+07
 0.53405560176128E+07
 0.53405557145937E+07
 0.53405579762131E+07
 0.53405567243546E+07
 0.53405539139498E+07
 0.53405559848271E+07
 0.53405561568012E+07
 0.53405570622763E+07
 0.53405588872579E+07
 0.53405566294767E+07
 0.53405586458492E+07
 0.53405576976825E+07
 0.53405607601732E+07
 0.53405593478106E+07
 0.53405576760616E+07
 0.53405596258473E+07
 0.53405579153863E+07
 0.53405582100641E+07
 0.53405593743410E+07
 0.53405565633015E+07
 0.53405572101747E+07
 0.53405588384337E+07
 0.53405569987354E+07
 0.53405599909975E+07
 0.53405555075142E+07
 0.53405570373658E+07
 0.53405551542260E+07
 0.53405567788262E+07
 0.53405555753726E+07
 0.53405550996853E+07
 0.53405565277897E+07
 0.53405571645835E+07
 0.53405532235901E+07
 0.53405567116176E+07
 0.53405530044333E+07
 0.53405557488536E+07
 0.53405564368288E+07
 0.53405546947321E+07
 0.53405539050825E+07
 0.53405536465463E+07
 0.53405549313895E+07
 0.53405550414620E+07
 0.53405534200906E+07
 0.53405538167594E+07
 0.53405545539601E+07
 0.53405524670072E+07
 0.53405534751578E+07
 0.53405541505029E+07
 0.53405529472203E+07
 0.53405531768484E+07
 0.53405540641569E+07
 0.53405506481051E+07
 0.53405525630522E+07
 0.53405536328267E+07
 0.53405534992147E+07
 0.53405524486231E+07
 0.53405530529213E+07
 0.53405523987516E+07
 0.53405506439935E+07
 0.53405537742833E+07
 0.53405512573198E+07
 0.53405502062624E+07
 0.53405481897217E+07
 0.53405479197997E+07
 0.53405511623129E+07
 0.53405458342491E+07
 0.53405494425258E+07
 0.53405480602216E+07
 0.53405467170904E+07
 0.53405487635473E+07
 0.53405483932049E+07
 0.53405482385057E+07
 0.53405482654164E+07
 0.53405485279609E+07
