 0.12287856071230E+01
 0.12287856154771E+01
 0.12287856532512E+01
 0.12287857575042E+01
 0.12287859811654E+01
 0.12287863952375E+01
 0.12287871001449E+01
 0.12287882577229E+01
 0.12287901441678E+01
 0.12287932080140E+01
 0.12287981102368E+01
 0.12288057403489E+01
 0.12288172093824E+01
 0.12288337967607E+01
 0.12288569441779E+01
 0.12288881487230E+01
 0.12289289861647E+01
 0.12289810216730E+01
 0.12290457829346E+01
 0.12291247488389E+01
 0.12292192596173E+01
 0.12293307177474E+01
 0.12294602618020E+01
 0.12296089867270E+01
 0.12297778597953E+01
 0.12299677637438E+01
 0.12301794199634E+01
 0.12304136174223E+01
 0.12306708719021E+01
 0.12309515998377E+01
 0.12312561172815E+01
 0.12315849014011E+01
 0.12319379908105E+01
 0.12323154369632E+01
 0.12327175849118E+01
 0.12331441090083E+01
 0.12335950012479E+01
 0.12340698825736E+01
 0.12345687638203E+01
 0.12350913991970E+01
 0.12356365771299E+01
 0.12362045973824E+01
 0.12367948325879E+01
 0.12374064914398E+01
 0.12380385695491E+01
 0.12386908453360E+01
 0.12393628623317E+01
 0.12400534133540E+01
 0.12407614165117E+01
 0.12414861392568E+01
 0.12422270964932E+01
 0.12429828651893E+01
 0.12437528416071E+01
 0.12445358299880E+01
 0.12453306009869E+01
 0.12461365023233E+01
 0.12469526957478E+01
 0.12477773073500E+01
 0.12486103341388E+01
 0.12494510544031E+01
 0.12502954053324E+01
 0.12511470097346E+01
 0.12520024148900E+01
 0.12528592275848E+01
 0.12537200517294E+01
 0.12545792605332E+01
 0.12554398877169E+01
 0.12563025536406E+01
 0.12571607588514E+01
 0.12580183669436E+01
 0.12588694975443E+01
 0.12597176880387E+01
 0.12605644475992E+01
 0.12614001133253E+01
 0.12622332922151E+01
 0.12630568349593E+01
 0.12638734640740E+01
 0.12646794325787E+01
 0.12654816965621E+01
 0.12662691530410E+01
 0.12670482030644E+01
 0.12678169497622E+01
 0.12685754870262E+01
 0.12693215318866E+01
 0.12700504439724E+01
 0.12707717350151E+01
 0.12714804160531E+01
 0.12721718686578E+01
 0.12728499521761E+01
 0.12735118781038E+01
 0.12741658037629E+01
 0.12748054966622E+01
 0.12754245641485E+01
 0.12760260935953E+01
 0.12766211898037E+01
 0.12772025657049E+01
 0.12777583370632E+01
 0.12783064772227E+01
 0.12788359466199E+01
 0.12793517682765E+01
 0.12798470803015E+01
 0.12803332778651E+01
 0.12808049826790E+01
 0.12812562428845E+01
 0.12816886255113E+01
 0.12821116599016E+01
 0.12825257186892E+01
 0.12829119173833E+01
 0.12832877558370E+01
 0.12836563799771E+01
 0.12840138687607E+01
 0.12843504075181E+01
 0.12846761897424E+01
 0.12849860852260E+01
 0.12852767511041E+01
 0.12855656158714E+01
 0.12858419362555E+01
 0.12861041095785E+01
 0.12863507980801E+01
 0.12865874689167E+01
 0.12868174793218E+01
 0.12870409391905E+01
 0.12872374060838E+01
 0.12874215768731E+01
 0.12876045433678E+01
 0.12877814220508E+01
 0.12879480986437E+01
 0.12880823015863E+01
 0.12882068550843E+01
 0.12883240055396E+01
 0.12884200073035E+01
 0.12884810140495E+01
 0.12885337733304E+01
 0.12885471625647E+01
 0.12885125975818E+01
 0.12884565745483E+01
 0.12883224425572E+01
 0.12881303216364E+01
 0.12878599963634E+01
 0.12875113179874E+01
 0.12870598438485E+01
 0.12864679664047E+01
 0.12857310043446E+01
 0.12848347083103E+01
 0.12837395670811E+01
 0.12824578420895E+01
 0.12809401404241E+01
 0.12792090461702E+01
 0.12772451645614E+01
 0.12750627259205E+01
 0.12727524256001E+01
 0.12702542991801E+01
 0.12676121708352E+01
 0.12649421207924E+01
 0.12622073340140E+01
 0.12594969778601E+01
 0.12567992820364E+01
 0.12541691933476E+01
 0.12515850988807E+01
 0.12491091114469E+01
 0.12467283907921E+01
 0.12444286088956E+01
 0.12422296393668E+01
 0.12401286104638E+01
 0.12381450155441E+01
 0.12362393077071E+01
 0.12344348125570E+01
 0.12327202673018E+01
 0.12310852953479E+01
 0.12295346063441E+01
 0.12280766308507E+01
 0.12266660002982E+01
 0.12253324441725E+01
 0.12240837858406E+01
 0.12228801701957E+01
 0.12217242130222E+01
 0.12206474781017E+01
 0.12196035081055E+01
 0.12186186302807E+01
 0.12176530728427E+01
 0.12167709300444E+01
 0.12159025367738E+01
 0.12150835594251E+01
 0.12142695482799E+01
 0.12135183080885E+01
 0.12127743361944E+01
 0.12120842966390E+01
 0.12114078150340E+01
 0.12107588084581E+01
 0.12101258719662E+01
 0.12095251631247E+01
 0.12089313957542E+01
 0.12083566132376E+01
 0.12078074614616E+01
 0.12072773879144E+01
 0.12067694047779E+01
 0.12062708777942E+01
 0.12057773102896E+01
 0.12052993216701E+01
 0.12048472599097E+01
 0.12043960832819E+01
 0.12039628749487E+01
 0.12035255776056E+01
 0.12031134464582E+01
 0.12026940931608E+01
 0.12023018570130E+01
 0.12019035374826E+01
 0.12015142440716E+01
 0.12011378703024E+01
 0.12007681131472E+01
 0.12003982931922E+01
 0.12000360917863E+01
 0.11996684552468E+01
 0.11993249020152E+01
 0.11989808296110E+01
 0.11986378371499E+01
 0.11983010974194E+01
 0.11979653461589E+01
 0.11976423698497E+01
 0.11973124189750E+01
 0.11969912558206E+01
 0.11966666041653E+01
 0.11963409293238E+01
 0.11960285228086E+01
 0.11957092465710E+01
 0.11954054718161E+01
 0.11950966004909E+01
 0.11947921125761E+01
 0.11944835671652E+01
 0.11941815951110E+01
 0.11938889519486E+01
 0.11935838706303E+01
 0.11932830727165E+01
 0.11929868446697E+01
 0.11926819880900E+01
 0.11923948300972E+01
 0.11920980839724E+01
 0.11918109612560E+01
 0.11915115117826E+01
 0.11912218867387E+01
 0.11909346536639E+01
 0.11906394647894E+01
 0.11903567627346E+01
 0.11900664085065E+01
 0.11897733263786E+01
 0.11894943498458E+01
 0.11892030779184E+01
 0.11889136389158E+01
 0.11886302279383E+01
 0.11883380641648E+01
 0.11880598003594E+01
 0.11877683501376E+01
 0.11874875271588E+01
 0.11872012969090E+01
 0.11869154849912E+01
 0.11866339435138E+01
 0.11863459708973E+01
 0.11860601397494E+01
 0.11857843606717E+01
 0.11854929257555E+01
 0.11852155702820E+01
 0.11849243951307E+01
 0.11846417781698E+01
 0.11843587681742E+01
 0.11840790521799E+01
 0.11837901566201E+01
 0.11835061641082E+01
 0.11832217019512E+01
 0.11829450765824E+01
 0.11826586057428E+01
 0.11823744281813E+01
 0.11820935668240E+01
 0.11818078453164E+01
 0.11815231452147E+01
 0.11812420872165E+01
 0.11809579456217E+01
 0.11806732226081E+01
 0.11803950436030E+01
 0.11801116539990E+01
 0.11798245103435E+01
 0.11795422771516E+01
 0.11792576995836E+01
 0.11789758670102E+01
 0.11786955682414E+01
 0.11784142006980E+01
 0.11781277856797E+01
 0.11778496945085E+01
 0.11775662429649E+01
 0.11772889466445E+01
 0.11770072435251E+01
 0.11767199249416E+01
 0.11764458833412E+01
 0.11761584338786E+01
 0.11758802304502E+01
 0.11755980366267E+01
 0.11753137616564E+01
 0.11750355020142E+01
 0.11747537263842E+01
 0.11744748873240E+01
 0.11741941073791E+01
