 0.20941382915855E+01
 0.20941382915855E+01
 0.20941382915855E+01
 0.20941382915855E+01
 0.20941382915855E+01
 0.20941382992905E+01
 0.20941382692321E+01
 0.20941382760857E+01
 0.20941382460806E+01
 0.20941374377408E+01
 0.20941410070969E+01
 0.20941363943827E+01
 0.20941366056762E+01
 0.20941355605136E+01
 0.20941393038542E+01
 0.20941374653254E+01
 0.20941380640512E+01
 0.20941370686835E+01
 0.20941353027575E+01
 0.20941389899243E+01
 0.20941374126560E+01
 0.20941371489583E+01
 0.20941356033137E+01
 0.20941423025808E+01
 0.20941434986495E+01
 0.20941387865213E+01
 0.20941367551261E+01
 0.20941388974279E+01
 0.20941404247475E+01
 0.20941356947118E+01
 0.20941395282749E+01
 0.20941415835961E+01
 0.20941526500822E+01
 0.20941557154640E+01
 0.20941346896252E+01
 0.20941653672899E+01
 0.20941469546537E+01
 0.20941416433325E+01
 0.20941751622250E+01
 0.20941512094634E+01
 0.20941431930064E+01
 0.20941659675381E+01
 0.20941424064840E+01
 0.20941749157473E+01
 0.20941926174785E+01
 0.20941894620259E+01
 0.20941878991978E+01
 0.20941709316192E+01
 0.20941460272250E+01
 0.20941842538037E+01
 0.20941354908124E+01
 0.20941894436282E+01
 0.20941607641093E+01
 0.20941498640837E+01
 0.20941406784432E+01
 0.20941793292334E+01
 0.20941963672137E+01
 0.20941014348599E+01
 0.20941552569255E+01
 0.20941426647029E+01
 0.20941518457322E+01
 0.20941463311095E+01
 0.20941586987315E+01
 0.20941212140915E+01
 0.20942537792498E+01
 0.20941060269893E+01
 0.20941078907987E+01
 0.20942715900920E+01
 0.20941144032062E+01
 0.20940717887359E+01
 0.20940888535620E+01
 0.20940665527826E+01
 0.20941383229841E+01
 0.20940872516298E+01
 0.20942441528820E+01
 0.20941088505765E+01
 0.20941157554786E+01
 0.20942429762060E+01
 0.20942207533919E+01
 0.20941996068989E+01
 0.20941811804425E+01
 0.20942877753739E+01
 0.20941866449651E+01
 0.20941984386774E+01
 0.20941758599015E+01
 0.20942275365291E+01
 0.20942917841685E+01
 0.20943732787596E+01
 0.20943702610590E+01
 0.20943571842669E+01
