 0.11312241377893E+03
 0.11312241377892E+03
 0.11312241377876E+03
 0.11312241378960E+03
 0.11312241419240E+03
 0.11312241800312E+03
 0.11312243433318E+03
 0.11312247901926E+03
 0.11312256863174E+03
 0.11312271436291E+03
 0.11312291745852E+03
 0.11312316756298E+03
 0.11312344639015E+03
 0.11312372109917E+03
 0.11312396181135E+03
 0.11312411513922E+03
 0.11312414304142E+03
 0.11312399630743E+03
 0.11312362193018E+03
 0.11312296755114E+03
 0.11311679149615E+03
 0.11311405569736E+03
 0.11311077291070E+03
 0.11310687031867E+03
 0.11310225051041E+03
 0.11309680669230E+03
 0.11309037595704E+03
 0.11308285875594E+03
 0.11307402210770E+03
 0.11306359186821E+03
 0.11305124146538E+03
 0.11303674943747E+03
 0.11301964848881E+03
 0.11299948461775E+03
 0.11297598810419E+03
 0.11294850788478E+03
 0.11291661698195E+03
 0.11287968414229E+03
 0.11283724516785E+03
 0.11278902758754E+03
 0.11273396157251E+03
 0.11267199385362E+03
 0.11260262768323E+03
 0.11252528586469E+03
 0.11243935090986E+03
 0.11234474847079E+03
 0.11224126533437E+03
 0.11212842971802E+03
 0.11200568372873E+03
 0.11187296725331E+03
 0.11173020468502E+03
 0.11157681373791E+03
 0.11141289173152E+03
 0.11123795406130E+03
 0.11105157455953E+03
 0.11085381773267E+03
 0.11064426806998E+03
 0.11042217976020E+03
 0.11018785625176E+03
 0.10994108788512E+03
 0.10967914201528E+03
 0.10940483257551E+03
 0.10911590287692E+03
 0.10881057222908E+03
 0.10849080575076E+03
 0.10815241158064E+03
 0.10779750619085E+03
 0.10742608534679E+03
 0.10703344878302E+03
 0.10662124566665E+03
 0.10618463887241E+03
 0.10572563654824E+03
 0.10524538765892E+03
 0.10473299409348E+03
 0.10419562246401E+03
 0.10362568772301E+03
 0.10302273315925E+03
 0.10238174129702E+03
 0.10170664719922E+03
 0.10098260348941E+03
 0.10021214739654E+03
 0.99388861021109E+02
 0.98506027483952E+02
 0.97552791464453E+02
 0.96510549575752E+02
 0.95379961823011E+02
 0.94130583174654E+02
 0.92722372565308E+02
 0.91104210046706E+02
 0.89124391203817E+02
