 0.11076108624053E+04
 0.11076108624053E+04
 0.11076108624053E+04
 0.11076108624053E+04
 0.11076108624053E+04
 0.11076108624053E+04
 0.11076108624053E+04
 0.11076108624053E+04
 0.11076108624053E+04
 0.11076069849429E+04
 0.11077207589677E+04
 0.11075620357473E+04
 0.11074536527897E+04
 0.11075278816512E+04
 0.11073768013985E+04
 0.11074388962902E+04
 0.11074004255882E+04
 0.11075722226820E+04
 0.11075073314257E+04
 0.11073908208067E+04
 0.11074505137451E+04
 0.11075634452914E+04
 0.11075230248308E+04
 0.11072721922360E+04
 0.11072330583758E+04
 0.11073802096479E+04
 0.11075805936583E+04
 0.11073804012241E+04
 0.11073222055918E+04
 0.11075006393886E+04
 0.11076997577482E+04
 0.11072955761680E+04
 0.11081768070902E+04
 0.11083400098657E+04
 0.11075278545147E+04
 0.11087614094176E+04
 0.11079737680989E+04
 0.11078163953122E+04
 0.11092865577430E+04
 0.11081023156980E+04
 0.11071751792900E+04
 0.11088646127002E+04
 0.11078727581244E+04
 0.11093419187575E+04
 0.11108486618271E+04
 0.11107681656891E+04
 0.11105722495442E+04
 0.11093928584822E+04
 0.11083329466604E+04
 0.11106963099948E+04
 0.11080788928257E+04
 0.11122146430839E+04
 0.11093994955527E+04
 0.11089446694682E+04
 0.11087723249091E+04
 0.11128034295678E+04
 0.11123237046904E+04
 0.11078682086575E+04
 0.11145658068218E+04
 0.11098822163136E+04
 0.11129349970313E+04
 0.11116232905925E+04
 0.11062910534435E+04
 0.11107456543061E+04
 0.11096068580561E+04
 0.11110233365488E+04
 0.11119952756436E+04
 0.11198300043389E+04
 0.11140595793442E+04
 0.11083715476958E+04
 0.11162590261564E+04
 0.11174307957357E+04
 0.11073228944074E+04
 0.11166908442657E+04
 0.11105623000126E+04
 0.11144969026246E+04
 0.11087497390726E+04
 0.11112961718231E+04
 0.11177850691484E+04
 0.11174724446855E+04
 0.11160905635937E+04
 0.11068367581501E+04
 0.11175130215840E+04
 0.11201261614056E+04
 0.11133046062825E+04
 0.11162760001732E+04
 0.11156503608531E+04
 0.11191043015422E+04
 0.11166115639966E+04
 0.11152088839110E+04
