 0.25955908804632E+10
 0.25957108867719E+10
 0.25959108782898E+10
 0.25961908750767E+10
 0.25965508759658E+10
 0.25969908633751E+10
 0.25975108762650E+10
 0.25981108628551E+10
 0.25987908529845E+10
 0.25995508514588E+10
 0.26003908444430E+10
 0.26013108310859E+10
 0.26023108255141E+10
 0.26033908217320E+10
 0.26045508067878E+10
 0.26057908168495E+10
 0.26071108377505E+10
 0.26085108458351E+10
 0.26099908676321E+10
 0.26115508989844E+10
 0.26131909140112E+10
 0.26149109205198E+10
 0.26167108693614E+10
 0.26185907243112E+10
 0.26205503933541E+10
 0.26225897112626E+10
 0.26247084231360E+10
 0.26269063267135E+10
 0.26291829135279E+10
 0.26315376734517E+10
 0.26339697444137E+10
 0.26364783184735E+10
 0.26390621891139E+10
 0.26417197996372E+10
 0.26444496045116E+10
 0.26472492704298E+10
 0.26501163825893E+10
 0.26530484252763E+10
 0.26560407251490E+10
 0.26590921244197E+10
 0.26621970202004E+10
 0.26653510635184E+10
 0.26685495416773E+10
 0.26717866375442E+10
 0.26750566963721E+10
 0.26783535224248E+10
 0.26816699205207E+10
 0.26849994250596E+10
 0.26883336154746E+10
 0.26916653802124E+10
 0.26949860524084E+10
 0.26982869698014E+10
 0.27015596847747E+10
 0.27047948263589E+10
 0.27079827863566E+10
 0.27111147880800E+10
 0.27141804487012E+10
 0.27171693714206E+10
 0.27200736661212E+10
 0.27228819543837E+10
 0.27255813579400E+10
 0.27281668408698E+10
 0.27306253209928E+10
 0.27329441599713E+10
 0.27351182737800E+10
 0.27371309706077E+10
 0.27389767021383E+10
 0.27406480187306E+10
 0.27421292883255E+10
 0.27434092677208E+10
 0.27444707696193E+10
 0.27453116703284E+10
 0.27459403100234E+10
 0.27462968347490E+10
 0.27464126912578E+10
 0.27462584988854E+10
 0.27458230975863E+10
 0.27450906246509E+10
 0.27440837183051E+10
 0.27427276266721E+10
 0.27410511306531E+10
 0.27390353483562E+10
 0.27366610648633E+10
 0.27338947433721E+10
 0.27306678019995E+10
 0.27270526458396E+10
 0.27229468072789E+10
 0.27182590290461E+10
 0.27129235224294E+10
 0.27066296591304E+10
