 0.51033030801949E+03
 0.51033030801932E+03
 0.51033030801738E+03
 0.51033030806993E+03
 0.51033030954641E+03
 0.51033031525878E+03
 0.51033028379704E+03
 0.51032998622488E+03
 0.51032880070137E+03
 0.51032557666726E+03
 0.51031863190658E+03
 0.51030585479479E+03
 0.51028490315177E+03
 0.51025330869871E+03
 0.51020873711372E+03
 0.51014888634952E+03
 0.51007186108773E+03
 0.50997596421402E+03
 0.50985979255665E+03
 0.50972226712905E+03
 0.50952787767180E+03
 0.50933633755289E+03
 0.50912128814149E+03
 0.50888282462982E+03
 0.50862131838921E+03
 0.50833754002856E+03
 0.50803241080409E+03
 0.50770789263771E+03
 0.50736575634189E+03
 0.50700818751529E+03
 0.50663786400754E+03
 0.50625886076780E+03
 0.50587447832432E+03
 0.50548876436610E+03
 0.50510767739551E+03
 0.50473528726670E+03
 0.50437743149255E+03
 0.50403906335053E+03
 0.50372690210987E+03
 0.50344695677925E+03
 0.50320190318668E+03
 0.50300106007461E+03
 0.50284682391144E+03
 0.50274422543020E+03
 0.50269611000681E+03
 0.50270756770679E+03
 0.50278250319338E+03
 0.50292185255341E+03
 0.50312700955369E+03
 0.50339923539909E+03
 0.50374118888257E+03
 0.50415116941043E+03
 0.50463086528909E+03
 0.50517887953288E+03
 0.50579469472256E+03
 0.50647907697729E+03
 0.50723202403323E+03
 0.50805161347321E+03
 0.50894028484619E+03
 0.50990001497910E+03
 0.51092437501615E+03
 0.51202574941216E+03
 0.51320199148160E+03
 0.51445198957101E+03
 0.51578682405516E+03
 0.51720527722178E+03
 0.51871841521002E+03
 0.52033665607786E+03
 0.52205867687466E+03
 0.52390334665102E+03
 0.52587797462076E+03
 0.52800085149870E+03
 0.53029031383415E+03
 0.53276098548449E+03
 0.53544425397585E+03
 0.53836102824632E+03
 0.54155057051392E+03
 0.54505752630294E+03
 0.54892081758160E+03
 0.55321299007950E+03
 0.55799926514495E+03
 0.56338841023545E+03
 0.56947819904956E+03
 0.57643980085235E+03
 0.58450451165399E+03
 0.59388704238261E+03
 0.60501011568415E+03
 0.61842932163953E+03
 0.63491868991418E+03
 0.65577913647188E+03
 0.68290712488665E+03
 0.72007772397046E+03
 0.77505631294827E+03
 0.86642515737629E+03
 0.10558809903904E+04
 0.19171425236437E+04
