 0.10000000133514E-09
 0.10000000133514E-09
 0.10000000133514E-09
 0.10000000133514E-09
 0.10000000133514E-09
 0.10000000133514E-09
 0.10000000133514E-09
 0.10000000133514E-09
 0.10000000133514E-09
 0.10000000133514E-09
 0.10000000133514E-09
 0.10000000133514E-09
 0.10000000133514E-09
 0.10000000133514E-09
 0.10000000133514E-09
 0.10000000133514E-09
 0.10000000133514E-09
 0.10000000133514E-09
 0.99620662013141E-04
 0.99620662013141E-04
 0.21916676459441E-03
 0.30892459971263E-03
 0.42345698958310E-03
 0.56645038497792E-03
 0.74162541408386E-03
 0.95267263606641E-03
 0.12031963268525E-02
 0.14966816959175E-02
 0.18364923818855E-02
 0.22258904947521E-02
 0.26678541468726E-02
 0.31651629985195E-02
 0.37205592824307E-02
 0.43363910116546E-02
 0.50148064010689E-02
 0.57580506220235E-02
 0.65677868495236E-02
 0.74458561866532E-02
 0.83936634135740E-02
 0.94124793068246E-02
 0.10503911179236E-01
 0.11668936721815E-01
 0.12908340769132E-01
 0.14223192575003E-01
 0.15614608139439E-01
 0.17083161647465E-01
 0.18629247425217E-01
 0.20255161930324E-01
 0.21959364573898E-01
 0.23743555248599E-01
 0.25607476684601E-01
 0.27553019996634E-01
 0.29578984068609E-01
 0.31687400992680E-01
 0.33878642812273E-01
 0.36153305495385E-01
 0.38510334722148E-01
 0.40951628973235E-01
 0.43480197458720E-01
 0.46092054523947E-01
 0.48789678014074E-01
 0.51575121654644E-01
 0.54446694845270E-01
 0.57408289561600E-01
 0.60454381564662E-01
 0.63597237986943E-01
 0.66827142644626E-01
 0.70140137759893E-01
 0.73556060471891E-01
 0.77058031915441E-01
 0.80663332182857E-01
 0.84359282818201E-01
 0.88150499990166E-01
 0.92041555874669E-01
 0.96028814631580E-01
 0.10012172180004E+00
 0.10432467265404E+00
 0.10862345941682E+00
 0.11302962408371E+00
 0.11755083112562E+00
 0.12217738526808E+00
 0.12692184458130E+00
 0.13177231935227E+00
 0.13675068395588E+00
 0.14186138903914E+00
 0.14708907372397E+00
 0.15244896825652E+00
 0.15795092918012E+00
 0.16358548527164E+00
 0.16936804982296E+00
 0.17528457559807E+00
 0.18135704439436E+00
 0.18760077574945E+00
 0.19401736011598E+00
 0.20058600725066E+00
 0.20731712075954E+00
 0.21427305813444E+00
 0.22138993919093E+00
 0.22871419022360E+00
 0.23623806740487E+00
 0.24399725819313E+00
 0.25194697794846E+00
 0.26012315265822E+00
 0.26854894051008E+00
 0.27723103510865E+00
 0.28615858686446E+00
 0.29530117588034E+00
 0.30476598384772E+00
 0.31447875724284E+00
 0.32443632335113E+00
 0.33464046794079E+00
 0.34506592314866E+00
 0.35561612961451E+00
 0.36608617235957E+00
 0.37631930473712E+00
 0.38593893573219E+00
 0.39482608104568E+00
 0.40295071030010E+00
 0.41038718568364E+00
 0.41725057547084E+00
 0.42365569872190E+00
 0.42971744829269E+00
 0.43551695033262E+00
 0.44111132801810E+00
 0.44652852939947E+00
 0.45181139797733E+00
 0.45698407993455E+00
 0.46206718592681E+00
 0.46707015120475E+00
 0.47199773313169E+00
 0.47686059282246E+00
 0.48166704038053E+00
 0.48641545857245E+00
 0.49111222885567E+00
 0.49576077094524E+00
 0.50035755424415E+00
 0.50490773136929E+00
 0.50941353243487E+00
 0.51386983176999E+00
 0.51828128920461E+00
 0.52264729791319E+00
 0.52696969863611E+00
 0.53124745233258E+00
 0.53547966821591E+00
 0.53966762781190E+00
 0.54381058667791E+00
 0.54790921023402E+00
 0.55196377022238E+00
 0.55597548975105E+00
 0.55994248565881E+00
 0.56386432674541E+00
 0.56774396411930E+00
 0.57158142275362E+00
 0.57537415460551E+00
 0.57912478176801E+00
 0.58283280698928E+00
 0.58649861289643E+00
 0.59012262898502E+00
 0.59370561062210E+00
 0.59724635933422E+00
 0.60074703882640E+00
 0.60420700753427E+00
 0.60762772797084E+00
 0.61100838630694E+00
 0.61434881452052E+00
 0.61765160228054E+00
 0.62091576461579E+00
 0.62414220505469E+00
 0.62733143321120E+00
 0.63048388679539E+00
 0.63359942825909E+00
 0.63667908719644E+00
 0.63972277331133E+00
 0.64273228378701E+00
 0.64570677468353E+00
 0.64864690148576E+00
 0.65155226015906E+00
 0.65442646914386E+00
 0.65726663549132E+00
 0.66007499788371E+00
 0.66285043987023E+00
 0.66559545294607E+00
 0.66830890228710E+00
 0.67099246164774E+00
 0.67364590328009E+00
 0.67626915373284E+00
 0.67886362474612E+00
 0.68142928713162E+00
 0.68396660019205E+00
 0.68647602495290E+00
 0.68895772835531E+00
 0.69141222043165E+00
 0.69384064619800E+00
 0.69624204060256E+00
 0.69861787195376E+00
 0.70096802893490E+00
 0.70329298082605E+00
 0.70559344574519E+00
 0.70786936036657E+00
 0.71012111393439E+00
