 0.83176571363982E+02
 0.83176571363993E+02
 0.83176571364246E+02
 0.83176571419259E+02
 0.83176573347217E+02
 0.83176591494077E+02
 0.83176671867343E+02
 0.83176896760626E+02
 0.83177367132019E+02
 0.83178179585805E+02
 0.83179412468903E+02
 0.83181122434403E+02
 0.83183345317290E+02
 0.83186103501458E+02
 0.83189404508594E+02
 0.83193251399913E+02
 0.83197635362772E+02
 0.83202544244008E+02
 0.83207962295037E+02
 0.83213869154306E+02
 0.83195984918759E+02
 0.83196517343824E+02
 0.83197154133472E+02
 0.83197905893934E+02
 0.83198784213763E+02
 0.83199798605582E+02
 0.83200966520384E+02
 0.83202285286930E+02
 0.83203772154726E+02
 0.83205447781034E+02
 0.83207334167052E+02
 0.83209424040035E+02
 0.83211753991853E+02
 0.83214352831161E+02
 0.83217201453123E+02
 0.83220357443469E+02
 0.83223833221757E+02
 0.83227675860243E+02
 0.83231884267779E+02
 0.83236478120776E+02
 0.83241590759041E+02
 0.83247165948223E+02
 0.83253255075728E+02
 0.83259929648700E+02
 0.83267278134888E+02
 0.83275299800936E+02
 0.83284007717359E+02
 0.83293535765370E+02
 0.83303942525152E+02
 0.83315295316877E+02
 0.83327608326564E+02
 0.83341035167085E+02
 0.83355599811188E+02
 0.83371417723308E+02
 0.83388617248891E+02
 0.83407240661749E+02
 0.83427383680019E+02
 0.83449243043486E+02
 0.83472839569301E+02
 0.83498227860582E+02
 0.83525921609018E+02
 0.83555499505396E+02
 0.83587396621250E+02
 0.83621955379256E+02
 0.83658880526112E+02
 0.83698954433224E+02
 0.83741849132777E+02
 0.83787549652115E+02
 0.83837016864926E+02
 0.83889822814708E+02
 0.83946919061179E+02
 0.84007941732271E+02
 0.84072883219057E+02
 0.84143181334335E+02
 0.84217905217734E+02
 0.84298273097763E+02
 0.84384228118178E+02
 0.84476477908822E+02
 0.84574419183758E+02
 0.84679980570122E+02
 0.84792555172293E+02
 0.84912997296475E+02
 0.85041541221121E+02
 0.85179233863036E+02
 0.85327415425708E+02
 0.85485083539598E+02
 0.85653672055175E+02
 0.85834951555848E+02
 0.86028849114844E+02
 0.86237034334949E+02
 0.86458602495711E+02
 0.86696116950627E+02
 0.86952330899341E+02
 0.87227978163802E+02
 0.87521926836454E+02
 0.87837119264640E+02
 0.88179847339967E+02
 0.88546410959162E+02
 0.88943078118323E+02
 0.89371008415024E+02
 0.89836757280313E+02
 0.90339244835585E+02
 0.90885630257281E+02
 0.91483722053518E+02
 0.92140937934977E+02
 0.92861278996129E+02
 0.93652557424721E+02
 0.94541253343984E+02
 0.95530935567832E+02
 0.96640517718947E+02
 0.97892158912472E+02
 0.99318473018508E+02
 0.10092776872685E+03
 0.10272648797085E+03
 0.10465801659273E+03
 0.10664410045323E+03
 0.10860139911048E+03
 0.11046967496826E+03
 0.11223088157028E+03
 0.11388701893083E+03
 0.11545750947428E+03
 0.11696550658974E+03
 0.11844854823868E+03
 0.11990696287763E+03
 0.12134013726392E+03
 0.12275945973471E+03
 0.12417588771699E+03
 0.12560952051977E+03
 0.12704553909729E+03
 0.12847931884643E+03
 0.12992593863875E+03
 0.13139344746581E+03
 0.13285676500382E+03
 0.13434159626193E+03
 0.13584967060506E+03
 0.13735351515634E+03
 0.13889153845723E+03
 0.14044372745005E+03
 0.14200959266477E+03
 0.14358380718179E+03
 0.14516936814556E+03
 0.14678105233518E+03
 0.14840852469632E+03
 0.15004736809119E+03
 0.15170676718593E+03
 0.15337356353357E+03
 0.15506674118370E+03
 0.15676856517359E+03
 0.15849193197315E+03
 0.16023870917430E+03
 0.16197537606244E+03
 0.16374263853904E+03
 0.16554390438873E+03
 0.16734020661617E+03
 0.16916210881502E+03
 0.17099041754861E+03
 0.17283924416703E+03
 0.17469552053870E+03
 0.17657905276444E+03
 0.17846713543420E+03
 0.18036812855921E+03
 0.18229270367563E+03
 0.18423111527543E+03
 0.18618270683957E+03
 0.18814169292834E+03
 0.19012290813268E+03
 0.19211956497478E+03
 0.19412666951166E+03
 0.19615539364945E+03
 0.19819086169809E+03
 0.20023586198635E+03
 0.20230922731549E+03
 0.20439144942008E+03
 0.20647160310676E+03
 0.20858316838007E+03
 0.21071258116599E+03
 0.21283187821778E+03
 0.21498648619787E+03
 0.21714312607625E+03
 0.21933277305063E+03
 0.22149824310397E+03
 0.22370067922481E+03
 0.22590447716556E+03
 0.22815146465081E+03
 0.23037835776814E+03
 0.23264529728166E+03
 0.23489665628470E+03
 0.23717774056486E+03
 0.23946463588011E+03
 0.24177266619556E+03
 0.24408140914751E+03
 0.24642552871754E+03
 0.24877356653775E+03
 0.25113262069914E+03
 0.25349824936523E+03
 0.25586397596672E+03
 0.25825212453017E+03
 0.26066642393475E+03
 0.26308880298853E+03
 0.26551085033822E+03
