 0.16432730420240E+00
 0.16432730420236E+00
 0.16432730420183E+00
 0.16432730419992E+00
 0.16432730418737E+00
 0.16432730411556E+00
 0.16432730225344E+00
 0.16432729422945E+00
 0.16432726668463E+00
 0.16432719381420E+00
 0.16432703279898E+00
 0.16432672136883E+00
 0.16432618674844E+00
 0.16432532438571E+00
 0.16432404554313E+00
 0.16432219918541E+00
 0.16431968286554E+00
 0.16431636494416E+00
 0.16431210200388E+00
 0.16430675236125E+00
 0.16430007407472E+00
 0.16429204972580E+00
 0.16428237322422E+00
 0.16427079414792E+00
 0.16425697268257E+00
 0.16424052517128E+00
 0.16422088098137E+00
 0.16419763055869E+00
 0.16416994920862E+00
 0.16413687159356E+00
 0.16409725500363E+00
 0.16405024277696E+00
 0.16399425547675E+00
 0.16392773513816E+00
 0.16384965447683E+00
 0.16375789636746E+00
 0.16365099959855E+00
 0.16352654893283E+00
 0.16338399980813E+00
 0.16322157010481E+00
 0.16303623285404E+00
 0.16282780537258E+00
 0.16259470705962E+00
 0.16233540720927E+00
 0.16204803133697E+00
 0.16173223727332E+00
 0.16138790552670E+00
 0.16101330224230E+00
 0.16060728746544E+00
 0.16016931170663E+00
 0.15969955361866E+00
 0.15919627224021E+00
 0.15865993585444E+00
 0.15808899800557E+00
 0.15748244636784E+00
 0.15684017168301E+00
 0.15616121705449E+00
 0.15544354031042E+00
 0.15468748713705E+00
 0.15389283281415E+00
 0.15305148595885E+00
 0.15217156243188E+00
 0.15124604823604E+00
 0.15027078911289E+00
 0.14925047883043E+00
 0.14817288643979E+00
 0.14704466829193E+00
 0.14586568001180E+00
 0.14462070092055E+00
 0.14331792585760E+00
 0.14193895480634E+00
 0.14049219941942E+00
 0.13897993076097E+00
 0.13737108339851E+00
 0.13568512371428E+00
 0.13390043339108E+00
 0.13201353588924E+00
 0.13000779667689E+00
 0.12789574171599E+00
 0.12562860533338E+00
 0.12321161978716E+00
 0.12061870238792E+00
 0.11781642808546E+00
 0.11475617978591E+00
 0.11134459497125E+00
 0.10750815234324E+00
 0.10291357779068E+00
