 0.51033030801949E+03
 0.51033030801932E+03
 0.51033030801738E+03
 0.51033030806993E+03
 0.51033030954641E+03
 0.51033031525878E+03
 0.51033028379629E+03
 0.51032998622612E+03
 0.51032880070411E+03
 0.51032557666431E+03
 0.51031863191651E+03
 0.51030585479791E+03
 0.51028490316208E+03
 0.51025330867588E+03
 0.51020873716786E+03
 0.51014888617524E+03
 0.51007185867120E+03
 0.50997595625645E+03
 0.50985976881131E+03
 0.50972220160240E+03
 0.50952771738390E+03
 0.50933596255366E+03
 0.50912046847303E+03
 0.50888114331582E+03
 0.50861805666364E+03
 0.50833152292514E+03
 0.50802180594817E+03
 0.50768994488495E+03
 0.50733648542040E+03
 0.50696203726063E+03
 0.50656728209155E+03
 0.50615391686783E+03
 0.50572239361240E+03
 0.50527353700951E+03
 0.50480963018954E+03
 0.50433076286983E+03
 0.50383846686316E+03
 0.50333318301669E+03
 0.50281702006516E+03
 0.50229137011350E+03
 0.50175425967845E+03
 0.50120949782108E+03
 0.50065757111140E+03
 0.50009854474166E+03
 0.49953189265956E+03
 0.49895997426165E+03
 0.49838436243949E+03
 0.49780413636572E+03
 0.49721874433781E+03
 0.49662894747463E+03
 0.49603663644668E+03
 0.49544006270118E+03
 0.49484060334257E+03
 0.49423761279002E+03
 0.49362997768963E+03
 0.49301900450759E+03
 0.49240513286862E+03
 0.49178518177696E+03
 0.49116241801118E+03
 0.49053752918634E+03
 0.48989987759107E+03
 0.48926473122284E+03
 0.48862353528350E+03
 0.48797104616806E+03
 0.48731870627400E+03
 0.48665071067068E+03
 0.48597991688548E+03
 0.48531020680034E+03
 0.48462351326254E+03
 0.48393424583440E+03
 0.48322605425359E+03
 0.48251236644551E+03
 0.48179957626123E+03
 0.48105974217407E+03
 0.48032138054277E+03
 0.47956411884943E+03
 0.47879774908860E+03
 0.47801267593233E+03
 0.47723081330636E+03
 0.47642100335995E+03
 0.47560267615786E+03
 0.47477172136090E+03
 0.47392916833407E+03
 0.47306976058216E+03
 0.47218165048374E+03
 0.47129105581000E+03
 0.47038538838048E+03
 0.46945180476522E+03
 0.46850300109903E+03
 0.46753119163604E+03
 0.46655745762386E+03
 0.46556538484876E+03
 0.46453924743437E+03
 0.46348742506905E+03
 0.46243708965616E+03
 0.46136999474424E+03
 0.46025659005022E+03
 0.45914155011154E+03
 0.45799510805849E+03
 0.45683173477033E+03
 0.45563210848489E+03
 0.45442433608487E+03
 0.45319388865288E+03
 0.45192753684829E+03
 0.45062607331916E+03
 0.44931265183588E+03
 0.44798513625981E+03
 0.44659959936468E+03
 0.44519521821626E+03
 0.44377808903213E+03
 0.44233774763738E+03
 0.44084974276706E+03
 0.43933643291568E+03
 0.43778416505061E+03
 0.43618434839642E+03
 0.43457144968419E+03
 0.43292413356115E+03
 0.43123565944282E+03
 0.42949949582315E+03
 0.42772959736264E+03
 0.42592885195093E+03
 0.42409824317786E+03
 0.42218960448871E+03
 0.42023806219775E+03
 0.41826482703266E+03
 0.41626094731130E+03
 0.41421847070186E+03
 0.41209523265215E+03
 0.40994153841700E+03
 0.40777238827368E+03
 0.40556279822055E+03
 0.40330360123410E+03
 0.40106561296043E+03
 0.39880841648841E+03
 0.39655024095503E+03
 0.39439851068413E+03
 0.39221836872166E+03
 0.39028514158937E+03
 0.38851948334173E+03
 0.38707231025841E+03
 0.38604765598391E+03
 0.38557221835889E+03
 0.38583234468475E+03
 0.38703473919398E+03
 0.38938784841028E+03
 0.39310025619570E+03
 0.39837457331471E+03
 0.40533477227358E+03
 0.41408864634395E+03
 0.42465651675532E+03
 0.43683237539131E+03
 0.45068955090400E+03
 0.46608391631649E+03
 0.48264964956458E+03
 0.50040248268043E+03
 0.51907001741466E+03
 0.53858289934965E+03
 0.55875455215517E+03
 0.57963727248203E+03
 0.60098086933563E+03
 0.62277520064279E+03
 0.64506829051186E+03
 0.66777156473222E+03
 0.69083746457025E+03
 0.71417246042273E+03
 0.73791504666608E+03
 0.76197591769549E+03
 0.78633047600355E+03
 0.81104907305231E+03
 0.83605442934871E+03
 0.86130238932209E+03
 0.88700239492958E+03
 0.91297320805879E+03
 0.93915102344416E+03
 0.96576410581445E+03
 0.99274657680719E+03
 0.10198892805153E+04
 0.10475135239647E+04
 0.10753980106590E+04
 0.11038050589855E+04
 0.11322385645689E+04
 0.11612366241481E+04
 0.11904964328880E+04
 0.12203846515067E+04
 0.12503944558654E+04
 0.12809638236467E+04
 0.13116914541550E+04
 0.13429431876875E+04
 0.13745804150283E+04
 0.14066854999322E+04
 0.14391056821128E+04
 0.14720739135574E+04
 0.15054577737467E+04
 0.15392345072830E+04
 0.15734145175013E+04
 0.16079759423225E+04
 0.16430389142703E+04
 0.16786751417460E+04
 0.17147210409722E+04
 0.17511500092690E+04
 0.17881387166376E+04
 0.18255449455166E+04
 0.18635987893112E+04
 0.19019959139154E+04
 0.19410981195554E+04
 0.19804909947256E+04
 0.20205507946517E+04
 0.20611444772457E+04
 0.21022486074196E+04
 0.21438396768272E+04
 0.21860835299479E+04
 0.22288843115660E+04
 0.22723858478043E+04
 0.23162150352482E+04
 0.23607399186602E+04
 0.24058584814396E+04
 0.24516123453457E+04
 0.24980072368230E+04
 0.25449110617393E+04
 0.25925981117102E+04
 0.26408190464848E+04
 0.26898332475564E+04
 0.27395530738273E+04
 0.27898188351573E+04
 0.28408650426429E+04
 0.28924152471803E+04
 0.29447937516779E+04
 0.29978804902479E+04
 0.30517473518066E+04
 0.31062838491418E+04
 0.31614940720622E+04
 0.32176716406939E+04
 0.32745177825856E+04
 0.33321614577662E+04
 0.33907414162791E+04
 0.34498628911068E+04
 0.35100496138672E+04
 0.35708506333577E+04
 0.36327690139148E+04
 0.36953865515177E+04
 0.37588424305265E+04
 0.38233706328420E+04
 0.38886153722177E+04
 0.39548428275247E+04
 0.40221486264591E+04
 0.40901649119208E+04
 0.41593898899702E+04
 0.42295087641930E+04
 0.43006186717894E+04
 0.43727645573643E+04
 0.44458551283587E+04
 0.45202253772214E+04
 0.45954389027749E+04
 0.46719029995029E+04
 0.47494536101021E+04
 0.48280867640464E+04
 0.49079947181975E+04
 0.49889872484876E+04
 0.50710773109501E+04
 0.51546391771917E+04
 0.52392121394134E+04
 0.53252716518637E+04
 0.54125150636854E+04
 0.55010227307216E+04
 0.55908615360041E+04
 0.56821973648573E+04
 0.57748910370069E+04
 0.58690244030854E+04
 0.59644717128844E+04
 0.60615407102673E+04
 0.61600611547862E+04
 0.62601202054932E+04
 0.63618689456923E+04
 0.64651482627858E+04
 0.65700384743187E+04
 0.66766264216275E+04
 0.67849960417005E+04
 0.68949389622841E+04
 0.70068642672433E+04
 0.71206227308776E+04
 0.72361872897550E+04
 0.73536986246289E+04
 0.74731644356481E+04
 0.75946095321461E+04
 0.77181297143345E+04
 0.78437978457305E+04
 0.79715553622760E+04
 0.81015948075115E+04
 0.82338056750340E+04
 0.83683953147859E+04
 0.85054387000529E+04
 0.86447950846082E+04
 0.87867921892317E+04
 0.89312845390010E+04
 0.90784514318239E+04
 0.92283441235525E+04
 0.93810276605451E+04
 0.95365920447575E+04
 0.96951109489647E+04
 0.98566515414574E+04
