   0.00000000000000000000000000000000000      
  -2.16536612506813429483733084667010604E-0040
  -1.42937909883117652534056343493799781E-0038
  -1.31286725579875084092433410645453954E-0037
  -6.07028714201215189249266190513357513E-0037
  -1.90010198290754879193780629636540652E-0036
  -4.62552807497732077832963971255761849E-0036
  -9.44350952586319019392770324564596444E-0036
  -1.29704745128190436885517971677000134E-0024
  -2.93402589131686203560393299252992282E-0024
  -7.88443741685559128237104603314486339E-0024
  -1.67685267770144311695411637620234058E-0023
   9.66450556881245620147894289677332143E-0024
   1.88379327222917488102243310232011442E-0024
   7.17703711400396776059016487822584696E-0025
  -9.45698814872922142412605823603001015E-0024
   3.00934890576085045514588676831101065E-0024
  -1.07757330493120925416546052597825365E-0024
   1.52252119020917473361794061869181877E-0024
   2.75946151772872408501895606289011327E-0024
  -4.52930567614079313783801260616451393E-0024
  -1.27396768181846588538825025298268427E-0024
   2.41887348595686899704944786875970265E-0024
  -2.04619955415092970466348550162196647E-0024
  -1.19119478354031292383722857849113391E-0024
   2.60394411847036238395166809684890195E-0024
  -1.37569051300008007369358791582999675E-0025
  -3.73507162806831692041599321848632111E-0025
   1.86804491202042951840796704517837069E-0024
   4.28670355052078116457476543410777932E-0024
  -3.17673171905868941941943961732237966E-0024
   3.45159855126368661537449849016667925E-0025
  -1.16685380574733721937155039679443403E-0023
   3.77172741306398103701422343777692983E-0023
  -1.87399691959782326497402268171454631E-0024
   9.57805643646890724117129421392834477E-0024
   1.30763762798115790576865107041180604E-0023
  -1.96155220554045839199470320923487289E-0023
   1.42238835564796051178236999337916384E-0023
  -1.12481348170546703755238132602799744E-0023
  -6.36115629745884164655890717802298632E-0024
   3.87408204916270295121051911453271847E-0024
  -2.27882755858132069387611692909015619E-0023
  -1.64914435120338769537712016064060108E-0023
  -2.02422219811546507988733982770025496E-0023
  -1.80117173910827950482210493914927392E-0023
   7.65129058525727329794018255194290921E-0024
  -3.23075844269851928682294243739273516E-0023
  -2.23890391077251133864327520424783931E-0023
  -1.60750242903397942221343594190055590E-0023
  -2.94956059793739019760812835028637680E-0023
   5.91935328909788882871126780798868780E-0024
   7.61289465432105968771468639767563485E-0023
   1.17397740542548778260234451044223449E-0022
   2.10273960962791581287755337683174629E-0022
   3.86054924514455148618748852322725606E-0022
   6.11640902897837163547121398873181188E-0022
   6.83817503621718102267929793308482220E-0022
   1.01669523368929445645170511050399193E-0021
   1.51621423647329489291961401097352853E-0021
   2.09155046881860821291614245239881015E-0021
   2.81560649528057530199369003097322744E-0021
   3.61436384058134866469673242629262798E-0021
   4.74019250328693876632020225359499807E-0021
   6.26616599379424672054903210808934452E-0021
   7.63063961778392246245072308376856180E-0021
   9.87977858367014349863142291553883447E-0021
   1.20627755504867526778682824931188582E-0020
   1.48439802527553735485176980337278552E-0020
   1.81401085567392245819622850308974412E-0020
   2.15204899584691050982743761365310845E-0020
   2.59169527837855836013125367543203124E-0020
   3.14423800047238030110504876310808870E-0020
   3.70117777655017480205793062914864779E-0020
   4.37540634718002865542200762714265012E-0020
   5.17121602829763705867421401813408270E-0020
   6.02169694603821901054008506576229267E-0020
   7.00148504673860887975928278030456707E-0020
   8.06099784901126810354008960379250620E-0020
   9.28544205602742030628875005082824482E-0020
   1.05535632248087128194562133596288687E-0019
   1.20429240971345975772449633594752655E-0019
   1.36838317925404090306665321102689849E-0019
   1.54772449514980386148870488526808276E-0019
   1.74477764072621880290959968960407433E-0019
   1.96010796170773306908807806096991153E-0019
   2.19035967225088827245300379365575737E-0019
   2.45371858153490704068878571116958767E-0019
   2.73230806426955834641308161714270884E-0019
   3.03033574359021339989066494028684769E-0019
   3.35549600634848847147268189934797679E-0019
   3.70268122235038093613843663655223186E-0019
   4.08541440818857879107183445507492566E-0019
   4.48217016237552737996441395029380351E-0019
   4.92334232504852564169985249600858844E-0019
   5.38371205905312129959036557586680357E-0019
   5.88354430603977565168793300458659532E-0019
   6.41381391996577225520691675785661033E-0019
   6.98565934223201745907182305210633185E-0019
   7.56071216236990413394191199945964870E-0019
   8.21721818559204289864041559488885663E-0019
   8.89403207225142625558087780740622322E-0019
   9.60246370722314613990908621186519804E-0019
   1.03890991320882306449818959401684717E-0018
   1.11569607090940566124433690638582032E-0018
   1.20075189218857191591938590171870135E-0018
   1.29289852962293315775052997180258603E-0018
   1.38579385024554196718554150913928271E-0018
   1.48251866162379338833323569425275804E-0018
   1.58990528682867721913982531965551889E-0018
   1.69673500458155872890283238729201809E-0018
   1.81349962625575871027693451892937306E-0018
   1.93308914457350120366162900842250336E-0018
   2.06503589100232733512442893356913246E-0018
   2.19641117066189490697204326985819613E-0018
   2.33661581441559527807718480298681175E-0018
   2.47907488226049552944794973518271519E-0018
   2.63483712361553047510886958554214596E-0018
   2.79201262932078517097928076092260282E-0018
   2.96289971250844161254676709915250020E-0018
   3.13841286380394462558821258546097531E-0018
   3.32405073914627242217558033830115808E-0018
   3.51299813666608896097116589343014201E-0018
   3.71211315660751540024152409129164158E-0018
   3.92113554524974174926323255204255268E-0018
   4.14426722430752669835604856172794054E-0018
   4.37349160772749445080860256651948016E-0018
   4.60929314303751942461568380052090040E-0018
   4.85691804299862393205214797415398305E-0018
   5.11515364916653598206556137781421806E-0018
   5.38487172160960679478754558230245085E-0018
   5.66952400722783659601329323616028659E-0018
   5.96175207320254560627396681030537334E-0018
   6.27011303140462822708755011170984290E-0018
   6.58651749082032718366044234508684068E-0018
   6.92338426888948843111103015332312173E-0018
   7.27028683955712957938971315962010234E-0018
   7.63697162147995776505858460469493914E-0018
   8.00626217261760033243265807275374455E-0018
   8.40214591935128971398199446320592270E-0018
   8.81261965949556099569371841743723769E-0018
   9.22908966826856977173437293922109827E-0018
   9.67618842319022545177776110820325451E-0018
   1.01446406683712585435114595474833980E-0017
   1.06269352098744505252220708096536476E-0017
   1.11149211935514064188171948527234490E-0017
   1.16372926895024066584625868099747959E-0017
   1.21847566022369462828290155602594505E-0017
   1.27366532308399572041232324684014122E-0017
   1.33227002189275477479103803688962475E-0017
   1.39136883507574725430759418980391242E-0017
   1.45391623245831798733278928050596813E-0017
   1.51741536163659738571755889633981104E-0017
   1.58368510680467031122260742563716838E-0017
   1.64980190372083805348801433613097266E-0017
   1.71947002572748980555861861342339421E-0017
   1.78793256405390409792844896007460374E-0017
   1.85589582829892506783736752049256633E-0017
   1.92517853902271877800759952883805939E-0017
   1.99214774458338774356384103914287336E-0017
   2.05756285467331691119083859987837531E-0017
   2.11889044588332352650689847913901323E-0017
   2.17513372015060935831731575040665176E-0017
   2.23100946290803594255120288811126370E-0017
   2.28060624354041071094523581308297219E-0017
   2.32483152500613060753703136688743691E-0017
   2.36303185454553156805571490856315491E-0017
   2.39989746456062342353297871287504349E-0017
   2.43347854034608423950638890327340064E-0017
   2.46152099914860580210945528258859819E-0017
   2.49012589304155454724245856467681186E-0017
   2.51551959707545822666047816326814927E-0017
   2.53962746096399078235511977211042124E-0017
   2.55887850674492947359835529096630499E-0017
   2.57954150401464906234686156858518795E-0017
   2.59676509505066665949791649443108012E-0017
   2.61581387871452159270214060987533014E-0017
   2.63018580442594829722409497782072738E-0017
   2.64540455985089205567071632323647226E-0017
   2.65655088497973710115613037646316434E-0017
   2.66722644023496167327508379838295635E-0017
   2.67651503076776337478868120167875640E-0017
   2.68766745963448690369155942025967426E-0017
   2.69819168185682775542809816239451595E-0017
   2.70700530139113076339110697103055883E-0017
   2.70985727197154822110887509967639008E-0017
   2.71812499132445412174034609070134749E-0017
   2.72427745697573898794090660993635776E-0017
   2.72905842258027738843785032697219092E-0017
   2.73114663023198539653936803579002461E-0017
   2.73731965400137107923874192082840550E-0017
   2.73771012433067344302325078702453831E-0017
   2.74085868016835501597042988703864958E-0017
   2.74323225473237334510648122421508314E-0017
   2.74632562788207081330668533502863577E-0017
   2.74454825706926054286384330235541678E-0017
   2.74774063468375752934150316985256657E-0017
   2.74307377201908018080940936714834011E-0017
   2.74321886679104538837788091666281209E-0017
   2.74696804486182233270132433417109241E-0017
