   0.00000000000000000000000000000000000      
   1.33063333924297244464982402771293795E-0042
   1.97595735518968159443601568126574144E-0040
   3.22739675593382935598627646729415423E-0039
   2.33118278081482907877951937079215378E-0038
   1.05093708351144184940637896859934566E-0037
   3.48259921210828576108629284858600168E-0037
   9.28580550894805302141811775029610263E-0037
   1.66828914493651241691274494589411087E-0025
   4.50523398608539654595381756003670838E-0025
   2.13567013551858209712834551512214303E-0024
   2.30968275914317447810728239574270433E-0024
  -1.41503529508554784185002424183407029E-0024
  -2.49244818153925964635824970701095052E-0026
  -3.27924950254924649096701569172387844E-0025
   1.52061887570827484175389445959366558E-0024
  -5.01478291362416853699379410903850220E-0025
   4.72114027214861765446503215809209162E-0025
  -5.60311240878770397951119436955102839E-0025
  -1.01463986925667987078435699285351616E-0024
   2.18647640089045238200853276012310249E-0024
   1.28479311742216192880992646055302007E-0025
  -6.41593762640298680622837628951109339E-0025
   9.43481825518440407292322103837363033E-0025
   8.80363750379706099565293569158325859E-0025
  -1.37145692020326538940240271258650264E-0024
   5.85766218855333126428580702283646098E-0025
  -3.09744541815117219889564042926035254E-0025
  -1.62151509356159697909461294016568438E-0024
  -7.03916658100117772342246203472034436E-0024
   7.62545696043607865900493819801050307E-0024
  -6.21862677683272169005268613538167924E-0024
   1.24797254377578473445223597092248639E-0023
  -4.81976731360274100906815409560763550E-0023
  -6.33277187522068884516746376601419169E-0024
  -1.77027214580562892167102785542182467E-0023
  -6.30248216617009498926924546984019204E-0024
   3.94585631708873336281748604313919384E-0023
  -2.58029474901077428424729625898219080E-0023
   1.78216177995306114793627444973098949E-0023
   1.88202232487473521686851238470189778E-0023
   1.07878247552312244008022986931572061E-0023
   8.48685363760177490581242663100631539E-0023
   1.01257500659932656153963594458313929E-0022
   1.42569688158098793754607381202772487E-0022
   1.98203384623897707659005680351282448E-0022
   2.58783868033865764332544782387401927E-0022
   4.77258687401352281732302114437272506E-0022
   6.95727689268651654442375047414599479E-0022
   9.37459495518475128597715720929988570E-0022
   1.33723883910799544847516178613590536E-0021
   1.78637230131033675446197748051559085E-0021
   2.35650025729335200036221373838415724E-0021
   3.31630812102928064257924477695459858E-0021
   4.30920001982454965844694078082700562E-0021
   5.43230993350246235537498667835922411E-0021
   6.86770950457857330734682914899288428E-0021
   9.37741600871174421883566724903775877E-0021
   1.18507420174886992256549650802241599E-0020
   1.47929893862917772838942713923498090E-0020
   1.85085128429876070611555559232258081E-0020
   2.29634251674849689089846439806320267E-0020
   2.84786871610301246448823176385691920E-0020
   3.44392018273133923799537995886577135E-0020
   4.16756499464995006913576364346604752E-0020
   5.14183018528283710044217512658013632E-0020
   5.98611335388940354069947957091732395E-0020
   7.25639163273323580723974046425118115E-0020
   8.59930128668041797169898434557890804E-0020
   1.01025284205921289553215020894000081E-0019
   1.21008513252892428888510530598234485E-0019
   1.40526773469982226054873023814546741E-0019
   1.61146032121307389263220789026550837E-0019
   1.88905607742934394507604559063964759E-0019
   2.16589861867901888896039628889274175E-0019
   2.46204418252657183637259863516978601E-0019
   2.81903496793455042323554216381848645E-0019
   3.20684331472277350295733490815536794E-0019
   3.65950441549744497423580493449814565E-0019
   4.10990530301853842044071115014099468E-0019
   4.69279529171492576614565158482944568E-0019
   5.28469222325614418031618938778206033E-0019
   5.91236909004679821825423782245972384E-0019
   6.60870197873725946507691713253988268E-0019
   7.36230011011772705859972036835803903E-0019
   8.19948107382847048001024716318802685E-0019
   9.14514387022432237080452005677250282E-0019
   1.00308654030807693720556184528732522E-0018
   1.10816031124934712495060838000019558E-0018
   1.22756503238845372727184704062283604E-0018
   1.34897130301455715212758287856170549E-0018
   1.48310480139798249302319644036865615E-0018
   1.61752137191420285387539652653570855E-0018
   1.77993869715779241861547162410209461E-0018
   1.93171349984057061331465081340648530E-0018
   2.11183420131808663285298193211326799E-0018
   2.29097466159188997522333408475206011E-0018
   2.48928048142440995334702558479250619E-0018
   2.68268934003593890694178253506998464E-0018
   2.93761342508060766551990772454601134E-0018
   3.15643468294571721826048916324660703E-0018
   3.40257686166656009140614106293438946E-0018
   3.67544273048671219815765675695642134E-0018
   3.92811042161961603122259843866690597E-0018
   4.26001992326441703719092538344698338E-0018
   4.58226133396363644093899159532057175E-0018
   4.87489374197915807459958175595538401E-0018
   5.24469478867106993543596988425914629E-0018
   5.63520988787265863322945586365363599E-0018
   5.99567225915955719971521048140944505E-0018
   6.44607993060708699191597333744124950E-0018
   6.86985504161821404640015381276494233E-0018
   7.33507367535295991476372213688128592E-0018
   7.75478612851810792491760459077874058E-0018
   8.28925543352710566241445939037610563E-0018
   8.82110637041189180439690899628055695E-0018
   9.39621240531975823506423466707554771E-0018
   9.95892039882451644464443114949318382E-0018
   1.06304886891313420625180061147649230E-0017
   1.12156629208689152351283485065699424E-0017
   1.18943460905186162090182454111708295E-0017
   1.25733252709743842373122074178378013E-0017
   1.33362529692476218964143535623840201E-0017
   1.41464421671115664283303187139745144E-0017
   1.49515128964842379413943665533688146E-0017
   1.57215378872724924594489110044631846E-0017
   1.65583161169389355201538361010671710E-0017
   1.75259421485723125547482459007547378E-0017
   1.85356163412583382041032446180533824E-0017
   1.95301088185351139168363416035139081E-0017
   2.05887858225979608395249699747279047E-0017
   2.16138539051802270484464807939948610E-0017
   2.27648712962383226620232342089125002E-0017
   2.39660075385196446439445566648545372E-0017
   2.52369413145589911856691198431061156E-0017
   2.64282940032061287293075723156889548E-0017
   2.77757148553120991303766287113811395E-0017
   2.90760607480271230720656025360962489E-0017
   3.06573381063172946401628857223623833E-0017
   3.21035439375821659334076003113793716E-0017
   3.35884368721478638889436475500748194E-0017
   3.53313628552848578576601890695829737E-0017
   3.68992164645851006310347837982057184E-0017
   3.84716089832587221232954610845053426E-0017
   4.02346198133324394672897436195837055E-0017
   4.22257557272202304435361797009453914E-0017
   4.40767572912251243702155627260953151E-0017
   4.56886670991136626672625731058122091E-0017
   4.77006715277838496533597014955351544E-0017
   4.95319915377093737558320729182158851E-0017
   5.17005299250726168993907640173028297E-0017
   5.34361526538378207823648536810449220E-0017
   5.52829436557908451763055528564970940E-0017
   5.67158791268752033538667385628750217E-0017
   5.85457917463884200640306992803741178E-0017
   5.96419771411248522752349459857906391E-0017
   6.09523151082873688176345258921024447E-0017
   6.22128440521408175046072094735167558E-0017
   6.27788487167578320583858740319044225E-0017
   6.33309742014088027244920663513578826E-0017
   6.35032523154078902948934029596900301E-0017
   6.36813324475787473270682391737394668E-0017
   6.42012053392924051706750058908298384E-0017
   6.38884852422003831869810922648582533E-0017
   6.36067058947990074900262371465390811E-0017
   6.36434715770697482970221051549200959E-0017
   6.41793654504900077131276307928366603E-0017
   6.41774018454444698824225547125095427E-0017
   6.44297473651574668196845894229997866E-0017
   6.50223200988646796140664744457981291E-0017
   6.49079687397529979092619885857687449E-0017
   6.52243899479438153501216659265220695E-0017
   6.55119993865122763382945154317080408E-0017
   6.65507380271994931629452872985960334E-0017
   6.67547121705150682537173641425416436E-0017
   6.74004088792575186189389716491201990E-0017
   6.70926948596145963628952705279423576E-0017
   6.76814796339240623867692867679909245E-0017
   6.79785877139044595263727767718779641E-0017
   6.88972776802033182649247126487818080E-0017
   6.95707253291919461484880573593747744E-0017
   7.04583061903549858177385921068315010E-0017
   7.04997942209480639308879728758477345E-0017
   7.08038001343431510487606302434425598E-0017
   7.06741440722279689881924627245004362E-0017
   7.22436741770421708566857884524512944E-0017
   7.24638631157219783088628191192116249E-0017
   7.29528150564154013184040910910333477E-0017
   7.30916511028821272634086868524932036E-0017
   7.41643078260952564342483003323509657E-0017
   7.36730142598440126747833656462368651E-0017
   7.50552347580078309669780201971896944E-0017
   7.52731488758489763456285647293798518E-0017
   7.54228427601325715595438679669172512E-0017
   7.50888476288038659438558662588818178E-0017
   7.67213504934858061998159728657848559E-0017
   7.65467190779478643474923429648777483E-0017
   7.80507563208193233758032496807587715E-0017
   7.85370406836253593391380416373028712E-0017
   7.73736190456302697952728971641622976E-0017
