 0.10189891284960E+00
 0.10189891284961E+00
 0.10189891284978E+00
 0.10189891285078E+00
 0.10189891285480E+00
 0.10189891286596E+00
 0.10189891261479E+00
 0.10189891145552E+00
 0.10189890729663E+00
 0.10189889613219E+00
 0.10189887143470E+00
 0.10189882426969E+00
 0.10189874225041E+00
 0.10189861152836E+00
 0.10189841759604E+00
 0.10189814120342E+00
 0.10189776652598E+00
 0.10189727643557E+00
 0.10189665367680E+00
 0.10189588117018E+00
 0.10189493472955E+00
 0.10189381575816E+00
 0.10189249862309E+00
 0.10189097145664E+00
 0.10188921615424E+00
 0.10188722027088E+00
 0.10188496274436E+00
 0.10188245738038E+00
 0.10187967716334E+00
 0.10187660026829E+00
 0.10187319780232E+00
 0.10186949780629E+00
 0.10186545026403E+00
 0.10186102819403E+00
 0.10185628023230E+00
 0.10185113136374E+00
 0.10184559341935E+00
 0.10183960876527E+00
 0.10183322947675E+00
 0.10182645851412E+00
 0.10181910887191E+00
 0.10181133333355E+00
 0.10180310259657E+00
 0.10179436882865E+00
 0.10178503758679E+00
 0.10177520961613E+00
 0.10176494459488E+00
 0.10175414655560E+00
 0.10174275104423E+00
 0.10173078852239E+00
 0.10171835716870E+00
 0.10170533051558E+00
 0.10169181362215E+00
 0.10167773300045E+00
 0.10166304815306E+00
 0.10164784689835E+00
 0.10163216233069E+00
 0.10161581218114E+00
 0.10159902720914E+00
 0.10158189862761E+00
 0.10156371361413E+00
 0.10154556070753E+00
 0.10152687109294E+00
 0.10150734770576E+00
 0.10148780002485E+00
 0.10146716539200E+00
 0.10144638203170E+00
 0.10142577626060E+00
 0.10140412441186E+00
 0.10138247982752E+00
 0.10135972808776E+00
 0.10133684693794E+00
 0.10131434229444E+00
 0.10129030116281E+00
 0.10126675345043E+00
 0.10124231328360E+00
 0.10121771297603E+00
 0.10119230067668E+00
 0.10116773423074E+00
 0.10114171298444E+00
 0.10111576879429E+00
 0.10108958495797E+00
 0.10106331508355E+00
 0.10103657333839E+00
 0.10100853394418E+00
 0.10098115801679E+00
 0.10095351047931E+00
 0.10092475874093E+00
 0.10089582549708E+00
 0.10086607523728E+00
 0.10083720904876E+00
 0.10080805611275E+00
 0.10077737644340E+00
 0.10074579292238E+00
 0.10071542753635E+00
 0.10068490416173E+00
 0.10065202485761E+00
 0.10062014377128E+00
 0.10058716303802E+00
 0.10055396289677E+00
 0.10051939500376E+00
 0.10048525460771E+00
 0.10045066689213E+00
 0.10041457088491E+00
 0.10037713527688E+00
 0.10033988489348E+00
 0.10030283786498E+00
 0.10026271851721E+00
 0.10022251539379E+00
 0.10018257336894E+00
 0.10014205642935E+00
 0.10009934901899E+00
 0.10005590634045E+00
 0.10001075191486E+00
 0.99963354254675E-01
 0.99916216994064E-01
 0.99867553715737E-01
 0.99817217175077E-01
 0.99764423486807E-01
 0.99710284388757E-01
 0.99654896399430E-01
 0.99598251385481E-01
 0.99536831064732E-01
 0.99472770707074E-01
 0.99407969668136E-01
 0.99341317991324E-01
 0.99272197706366E-01
 0.99196696298259E-01
 0.99118497690392E-01
 0.99038104061273E-01
 0.98953062129875E-01
 0.98861274244076E-01
 0.98767500104289E-01
 0.98666525675046E-01
 0.98557477161033E-01
 0.98445085316981E-01
 0.98320987005723E-01
 0.98189208055730E-01
 0.98047690693498E-01
 0.97897049841438E-01
 0.97735425604470E-01
 0.97558162427128E-01
 0.97366149917100E-01
 0.97157937897144E-01
 0.96929443928884E-01
 0.96682097936875E-01
 0.96408580168928E-01
 0.96110193411049E-01
 0.95781304782026E-01
 0.95418245291944E-01
 0.95028362201457E-01
 0.94597770409152E-01
 0.94125199877758E-01
 0.93620817553588E-01
 0.93076929121569E-01
 0.92503677271905E-01
 0.91902041365410E-01
 0.91283621444451E-01
 0.90651735282273E-01
 0.90023578859906E-01
 0.89407784534620E-01
 0.88810107384923E-01
 0.88243526299088E-01
 0.87713575621968E-01
 0.87227967902118E-01
 0.86785343301851E-01
 0.86390228696450E-01
 0.86041951267338E-01
 0.85740166432745E-01
 0.85483793509165E-01
 0.85271817729590E-01
 0.85099567457188E-01
 0.84966779089977E-01
 0.84872004500568E-01
 0.84810833267598E-01
 0.84782147835176E-01
 0.84784173692842E-01
 0.84814359973795E-01
 0.84871158088605E-01
 0.84953271178101E-01
 0.85057732927873E-01
 0.85184921202304E-01
 0.85331855646819E-01
 0.85499953687071E-01
 0.85684554105519E-01
 0.85887808206524E-01
 0.86105415963761E-01
 0.86339680579124E-01
 0.86587706296219E-01
 0.86850585559455E-01
 0.87125647476184E-01
 0.87415222490394E-01
 0.87716465285932E-01
 0.88028539637528E-01
 0.88351046153725E-01
 0.88682641663972E-01
 0.89025735356820E-01
 0.89380024212453E-01
 0.89742731325823E-01
 0.90112806060217E-01
 0.90492585410514E-01
 0.90879749773689E-01
 0.91277869187426E-01
 0.91680230287615E-01
 0.92094409005280E-01
 0.92510793039003E-01
 0.92937821727073E-01
 0.93371918925379E-01
 0.93812223199340E-01
 0.94257519817465E-01
 0.94711613383636E-01
 0.95171085724154E-01
 0.95639644980203E-01
 0.96109521304047E-01
 0.96586001765874E-01
 0.97069468140742E-01
 0.97557472150466E-01
 0.98052842536038E-01
 0.98549989090799E-01
 0.99056654449692E-01
 0.99564921949631E-01
 0.10008206088823E+00
 0.10060501079411E+00
 0.10112909384698E+00
 0.10166115069761E+00
 0.10219431899654E+00
 0.10273357860756E+00
 0.10327688662482E+00
 0.10382756209310E+00
 0.10438006083879E+00
 0.10493404052671E+00
 0.10549851099690E+00
 0.10606559697804E+00
 0.10663550456167E+00
 0.10721407308623E+00
 0.10778953094316E+00
 0.10837349123521E+00
 0.10895830658587E+00
 0.10955392312768E+00
 0.11014789259146E+00
 0.11074466495503E+00
 0.11134978100063E+00
 0.11195488816204E+00
 0.11256525588188E+00
 0.11318152767707E+00
 0.11379702644437E+00
 0.11442049260211E+00
 0.11504671884012E+00
 0.11567442623905E+00
 0.11630950164440E+00
 0.11694228421334E+00
 0.11758414319537E+00
 0.11822607881465E+00
 0.11887275380314E+00
 0.11952407398046E+00
 0.12017656613913E+00
 0.12083510803167E+00
 0.12149646208273E+00
 0.12215600280295E+00
 0.12282663056179E+00
 0.12349411360305E+00
 0.12417207700296E+00
 0.12484835604204E+00
 0.12552713238740E+00
 0.12620875312609E+00
 0.12689765470788E+00
 0.12758933355340E+00
 0.12828265404693E+00
 0.12897699664204E+00
 0.12967500175291E+00
 0.13037767992871E+00
 0.13108234293366E+00
 0.13179235613188E+00
 0.13250621811137E+00
 0.13321897181057E+00
 0.13393555268913E+00
 0.13465741171496E+00
 0.13537736991373E+00
 0.13610704844411E+00
 0.13683657165970E+00
 0.13756969596923E+00
 0.13830288711168E+00
 0.13904310386856E+00
 0.13978297499754E+00
 0.14052611489508E+00
 0.14127517572105E+00
 0.14202210568813E+00
 0.14277458362148E+00
 0.14352780671864E+00
 0.14428570348103E+00
 0.14504763826069E+00
 0.14580526946928E+00
 0.14657492264207E+00
 0.14734187563423E+00
 0.14811164842300E+00
 0.14888726025329E+00
 0.14966416944878E+00
 0.15044405510179E+00
 0.15122669115884E+00
 0.15201086865676E+00
