 0.21140089951492E+08
 0.21140089951487E+08
 0.21140089951416E+08
 0.21140089951002E+08
 0.21140089949331E+08
 0.21140089944668E+08
 0.21140090048753E+08
 0.21140090529864E+08
 0.21140092253790E+08
 0.21140096868176E+08
 0.21140107191162E+08
 0.21140126663458E+08
 0.21140160645055E+08
 0.21140214944602E+08
 0.21140295299828E+08
 0.21140410022538E+08
 0.21140565507579E+08
 0.21140768968243E+08
 0.21141027355744E+08
 0.21141347827507E+08
 0.21141740617738E+08
 0.21142204982643E+08
 0.21142751686493E+08
 0.21143385308667E+08
 0.21144113871894E+08
 0.21144942289530E+08
 0.21145879344203E+08
 0.21146919285455E+08
 0.21148073420755E+08
 0.21149351030358E+08
 0.21150763716723E+08
 0.21152300042804E+08
 0.21153981129863E+08
 0.21155817777588E+08
 0.21157790300880E+08
 0.21159929529656E+08
 0.21162230698351E+08
 0.21164717964854E+08
 0.21167369692425E+08
 0.21170185128954E+08
 0.21173241529468E+08
 0.21176475554072E+08
 0.21179900066825E+08
 0.21183534298089E+08
 0.21187418739648E+08
 0.21191510814544E+08
 0.21195786157495E+08
 0.21200285062037E+08
 0.21205034302075E+08
 0.21210021684857E+08
 0.21215206085343E+08
 0.21220641030660E+08
 0.21226282740875E+08
 0.21232162172291E+08
 0.21238296468013E+08
 0.21244648989821E+08
 0.21251207158892E+08
 0.21258046297975E+08
 0.21265070506290E+08
 0.21272242971651E+08
 0.21279860578394E+08
 0.21287469878993E+08
 0.21295308468424E+08
 0.21303500231845E+08
 0.21311707749767E+08
 0.21320376015035E+08
 0.21329112871920E+08
 0.21337780944226E+08
 0.21346893422613E+08
 0.21356009312028E+08
 0.21365598447173E+08
 0.21375247999277E+08
 0.21384745491283E+08
 0.21394897564847E+08
 0.21404849064375E+08
 0.21415185133769E+08
 0.21425595389491E+08
 0.21436358073182E+08
 0.21446769762368E+08
 0.21457806117874E+08
 0.21468819391005E+08
 0.21479942307642E+08
 0.21491111077378E+08
 0.21502488759930E+08
 0.21514429917991E+08
 0.21526094684471E+08
 0.21537888222672E+08
 0.21550160127132E+08
 0.21562522239109E+08
 0.21575243729568E+08
 0.21587596862678E+08
 0.21600086370583E+08
 0.21613239139606E+08
 0.21626791466725E+08
 0.21639836004548E+08
 0.21652960842246E+08
 0.21667106128470E+08
 0.21680841225088E+08
 0.21695059008635E+08
 0.21709387032781E+08
 0.21724319952284E+08
 0.21739084994425E+08
 0.21754058838668E+08
 0.21769698812817E+08
 0.21785942913858E+08
 0.21802119352605E+08
 0.21818231799177E+08
 0.21835696919513E+08
 0.21853211762771E+08
 0.21870643099034E+08
 0.21888341831714E+08
 0.21907027545884E+08
 0.21926053811458E+08
 0.21945856771648E+08
 0.21966672529410E+08
 0.21987407567399E+08
 0.22008839535761E+08
 0.22031042072083E+08
 0.22054367392283E+08
 0.22078319926741E+08
 0.22102873115581E+08
 0.22128017391229E+08
 0.22155339675366E+08
 0.22183879432333E+08
 0.22212814253597E+08
 0.22242627541226E+08
 0.22273614393818E+08
 0.22307532993228E+08
 0.22342745050138E+08
 0.22379032487478E+08
 0.22417519410113E+08
 0.22459166807032E+08
 0.22501834226052E+08
 0.22547913721081E+08
 0.22597836806922E+08
 0.22649463256451E+08
 0.22706677402569E+08
 0.22767662373918E+08
 0.22833435280389E+08
 0.22903764198389E+08
 0.22979573816862E+08
 0.23063161050726E+08
 0.23154211242416E+08
 0.23253561863385E+08
 0.23363318114295E+08
 0.23483022612973E+08
 0.23616459020388E+08
 0.23763326335034E+08
 0.23926799035693E+08
 0.24109221271253E+08
 0.24307462676953E+08
 0.24529251424309E+08
 0.24776173321001E+08
 0.25043859599014E+08
 0.25337390420405E+08
 0.25652401767738E+08
 0.25989366427125E+08
 0.26342699553943E+08
 0.26711228571987E+08
 0.27085292122101E+08
 0.27459675357885E+08
 0.27830521351753E+08
 0.28189044772738E+08
 0.28530706077254E+08
 0.28849255195993E+08
 0.29144277743256E+08
 0.29411471835894E+08
 0.29650062084293E+08
 0.29859150270692E+08
 0.30038516984387E+08
 0.30188056222341E+08
 0.30310377013676E+08
 0.30405190895582E+08
 0.30473137136761E+08
 0.30517108699647E+08
 0.30537765029788E+08
 0.30536298046838E+08
 0.30514570988081E+08
 0.30473750949024E+08
 0.30414868993007E+08
 0.30340205487606E+08
 0.30249670545894E+08
 0.30145580186878E+08
 0.30027162212223E+08
 0.29897927590365E+08
 0.29756586393246E+08
 0.29606355098545E+08
 0.29445926287803E+08
 0.29277471747572E+08
 0.29100505193179E+08
 0.28917056424529E+08
 0.28725789502126E+08
 0.28528818611612E+08
 0.28326895048187E+08
 0.28120477967310E+08
 0.27910573579620E+08
 0.27695861480022E+08
 0.27476734770087E+08
 0.27255078980412E+08
 0.27031689559950E+08
 0.26805265038868E+08
 0.26577360679476E+08
 0.26346027791469E+08
 0.26115279142177E+08
 0.25880902479454E+08
 0.25648452577656E+08
 0.25413302318098E+08
 0.25177547789630E+08
 0.24941765291605E+08
 0.24706663175279E+08
 0.24470320622583E+08
 0.24234607412858E+08
 0.23997722755815E+08
 0.23763649803377E+08
 0.23529766794285E+08
 0.23295969223230E+08
 0.23063487957035E+08
 0.22831035458663E+08
 0.22601268533238E+08
 0.22370662162896E+08
 0.22142845463554E+08
 0.21914603462264E+08
 0.21687363096616E+08
 0.21463167780633E+08
 0.21239094727620E+08
 0.21018054878473E+08
 0.20797984802941E+08
 0.20579739601407E+08
 0.20362014163059E+08
 0.20147021321078E+08
 0.19934864370555E+08
 0.19722110400265E+08
 0.19511781663831E+08
 0.19303786030163E+08
 0.19096002123541E+08
 0.18892655995909E+08
 0.18689592896556E+08
 0.18489511150433E+08
 0.18289009385919E+08
 0.18092298293602E+08
 0.17897833309245E+08
 0.17703831480904E+08
 0.17512981099580E+08
 0.17323567134148E+08
 0.17135424048063E+08
 0.16950573392239E+08
 0.16766348884146E+08
 0.16584316778163E+08
 0.16404814337087E+08
 0.16226155073241E+08
 0.16051033256272E+08
 0.15876270550158E+08
 0.15704331959268E+08
 0.15533936530193E+08
 0.15365095712169E+08
 0.15198701915045E+08
 0.15033487562520E+08
 0.14870267203894E+08
 0.14710126560769E+08
 0.14549931298174E+08
 0.14393074712041E+08
 0.14236333352971E+08
 0.14082521334811E+08
 0.13930634827685E+08
 0.13780567405292E+08
 0.13631347605588E+08
 0.13483956999907E+08
 0.13338596862125E+08
 0.13195368964035E+08
 0.13053698764431E+08
 0.12913370490733E+08
 0.12774904783231E+08
 0.12637629695562E+08
 0.12501828625658E+08
 0.12368408502022E+08
 0.12236418127694E+08
 0.12105578442330E+08
 0.11977163204750E+08
 0.11849085117896E+08
 0.11723079811094E+08
 0.11598462707075E+08
 0.11475817754801E+08
 0.11353950833302E+08
 0.11234077487506E+08
 0.11115580849333E+08
 0.10998013708554E+08
 0.10882637368515E+08
 0.10768228922522E+08
 0.10655503453965E+08
 0.10543855577636E+08
 0.10433372239888E+08
 0.10325226678071E+08
 0.10217078624542E+08
 0.10110988369470E+08
 0.10006165514738E+08
 0.99021835137167E+07
 0.97996471865667E+07
 0.96983068431881E+07
 0.95981849944370E+07
 0.94994131561778E+07
