 0.25955908804632E+10
 0.25957108867719E+10
 0.25959108782898E+10
 0.25961908750767E+10
 0.25965508759658E+10
 0.25969908781553E+10
 0.25975108684409E+10
 0.25981108744504E+10
 0.25987908512540E+10
 0.25995508397305E+10
 0.26003908466119E+10
 0.26013108274783E+10
 0.26023108265691E+10
 0.26033908069503E+10
 0.26045508075285E+10
 0.26057908072968E+10
 0.26071108106372E+10
 0.26085108376431E+10
 0.26099908620511E+10
 0.26115509269134E+10
 0.26131909782392E+10
 0.26149110486312E+10
 0.26167111926893E+10
 0.26185913425554E+10
 0.26205515713853E+10
 0.26225918276554E+10
 0.26247121352755E+10
 0.26269125379653E+10
 0.26291930181007E+10
 0.26315536341145E+10
 0.26339942066359E+10
 0.26365149600983E+10
 0.26391158412097E+10
 0.26417967392361E+10
 0.26445578545146E+10
 0.26473988971202E+10
 0.26503199454634E+10
 0.26533211410370E+10
 0.26564022273783E+10
 0.26595633898524E+10
 0.26628043445352E+10
 0.26661251299335E+10
 0.26695256273578E+10
 0.26730057606839E+10
 0.26765654277286E+10
 0.26802044898782E+10
 0.26839226690355E+10
 0.26877197822439E+10
 0.26915956444068E+10
 0.26955500345048E+10
 0.26995823907784E+10
 0.27036926569405E+10
 0.27078802059462E+10
 0.27121447489536E+10
 0.27164856798917E+10
 0.27209023832990E+10
 0.27253944594391E+10
 0.27299608085036E+10
 0.27346010496031E+10
 0.27393136850934E+10
 0.27440991940967E+10
 0.27489550628400E+10
 0.27538811360809E+10
 0.27588760410887E+10
 0.27639390427363E+10
 0.27690678964390E+10
 0.27742617233103E+10
 0.27795192170966E+10
 0.27848392166320E+10
 0.27902192468237E+10
 0.27956571778728E+10
 0.28011518197334E+10
 0.28067020339425E+10
 0.28123057422887E+10
 0.28179599413339E+10
 0.28236628553294E+10
 0.28294121999360E+10
 0.28352066983223E+10
 0.28410448190065E+10
 0.28469188494594E+10
 0.28528319908538E+10
 0.28587794998954E+10
 0.28647579576091E+10
 0.28707660283324E+10
 0.28767982954875E+10
 0.28828537972417E+10
 0.28889319238622E+10
 0.28950252029027E+10
 0.29011325576389E+10
 0.29072458899855E+10
 0.29133715478029E+10
 0.29194985917162E+10
 0.29256251537069E+10
 0.29317466702373E+10
 0.29378670305083E+10
 0.29439796475615E+10
 0.29500624514749E+10
 0.29561371340563E+10
 0.29621874491543E+10
 0.29682071035663E+10
 0.29742000186455E+10
 0.29801588147270E+10
 0.29860822970309E+10
 0.29919556879842E+10
 0.29977825607467E+10
 0.30035617405243E+10
 0.30092819448493E+10
 0.30149414610453E+10
 0.30205325029648E+10
 0.30260737458283E+10
 0.30315381124053E+10
 0.30369328191609E+10
 0.30422426418374E+10
 0.30474737369492E+10
 0.30526026783780E+10
 0.30576750179111E+10
 0.30626528827597E+10
 0.30675445986003E+10
 0.30723473985749E+10
 0.30770653387552E+10
 0.30817055956672E+10
 0.30862817739510E+10
 0.30907728998992E+10
 0.30951949235973E+10
 0.30995907976762E+10
 0.31039644410021E+10
 0.31083335299472E+10
 0.31126896961095E+10
 0.31170920344545E+10
 0.31216020228871E+10
 0.31262279672786E+10
 0.31310163326610E+10
 0.31360615057680E+10
 0.31413973641267E+10
 0.31470733570434E+10
 0.31531782672715E+10
 0.31596879261215E+10
 0.31666697072359E+10
 0.31741011072225E+10
 0.31819363915327E+10
 0.31901273925801E+10
 0.31986270281272E+10
 0.32073791268472E+10
 0.32163225645919E+10
 0.32254417678403E+10
 0.32347249967338E+10
 0.32441556011479E+10
 0.32537138933785E+10
 0.32633981617025E+10
 0.32732302049306E+10
 0.32831870559817E+10
 0.32932809942593E+10
 0.33035227017831E+10
 0.33138709269098E+10
 0.33243757043811E+10
 0.33349779533391E+10
 0.33457302068415E+10
 0.33566050685723E+10
 0.33676085531891E+10
 0.33787328068140E+10
 0.33899733917105E+10
 0.34013408100728E+10
 0.34128192628834E+10
 0.34244179229768E+10
 0.34361210931377E+10
 0.34479529918945E+10
 0.34598771452826E+10
 0.34719246019707E+10
 0.34840631459732E+10
 0.34963122378902E+10
 0.35086696167523E+10
 0.35211148069086E+10
 0.35336843963288E+10
 0.35463356114410E+10
 0.35590729866588E+10
 0.35719350081872E+10
 0.35848732862278E+10
 0.35979105994873E+10
 0.36110576000423E+10
 0.36242945055629E+10
 0.36376129280043E+10
 0.36510301294036E+10
 0.36645312366676E+10
 0.36781347261956E+10
 0.36918247161539E+10
 0.37056165049957E+10
 0.37194804869088E+10
 0.37334322800996E+10
 0.37474840414343E+10
 0.37616340264646E+10
 0.37758478916394E+10
 0.37901654160241E+10
 0.38045688231846E+10
 0.38190530028785E+10
 0.38336280630342E+10
 0.38482914262862E+10
 0.38630329046274E+10
 0.38778661565449E+10
 0.38927754857851E+10
 0.39077891491068E+10
 0.39228742239851E+10
 0.39380383834177E+10
 0.39533041878997E+10
 0.39686453825175E+10
 0.39840773941773E+10
 0.39995863593757E+10
 0.40151847369921E+10
 0.40308630090213E+10
 0.40466241291549E+10
 0.40624781992943E+10
 0.40784106968427E+10
 0.40944217380560E+10
 0.41105264113122E+10
 0.41267036849422E+10
 0.41429784217733E+10
 0.41593217929666E+10
 0.41757520886024E+10
 0.41922704097096E+10
 0.42088619943070E+10
 0.42255493624947E+10
 0.42423149397079E+10
 0.42591584364747E+10
 0.42760867240833E+10
 0.42931016037771E+10
 0.43102054758266E+10
 0.43273812175521E+10
 0.43446399210307E+10
 0.43619796149789E+10
 0.43794078921019E+10
 0.43969240692337E+10
 0.44145191711398E+10
 0.44321939135557E+10
 0.44499557494315E+10
 0.44677896220113E+10
 0.44857186499195E+10
 0.45037240208259E+10
 0.45218157890704E+10
 0.45399813076824E+10
 0.45582284916651E+10
 0.45765734045275E+10
 0.45949911012619E+10
 0.46134970902646E+10
 0.46320735183856E+10
 0.46507446934497E+10
 0.46694921888956E+10
 0.46883248603914E+10
 0.47072430774363E+10
 0.47262369350101E+10
 0.47453059695276E+10
 0.47644755013486E+10
 0.47837193066956E+10
 0.48030444308108E+10
 0.48224521338751E+10
 0.48419390686848E+10
 0.48615206056230E+10
 0.48811661178957E+10
 0.49009111633911E+10
 0.49207341625437E+10
 0.49406324069234E+10
 0.49606187768985E+10
 0.49806850665099E+10
 0.50008337347683E+10
 0.50210697765003E+10
 0.50413832221797E+10
 0.50617694722774E+10
 0.50822590715081E+10
 0.51028189988234E+10
 0.51234700142407E+10
 0.51441927350251E+10
 0.51650052303297E+10
 0.51858933085365E+10
 0.52068658703092E+10
 0.52279186149527E+10
 0.52490580547645E+10
 0.52702781799165E+10
 0.52915814151437E+10
 0.53129657254582E+10
 0.53344372368277E+10
 0.53559888912501E+10
 0.53776168551883E+10
 0.53993382952798E+10
 0.54211345959393E+10
 0.54430096406125E+10
 0.54649767017391E+10
 0.54870263818894E+10
 0.55091539234594E+10
 0.55313520338208E+10
 0.55536475511190E+10
 0.55760242992465E+10
 0.55984841876640E+10
 0.56210217229110E+10
 0.56436455135063E+10
 0.56663495583272E+10
 0.56891276413636E+10
 0.57120117951251E+10
 0.57349541616213E+10
 0.57579923812469E+10
 0.57810987745987E+10
 0.58043037219611E+10
 0.58275792557988E+10
