 0.12287856071230E+01
 0.12287856154771E+01
 0.12287856532512E+01
 0.12287857575042E+01
 0.12287859811654E+01
 0.12287863952375E+01
 0.12287871001449E+01
 0.12287882577229E+01
 0.12287901441678E+01
 0.12287932080139E+01
 0.12287981102373E+01
 0.12288057403484E+01
 0.12288172093808E+01
 0.12288337967708E+01
 0.12288569441887E+01
 0.12288881487488E+01
 0.12289289861390E+01
 0.12289810216583E+01
 0.12290457829048E+01
 0.12291247488723E+01
 0.12292192596441E+01
 0.12293307177038E+01
 0.12294602617570E+01
 0.12296089867197E+01
 0.12297778597964E+01
 0.12299677636884E+01
 0.12301794200593E+01
 0.12304136175528E+01
 0.12306708721177E+01
 0.12309516002066E+01
 0.12312561181418E+01
 0.12315849026789E+01
 0.12319379934027E+01
 0.12323154410907E+01
 0.12327175939866E+01
 0.12331441229741E+01
 0.12335950271030E+01
 0.12340699243210E+01
 0.12345688268537E+01
 0.12350914963423E+01
 0.12356367278602E+01
 0.12362048143617E+01
 0.12367951504178E+01
 0.12374069484834E+01
 0.12380392166918E+01
 0.12386917377755E+01
 0.12393640882743E+01
 0.12400550657050E+01
 0.12407636276231E+01
 0.12414890531382E+01
 0.12422309365061E+01
 0.12429877930445E+01
 0.12437591529957E+01
 0.12445438449271E+01
 0.12453406774266E+01
 0.12461491101074E+01
 0.12469682704557E+01
 0.12477964986778E+01
 0.12486337018992E+01
 0.12494795042649E+01
 0.12503297084528E+01
 0.12511880977631E+01
 0.12520514083411E+01
 0.12529173146810E+01
 0.12537885349533E+01
 0.12546596437811E+01
 0.12555338355368E+01
 0.12564118224112E+01
 0.12572873627688E+01
 0.12581644166989E+01
 0.12590374364794E+01
 0.12599099428906E+01
 0.12607837177011E+01
 0.12616496471851E+01
 0.12625161402222E+01
 0.12633765540711E+01
 0.12642337503180E+01
 0.12650842059866E+01
 0.12659352637531E+01
 0.12667761927374E+01
 0.12676134246516E+01
 0.12684456156846E+01
 0.12692728448393E+01
 0.12700936555712E+01
 0.12709036448382E+01
 0.12717120082993E+01
 0.12725149412560E+01
 0.12733079614869E+01
 0.12740954099736E+01
 0.12748747510840E+01
 0.12756542362435E+01
 0.12764281878454E+01
 0.12771913174608E+01
 0.12779467508103E+01
 0.12787052441420E+01
 0.12794606392710E+01
 0.12802022918205E+01
 0.12809477854187E+01
 0.12816865288996E+01
 0.12824241088481E+01
 0.12831555655767E+01
 0.12838897570395E+01
 0.12846241307868E+01
 0.12853530591124E+01
 0.12860795768297E+01
 0.12868111968265E+01
 0.12875494596929E+01
 0.12882787567240E+01
 0.12890141873967E+01
 0.12897591796088E+01
 0.12905106545923E+01
 0.12912615035724E+01
 0.12920195791452E+01
 0.12927813529319E+01
 0.12935447193430E+01
 0.12943244775203E+01
 0.12951086290674E+01
 0.12959003714589E+01
 0.12966947028057E+01
 0.12974962567329E+01
 0.12983060067125E+01
 0.12991229604881E+01
 0.12999261418521E+01
 0.13007276976157E+01
 0.13015291337765E+01
 0.13023195219006E+01
 0.13030913986996E+01
 0.13038154005330E+01
 0.13044982194572E+01
 0.13051231234981E+01
 0.13056608711530E+01
 0.13060752801416E+01
 0.13063561029912E+01
 0.13064434972513E+01
 0.13062840862724E+01
 0.13058711615586E+01
 0.13051031683567E+01
 0.13039783210740E+01
 0.13024749283536E+01
 0.13006067921042E+01
 0.12984097210657E+01
 0.12958836748597E+01
 0.12931109332120E+01
 0.12901650184726E+01
 0.12870805662849E+01
 0.12839534459129E+01
 0.12807790404949E+01
 0.12776349917900E+01
 0.12745187910159E+01
 0.12714610104658E+01
 0.12685444147268E+01
 0.12656847348777E+01
 0.12628948959845E+01
 0.12602602867888E+01
 0.12577067603162E+01
 0.12552860779281E+01
 0.12529613585445E+01
 0.12507562245196E+01
 0.12486285227549E+01
 0.12466186770802E+01
 0.12447092909907E+01
 0.12428726011655E+01
 0.12411220607439E+01
 0.12394555104252E+01
 0.12378793554244E+01
 0.12363651052293E+01
 0.12349196718887E+01
 0.12335414025542E+01
 0.12322201015962E+01
 0.12309593300423E+01
 0.12297672212248E+01
 0.12286044612045E+01
 0.12274972757272E+01
 0.12264539317476E+01
 0.12254358056619E+01
 0.12244545327211E+01
 0.12235347911792E+01
 0.12226336684428E+01
 0.12217733237800E+01
 0.12209260740367E+01
 0.12201491592797E+01
 0.12193751612710E+01
 0.12186395998752E+01
 0.12179002173713E+01
 0.12172147630972E+01
 0.12165320311457E+01
 0.12158930352445E+01
 0.12152613106247E+01
 0.12146495977754E+01
 0.12140516274912E+01
 0.12134776023732E+01
 0.12129064588258E+01
 0.12123531556220E+01
 0.12118155842794E+01
 0.12112973761097E+01
 0.12107987962874E+01
 0.12103045789993E+01
 0.12098118218232E+01
 0.12093346356045E+01
 0.12088766075092E+01
 0.12084167349029E+01
 0.12079808504874E+01
 0.12075321206327E+01
 0.12071082567923E+01
 0.12066735693370E+01
 0.12062677640756E+01
 0.12058542228123E+01
 0.12054475902360E+01
 0.12050496056014E+01
 0.12046625073549E+01
 0.12042701769642E+01
 0.12038873300421E+01
 0.12034999883779E+01
 0.12031326677337E+01
 0.12027630253842E+01
 0.12023970092169E+01
 0.12020364813173E+01
 0.12016715140080E+01
 0.12013228038386E+01
 0.12009655507844E+01
 0.12006207328408E+01
 0.12002685936610E+01
 0.11999166679877E+01
 0.11995758140890E+01
 0.11992303415207E+01
 0.11988978446093E+01
 0.11985616848966E+01
 0.11982284524068E+01
 0.11978925955323E+01
 0.11975645229418E+01
 0.11972407024155E+01
 0.11969060384916E+01
 0.11965793230857E+01
 0.11962555717684E+01
 0.11959233820944E+01
 0.11956103854388E+01
 0.11952840261765E+01
 0.11949671381921E+01
 0.11946395187695E+01
 0.11943223857400E+01
 0.11940109355730E+01
 0.11936865790846E+01
 0.11933748791935E+01
 0.11930607993732E+01
 0.11927405837111E+01
 0.11924324545390E+01
 0.11921148941661E+01
 0.11917988949014E+01
 0.11914886512808E+01
 0.11911733491680E+01
 0.11908689433903E+01
 0.11905510480354E+01
 0.11902438386681E+01
 0.11899352213897E+01
 0.11896216783375E+01
 0.11893164507883E+01
 0.11890041433974E+01
 0.11886925043148E+01
 0.11883908308206E+01
 0.11880765038740E+01
 0.11877754496684E+01
 0.11874604040902E+01
 0.11871542796106E+01
 0.11868516426960E+01
 0.11865466919415E+01
 0.11862355531653E+01
 0.11859296933747E+01
 0.11856218895268E+01
 0.11853201570290E+01
 0.11850142226943E+01
 0.11847087583756E+01
 0.11844084172315E+01
 0.11840988450620E+01
 0.11837915761937E+01
 0.11834903239944E+01
 0.11831877451043E+01
 0.11828815876628E+01
 0.11825844285821E+01
 0.11822767021667E+01
 0.11819726864785E+01
 0.11816691878197E+01
 0.11813675384346E+01
 0.11810653240574E+01
 0.11807657247632E+01
 0.11804612227142E+01
 0.11801578546017E+01
 0.11798659186756E+01
 0.11795610375875E+01
 0.11792647034392E+01
 0.11789664510368E+01
 0.11786593977652E+01
 0.11783683754931E+01
 0.11780667037166E+01
 0.11777704306742E+01
 0.11774721107559E+01
 0.11771723751117E+01
 0.11768765641414E+01
 0.11765757573554E+01
 0.11762769089332E+01
 0.11759825386952E+01
