 0.20941382915855E+01
 0.20941382915855E+01
 0.20941382915855E+01
 0.20941382915855E+01
 0.20941382915855E+01
 0.20941382992905E+01
 0.20941382692321E+01
 0.20941382760857E+01
 0.20941382460806E+01
 0.20941374377408E+01
 0.20941410070969E+01
 0.20941363943827E+01
 0.20941366056762E+01
 0.20941355605136E+01
 0.20941393009926E+01
 0.20941374629281E+01
 0.20941380850365E+01
 0.20941370950334E+01
 0.20941352996515E+01
 0.20941391373862E+01
 0.20941372202511E+01
 0.20941368319017E+01
 0.20941358172275E+01
 0.20941426272435E+01
 0.20941442003476E+01
 0.20941379006342E+01
 0.20941352309980E+01
 0.20941407638239E+01
 0.20941449945222E+01
 0.20941377477095E+01
 0.20941413535709E+01
 0.20941481785326E+01
 0.20941517437984E+01
 0.20941494665821E+01
 0.20941340877681E+01
 0.20941668730926E+01
 0.20941525468087E+01
 0.20941367916423E+01
 0.20941761615739E+01
 0.20941467690447E+01
 0.20941473550666E+01
 0.20941653431882E+01
 0.20941411550849E+01
 0.20941743882472E+01
 0.20941919850725E+01
 0.20941902194039E+01
 0.20941864719487E+01
 0.20941692297194E+01
 0.20941418129608E+01
 0.20941772198565E+01
 0.20941349930834E+01
 0.20941784179910E+01
 0.20941509441156E+01
 0.20941337331262E+01
 0.20941292035704E+01
 0.20941501960810E+01
 0.20941513190261E+01
 0.20940679231772E+01
 0.20940980598098E+01
 0.20940848508513E+01
 0.20940702804997E+01
 0.20940507709184E+01
 0.20940221659945E+01
 0.20939832194034E+01
 0.20940718780846E+01
 0.20939182660429E+01
 0.20938805670037E+01
 0.20939981770132E+01
 0.20937964134354E+01
 0.20937378218271E+01
 0.20936515233894E+01
 0.20935619610705E+01
 0.20935465336312E+01
 0.20934280880733E+01
 0.20934839949903E+01
 0.20932714160741E+01
 0.20930957942381E+01
 0.20931305637206E+01
 0.20930460624706E+01
 0.20928798963076E+01
 0.20926432091423E+01
 0.20924883388834E+01
 0.20922637442618E+01
 0.20920005786252E+01
 0.20918388725625E+01
 0.20915941977515E+01
 0.20913776829916E+01
 0.20911393597312E+01
 0.20907744495538E+01
 0.20904102844956E+01
 0.20900384342582E+01
 0.20898036189873E+01
 0.20892821224855E+01
 0.20888551601224E+01
 0.20884652891465E+01
 0.20878521754013E+01
 0.20874428323549E+01
 0.20866585406307E+01
 0.20862683429641E+01
 0.20856464491394E+01
 0.20848149691798E+01
 0.20840605550047E+01
 0.20833141839516E+01
 0.20824426617972E+01
 0.20817675470288E+01
 0.20807410234106E+01
 0.20799523924290E+01
 0.20787655682765E+01
 0.20777091699928E+01
 0.20767206065855E+01
 0.20754265769241E+01
 0.20744824539246E+01
 0.20730953567695E+01
 0.20718285000135E+01
 0.20704263184065E+01
 0.20689691920627E+01
 0.20675473909588E+01
 0.20660371102936E+01
 0.20647027304752E+01
 0.20628883766193E+01
 0.20612716720355E+01
 0.20596540977512E+01
 0.20577955792283E+01
 0.20559707642783E+01
 0.20542264051506E+01
 0.20522674672466E+01
 0.20503339336410E+01
 0.20481992613278E+01
 0.20461460973222E+01
 0.20440724894012E+01
 0.20419272807345E+01
 0.20396530771345E+01
 0.20376243722742E+01
 0.20351463700566E+01
 0.20329819653288E+01
 0.20305067384092E+01
 0.20279066626546E+01
 0.20255137225080E+01
 0.20230851649377E+01
 0.20203374992162E+01
 0.20177672295238E+01
 0.20151815374090E+01
 0.20124975690837E+01
 0.20097241772271E+01
 0.20070832745295E+01
 0.20041852796028E+01
 0.20014831670195E+01
 0.19984240146465E+01
 0.19953897413012E+01
 0.19923423873159E+01
 0.19895313269602E+01
 0.19862581594682E+01
 0.19832263439139E+01
 0.19799938765297E+01
 0.19764203451102E+01
 0.19733436291976E+01
 0.19698804487356E+01
 0.19664998772725E+01
 0.19629357518247E+01
 0.19594415043219E+01
 0.19558193404178E+01
 0.19520336797806E+01
 0.19482237014910E+01
 0.19445453369453E+01
 0.19407918656650E+01
 0.19367962361905E+01
 0.19329058871764E+01
 0.19292684666374E+01
 0.19251936976740E+01
 0.19211846793136E+01
 0.19171643989128E+01
 0.19129145755681E+01
 0.19089386870524E+01
 0.19050396013889E+01
 0.19008237800385E+01
 0.18963235147327E+01
 0.18923237748463E+01
 0.18880682531502E+01
 0.18835029516147E+01
 0.18793496369707E+01
 0.18748419252029E+01
 0.18703099844970E+01
 0.18662539941057E+01
 0.18614961497425E+01
 0.18570658651119E+01
 0.18524953390992E+01
 0.18482005275550E+01
 0.18433984395555E+01
 0.18387100476663E+01
 0.18343240647392E+01
 0.18295271954571E+01
 0.18250882546825E+01
 0.18201421379245E+01
 0.18156125811449E+01
 0.18108355729383E+01
 0.18060820089888E+01
 0.18013056637096E+01
 0.17964278427382E+01
 0.17916319659332E+01
 0.17869270994446E+01
 0.17822564399096E+01
 0.17773302242392E+01
 0.17726605857000E+01
 0.17677892850488E+01
 0.17629115748944E+01
 0.17580682270472E+01
 0.17529918104699E+01
 0.17480717835594E+01
 0.17432003825400E+01
 0.17382749013000E+01
 0.17335897263307E+01
 0.17283666006799E+01
 0.17234732611676E+01
 0.17186790252242E+01
 0.17136853551359E+01
 0.17087291128636E+01
 0.17036662288322E+01
 0.16989542565860E+01
 0.16938910454857E+01
 0.16891535908827E+01
 0.16841854536676E+01
 0.16791998630416E+01
 0.16739613660543E+01
 0.16690558671239E+01
 0.16643466415838E+01
 0.16593049280665E+01
 0.16543949063829E+01
 0.16495032221129E+01
 0.16444026250220E+01
 0.16396631114011E+01
 0.16346956280387E+01
 0.16296574758934E+01
 0.16247181729362E+01
 0.16198152042153E+01
 0.16148531465423E+01
 0.16099239748165E+01
 0.16053247733396E+01
 0.16004498485251E+01
 0.15952272309360E+01
 0.15904456427222E+01
 0.15855762435567E+01
 0.15809621689182E+01
 0.15759530076387E+01
 0.15711502864703E+01
 0.15664615196963E+01
 0.15615869112408E+01
 0.15566815922115E+01
 0.15520263961069E+01
 0.15470782755849E+01
 0.15425149985165E+01
 0.15375436688390E+01
 0.15328266361041E+01
 0.15281373592606E+01
 0.15235838516574E+01
 0.15186438857565E+01
 0.15141797425529E+01
 0.15093124954070E+01
 0.15047749541648E+01
 0.14999413515568E+01
 0.14955216744210E+01
 0.14908706170106E+01
 0.14860059834508E+01
 0.14814787909868E+01
 0.14768467382637E+01
 0.14725505687989E+01
 0.14679748049774E+01
 0.14632304995190E+01
 0.14586640291538E+01
 0.14544014331202E+01
 0.14498990519556E+01
 0.14454128980633E+01
 0.14406839407419E+01
 0.14364110973990E+01
 0.14318598634001E+01
 0.14275483406384E+01
 0.14232034777031E+01
 0.14185656870801E+01
 0.14144845330241E+01
 0.14101251012069E+01
 0.14055647142113E+01
 0.14012081010582E+01
 0.13968910887026E+01
 0.13925973249559E+01
 0.13885328979072E+01
 0.13843245562629E+01
 0.13797646640923E+01
 0.13758495901885E+01
 0.13716290250622E+01
 0.13674427374992E+01
 0.13631094150259E+01
 0.13588695419413E+01
 0.13547614658766E+01
 0.13506602516348E+01
 0.13465743701776E+01
 0.13426913168223E+01
 0.13383746402604E+01
 0.13345177608177E+01
 0.13305008598683E+01
 0.13262831754370E+01
 0.13223152267992E+01
