 0.98445526788544E+00
 0.98445526788544E+00
 0.98445526788544E+00
 0.98445526788544E+00
 0.98445526788544E+00
 0.98445526788544E+00
 0.98445526788544E+00
 0.98445526788544E+00
 0.98445526788544E+00
 0.98445524117202E+00
 0.98445644462219E+00
 0.98445474659539E+00
 0.98445353785076E+00
 0.98445434386831E+00
 0.98445270496311E+00
 0.98445338818560E+00
 0.98445295250129E+00
 0.98445486664520E+00
 0.98445416196184E+00
 0.98445289072232E+00
 0.98445355309864E+00
 0.98445475728037E+00
 0.98445432953585E+00
 0.98445154454734E+00
 0.98445078510554E+00
 0.98445297348158E+00
 0.98445380260766E+00
 0.98445206462217E+00
 0.98445047440052E+00
 0.98445318926220E+00
 0.98445672790872E+00
 0.98444967695448E+00
 0.98446073259297E+00
 0.98445997140883E+00
 0.98445424721249E+00
 0.98446681274457E+00
 0.98446115752028E+00
 0.98445567238933E+00
 0.98447114652867E+00
 0.98445894433864E+00
 0.98444919560100E+00
 0.98446730983758E+00
 0.98445774204871E+00
 0.98447110876632E+00
 0.98448047925134E+00
 0.98448087670518E+00
 0.98447939623300E+00
 0.98447207091141E+00
 0.98446247833003E+00
 0.98447893466290E+00
 0.98446261706562E+00
 0.98448425906703E+00
 0.98447311598282E+00
 0.98446862170608E+00
 0.98447038275343E+00
 0.98448567053747E+00
 0.98443811980915E+00
 0.98446024146533E+00
 0.98448404642743E+00
 0.98447787735963E+00
 0.98448540032230E+00
 0.98448342279171E+00
 0.98444193918686E+00
 0.98447829973631E+00
 0.98442781265360E+00
 0.98448136094564E+00
 0.98448339347663E+00
 0.98440782871119E+00
 0.98448530114688E+00
 0.98442738360188E+00
 0.98447645099844E+00
 0.98446907507927E+00
 0.98445055276539E+00
 0.98447394798949E+00
 0.98443113978827E+00
 0.98448401441345E+00
 0.98446789707293E+00
 0.98443244973782E+00
 0.98442077224224E+00
 0.98442379780848E+00
 0.98443967139955E+00
 0.98445153661012E+00
 0.98447590079453E+00
 0.98443638494887E+00
 0.98444143279107E+00
 0.98447409676323E+00
 0.98442924679561E+00
 0.98440708269062E+00
 0.98442249265651E+00
 0.98443095247912E+00
 0.98446841688102E+00
 0.98446260756334E+00
 0.98441998623332E+00
 0.98447223341146E+00
 0.98442199618172E+00
 0.98443811481002E+00
 0.98443493863781E+00
 0.98441860735656E+00
 0.98447134229431E+00
 0.98446900567574E+00
 0.98441714787885E+00
 0.98442384205309E+00
 0.98442821958991E+00
 0.98442368247405E+00
 0.98444323571578E+00
 0.98445079858880E+00
 0.98443299771573E+00
 0.98437831435696E+00
 0.98437964891810E+00
 0.98441695161985E+00
 0.98445631891921E+00
 0.98441919181731E+00
 0.98444466086638E+00
 0.98440047656791E+00
 0.98440589793149E+00
 0.98441989809289E+00
 0.98439309067634E+00
 0.98440004224673E+00
 0.98439034444841E+00
 0.98438810426292E+00
 0.98438812149006E+00
 0.98439400906419E+00
 0.98439184748310E+00
 0.98442212719639E+00
 0.98443560023617E+00
 0.98438950292162E+00
 0.98440930902097E+00
 0.98440413631578E+00
 0.98445325423820E+00
 0.98445948256068E+00
 0.98441284836844E+00
 0.98439548899557E+00
 0.98442679378373E+00
 0.98440980737363E+00
 0.98439696743652E+00
 0.98442336230171E+00
 0.98447773056131E+00
 0.98440709997309E+00
 0.98448134949671E+00
 0.98442634092774E+00
 0.98442934746380E+00
 0.98445442969266E+00
 0.98449013892924E+00
 0.98446137014898E+00
 0.98446463202688E+00
 0.98445990703471E+00
 0.98447880667223E+00
 0.98447657721630E+00
 0.98449843046436E+00
 0.98446546293214E+00
 0.98442642495096E+00
 0.98445494953673E+00
 0.98445171763717E+00
 0.98444813707699E+00
 0.98437944407588E+00
 0.98440178693347E+00
 0.98436103782566E+00
 0.98428224336491E+00
 0.98422332080488E+00
 0.98416525755651E+00
 0.98407990836908E+00
 0.98402017547705E+00
 0.98397459083832E+00
 0.98390610159211E+00
 0.98376909601018E+00
 0.98366799636160E+00
 0.98355304724251E+00
 0.98347913157427E+00
 0.98330806375207E+00
 0.98316172902164E+00
 0.98297999390636E+00
 0.98284400556845E+00
 0.98265344778829E+00
 0.98248347929154E+00
 0.98229668877705E+00
 0.98214748443893E+00
 0.98185614815283E+00
 0.98162783098515E+00
 0.98147335141847E+00
 0.98116426681121E+00
 0.98094358841194E+00
 0.98066352348311E+00
 0.98039974108379E+00
 0.98006816057707E+00
 0.97974640324204E+00
 0.97944876264078E+00
 0.97916669878440E+00
 0.97876258759831E+00
 0.97839500508506E+00
 0.97807693302154E+00
 0.97763157126919E+00
 0.97720314323706E+00
 0.97686595544869E+00
 0.97636346464271E+00
 0.97587763395980E+00
 0.97546150104034E+00
 0.97505087835644E+00
 0.97454839422440E+00
 0.97403909096025E+00
 0.97351598894686E+00
 0.97293943551161E+00
 0.97244666145785E+00
 0.97190849754316E+00
 0.97131049564109E+00
 0.97079006989765E+00
 0.97020502769290E+00
 0.96952424507445E+00
 0.96889967683646E+00
 0.96823943886665E+00
 0.96762152019572E+00
 0.96695748997948E+00
 0.96627562672714E+00
 0.96562243357118E+00
 0.96486934187140E+00
 0.96420336977038E+00
 0.96338641563092E+00
 0.96273380505042E+00
 0.96187985210481E+00
 0.96110195417342E+00
 0.96035619858917E+00
 0.95956394855030E+00
 0.95874595000315E+00
 0.95793196738556E+00
 0.95712570789966E+00
 0.95617773705716E+00
 0.95535946074321E+00
 0.95452805643733E+00
 0.95356077421305E+00
 0.95272516886544E+00
 0.95179229805467E+00
 0.95086223855973E+00
 0.95003315498476E+00
 0.94908187849664E+00
 0.94804051566556E+00
 0.94710616137337E+00
 0.94612639270229E+00
 0.94522269774448E+00
 0.94422163841150E+00
 0.94313291737356E+00
 0.94213836217285E+00
 0.94105909047208E+00
 0.94012686696902E+00
 0.93897226671819E+00
 0.93805350057743E+00
 0.93688555680478E+00
 0.93584900236392E+00
 0.93483180226128E+00
 0.93367167043027E+00
 0.93250123927723E+00
 0.93143370458913E+00
 0.93039517519385E+00
 0.92920592386777E+00
 0.92809914818146E+00
 0.92693731144948E+00
 0.92578365183060E+00
 0.92464102156328E+00
 0.92353704382087E+00
 0.92222000772694E+00
 0.92119172375522E+00
 0.91986476271247E+00
 0.91874216731565E+00
 0.91758621867585E+00
 0.91640594979042E+00
 0.91518747349162E+00
 0.91383009028604E+00
 0.91264655038063E+00
 0.91148206975403E+00
 0.91027071968750E+00
 0.90893794966576E+00
 0.90770023310769E+00
 0.90643895066161E+00
 0.90526209475029E+00
 0.90399229138595E+00
 0.90256848686283E+00
 0.90145022495811E+00
 0.90015761495337E+00
 0.89881870932466E+00
 0.89758123240550E+00
 0.89628761610776E+00
 0.89491759074745E+00
 0.89360143952819E+00
 0.89227934448915E+00
 0.89096487749656E+00
 0.88974593894565E+00
 0.88843492468243E+00
 0.88695468998090E+00
 0.88576226080509E+00
 0.88442272140975E+00
 0.88305393025780E+00
 0.88169408092731E+00
 0.88036227992873E+00
 0.87904009494520E+00
 0.87764320396320E+00
 0.87628884459353E+00
 0.87497930915500E+00
 0.87361636163746E+00
 0.87230850885326E+00
 0.87091793424360E+00
 0.86947021509844E+00
 0.86816536829423E+00
