 0.61503569054433E+01
 0.61503569442521E+01
 0.61503571242289E+01
 0.61503576334659E+01
 0.61503587495692E+01
 0.61503608442607E+01
 0.61503643810685E+01
 0.61503698960624E+01
 0.61503779716234E+01
 0.61503891932745E+01
 0.61504041437638E+01
 0.61504233830917E+01
 0.61504477073427E+01
 0.61504776390007E+01
 0.61505143217867E+01
 0.61505580922360E+01
 0.61506105724234E+01
 0.61506729811382E+01
 0.61507467199926E+01
 0.61508335462958E+01
 0.61509339074976E+01
 0.61510520821691E+01
 0.61511884996139E+01
 0.61513448528558E+01
 0.61515225346774E+01
 0.61517230430445E+01
 0.61519461382838E+01
 0.61521949593370E+01
 0.61524684927149E+01
 0.61527645692827E+01
 0.61530804142517E+01
 0.61534180730557E+01
 0.61537710349423E+01
 0.61541339858342E+01
 0.61545097547746E+01
 0.61548869908145E+01
 0.61552624304928E+01
 0.61556258222494E+01
 0.61559768099098E+01
 0.61563104141455E+01
 0.61566009207091E+01
 0.61568584035982E+01
 0.61570726239110E+01
 0.61572308380749E+01
 0.61573170122001E+01
 0.61573337134019E+01
 0.61572793195494E+01
 0.61571363461196E+01
 0.61568909195931E+01
 0.61565382088791E+01
 0.61560795284168E+01
 0.61554962735187E+01
 0.61547883921990E+01
 0.61539440134200E+01
 0.61529495071852E+01
 0.61518068346995E+01
 0.61505121791931E+01
 0.61490403979570E+01
 0.61474069976376E+01
 0.61456131650463E+01
 0.61435843890801E+01
 0.61414177297361E+01
 0.61390535699937E+01
 0.61364554003777E+01
 0.61336955096112E+01
 0.61306674713328E+01
 0.61274545956071E+01
 0.61240834567027E+01
 0.61204284559503E+01
 0.61165894416722E+01
 0.61124524855150E+01
 0.61081094097691E+01
 0.61036016835340E+01
 0.60987415649070E+01
 0.60937202683587E+01
 0.60884007079770E+01
 0.60828524060269E+01
 0.60770047285982E+01
 0.60710177700373E+01
 0.60646673764069E+01
 0.60580972861720E+01
 0.60512755206801E+01
 0.60442120858052E+01
 0.60368680486975E+01
 0.60291637377903E+01
 0.60212841138051E+01
 0.60131478842601E+01
 0.60046657559728E+01
 0.59959168350070E+01
 0.59868492536903E+01
 0.59776309630264E+01
 0.59681398565046E+01
 0.59582507101125E+01
 0.59480420118614E+01
 0.59377072881853E+01
 0.59271205882952E+01
 0.59160515044213E+01
 0.59048498252717E+01
 0.58932953358435E+01
 0.58814883409341E+01
 0.58692885786151E+01
 0.58569152365157E+01
 0.58442554189006E+01
 0.58312121586286E+01
 0.58178024512351E+01
 0.58041829822773E+01
 0.57903638172873E+01
 0.57760019875545E+01
 0.57613997494573E+01
 0.57465863530869E+01
 0.57315217464936E+01
 0.57159858166981E+01
 0.57001599567965E+01
 0.56839570233092E+01
 0.56672896441288E+01
 0.56504304621504E+01
 0.56332199431607E+01
 0.56155871418789E+01
 0.55974956810719E+01
 0.55790256954501E+01
 0.55602050037911E+01
 0.55410245132081E+01
 0.55211026295231E+01
 0.55006816469345E+01
 0.54799143316770E+01
 0.54587165308244E+01
 0.54369550157558E+01
 0.54142477910442E+01
 0.53909527253151E+01
 0.53670757001906E+01
 0.53423696020740E+01
 0.53165436137554E+01
 0.52900725313869E+01
 0.52623548446780E+01
 0.52332528884583E+01
 0.52032283382876E+01
 0.51712964642030E+01
 0.51377800871884E+01
 0.51024198287087E+01
 0.50651889095963E+01
 0.50257914020981E+01
 0.49836572681697E+01
 0.49388131276388E+01
 0.48912094735338E+01
 0.48403851282231E+01
 0.47867870849207E+01
 0.47298067195469E+01
 0.46703812334767E+01
 0.46083687906334E+01
 0.45443473487295E+01
 0.44800795211503E+01
 0.44149287553131E+01
 0.43497538758550E+01
 0.42862881502937E+01
 0.42240973512958E+01
 0.41642277917633E+01
 0.41065736139020E+01
 0.40516356372406E+01
 0.39990150698354E+01
 0.39491995031369E+01
 0.39019629187012E+01
 0.38570073313301E+01
 0.38143889559005E+01
 0.37739612970510E+01
 0.37358010427915E+01
 0.36994353875612E+01
 0.36649204133068E+01
 0.36321448492654E+01
 0.36008801526059E+01
 0.35711566253623E+01
 0.35429211055406E+01
 0.35157637576357E+01
 0.34898941776466E+01
 0.34652944694301E+01
 0.34415920356291E+01
 0.34188129649610E+01
 0.33971627068363E+01
 0.33762241289684E+01
 0.33561524710504E+01
 0.33366888120982E+01
 0.33182281505212E+01
 0.33002629161223E+01
 0.32829885694937E+01
 0.32661175391833E+01
 0.32500038864636E+01
 0.32342776430152E+01
 0.32192174236954E+01
 0.32045292105348E+01
 0.31903303840208E+01
 0.31765007944978E+01
 0.31631403681891E+01
 0.31500667269314E+01
 0.31373801931394E+01
 0.31250679614410E+01
 0.31131063017982E+01
 0.31015090119536E+01
 0.30901603184239E+01
 0.30790570726652E+01
 0.30682499707691E+01
 0.30577558546337E+01
 0.30474721943483E+01
 0.30374806599422E+01
 0.30276191125291E+01
 0.30180813296525E+01
 0.30086472523660E+01
 0.29995414116094E+01
 0.29905468609092E+01
 0.29817603224301E+01
 0.29731693367774E+01
 0.29647668127713E+01
 0.29564976263145E+01
 0.29484070985412E+01
 0.29404268101835E+01
 0.29326683999602E+01
 0.29250433136861E+01
 0.29175562896777E+01
 0.29101889130684E+01
 0.29029532278845E+01
 0.28959012563385E+01
 0.28889018388879E+01
 0.28820725940955E+01
 0.28753075684220E+01
 0.28686521880728E+01
 0.28621414264927E+01
 0.28557172986271E+01
 0.28494363600857E+01
 0.28432397796966E+01
 0.28371452250982E+01
 0.28311080378924E+01
 0.28251953634307E+01
 0.28193987900490E+01
 0.28136279867724E+01
 0.28079615014783E+01
 0.28023974581880E+01
 0.27968640726348E+01
 0.27914753173702E+01
 0.27861292720129E+01
 0.27808732442277E+01
 0.27756453063492E+01
 0.27705335387942E+01
 0.27654941823546E+01
 0.27604804427369E+01
 0.27555754235039E+01
 0.27507220959935E+01
 0.27459060132917E+01
 0.27411903660918E+01
 0.27364999215819E+01
 0.27318821121743E+01
 0.27273270610235E+01
 0.27228055425961E+01
 0.27183732178785E+01
 0.27139559877016E+01
 0.27096320129966E+01
 0.27053263482775E+01
 0.27010784498171E+01
 0.26968895113563E+01
 0.26927395857072E+01
 0.26886252522861E+01
 0.26845937278470E+01
 0.26805631176357E+01
 0.26766169585274E+01
 0.26726736061523E+01
 0.26687946709415E+01
 0.26649602682435E+01
 0.26611736947427E+01
 0.26574026233819E+01
 0.26536790548273E+01
 0.26499980459590E+01
 0.26463658442000E+01
 0.26427565575810E+01
 0.26391872335465E+01
 0.26356598144062E+01
 0.26321468830715E+01
 0.26286841559504E+01
 0.26252582707186E+01
 0.26218531110672E+01
 0.26184879710172E+01
 0.26151682118360E+01
 0.26118662897630E+01
 0.26085847178118E+01
 0.26053482166678E+01
 0.26021414454242E+01
 0.25989554630157E+01
 0.25958104965164E+01
 0.25926939433276E+01
 0.25895872860264E+01
 0.25865292036081E+01
 0.25834851230237E+01
 0.25804816506623E+01
 0.25775020251831E+01
 0.25745280565458E+01
 0.25716153836271E+01
 0.25687007328341E+01
 0.25658153086782E+01
 0.25629542963160E+01
 0.25601132047377E+01
 0.25573055489276E+01
 0.25545148894435E+01
 0.25517419579370E+01
 0.25490063371558E+01
