 0.67197792076794E+03
 0.67197792076794E+03
 0.67197792076794E+03
 0.67197792076794E+03
 0.67197792076794E+03
 0.67197823877565E+03
 0.67197734998231E+03
 0.67197756846389E+03
 0.67197660663052E+03
 0.67195495340662E+03
 0.67205188985754E+03
 0.67192827157642E+03
 0.67949582194605E+03
 0.67190633634510E+03
 0.67942965274651E+03
 0.67947477267217E+03
 0.67945972969675E+03
 0.67194404236533E+03
 0.67189493495517E+03
 0.67943914507355E+03
 0.67948071329734E+03
 0.67193495829407E+03
 0.67190470754046E+03
 0.67935253530545E+03
 0.67931091738649E+03
 0.67947060300734E+03
 0.67952617816545E+03
 0.67938765993874E+03
 0.68186264651628E+03
 0.67947110098846E+03
 0.67207279295686E+03
 0.68180827356039E+03
 0.67237287910945E+03
 0.67233548603502E+03
 0.67953327522624E+03
 0.67289906870334E+03
 0.67242118306301E+03
 0.67199532582154E+03
 0.67329847038457E+03
 0.67222868295292E+03
 0.68178516553886E+03
 0.67292697283810E+03
 0.67215129356690E+03
 0.67329304882047E+03
 0.67450321665018E+03
 0.67460860650576E+03
 0.67432412380650E+03
 0.67340396600396E+03
 0.67251189751528E+03
 0.67426261518910E+03
 0.67253457762159E+03
 0.67536137856687E+03
 0.67348622231623E+03
 0.67301904781947E+03
 0.67319302015827E+03
 0.67588747030827E+03
 0.68076189012676E+03
 0.67231896456861E+03
 0.67734151783425E+03
 0.67398350006725E+03
 0.67611192773923E+03
 0.67501650054061E+03
 0.68127634066820E+03
 0.67415733539594E+03
 0.67881576629904E+03
 0.67477760537343E+03
 0.67540033574297E+03
 0.67603111053265E+03
 0.67677863341027E+03
 0.67305376710975E+03
 0.67859613539982E+03
 0.67936051154298E+03
 0.68179440951336E+03
 0.67886739096678E+03
 0.67928639582442E+03
 0.67704177033076E+03
 0.68071655272477E+03
 0.67993736746839E+03
 0.67506263948122E+03
 0.67469318748759E+03
 0.67786897160478E+03
 0.68203751819091E+03
 0.67853751047073E+03
 0.68170668750403E+03
 0.67625262513585E+03
 0.67847624863021E+03
 0.67922525211447E+03
 0.67574742752838E+03
 0.67959161018186E+03
 0.67819469009703E+03
 0.67865510877520E+03
 0.68330284413704E+03
 0.67948302180935E+03
 0.68584734582772E+03
 0.67966884107663E+03
 0.68100660134196E+03
 0.68162417654332E+03
 0.67915624428148E+03
 0.68621647976502E+03
 0.68526094234291E+03
 0.68492497663434E+03
 0.68782206840945E+03
 0.68665826064731E+03
 0.68489705119063E+03
 0.68971302038496E+03
 0.68863188880271E+03
 0.69047256275937E+03
 0.69109111253018E+03
 0.69193747971791E+03
 0.69679567808411E+03
 0.68948070919285E+03
 0.69632159804624E+03
 0.69401712537774E+03
 0.69692138000485E+03
 0.69628239562095E+03
 0.69623003820843E+03
 0.69690824308519E+03
 0.69782016781946E+03
 0.70266538274280E+03
 0.70693878393786E+03
 0.70684444839795E+03
 0.70242621856408E+03
 0.70701408923652E+03
 0.71465776132781E+03
 0.71342206377664E+03
 0.71668140028297E+03
 0.71819589430386E+03
 0.71265135699878E+03
 0.71380000130681E+03
 0.71575013829848E+03
 0.71865078252932E+03
 0.72697256835202E+03
 0.72009792980208E+03
 0.72060635182402E+03
 0.72585218866538E+03
 0.72224604782887E+03
 0.73278148987599E+03
 0.72856948332121E+03
 0.73495921171889E+03
 0.72982031670677E+03
 0.73080574640870E+03
 0.73522219414557E+03
 0.73597362602843E+03
 0.74356081442831E+03
 0.74617957052276E+03
 0.74073768708868E+03
 0.74221902732486E+03
 0.75311975522059E+03
 0.75284351254048E+03
 0.74612617142038E+03
 0.74844403248628E+03
 0.75677300051916E+03
 0.75434540573046E+03
 0.75550661806016E+03
 0.75593099081998E+03
 0.75986302372734E+03
 0.76014508078214E+03
 0.76387013743929E+03
 0.77037587384395E+03
 0.76873442793565E+03
 0.77424586984360E+03
 0.77297321870457E+03
 0.77180546668343E+03
 0.77751793179323E+03
 0.77761859424149E+03
 0.77610013350844E+03
 0.78920291481935E+03
 0.78987511751615E+03
 0.79380306422623E+03
 0.78939990105822E+03
 0.79410028405602E+03
 0.78870657840549E+03
 0.79761175302433E+03
 0.79772477483213E+03
 0.79878303543459E+03
 0.79924680923275E+03
 0.80855459665003E+03
 0.80909271075059E+03
 0.81333320986052E+03
 0.81367230723155E+03
 0.81637693601534E+03
 0.81097223116255E+03
 0.81928181032713E+03
 0.82255592249498E+03
 0.82225017537555E+03
 0.83178787346162E+03
 0.82769377740423E+03
 0.82855483820259E+03
 0.82729462570391E+03
 0.83080925725574E+03
 0.84106899657978E+03
 0.83816530279146E+03
 0.83869444858781E+03
 0.84823721015586E+03
 0.85209840229887E+03
 0.84787337481868E+03
 0.84980582666560E+03
 0.84976812114111E+03
 0.86099557529939E+03
 0.85590182476695E+03
 0.85709344649851E+03
 0.86101880085848E+03
 0.86744241071418E+03
 0.86488683354747E+03
 0.87337024953820E+03
 0.87708030069060E+03
 0.87472348680429E+03
 0.87610325729851E+03
 0.88815787885625E+03
 0.88037538041136E+03
 0.88804998688593E+03
 0.88350081958528E+03
 0.88837125102984E+03
 0.89900639672127E+03
 0.89632311002405E+03
 0.89743653487136E+03
 0.89594754019764E+03
 0.89966506554852E+03
 0.91420864337523E+03
 0.90765314204053E+03
 0.90787495045405E+03
 0.91051988923626E+03
 0.91213817507881E+03
 0.92310475102528E+03
 0.92242670146940E+03
 0.91886950459695E+03
 0.93237802252758E+03
 0.92520723444569E+03
 0.93341683382060E+03
 0.93222759657298E+03
 0.93197728538813E+03
 0.94734009277736E+03
 0.95019495883454E+03
 0.94341112548937E+03
 0.95016792913389E+03
 0.95967410815281E+03
 0.95419563510848E+03
 0.95802157937147E+03
 0.95350634002532E+03
 0.95810830400745E+03
 0.96883039175189E+03
 0.96548483898727E+03
 0.97056132842486E+03
 0.96471938335617E+03
 0.97721736526986E+03
 0.98330739702306E+03
 0.97824414367581E+03
 0.98717950267486E+03
 0.98174221457296E+03
 0.98607499684686E+03
 0.99531921038861E+03
 0.99343201474476E+03
 0.99664563962748E+03
 0.10007326848503E+04
 0.99834482924121E+03
 0.10018685899460E+04
 0.10081924659831E+04
 0.10134124091763E+04
 0.10174207170354E+04
 0.10163900290849E+04
 0.10132571043700E+04
 0.10157361857485E+04
 0.10217117621739E+04
 0.10216296703685E+04
 0.10269296439176E+04
 0.10324696468923E+04
 0.10346939664349E+04
 0.10460969117219E+04
 0.10386015462420E+04
 0.10435599306062E+04
 0.10439245061026E+04
 0.10582699693446E+04
 0.10560354850636E+04
 0.10521690997700E+04
 0.10623221743581E+04
 0.10615315223478E+04
 0.10570756113425E+04
 0.10648950910289E+04
 0.10672914686389E+04
 0.10718052260156E+04
 0.10774395770956E+04
 0.10713735125973E+04
 0.10832497220999E+04
 0.10777378635909E+04
 0.10834314782993E+04
 0.10937870244745E+04
 0.10906587121220E+04
 0.10935992087151E+04
 0.10984050416226E+04
 0.10964006563023E+04
 0.11113330821095E+04
 0.10980901648933E+04
 0.11116097335429E+04
 0.11133106502123E+04
 0.11118659100354E+04
 0.11254873729296E+04
 0.11136328008938E+04
 0.11178111932691E+04
 0.11208117631023E+04
 0.11289806388289E+04
