 0.77828127914593E+07
 0.77828127914647E+07
 0.77828127915301E+07
 0.77828127918517E+07
 0.77828127940319E+07
 0.77828128089108E+07
 0.77828129398257E+07
 0.77828135132704E+07
 0.77828154248336E+07
 0.77828204368625E+07
 0.77828314346844E+07
 0.77828523523926E+07
 0.77828883628829E+07
 0.77829457173476E+07
 0.77830307447422E+07
 0.77831519135809E+07
 0.77833160631048E+07
 0.77835309931887E+07
 0.77838042137061E+07
 0.77841429596268E+07
 0.77845564931404E+07
 0.77850464008025E+07
 0.77856213422454E+07
 0.77862861052962E+07
 0.77870461523347E+07
 0.77879050320216E+07
 0.77888683231893E+07
 0.77899324627868E+07
 0.77911025819827E+07
 0.77923831658386E+07
 0.77937790916229E+07
 0.77952815570251E+07
 0.77969000347756E+07
 0.77986385530573E+07
 0.78004820089952E+07
 0.78024452099450E+07
 0.78045224184086E+07
 0.78067238456805E+07
 0.78090343638150E+07
 0.78114494714611E+07
 0.78140115849668E+07
 0.78166803339161E+07
 0.78194603763143E+07
 0.78223615240781E+07
 0.78254033233622E+07
 0.78285601988693E+07
 0.78318158718905E+07
 0.78351924960699E+07
 0.78387033488669E+07
 0.78423405728776E+07
 0.78460814599707E+07
 0.78499520295106E+07
 0.78539315140412E+07
 0.78580330179851E+07
 0.78622677565075E+07
 0.78666140331064E+07
 0.78710628240174E+07
 0.78756565710065E+07
 0.78803408578073E+07
 0.78850920548256E+07
 0.78900753873634E+07
 0.78950362754450E+07
 0.79001033544220E+07
 0.79053443593934E+07
 0.79105658196776E+07
 0.79160095943923E+07
 0.79214545966957E+07
 0.79268155839558E+07
 0.79323741159214E+07
 0.79378763121439E+07
 0.79435744761941E+07
 0.79492253648169E+07
 0.79547068922846E+07
 0.79604499329652E+07
 0.79659697725859E+07
 0.79715768202888E+07
 0.79770772023450E+07
 0.79826110082030E+07
 0.79877787123495E+07
 0.79930818473148E+07
 0.79981513762070E+07
 0.80030325430235E+07
 0.80076765939966E+07
 0.80121411819382E+07
 0.80165761195348E+07
 0.80205170290189E+07
 0.80241231693568E+07
 0.80275523711349E+07
 0.80305901756881E+07
 0.80333090020680E+07
 0.80352942362071E+07
 0.80367685538554E+07
 0.80379612669168E+07
 0.80386521983104E+07
 0.80383572828465E+07
 0.80373186340685E+07
 0.80359360536001E+07
 0.80334375099721E+07
 0.80302014382373E+07
 0.80259569677819E+07
 0.80208920145503E+07
 0.80145263340587E+07
 0.80069898965383E+07
 0.79983735749762E+07
 0.79885491912512E+07
 0.79771086742161E+07
 0.79639954172129E+07
 0.79496085852473E+07
 0.79333658434321E+07
 0.79150951708596E+07
 0.78947357111483E+07
 0.78724570069577E+07
 0.78478586081098E+07
 0.78208677588302E+07
 0.77914191685268E+07
 0.77589755877811E+07
 0.77236026146951E+07
 0.76850949620809E+07
 0.76432290831007E+07
 0.75978035176262E+07
 0.75484402223899E+07
 0.74948699982810E+07
 0.74371358447246E+07
 0.73746272613682E+07
 0.73070533191679E+07
 0.72341402603275E+07
 0.71555683816452E+07
 0.70708377069043E+07
 0.69796184264057E+07
 0.68816497910015E+07
 0.67763760403919E+07
 0.66630971683041E+07
 0.65419901992001E+07
 0.64120371378715E+07
 0.62726936316416E+07
 0.61245791924143E+07
 0.59659314156644E+07
 0.57971991907285E+07
 0.56184258994374E+07
 0.54300235143498E+07
 0.52322208370352E+07
 0.50248307707817E+07
 0.48095178914738E+07
 0.45883410033844E+07
 0.43624334554044E+07
 0.41357173321323E+07
 0.39093317191620E+07
 0.36883225330399E+07
 0.34744682603720E+07
 0.32707512729821E+07
 0.30815861370037E+07
 0.29055396357509E+07
 0.27436964398898E+07
 0.25976625526969E+07
 0.24651134453068E+07
 0.23458331488362E+07
 0.22379606106512E+07
 0.21404934762512E+07
 0.20515892461729E+07
 0.19705211880959E+07
 0.18960204388505E+07
 0.18269787326584E+07
 0.17627565373018E+07
 0.17026618981641E+07
 0.16462897564182E+07
 0.15929345700548E+07
 0.15423429900758E+07
 0.14942135260378E+07
 0.14482027747493E+07
 0.14041839729960E+07
 0.13620114239366E+07
 0.13213379119070E+07
 0.12822196694452E+07
 0.12445783301250E+07
 0.12081488083960E+07
 0.11729136648517E+07
 0.11389499731488E+07
 0.11059973292133E+07
 0.10741205113302E+07
 0.10431565972265E+07
 0.10133007882065E+07
 0.98426335493713E+06
 0.95613652436209E+06
 0.92875526644802E+06
 0.90229051458362E+06
 0.87654063190270E+06
 0.85163340584883E+06
 0.82741048283415E+06
 0.80391813626286E+06
 0.78108740218819E+06
 0.75895493798172E+06
 0.73742160293097E+06
 0.71652581318601E+06
 0.69625052081970E+06
 0.67657501052325E+06
 0.65749256455227E+06
 0.63894041277720E+06
 0.62090600379194E+06
 0.60340290889019E+06
 0.58643038399048E+06
 0.56992992968072E+06
 0.55392778463416E+06
 0.53834497652355E+06
 0.52325507611802E+06
 0.50855419270293E+06
 0.49432872306877E+06
 0.48047787045163E+06
 0.46703307957485E+06
 0.45398022810895E+06
 0.44130847818210E+06
 0.42898598530068E+06
 0.41702281377845E+06
 0.40538506142602E+06
 0.39410711214234E+06
 0.38314683774812E+06
 0.37249844583156E+06
 0.36214806168386E+06
 0.35209324135160E+06
 0.34234346764791E+06
 0.33284796640774E+06
 0.32363872995076E+06
 0.31467468756863E+06
 0.30596387429132E+06
 0.29751149218039E+06
 0.28929232488194E+06
 0.28131809181416E+06
 0.27356440777823E+06
 0.26603122721490E+06
 0.25869974676474E+06
 0.25158438617819E+06
 0.24467629914154E+06
 0.23794601565699E+06
 0.23141016607474E+06
 0.22506271411285E+06
 0.21888094746851E+06
 0.21288779154252E+06
 0.20705420053623E+06
 0.20138750634506E+06
 0.19586860966740E+06
 0.19051350364814E+06
 0.18530798270273E+06
 0.18023857040579E+06
 0.17531840347953E+06
 0.17053175936791E+06
 0.16587323857380E+06
 0.16135056717142E+06
 0.15694676612310E+06
 0.15266620656633E+06
 0.14850529108292E+06
 0.14445434556506E+06
 0.14052094151205E+06
 0.13668918168255E+06
 0.13296854858452E+06
 0.12934500407737E+06
 0.12582137667864E+06
 0.12239579694702E+06
 0.11906176771461E+06
 0.11581733869458E+06
 0.11266579940252E+06
 0.10959428284996E+06
 0.10661103193396E+06
 0.10370373616297E+06
 0.10087783661008E+06
 0.98128300708503E+05
 0.95453772616070E+05
 0.92849223539800E+05
 0.90315233595438E+05
 0.87849752932487E+05
 0.85451658272170E+05
 0.83116578910825E+05
 0.80844370623462E+05
 0.78633526522942E+05
 0.76480279160301E+05
 0.74385589270863E+05
 0.72346960706176E+05
 0.70362018302060E+05
 0.68430069540064E+05
 0.66550471585258E+05
 0.64719791170901E+05
 0.62937430690710E+05
 0.61202807048991E+05
 0.59514163444729E+05
 0.57869750709608E+05
 0.56269187565144E+05
 0.54710867108894E+05
 0.53193195970432E+05
 0.51716155585358E+05
 0.50277376904286E+05
 0.48876958133166E+05
 0.47512996323827E+05
 0.46184581623161E+05
 0.44891473494941E+05
 0.43631756425965E+05
 0.42405331327485E+05
 0.41210815430703E+05
 0.40047497305094E+05
 0.38914472635798E+05
 0.37810929863253E+05
 0.36736456224349E+05
 0.35689638672262E+05
