 0.64710694463868E-04
 0.64709147731278E-04
 0.64706566878458E-04
 0.64702952542888E-04
 0.64698298816402E-04
 0.64692602331337E-04
 0.64685860037704E-04
 0.64678060740075E-04
 0.64669200482377E-04
 0.64659268997092E-04
 0.64648260092632E-04
 0.64636161992099E-04
 0.64622968854715E-04
 0.64608669248338E-04
 0.64593257003517E-04
 0.64576715671135E-04
 0.64559040650719E-04
 0.64540217746890E-04
 0.64520238194457E-04
 0.64499084253862E-04
 0.64476738432996E-04
 0.64453194636784E-04
 0.64428427165146E-04
 0.64402418036600E-04
 0.64375142034807E-04
 0.64346577520731E-04
 0.64316690633320E-04
 0.64285459761754E-04
 0.64252851156046E-04
 0.64218824932026E-04
 0.64183342191134E-04
 0.64146374742186E-04
 0.64107875806583E-04
 0.64067798910068E-04
 0.64026127393858E-04
 0.63982805848529E-04
 0.63937800520427E-04
 0.63891064529466E-04
 0.63842582245632E-04
 0.63792332377972E-04
 0.63740224364361E-04
 0.63686293823174E-04
 0.63630510646859E-04
 0.63572841999172E-04
 0.63513244198035E-04
 0.63451744334601E-04
 0.63388352112444E-04
 0.63323035815006E-04
 0.63255773907956E-04
 0.63186576193585E-04
 0.63115479584969E-04
 0.63042454961809E-04
 0.62967535491301E-04
 0.62890721272670E-04
 0.62812002698968E-04
 0.62731420848501E-04
 0.62649014110536E-04
 0.62564730854372E-04
 0.62478669536764E-04
 0.62390871825203E-04
 0.62301139720093E-04
 0.62209826053440E-04
 0.62116790659026E-04
 0.62021949481922E-04
 0.61925572270475E-04
 0.61827382508647E-04
 0.61727668439481E-04
 0.61626559499528E-04
 0.61523696123973E-04
 0.61419438814805E-04
 0.61313472627087E-04
 0.61206118809920E-04
 0.61097555531063E-04
 0.60987216309700E-04
 0.60875753078161E-04
 0.60762770612828E-04
 0.60648516618854E-04
 0.60532818241396E-04
 0.60416184882799E-04
 0.60297993182655E-04
 0.60178698354339E-04
 0.60058230160704E-04
 0.59936667539403E-04
 0.59813921065361E-04
 0.59689761430261E-04
 0.59564822524141E-04
 0.59438829343918E-04
 0.59311587248750E-04
 0.59183350983028E-04
 0.59054012324194E-04
 0.58924065024799E-04
 0.58793199678075E-04
 0.58661064428072E-04
 0.58527902127850E-04
 0.58394353343770E-04
 0.58260006169314E-04
 0.58124273214413E-04
 0.57988167268536E-04
 0.57851083092687E-04
 0.57713335882241E-04
 0.57574527980209E-04
 0.57435323838613E-04
 0.57295434019760E-04
 0.57154606110047E-04
 0.57012881987752E-04
 0.56870730570370E-04
 0.56728239016129E-04
 0.56584406391977E-04
 0.56440155778633E-04
 0.56295575773808E-04
 0.56150548512021E-04
 0.56004516897687E-04
 0.55858003949941E-04
 0.55710727386325E-04
 0.55562545115948E-04
 0.55414213655967E-04
 0.55265269685390E-04
 0.55115635417955E-04
 0.54965144430590E-04
 0.54814110370365E-04
 0.54662622099466E-04
 0.54510676503877E-04
 0.54357292452806E-04
 0.54203140832115E-04
 0.54048752671203E-04
 0.53893797672124E-04
 0.53738114732254E-04
 0.53580767962215E-04
 0.53422701984982E-04
 0.53264104383877E-04
 0.53104350188238E-04
 0.52942901978883E-04
 0.52781074702301E-04
 0.52617527090592E-04
 0.52452166422511E-04
 0.52286251287567E-04
 0.52117755084566E-04
 0.51947831845263E-04
 0.51776105793613E-04
 0.51603037110822E-04
 0.51428344207150E-04
 0.51251266587188E-04
 0.51072378292284E-04
 0.50892049173997E-04
 0.50709752099727E-04
 0.50526726540516E-04
 0.50341894819161E-04
 0.50156745698767E-04
 0.49970653173216E-04
 0.49783962100883E-04
 0.49598632966478E-04
 0.49412395139614E-04
 0.49225403361235E-04
 0.49039409782263E-04
 0.48852426072507E-04
 0.48665408229746E-04
 0.48477422011259E-04
 0.48288844822223E-04
 0.48098650379638E-04
 0.47907716066251E-04
 0.47715730853479E-04
 0.47522095244600E-04
 0.47327262315620E-04
 0.47131322526029E-04
 0.46934947498080E-04
 0.46737168664327E-04
 0.46538791264008E-04
 0.46339774796860E-04
 0.46140166100538E-04
 0.45940221948682E-04
 0.45740673905672E-04
 0.45539905810603E-04
 0.45339363495329E-04
 0.45139991020307E-04
 0.44939883654889E-04
 0.44739634728583E-04
 0.44541098791041E-04
 0.44341901625305E-04
 0.44143901566723E-04
 0.43945062487787E-04
 0.43749251095339E-04
 0.43552635851053E-04
 0.43357438954046E-04
 0.43161268767611E-04
 0.42967951811460E-04
 0.42773886704411E-04
 0.42582259528580E-04
 0.42390712543953E-04
 0.42200233134776E-04
 0.42010372070612E-04
 0.41822120513906E-04
 0.41633876052181E-04
 0.41446719794787E-04
 0.41260905704643E-04
 0.41076499988720E-04
 0.40893631994401E-04
 0.40711182256036E-04
 0.40529177457975E-04
 0.40348625460069E-04
 0.40169750905444E-04
 0.39991288937165E-04
 0.39814733544720E-04
 0.39637856765882E-04
 0.39463541092826E-04
 0.39288692707505E-04
 0.39116733424391E-04
 0.38944519369434E-04
 0.38773743063345E-04
 0.38603980231963E-04
 0.38435997323921E-04
 0.38268224948223E-04
 0.38101787814725E-04
 0.37935594723300E-04
 0.37771733729597E-04
 0.37608720785388E-04
 0.37446566683492E-04
 0.37285333397336E-04
 0.37125071708819E-04
 0.36966741880249E-04
 0.36808220670276E-04
 0.36651654898805E-04
 0.36495316065061E-04
 0.36339639849257E-04
 0.36185868337922E-04
 0.36032562924378E-04
 0.35881054426663E-04
 0.35730290420309E-04
 0.35580504234847E-04
 0.35431177676690E-04
 0.35283260384831E-04
 0.35136963422881E-04
 0.34990481410228E-04
 0.34845230660124E-04
 0.34701134965639E-04
 0.34557400018637E-04
 0.34415586475291E-04
 0.34274219542156E-04
 0.34134158671373E-04
 0.33994053357963E-04
 0.33855667551619E-04
 0.33718382412039E-04
 0.33581125923402E-04
 0.33445722455534E-04
 0.33310827421894E-04
 0.33176444262444E-04
 0.33043583659315E-04
 0.32910970419205E-04
 0.32779330730434E-04
 0.32648957943515E-04
 0.32518735228358E-04
 0.32390417139191E-04
 0.32261836583723E-04
 0.32134982106835E-04
 0.32008260043734E-04
 0.31882666757603E-04
 0.31757795161337E-04
 0.31633826985688E-04
 0.31510262032219E-04
 0.31388421921234E-04
 0.31266189486356E-04
 0.31145932057827E-04
 0.31025146564063E-04
 0.30905859278011E-04
 0.30787283027644E-04
 0.30669830925445E-04
 0.30552520157183E-04
 0.30435909566417E-04
 0.30320350933040E-04
 0.30205769674317E-04
 0.30091406664219E-04
 0.29977954508452E-04
 0.29865410604832E-04
 0.29752955048056E-04
 0.29641615459229E-04
 0.29531146585503E-04
 0.29421110270707E-04
 0.29311710429068E-04
 0.29203605032180E-04
 0.29095582318332E-04
 0.28988111174322E-04
 0.28881480034334E-04
 0.28775752568974E-04
 0.28670235098442E-04
 0.28565789079325E-04
 0.28461899696310E-04
 0.28358335774331E-04
 0.28255773021721E-04
 0.28153601891706E-04
 0.28052340282697E-04
 0.27951656696634E-04
 0.27851170092578E-04
 0.27752037109384E-04
 0.27653026936458E-04
 0.27554545445117E-04
 0.27456660043881E-04
 0.27359114058441E-04
 0.27262717358168E-04
 0.27166529003994E-04
 0.27070890232587E-04
 0.26976003310369E-04
