 0.53405578660231E+07
 0.53405578660231E+07
 0.53405578660231E+07
 0.53405578660231E+07
 0.53405578660231E+07
 0.53405578660231E+07
 0.53405578660231E+07
 0.53405578660231E+07
 0.53405578660231E+07
 0.53405578660231E+07
 0.53405578660232E+07
 0.53405578660234E+07
 0.53405578660238E+07
 0.53405578660235E+07
 0.53405578660229E+07
 0.53405578660228E+07
 0.53405578660221E+07
 0.53405578660210E+07
 0.53405578660193E+07
 0.53405578660168E+07
 0.53405578660177E+07
 0.53405578660124E+07
 0.53405578660078E+07
 0.53405578660014E+07
 0.53405578659951E+07
 0.53405578659910E+07
 0.53405578659975E+07
 0.53405578659799E+07
 0.53405578659554E+07
 0.53405578659374E+07
 0.53405578659362E+07
 0.53405578659060E+07
 0.53405578658966E+07
 0.53405578658904E+07
 0.53405578658382E+07
 0.53405578658113E+07
 0.53405578657533E+07
 0.53405578657865E+07
 0.53405578656699E+07
 0.53405578654691E+07
 0.53405578654652E+07
 0.53405578654458E+07
 0.53405578653710E+07
 0.53405578652116E+07
 0.53405578654567E+07
 0.53405578654168E+07
 0.53405578651244E+07
 0.53405578647005E+07
 0.53405578646342E+07
 0.53405578647184E+07
 0.53405578644051E+07
 0.53405578642240E+07
 0.53405578633283E+07
 0.53405578633579E+07
 0.53405578631337E+07
 0.53405578624439E+07
 0.53405578611393E+07
 0.53405578618623E+07
 0.53405578614281E+07
 0.53405578586275E+07
 0.53405578639455E+07
 0.53405578600496E+07
 0.53405578603540E+07
 0.53405578626633E+07
 0.53405578590289E+07
 0.53405578654733E+07
 0.53405578689130E+07
 0.53405578593492E+07
 0.53405578603257E+07
 0.53405578517643E+07
 0.53405578594331E+07
 0.53405578686427E+07
 0.53405578436000E+07
 0.53405578646017E+07
 0.53405578432744E+07
 0.53405578537793E+07
 0.53405578597925E+07
 0.53405578690364E+07
 0.53405578433539E+07
 0.53405578522428E+07
 0.53405578692250E+07
 0.53405578541135E+07
 0.53405578121252E+07
 0.53405578257068E+07
 0.53405578536993E+07
 0.53405578401893E+07
 0.53405578307652E+07
 0.53405578430193E+07
 0.53405578622300E+07
 0.53405579378597E+07
 0.53405578854139E+07
 0.53405578273014E+07
 0.53405578418102E+07
 0.53405579608715E+07
 0.53405578858959E+07
 0.53405577961689E+07
 0.53405579107757E+07
 0.53405578681026E+07
 0.53405578142695E+07
 0.53405578686954E+07
 0.53405579600159E+07
 0.53405578236894E+07
 0.53405578341887E+07
 0.53405578320165E+07
 0.53405579252776E+07
 0.53405579350691E+07
 0.53405579420391E+07
 0.53405581227469E+07
 0.53405582242728E+07
 0.53405579929312E+07
 0.53405578191544E+07
 0.53405577192834E+07
 0.53405576741899E+07
 0.53405578027436E+07
 0.53405577636482E+07
 0.53405577214054E+07
 0.53405576773766E+07
 0.53405575845376E+07
 0.53405576376840E+07
 0.53405578186563E+07
 0.53405579751270E+07
 0.53405577245455E+07
 0.53405580352488E+07
 0.53405587533659E+07
 0.53405585068909E+07
 0.53405581286093E+07
 0.53405574229634E+07
 0.53405578698211E+07
 0.53405571413193E+07
 0.53405574033234E+07
 0.53405570783845E+07
 0.53405577442633E+07
 0.53405570042398E+07
 0.53405566394927E+07
 0.53405573011877E+07
 0.53405558717434E+07
 0.53405573490062E+07
 0.53405582615946E+07
 0.53405580262959E+07
 0.53405578876066E+07
 0.53405575037698E+07
 0.53405578199377E+07
 0.53405581171414E+07
 0.53405577647000E+07
 0.53405584003831E+07
 0.53405566488179E+07
 0.53405575286372E+07
 0.53405564794248E+07
 0.53405562915427E+07
 0.53405571383737E+07
 0.53405553700100E+07
 0.53405558446102E+07
 0.53405565697760E+07
 0.53405567894052E+07
 0.53405586867097E+07
 0.53405567392392E+07
 0.53405579028035E+07
 0.53405571084297E+07
 0.53405579456708E+07
 0.53405568204188E+07
 0.53405563088143E+07
 0.53405564574210E+07
 0.53405552126885E+07
 0.53405570398266E+07
 0.53405557852897E+07
 0.53405551843275E+07
 0.53405553905637E+07
 0.53405552019010E+07
 0.53405568541806E+07
 0.53405555593231E+07
 0.53405551689371E+07
 0.53405559729952E+07
 0.53405564573776E+07
 0.53405558945114E+07
 0.53405552829024E+07
 0.53405570055345E+07
 0.53405546103461E+07
 0.53405554497599E+07
 0.53405557861476E+07
 0.53405580013371E+07
 0.53405557730691E+07
 0.53405546963827E+07
 0.53405529851821E+07
 0.53405566224376E+07
 0.53405545614787E+07
 0.53405552734307E+07
 0.53405536425988E+07
 0.53405541862277E+07
 0.53405541134747E+07
 0.53405549995638E+07
 0.53405529034535E+07
 0.53405540934242E+07
 0.53405552313512E+07
 0.53405557138368E+07
 0.53405547345919E+07
 0.53405527381023E+07
 0.53405527159141E+07
 0.53405538668342E+07
 0.53405548056579E+07
 0.53405521962274E+07
 0.53405542832056E+07
 0.53405520494472E+07
 0.53405529251184E+07
 0.53405515014162E+07
 0.53405538128434E+07
 0.53405508143260E+07
 0.53405521658792E+07
 0.53405524271527E+07
 0.53405531806154E+07
 0.53405510726129E+07
 0.53405514747712E+07
 0.53405518925654E+07
 0.53405547300052E+07
 0.53405527201980E+07
 0.53405532225942E+07
 0.53405535286257E+07
 0.53405524040844E+07
 0.53405526973850E+07
 0.53405526643455E+07
 0.53405533170603E+07
 0.53405521622370E+07
 0.53405529972964E+07
 0.53405559361427E+07
 0.53405555661780E+07
 0.53405571805856E+07
 0.53405558579798E+07
 0.53405560173592E+07
 0.53405557024434E+07
 0.53405580163237E+07
 0.53405567633491E+07
 0.53405539580736E+07
 0.53405560107066E+07
 0.53405562051253E+07
 0.53405571245114E+07
 0.53405588679625E+07
 0.53405566809370E+07
 0.53405586376310E+07
 0.53405577634442E+07
 0.53405608445561E+07
 0.53405594135191E+07
 0.53405577091620E+07
 0.53405596967764E+07
 0.53405580401867E+07
 0.53405582263548E+07
 0.53405593146285E+07
 0.53405567167320E+07
 0.53405573157687E+07
 0.53405588988332E+07
 0.53405570758375E+07
 0.53405600338202E+07
 0.53405555190676E+07
 0.53405570711178E+07
 0.53405550617297E+07
 0.53405568631952E+07
 0.53405556012698E+07
 0.53405552309993E+07
 0.53405564316598E+07
 0.53405572186659E+07
 0.53405533452432E+07
 0.53405568084201E+07
 0.53405531319334E+07
 0.53405558097503E+07
 0.53405565609920E+07
 0.53405547831552E+07
 0.53405539644639E+07
 0.53405535732511E+07
 0.53405549948220E+07
 0.53405550186101E+07
 0.53405535049583E+07
 0.53405538910006E+07
 0.53405545862453E+07
 0.53405525105978E+07
 0.53405536684715E+07
 0.53405542651511E+07
 0.53405530639655E+07
 0.53405532795028E+07
 0.53405541721865E+07
 0.53405507561233E+07
 0.53405526703265E+07
 0.53405536141900E+07
 0.53405535859675E+07
 0.53405522003708E+07
 0.53405531911804E+07
 0.53405524433167E+07
 0.53405507960844E+07
 0.53405536995626E+07
 0.53405514279739E+07
 0.53405505262144E+07
 0.53405487177513E+07
 0.53405481860684E+07
 0.53405512477279E+07
 0.53405460523643E+07
 0.53405489709437E+07
 0.53405480764647E+07
 0.53405466358963E+07
 0.53405487327018E+07
 0.53405483689240E+07
 0.53405483669371E+07
 0.53405486851216E+07
 0.53405487826316E+07
