 0.22012047225508E+01
 0.22012047225508E+01
 0.22012047225508E+01
 0.22012047225508E+01
 0.22012047225508E+01
 0.22012047225508E+01
 0.22012047225508E+01
 0.22012047225508E+01
 0.22012047225509E+01
 0.22012046921021E+01
 0.22012050888252E+01
 0.22012045357365E+01
 0.22012041451643E+01
 0.22012044430752E+01
 0.22012038045248E+01
 0.22012040697297E+01
 0.22012039230940E+01
 0.22012045719827E+01
 0.22012043316713E+01
 0.22012038525428E+01
 0.22012040699015E+01
 0.22012045662938E+01
 0.22012044163182E+01
 0.22012033875666E+01
 0.22012030981813E+01
 0.22012039863606E+01
 0.22012042708764E+01
 0.22012035302979E+01
 0.22012029815680E+01
 0.22012040043619E+01
 0.22012051849073E+01
 0.22012025156021E+01
 0.22012061881913E+01
 0.22012059966538E+01
 0.22012042492637E+01
 0.22012068551222E+01
 0.22012055745834E+01
 0.22012058772068E+01
 0.22012120263314E+01
 0.22012060941496E+01
 0.22012035517980E+01
 0.22012068874643E+01
 0.22012054277095E+01
 0.22012178885328E+01
 0.22012392281580E+01
 0.22012369365206E+01
 0.22012376613891E+01
 0.22012138282641E+01
 0.22012065496182E+01
 0.22012348019202E+01
 0.22012059220076E+01
 0.22012534386731E+01
 0.22012186767334E+01
 0.22012091878406E+01
 0.22012068888569E+01
 0.22012583412583E+01
 0.22011932489901E+01
 0.22012061107447E+01
 0.22012663115182E+01
 0.22012266491702E+01
 0.22012596590540E+01
 0.22012448248779E+01
 0.22011995264749E+01
 0.22012350202189E+01
 0.22011593064945E+01
 0.22012437975439E+01
 0.22012538011624E+01
 0.22011852382573E+01
 0.22012641118051E+01
 0.22012091461948E+01
 0.22012662603006E+01
 0.22012620365314E+01
 0.22012036054869E+01
 0.22012676475219E+01
 0.22011690647764E+01
 0.22012652048385E+01
 0.22012148616188E+01
 0.22011860887499E+01
 0.22011930897786E+01
 0.22012035009490E+01
 0.22012083400459E+01
 0.22012025049553E+01
 0.22012676133917E+01
 0.22012386788917E+01
 0.22012025315263E+01
 0.22012696798303E+01
 0.22012044233669E+01
 0.22011907153732E+01
 0.22012057591071E+01
 0.22012110590367E+01
 0.22012681315386E+01
 0.22012120975985E+01
 0.22012081791783E+01
 0.22012590651099E+01
 0.22011775857214E+01
 0.22012568802093E+01
 0.22012077779399E+01
 0.22012141480559E+01
 0.22012733568853E+01
 0.22012629301303E+01
 0.22012021151182E+01
 0.22012253668609E+01
 0.22012159410981E+01
 0.22012106128458E+01
 0.22012843090897E+01
 0.22012562421682E+01
 0.22012549968923E+01
 0.22011930962898E+01
 0.22012170740169E+01
 0.22012488533010E+01
 0.22013028649854E+01
 0.22012497105472E+01
 0.22013228812787E+01
 0.22013014231858E+01
 0.22012690942853E+01
 0.22012765737627E+01
 0.22012920575249E+01
 0.22013062432150E+01
 0.22012547451203E+01
 0.22012956166850E+01
 0.22012990258666E+01
 0.22013051217799E+01
 0.22013178926965E+01
 0.22013912654207E+01
 0.22014149980852E+01
 0.22013818650177E+01
 0.22013590153213E+01
 0.22013871388291E+01
 0.22014338104407E+01
 0.22014696645111E+01
 0.22013831244297E+01
 0.22014096134306E+01
 0.22014604580988E+01
 0.22014480745997E+01
 0.22014809312848E+01
 0.22014997398063E+01
 0.22015879224287E+01
 0.22015360510194E+01
 0.22016306614838E+01
 0.22016409416757E+01
 0.22015848247944E+01
 0.22016472904752E+01
 0.22017287699792E+01
 0.22016994557591E+01
 0.22017081913183E+01
 0.22017868655429E+01
 0.22017751393629E+01
 0.22018103536990E+01
 0.22018183543173E+01
 0.22018305763054E+01
 0.22018384466744E+01
 0.22018964303638E+01
 0.22018915800502E+01
 0.22019566413909E+01
 0.22018816144058E+01
 0.22019666174774E+01
 0.22019513830152E+01
 0.22018986945645E+01
 0.22018022996847E+01
 0.22017919759384E+01
 0.22017958360302E+01
 0.22017109458040E+01
 0.22017145894197E+01
 0.22016581225635E+01
 0.22014704383344E+01
 0.22013767112946E+01
 0.22013369212784E+01
 0.22012141969619E+01
 0.22011257501140E+01
 0.22010141976470E+01
 0.22008070910754E+01
 0.22006934710867E+01
 0.22006222455307E+01
 0.22003813127649E+01
 0.22002025074011E+01
 0.22000674056942E+01
 0.21997579960065E+01
 0.21996472380458E+01
 0.21993611860299E+01
 0.21991727485823E+01
 0.21988067564700E+01
 0.21986316680875E+01
 0.21982730998776E+01
 0.21979648990050E+01
 0.21975840389927E+01
 0.21973095601183E+01
 0.21969638841530E+01
 0.21965899427894E+01
 0.21961657273918E+01
 0.21958080669563E+01
 0.21953775585761E+01
 0.21949366949128E+01
 0.21944989497366E+01
 0.21940931808171E+01
 0.21935551965330E+01
 0.21930650304733E+01
 0.21925462280646E+01
 0.21921000189892E+01
 0.21915671757928E+01
 0.21909951667057E+01
 0.21903046987365E+01
 0.21897461782473E+01
 0.21890575278234E+01
 0.21884863511170E+01
 0.21877633179012E+01
 0.21872477618178E+01
 0.21865620785394E+01
 0.21857747015973E+01
 0.21851017511068E+01
 0.21843916372802E+01
 0.21836320725659E+01
 0.21828697957315E+01
 0.21819584442710E+01
 0.21812590212492E+01
 0.21803153301195E+01
 0.21794794508796E+01
 0.21786374810449E+01
 0.21778282167728E+01
 0.21769673391103E+01
 0.21758933166811E+01
 0.21750243516568E+01
 0.21740694880938E+01
 0.21731423518676E+01
 0.21721616588927E+01
 0.21711422325260E+01
 0.21701118133262E+01
 0.21691010924396E+01
 0.21680567774010E+01
 0.21670303212719E+01
 0.21660426196376E+01
 0.21648611653608E+01
 0.21637729001220E+01
 0.21625865307988E+01
 0.21614919282829E+01
 0.21603685831088E+01
 0.21591423065368E+01
 0.21579984499512E+01
 0.21567956547901E+01
 0.21556605617482E+01
 0.21544607974768E+01
 0.21532163631923E+01
 0.21518766513762E+01
 0.21506127952056E+01
 0.21493183241764E+01
 0.21480367343910E+01
 0.21467255094296E+01
 0.21454025069538E+01
 0.21441692548315E+01
 0.21426810264598E+01
 0.21413796853223E+01
 0.21400860122911E+01
 0.21385593526316E+01
 0.21371719015431E+01
 0.21359046040263E+01
 0.21344674520738E+01
 0.21329685566464E+01
 0.21314821620169E+01
 0.21301239271608E+01
 0.21286096561656E+01
 0.21272145455379E+01
 0.21256359364431E+01
 0.21241118582242E+01
 0.21225812395222E+01
 0.21210961164325E+01
 0.21195899321111E+01
 0.21180367973072E+01
 0.21164456461728E+01
 0.21150597869616E+01
 0.21134255469694E+01
 0.21118330937305E+01
 0.21102519179241E+01
 0.21086588607956E+01
 0.21071325239174E+01
 0.21055462436820E+01
 0.21039321183295E+01
 0.21022321905491E+01
 0.21005614583388E+01
 0.20988975317769E+01
 0.20973941507848E+01
 0.20957054887205E+01
 0.20940198064765E+01
 0.20924143761681E+01
 0.20906898048353E+01
 0.20889119160816E+01
 0.20872358252620E+01
 0.20856820306567E+01
 0.20838787574866E+01
 0.20822270371571E+01
 0.20804461843259E+01
 0.20788093907297E+01
 0.20770034676059E+01
 0.20752879249281E+01
 0.20736289390434E+01
 0.20717722818732E+01
 0.20700687900282E+01
 0.20683219817098E+01
 0.20665650799004E+01
 0.20647795993942E+01
 0.20629997020565E+01
 0.20613044358033E+01
