 0.30966386294506E+03
 0.30966386294510E+03
 0.30966386294574E+03
 0.30966386298241E+03
 0.30966386388633E+03
 0.30966386761272E+03
 0.30966385083566E+03
 0.30966367797331E+03
 0.30966298400405E+03
 0.30966109445740E+03
 0.30965702590182E+03
 0.30964955004353E+03
 0.30963730736216E+03
 0.30961887988951E+03
 0.30959291451873E+03
 0.30955819087589E+03
 0.30951355400544E+03
 0.30945811550458E+03
 0.30939117416348E+03
 0.30931206274169E+03
 0.30919927201783E+03
 0.30908917537421E+03
 0.30896579418952E+03
 0.30882910766089E+03
 0.30867916393288E+03
 0.30851625807268E+03
 0.30834060353033E+03
 0.30815250446515E+03
 0.30795260460454E+03
 0.30774128428076E+03
 0.30751898752131E+03
 0.30728639013319E+03
 0.30704413389939E+03
 0.30679265921778E+03
 0.30653278715415E+03
 0.30626481546986E+03
 0.30599013846521E+03
 0.30570829328690E+03
 0.30542049193157E+03
 0.30512757162954E+03
 0.30482951806715E+03
 0.30452710607798E+03
 0.30422157948006E+03
 0.30391157818303E+03
 0.30359898394203E+03
 0.30328317717820E+03
 0.30296499255187E+03
 0.30264467201002E+03
 0.30232236041374E+03
 0.30199750867304E+03
 0.30167144689383E+03
 0.30134352036652E+03
 0.30101387265142E+03
 0.30068310920029E+03
 0.30034800671970E+03
 0.30001270059924E+03
 0.29967557477762E+03
 0.29933703632750E+03
 0.29899440481464E+03
 0.29864828749168E+03
 0.29830094206244E+03
 0.29795016078042E+03
 0.29759599066316E+03
 0.29723742833810E+03
 0.29687591344383E+03
 0.29650981644943E+03
 0.29613601983332E+03
 0.29576350705893E+03
 0.29537677752643E+03
 0.29499387321925E+03
 0.29459653607240E+03
 0.29419784339830E+03
 0.29378500254219E+03
 0.29337201318552E+03
 0.29295073153573E+03
 0.29251977802337E+03
 0.29208087278406E+03
 0.29163262043578E+03
 0.29117270486526E+03
 0.29071146713509E+03
 0.29022901496937E+03
 0.28973953023458E+03
 0.28924545412621E+03
 0.28873360963409E+03
 0.28820966025071E+03
 0.28767020721758E+03
 0.28712465629213E+03
 0.28656405325407E+03
 0.28598288624426E+03
 0.28539480261489E+03
 0.28479305182489E+03
 0.28416499958894E+03
 0.28353429513753E+03
 0.28288178340336E+03
 0.28220983785707E+03
 0.28151625515937E+03
 0.28081173933742E+03
 0.28008550793168E+03
 0.27934032124803E+03
 0.27857386927841E+03
 0.27778476146512E+03
 0.27697758209978E+03
 0.27614944478349E+03
 0.27529099419506E+03
 0.27441178987653E+03
 0.27351090650553E+03
 0.27258442650020E+03
 0.27162752654353E+03
 0.27063575351434E+03
 0.26962986414773E+03
 0.26858300099745E+03
 0.26750556192818E+03
 0.26639980775302E+03
 0.26525449199304E+03
 0.26407206506182E+03
 0.26287715943810E+03
 0.26160488158848E+03
 0.26031085597083E+03
 0.25897576230150E+03
 0.25760300797332E+03
 0.25617464599106E+03
 0.25470464843012E+03
 0.25317211851641E+03
 0.25161182908946E+03
 0.24996844273750E+03
 0.24829567461751E+03
 0.24655591011495E+03
 0.24471622398063E+03
 0.24281902750768E+03
 0.24087613634249E+03
 0.23883338270609E+03
 0.23671635316912E+03
 0.23454582246530E+03
 0.23224046201596E+03
 0.22984941791300E+03
 0.22737766723703E+03
 0.22479622352506E+03
 0.22207569423836E+03
 0.21925882174256E+03
 0.21634041422986E+03
 0.21325675496621E+03
 0.21006124412856E+03
 0.20669110693716E+03
 0.20323374908427E+03
 0.19956845115306E+03
 0.19578615780440E+03
 0.19189916330326E+03
 0.18782695448268E+03
 0.18363033965008E+03
 0.17932827833464E+03
 0.17503368697606E+03
 0.17063049516550E+03
 0.16631937787340E+03
 0.16206726885004E+03
 0.15798235023607E+03
 0.15416616495515E+03
 0.15066529650272E+03
 0.14758756801978E+03
 0.14498980886982E+03
 0.14291278229343E+03
 0.14139940156817E+03
 0.14043806650587E+03
 0.14000758614723E+03
 0.14007019763153E+03
 0.14057622312022E+03
 0.14147966461198E+03
 0.14270767409635E+03
 0.14423522510653E+03
 0.14599644771386E+03
 0.14796592191673E+03
 0.15009299251518E+03
 0.15237698715254E+03
 0.15474408401585E+03
 0.15722206018522E+03
 0.15976033026477E+03
 0.16237994046913E+03
 0.16504379108012E+03
 0.16775097569217E+03
 0.17048194030256E+03
 0.17323021113784E+03
 0.17601271239166E+03
 0.17882160229305E+03
 0.18164340001053E+03
 0.18446362055905E+03
 0.18729732270623E+03
 0.19014921002020E+03
 0.19300502149222E+03
 0.19586580416026E+03
 0.19871153008846E+03
 0.20158372607827E+03
 0.20444273587188E+03
 0.20731951840955E+03
 0.21020542354838E+03
 0.21307850588066E+03
 0.21595619587833E+03
 0.21884161321243E+03
 0.22172411727250E+03
 0.22460239735705E+03
 0.22749273545220E+03
 0.23038941304188E+03
