 0.12287950801012E+01
 0.12287950884543E+01
 0.12287951262238E+01
 0.12287952304563E+01
 0.12287954541222E+01
 0.12287958681033E+01
 0.12287965729548E+01
 0.12287977303932E+01
 0.12287996166377E+01
 0.12288026798916E+01
 0.12288075825889E+01
 0.12288152124745E+01
 0.12288266801413E+01
 0.12288432698035E+01
 0.12288664055864E+01
 0.12288976227400E+01
 0.12289384480198E+01
 0.12289904687223E+01
 0.12290552391857E+01
 0.12291341937241E+01
 0.12292287155344E+01
 0.12293401408651E+01
 0.12294696716410E+01
 0.12296183913152E+01
 0.12297872475777E+01
 0.12299771626506E+01
 0.12301888626381E+01
 0.12304229772379E+01
 0.12306801825302E+01
 0.12309608971055E+01
 0.12312654428213E+01
 0.12315941662800E+01
 0.12319472827660E+01
 0.12323248120070E+01
 0.12327268875649E+01
 0.12331532841763E+01
 0.12336042836099E+01
 0.12340791046583E+01
 0.12345778031152E+01
 0.12351001705096E+01
 0.12356455006670E+01
 0.12362134554810E+01
 0.12368039086616E+01
 0.12374152937012E+01
 0.12380477681453E+01
 0.12387000999424E+01
 0.12393718344308E+01
 0.12400621656055E+01
 0.12407702291543E+01
 0.12414947580431E+01
 0.12422355239342E+01
 0.12429911920419E+01
 0.12437608734709E+01
 0.12445439414536E+01
 0.12453375975363E+01
 0.12461432336060E+01
 0.12469589862033E+01
 0.12477841607085E+01
 0.12486162794646E+01
 0.12494547652060E+01
 0.12503000616137E+01
 0.12511499772187E+01
 0.12520037198726E+01
 0.12528598241383E+01
 0.12537183723369E+01
 0.12545775558939E+01
 0.12554346918251E+01
 0.12562945732423E+01
 0.12571468986930E+01
 0.12580021669550E+01
 0.12588482681767E+01
 0.12596928173648E+01
 0.12605270085999E+01
 0.12613592243782E+01
 0.12621836835773E+01
 0.12629989092855E+01
 0.12638055295226E+01
 0.12646021008060E+01
 0.12653865815456E+01
 0.12661656038581E+01
 0.12669251437954E+01
 0.12676745066616E+01
 0.12684151764116E+01
 0.12691375479015E+01
 0.12698452892780E+01
 0.12705356736159E+01
 0.12712152770346E+01
 0.12718774695344E+01
 0.12725179297870E+01
 0.12731466073116E+01
 0.12737584345151E+01
 0.12743438325884E+01
 0.12749206371643E+01
 0.12754743183612E+01
 0.12760066478977E+01
 0.12765160144178E+01
 0.12770108513101E+01
 0.12774828100544E+01
 0.12779343947816E+01
 0.12783638977982E+01
 0.12787705057696E+01
 0.12791583101535E+01
 0.12795252326392E+01
 0.12798642833177E+01
 0.12801834306168E+01
 0.12804828756360E+01
 0.12807596586170E+01
 0.12810104684538E+01
 0.12812325181744E+01
 0.12814437536895E+01
 0.12816224918814E+01
 0.12817785864986E+01
 0.12819147662417E+01
 0.12820227279182E+01
 0.12821056308717E+01
 0.12821858248586E+01
 0.12822090849087E+01
 0.12822249337762E+01
 0.12822179490141E+01
 0.12821925088174E+01
 0.12821360111598E+01
 0.12820615346655E+01
 0.12819534832103E+01
 0.12818440413025E+01
 0.12816878913041E+01
 0.12815335302925E+01
 0.12813518290391E+01
 0.12811170425326E+01
 0.12808684510543E+01
 0.12806197057116E+01
 0.12803273301106E+01
 0.12800175741737E+01
 0.12797091409491E+01
 0.12793403433695E+01
 0.12789546113583E+01
 0.12785598496387E+01
 0.12781359479460E+01
 0.12776630231084E+01
 0.12771785371383E+01
 0.12766813553449E+01
 0.12761229638417E+01
 0.12755417810687E+01
 0.12749203616558E+01
 0.12742643002128E+01
 0.12735257839671E+01
 0.12727548124433E+01
 0.12719514018650E+01
 0.12710374536354E+01
 0.12700409341873E+01
 0.12689472838648E+01
 0.12678172101077E+01
 0.12665049406009E+01
 0.12651304989544E+01
 0.12635958892540E+01
 0.12619248191117E+01
 0.12601383451584E+01
 0.12581933659658E+01
 0.12561351802535E+01
 0.12539658567999E+01
 0.12516839578158E+01
 0.12493645278771E+01
 0.12470087568984E+01
 0.12446333553786E+01
 0.12422954437262E+01
 0.12399959603519E+01
 0.12377297553846E+01
 0.12355813229527E+01
 0.12334775665336E+01
 0.12314806437870E+01
 0.12295603210635E+01
 0.12277478689779E+01
 0.12259952121271E+01
 0.12243759989433E+01
 0.12228151512586E+01
 0.12213559631138E+01
 0.12199501275135E+01
 0.12186262574570E+01
 0.12173701174308E+01
 0.12161901033060E+01
 0.12150812388182E+01
 0.12140176831647E+01
 0.12130008228162E+01
 0.12120365139892E+01
 0.12111315762234E+01
 0.12102675891748E+01
 0.12094361855382E+01
 0.12086458030316E+01
 0.12078918649552E+01
 0.12071865526515E+01
 0.12064953210778E+01
 0.12058453846357E+01
 0.12052119296879E+01
 0.12045996208798E+01
 0.12040216793066E+01
 0.12034643302265E+01
 0.12029240483205E+01
 0.12024064381628E+01
 0.12019110096041E+01
 0.12014261383255E+01
 0.12009546379527E+01
