 0.20941382915855E+01
 0.20941382915855E+01
 0.20941382915855E+01
 0.20941382915855E+01
 0.20941382915855E+01
 0.20941382992905E+01
 0.20941382692321E+01
 0.20941382760857E+01
 0.20941382460806E+01
 0.20941374377408E+01
 0.20941410070969E+01
 0.20941363943827E+01
 0.20941366056762E+01
 0.20941355605136E+01
 0.20941393009926E+01
 0.20941374629281E+01
 0.20941380850365E+01
 0.20941370950334E+01
 0.20941352996515E+01
 0.20941391373862E+01
 0.20941372202511E+01
 0.20941368319017E+01
 0.20941358172275E+01
 0.20941426272435E+01
 0.20941442066139E+01
 0.20941379483979E+01
 0.20941352833204E+01
 0.20941408132304E+01
 0.20941453189649E+01
 0.20941373897082E+01
 0.20941412872522E+01
 0.20941498700200E+01
 0.20941517319891E+01
 0.20941494583084E+01
 0.20941400366397E+01
 0.20941639778897E+01
 0.20941454918861E+01
 0.20941446827592E+01
 0.20941703876866E+01
 0.20941469395478E+01
 0.20941442798092E+01
 0.20941631710514E+01
 0.20941435866407E+01
 0.20941731203901E+01
 0.20941905045037E+01
 0.20941903566164E+01
 0.20941844728676E+01
 0.20941659637192E+01
 0.20941387462597E+01
 0.20941776536193E+01
 0.20941286325639E+01
 0.20941783083779E+01
 0.20941525301944E+01
 0.20941323941042E+01
 0.20941306594434E+01
 0.20941497466994E+01
 0.20941587244519E+01
 0.20940628261017E+01
 0.20940994532012E+01
 0.20940796390258E+01
 0.20940698099161E+01
 0.20940494280979E+01
 0.20940127702966E+01
 0.20939826737395E+01
 0.20940770420770E+01
 0.20939168902437E+01
 0.20938796000060E+01
 0.20939972280349E+01
 0.20937947680435E+01
 0.20937295266390E+01
 0.20936517017220E+01
 0.20935517612836E+01
 0.20935352194039E+01
 0.20934312761222E+01
 0.20934722791499E+01
 0.20932680542870E+01
 0.20931107405544E+01
 0.20931212965545E+01
 0.20930402015731E+01
 0.20928595972513E+01
 0.20926383710832E+01
 0.20924802075537E+01
 0.20922478648919E+01
 0.20919882258580E+01
 0.20918283584887E+01
 0.20915768904696E+01
 0.20913578944280E+01
 0.20911239368630E+01
 0.20907461420337E+01
 0.20903737658583E+01
 0.20900058646670E+01
 0.20897675810652E+01
 0.20892360333761E+01
 0.20888086636079E+01
 0.20883882022237E+01
 0.20877928218418E+01
 0.20873410629936E+01
 0.20865710677991E+01
 0.20861627617931E+01
 0.20855339687595E+01
 0.20846912736995E+01
 0.20839185735040E+01
 0.20831437163482E+01
 0.20822872981688E+01
 0.20815799298057E+01
 0.20805266228682E+01
 0.20797105069583E+01
 0.20785070152019E+01
 0.20774271340971E+01
 0.20764258429021E+01
 0.20751476868902E+01
 0.20741186543648E+01
 0.20726788126624E+01
 0.20713789778966E+01
 0.20699497514288E+01
 0.20684654256920E+01
 0.20669823084797E+01
 0.20654289163280E+01
 0.20640328574927E+01
 0.20621487144002E+01
 0.20604908979933E+01
 0.20588748976311E+01
 0.20568982884094E+01
 0.20550776023008E+01
 0.20532148966716E+01
 0.20509994813108E+01
 0.20491088172738E+01
 0.20468839300403E+01
 0.20447589831999E+01
 0.20426122412275E+01
 0.20404093742130E+01
 0.20379618248954E+01
 0.20357552125848E+01
 0.20332699268342E+01
 0.20309175240696E+01
 0.20283191839022E+01
 0.20256423362378E+01
 0.20229541325681E+01
 0.20205585634408E+01
 0.20176295144142E+01
 0.20149870993848E+01
 0.20121947028017E+01
 0.20093720700581E+01
 0.20065159289805E+01
 0.20036065125222E+01
 0.20006936541539E+01
 0.19978824440401E+01
 0.19946713558250E+01
 0.19916328492878E+01
 0.19885436910446E+01
 0.19855875130858E+01
 0.19822486347529E+01
 0.19791869641245E+01
 0.19757424570451E+01
 0.19724819024929E+01
 0.19693114331238E+01
 0.19659536835863E+01
 0.19625506711298E+01
 0.19588999884665E+01
 0.19555315547173E+01
 0.19517033810251E+01
 0.19483435765343E+01
 0.19444642097678E+01
 0.19407408583561E+01
 0.19370868166749E+01
 0.19332046323448E+01
 0.19293175624706E+01
 0.19254259349056E+01
 0.19214988251335E+01
 0.19174549112037E+01
 0.19135000601346E+01
 0.19092837487546E+01
 0.19052356996741E+01
 0.19012454131484E+01
 0.18972186454062E+01
 0.18927405451159E+01
 0.18886782038583E+01
 0.18843012479771E+01
 0.18798665095453E+01
 0.18756164751943E+01
 0.18713354463119E+01
 0.18668182362042E+01
 0.18625423269725E+01
 0.18580411697839E+01
 0.18536879591122E+01
 0.18490188829323E+01
 0.18448078229573E+01
 0.18400570319189E+01
 0.18354203163401E+01
 0.18310172466913E+01
 0.18265005071782E+01
 0.18216278302891E+01
 0.18170499105892E+01
 0.18122519878976E+01
 0.18075199690632E+01
 0.18029351343496E+01
 0.17981121756743E+01
 0.17933394540372E+01
 0.17885416377418E+01
 0.17838540490801E+01
 0.17793126043562E+01
 0.17744851401089E+01
 0.17694177814707E+01
 0.17647120050301E+01
 0.17598199401627E+01
 0.17549592194170E+01
 0.17501713314343E+01
 0.17452472481953E+01
 0.17402418943517E+01
 0.17356177222373E+01
 0.17308601527780E+01
 0.17259632345303E+01
 0.17208305092400E+01
 0.17158050190742E+01
 0.17110373493125E+01
 0.17060206000197E+01
 0.17013281711793E+01
 0.16962624476413E+01
 0.16912952146678E+01
 0.16864829855356E+01
 0.16814239327857E+01
 0.16767139804642E+01
 0.16718094031395E+01
 0.16667241272231E+01
 0.16619075237210E+01
 0.16567710055994E+01
 0.16520836206462E+01
 0.16469674361411E+01
 0.16423367441296E+01
 0.16373852886130E+01
 0.16323307470788E+01
 0.16276512774116E+01
 0.16225815541037E+01
 0.16179126486905E+01
 0.16129877391608E+01
 0.16078801303669E+01
 0.16032406636337E+01
 0.15983092118294E+01
 0.15933593185034E+01
 0.15885245300237E+01
 0.15838993837584E+01
 0.15788357780367E+01
 0.15740787335415E+01
 0.15694750451211E+01
 0.15644353565151E+01
 0.15595536809561E+01
 0.15549054145797E+01
 0.15503005324977E+01
 0.15453728395821E+01
 0.15407248043137E+01
 0.15359411645107E+01
 0.15313626663763E+01
 0.15264284624716E+01
 0.15217586793983E+01
 0.15170463882776E+01
 0.15125978563965E+01
 0.15079382649835E+01
 0.15029328687492E+01
 0.14985107433025E+01
 0.14937991393999E+01
 0.14894480000813E+01
 0.14846845734577E+01
 0.14801668760206E+01
 0.14755011063520E+01
 0.14709101612558E+01
 0.14663087232817E+01
 0.14620572808897E+01
 0.14575233382912E+01
 0.14528644124069E+01
 0.14485881916772E+01
 0.14439243718445E+01
 0.14396684101088E+01
 0.14350426477268E+01
 0.14307890841148E+01
 0.14263554941490E+01
 0.14220036455926E+01
 0.14174514642467E+01
 0.14131466892750E+01
 0.14087146407108E+01
 0.14044232411549E+01
 0.14001169979037E+01
 0.13959744251482E+01
 0.13917165952168E+01
 0.13874450165609E+01
 0.13829995586563E+01
 0.13788061621934E+01
 0.13746652793750E+01
 0.13703467272904E+01
 0.13662775054880E+01
 0.13619864876984E+01
 0.13579614274780E+01
 0.13538210440705E+01
 0.13499143401940E+01
 0.13457468556194E+01
 0.13416855971758E+01
 0.13374993040448E+01
 0.13334816589762E+01
 0.13294516001566E+01
 0.13255952201485E+01
 0.13215426278257E+01
