 0.10189891284960E+00
 0.10189891284961E+00
 0.10189891284978E+00
 0.10189891285078E+00
 0.10189891285480E+00
 0.10189891286596E+00
 0.10189891261479E+00
 0.10189891145552E+00
 0.10189890729663E+00
 0.10189889613219E+00
 0.10189887143470E+00
 0.10189882426969E+00
 0.10189874225041E+00
 0.10189861152836E+00
 0.10189841759604E+00
 0.10189814120341E+00
 0.10189776652602E+00
 0.10189727643553E+00
 0.10189665367671E+00
 0.10189588117050E+00
 0.10189493472922E+00
 0.10189381575851E+00
 0.10189249862409E+00
 0.10189097145213E+00
 0.10188921615714E+00
 0.10188722027117E+00
 0.10188496274788E+00
 0.10188245738289E+00
 0.10187967717510E+00
 0.10187660030531E+00
 0.10187319777581E+00
 0.10186949768794E+00
 0.10186545029552E+00
 0.10186102835934E+00
 0.10185628006010E+00
 0.10185113126534E+00
 0.10184559344893E+00
 0.10183960866526E+00
 0.10183322954314E+00
 0.10182645861084E+00
 0.10181910911302E+00
 0.10181133336505E+00
 0.10180310246518E+00
 0.10179436871854E+00
 0.10178503720904E+00
 0.10177520906974E+00
 0.10176494442962E+00
 0.10175414592407E+00
 0.10174274971251E+00
 0.10173078657401E+00
 0.10171835474066E+00
 0.10170532707309E+00
 0.10169181079956E+00
 0.10167772988950E+00
 0.10166304292548E+00
 0.10164783737073E+00
 0.10163215436441E+00
 0.10161580256389E+00
 0.10159901735527E+00
 0.10158188998102E+00
 0.10156370541946E+00
 0.10154555304627E+00
 0.10152685832500E+00
 0.10150733502060E+00
 0.10148778271388E+00
 0.10146715375471E+00
 0.10144637005336E+00
 0.10142577372657E+00
 0.10140412186462E+00
 0.10138249667981E+00
 0.10135974935847E+00
 0.10133688503827E+00
 0.10131440861767E+00
 0.10129038751210E+00
 0.10126687645223E+00
 0.10124247196742E+00
 0.10121792015368E+00
 0.10119258687118E+00
 0.10116807037593E+00
 0.10114214066145E+00
 0.10111628221402E+00
 0.10109020924958E+00
 0.10106407898402E+00
 0.10103746989054E+00
 0.10100959037719E+00
 0.10098240592437E+00
 0.10095498974543E+00
 0.10092650291322E+00
 0.10089782132980E+00
 0.10086836339223E+00
 0.10083981312153E+00
 0.10081103364328E+00
 0.10078074724634E+00
 0.10074961109717E+00
 0.10071976307900E+00
 0.10068975899374E+00
 0.10065746394973E+00
 0.10062626606203E+00
 0.10059393545626E+00
 0.10056152372409E+00
 0.10052772142836E+00
 0.10049445390303E+00
 0.10046084470921E+00
 0.10042574330487E+00
 0.10038944647380E+00
 0.10035335458279E+00
 0.10031753609765E+00
 0.10027878304275E+00
 0.10024001527303E+00
 0.10020158275604E+00
 0.10016262793552E+00
 0.10012164602456E+00
 0.10008001591052E+00
 0.10003682340263E+00
 0.99991437504808E-01
 0.99946439483036E-01
 0.99899977979092E-01
 0.99852085433656E-01
 0.99801759045357E-01
 0.99750226869329E-01
 0.99697549595841E-01
 0.99643714589510E-01
 0.99585238794569E-01
 0.99524354926290E-01
 0.99462822587697E-01
 0.99399431981065E-01
 0.99333759382750E-01
 0.99262024278888E-01
 0.99187463845405E-01
 0.99110981402593E-01
 0.99029832625596E-01
 0.98942190287462E-01
 0.98852526881262E-01
 0.98755816811759E-01
 0.98651181280089E-01
 0.98543021621300E-01
 0.98423452730924E-01
 0.98296230891828E-01
 0.98159120166179E-01
 0.98012834104062E-01
 0.97855499075734E-01
 0.97682258226631E-01
 0.97494278918115E-01
 0.97289612967546E-01
 0.97064223799059E-01
 0.96819526770438E-01
 0.96547577590178E-01
 0.96250113576681E-01
 0.95920432519732E-01
 0.95555429272513E-01
 0.95161922346895E-01
 0.94725663614034E-01
 0.94244826188884E-01
 0.93731218330625E-01
 0.93175314756750E-01
 0.92589806481989E-01
 0.91975011956893E-01
 0.91343885035602E-01
 0.90700203897092E-01
 0.90061920305336E-01
 0.89438317347512E-01
 0.88835161535644E-01
 0.88264461502844E-01
 0.87732373903893E-01
 0.87245871742311E-01
 0.86803567432261E-01
 0.86409076906364E-01
 0.86062075703722E-01
 0.85761171818395E-01
 0.85506217390784E-01
 0.85295400202807E-01
 0.85124200570345E-01
 0.84992382728594E-01
 0.84898260500745E-01
 0.84837697560953E-01
 0.84809391660594E-01
 0.84811692821496E-01
 0.84842036260401E-01
 0.84898896766407E-01
 0.84980994604051E-01
 0.85085374800818E-01
 0.85212332002328E-01
 0.85359011501695E-01
 0.85526869378077E-01
 0.85711041310664E-01
 0.85914090498882E-01
 0.86131186401270E-01
 0.86365076311079E-01
 0.86613144657588E-01
 0.86875422356000E-01
 0.87150151881802E-01
 0.87439179577436E-01
 0.87739942937305E-01
 0.88052172937994E-01
 0.88373766075434E-01
 0.88705104504111E-01
 0.89047837243552E-01
 0.89402020655251E-01
 0.89764279009563E-01
 0.90133891031148E-01
 0.90513536583653E-01
 0.90899983093010E-01
 0.91297949127320E-01
 0.91700348631553E-01
 0.92114207310452E-01
 0.92530090127385E-01
 0.92957608498083E-01
 0.93391054174061E-01
 0.93830614206629E-01
 0.94276001710903E-01
 0.94729437972330E-01
 0.95188618694466E-01
 0.95656644133462E-01
 0.96126250340345E-01
 0.96602756832503E-01
 0.97085957987778E-01
 0.97574066738931E-01
 0.98069107702138E-01
 0.98565867932613E-01
 0.99072291659247E-01
 0.99580580505180E-01
 0.10009689521888E+00
 0.10062028440224E+00
 0.10114381472713E+00
 0.10167569206157E+00
 0.10220864735722E+00
 0.10274749692039E+00
 0.10329123477827E+00
 0.10384105158072E+00
 0.10439305022203E+00
 0.10494776950317E+00
 0.10551141761771E+00
 0.10607856296542E+00
 0.10664848425085E+00
 0.10722677095746E+00
 0.10780255558198E+00
 0.10838574445459E+00
 0.10897038462377E+00
 0.10956536129712E+00
 0.11015940726706E+00
 0.11075654590000E+00
 0.11136081023214E+00
 0.11196560289309E+00
 0.11257596725805E+00
 0.11319123798246E+00
 0.11380635972348E+00
 0.11443025325884E+00
 0.11505639422983E+00
 0.11568433861176E+00
 0.11631963919354E+00
 0.11695136027000E+00
 0.11759405234579E+00
 0.11823537088330E+00
 0.11888248119747E+00
 0.11953332519088E+00
 0.12018601590900E+00
 0.12084387382496E+00
 0.12150525758377E+00
 0.12216510448762E+00
 0.12283490965972E+00
 0.12350258296108E+00
 0.12417959333266E+00
 0.12485626355403E+00
 0.12553468728202E+00
 0.12621559162834E+00
 0.12690461819242E+00
 0.12759529492564E+00
 0.12828997603464E+00
 0.12898282734678E+00
 0.12968223316518E+00
 0.13038397682661E+00
 0.13108889216410E+00
 0.13179857930392E+00
 0.13251163296877E+00
 0.13322397344073E+00
 0.13394213047797E+00
 0.13466392722816E+00
 0.13538250432591E+00
 0.13611144383904E+00
 0.13684230738715E+00
 0.13757339107410E+00
 0.13830796545593E+00
 0.13904779511260E+00
 0.13978811269747E+00
 0.14052919418371E+00
 0.14127913887984E+00
 0.14202442511306E+00
 0.14277905957611E+00
 0.14353008860794E+00
 0.14428630422286E+00
 0.14505021942433E+00
 0.14580741768364E+00
 0.14657785100569E+00
 0.14734578025904E+00
 0.14811499433883E+00
 0.14889003579632E+00
 0.14966714288889E+00
 0.15044674482272E+00
 0.15122863769143E+00
 0.15201269520790E+00
