 0.83176571363982E+02
 0.83176571363993E+02
 0.83176571364246E+02
 0.83176571419259E+02
 0.83176573347217E+02
 0.83176591494077E+02
 0.83176671867343E+02
 0.83176896760619E+02
 0.83177367131976E+02
 0.83178179585701E+02
 0.83179412468727E+02
 0.83181122434615E+02
 0.83183345317745E+02
 0.83186103500885E+02
 0.83189404508047E+02
 0.83193251398508E+02
 0.83197635365304E+02
 0.83202544242939E+02
 0.83207962297312E+02
 0.83213869148140E+02
 0.83195984914135E+02
 0.83196517301526E+02
 0.83197154021134E+02
 0.83197905675812E+02
 0.83198783676635E+02
 0.83199797366786E+02
 0.83200963922979E+02
 0.83202280107521E+02
 0.83203762278010E+02
 0.83205429939279E+02
 0.83207302830920E+02
 0.83209371247239E+02
 0.83211667929487E+02
 0.83214215635865E+02
 0.83216989382954E+02
 0.83220037671718E+02
 0.83223361121047E+02
 0.83226994662577E+02
 0.83230920014996E+02
 0.83235136343435E+02
 0.83239754218731E+02
 0.83244690269423E+02
 0.83249966917767E+02
 0.83255621135922E+02
 0.83261701894515E+02
 0.83268159727786E+02
 0.83274971220309E+02
 0.83282189346187E+02
 0.83289853428115E+02
 0.83297951806944E+02
 0.83306438217743E+02
 0.83315384746944E+02
 0.83324745387093E+02
 0.83334554273895E+02
 0.83344853146627E+02
 0.83355599602401E+02
 0.83366778799538E+02
 0.83378498572213E+02
 0.83390647514050E+02
 0.83403201841741E+02
 0.83416516893229E+02
 0.83430077086133E+02
 0.83444169266378E+02
 0.83458957561059E+02
 0.83474072514524E+02
 0.83490027511929E+02
 0.83506402861926E+02
 0.83523057821004E+02
 0.83540615692730E+02
 0.83558566299734E+02
 0.83577497936943E+02
 0.83596948308212E+02
 0.83616708238435E+02
 0.83637729714449E+02
 0.83659066648973E+02
 0.83681411605760E+02
 0.83704444546689E+02
 0.83728515684946E+02
 0.83752886063821E+02
 0.83778662542672E+02
 0.83805173269991E+02
 0.83832610723968E+02
 0.83860922184645E+02
 0.83890362915758E+02
 0.83921379780828E+02
 0.83953052169490E+02
 0.83985879353210E+02
 0.84020349776091E+02
 0.84056067992063E+02
 0.84093380655583E+02
 0.84131523552029E+02
 0.84171106516876E+02
 0.84212866154595E+02
 0.84256524811082E+02
 0.84301068893833E+02
 0.84347307428147E+02
 0.84396418846232E+02
 0.84446720079995E+02
 0.84499506132048E+02
 0.84554242981341E+02
 0.84611814000354E+02
 0.84671222816571E+02
 0.84733049555765E+02
 0.84798064986201E+02
 0.84866219838986E+02
 0.84936881243764E+02
 0.85010048228217E+02
 0.85087834945234E+02
 0.85168616769733E+02
 0.85252387366102E+02
 0.85339750770900E+02
 0.85431883080512E+02
 0.85528052029653E+02
 0.85629114910992E+02
 0.85735691385500E+02
 0.85846371015992E+02
 0.85962541341782E+02
 0.86084503482981E+02
 0.86213304211641E+02
 0.86348301086287E+02
 0.86489820258974E+02
 0.86638345687103E+02
 0.86796744411427E+02
 0.86963924900850E+02
 0.87138923177664E+02
 0.87323185425256E+02
 0.87517528763556E+02
 0.87725891392394E+02
 0.87946219955608E+02
 0.88178263195071E+02
 0.88425383035468E+02
 0.88690319878474E+02
 0.88969506829273E+02
 0.89269166499652E+02
 0.89591414323905E+02
 0.89932787667708E+02
 0.90303338382453E+02
 0.90700547317978E+02
 0.91128892124013E+02
 0.91588913623975E+02
 0.92093903324442E+02
 0.92619279179699E+02
 0.93212869401132E+02
 0.93850587499285E+02
 0.94548233096802E+02
 0.95306471171872E+02
 0.96141392955413E+02
 0.97053589805472E+02
 0.98058489325369E+02
 0.99166374165268E+02
 0.10036746153659E+03
 0.10169534572131E+03
 0.10316111219225E+03
 0.10474516738197E+03
 0.10647884353966E+03
 0.10834265013653E+03
 0.11035034284619E+03
 0.11248489198742E+03
 0.11475664667412E+03
 0.11713455710231E+03
 0.11961038786465E+03
 0.12218665379645E+03
 0.12483849050658E+03
 0.12755516580839E+03
 0.13031339115788E+03
 0.13312419043772E+03
 0.13596670455625E+03
 0.13883601983480E+03
 0.14173086321515E+03
 0.14463494418195E+03
 0.14753965548104E+03
 0.15047098459976E+03
 0.15340460140462E+03
 0.15631731918075E+03
 0.15924922225969E+03
 0.16218727762742E+03
 0.16509779293308E+03
 0.16802636422894E+03
 0.17094271360127E+03
 0.17387913140695E+03
 0.17676565604045E+03
 0.17967973229433E+03
 0.18257007567202E+03
 0.18549862231221E+03
 0.18838325740542E+03
 0.19129512791679E+03
 0.19416840341289E+03
 0.19706192961269E+03
 0.19994690405232E+03
 0.20283507726129E+03
 0.20571256288472E+03
 0.20860868831062E+03
 0.21150018381401E+03
 0.21439026992419E+03
 0.21726407175543E+03
 0.22013060789696E+03
 0.22301082230188E+03
 0.22590743175408E+03
 0.22879337789903E+03
 0.23166631896539E+03
 0.23455292178965E+03
 0.23742822291987E+03
 0.24033344237953E+03
 0.24321360051296E+03
 0.24612659118417E+03
 0.24900136048519E+03
 0.25191303787490E+03
 0.25482010547960E+03
 0.25772602183004E+03
 0.26062996804247E+03
 0.26354950582956E+03
 0.26646924354634E+03
 0.26941195351693E+03
 0.27232882113894E+03
 0.27525783690560E+03
 0.27819792629243E+03
 0.28113843263199E+03
 0.28409331436460E+03
 0.28703006215206E+03
 0.29000014966702E+03
 0.29295474599579E+03
 0.29593344992276E+03
 0.29893050985035E+03
 0.30190406425568E+03
 0.30490499062069E+03
 0.30788963128498E+03
 0.31088796063162E+03
 0.31389421068733E+03
 0.31691608592071E+03
 0.31993076550271E+03
 0.32294225429241E+03
 0.32598715818527E+03
 0.32903402760146E+03
 0.33207929023170E+03
 0.33515518115082E+03
 0.33820038956456E+03
 0.34127148709562E+03
 0.34433519746259E+03
 0.34744150323566E+03
 0.35052776346746E+03
 0.35361684226674E+03
 0.35673139674332E+03
 0.35983517363811E+03
 0.36295623540477E+03
 0.36609114877137E+03
 0.36921276211458E+03
 0.37236935092698E+03
 0.37552608040999E+03
 0.37868075575837E+03
 0.38186344549273E+03
 0.38501596715818E+03
 0.38821580411359E+03
 0.39139777245902E+03
 0.39460009037513E+03
 0.39781168765307E+03
 0.40102309299645E+03
 0.40425195501268E+03
 0.40748966092453E+03
 0.41071009466937E+03
 0.41397328042909E+03
 0.41721632221478E+03
 0.42049891440854E+03
 0.42377124136950E+03
 0.42704424545536E+03
 0.43032191557360E+03
 0.43363273501880E+03
 0.43694439041815E+03
 0.44026841600627E+03
 0.44357610360312E+03
 0.44690924724819E+03
 0.45024714196347E+03
 0.45359367145724E+03
 0.45695741188104E+03
 0.46033108624112E+03
 0.46369465119408E+03
 0.46708060914107E+03
 0.47047813557409E+03
 0.47385365556124E+03
 0.47727420957876E+03
 0.48069812526732E+03
 0.48411738560917E+03
 0.48754783485874E+03
 0.49099826282237E+03
 0.49444559598302E+03
 0.49789139902761E+03
 0.50137464751010E+03
 0.50483019593683E+03
 0.50832573146746E+03
 0.51179898234278E+03
 0.51529221926316E+03
 0.51881770547497E+03
 0.52230596518559E+03
 0.52585317705713E+03
 0.52938353546384E+03
 0.53291574182329E+03
 0.53647126947504E+03
 0.54003231649768E+03
 0.54360073333022E+03
 0.54717589664948E+03
 0.55075714307224E+03
