 0.22012047225508E+01
 0.22012047225508E+01
 0.22012047225508E+01
 0.22012047225508E+01
 0.22012047225508E+01
 0.22012047225508E+01
 0.22012047225508E+01
 0.22012047225508E+01
 0.22012047225509E+01
 0.22012046921021E+01
 0.22012050888252E+01
 0.22012045357365E+01
 0.22012041451643E+01
 0.22012044430752E+01
 0.22012038045248E+01
 0.22012040697297E+01
 0.22012039230940E+01
 0.22012045719827E+01
 0.22012043316713E+01
 0.22012038525428E+01
 0.22012040699015E+01
 0.22012045662938E+01
 0.22012044163182E+01
 0.22012033875666E+01
 0.22012030981813E+01
 0.22012039863606E+01
 0.22012042708764E+01
 0.22012035302979E+01
 0.22012029815680E+01
 0.22012040043638E+01
 0.22012051491092E+01
 0.22012025156021E+01
 0.22012061495436E+01
 0.22012060544867E+01
 0.22012050407833E+01
 0.22012068458280E+01
 0.22012056477942E+01
 0.22012056706724E+01
 0.22012104540599E+01
 0.22012057424019E+01
 0.22012028675446E+01
 0.22012068800694E+01
 0.22012056820177E+01
 0.22012144135553E+01
 0.22012368744979E+01
 0.22012409299171E+01
 0.22012333163080E+01
 0.22012147326766E+01
 0.22012062454021E+01
 0.22012355280821E+01
 0.22012060712790E+01
 0.22012520068270E+01
 0.22012213922489E+01
 0.22012083496206E+01
 0.22012147450580E+01
 0.22012584385619E+01
 0.22011919840694E+01
 0.22012055834181E+01
 0.22012664451118E+01
 0.22012246925791E+01
 0.22012600682097E+01
 0.22012448410933E+01
 0.22012001469028E+01
 0.22012327315135E+01
 0.22011588745483E+01
 0.22012419714043E+01
 0.22012510520846E+01
 0.22011839743758E+01
 0.22012646555675E+01
 0.22012119643787E+01
 0.22012670897024E+01
 0.22012618670260E+01
 0.22012040362728E+01
 0.22012671905058E+01
 0.22011773171806E+01
 0.22012660640103E+01
 0.22012074810425E+01
 0.22011857009345E+01
 0.22011980452371E+01
 0.22012048916325E+01
 0.22012083298926E+01
 0.22012042842608E+01
 0.22012664555997E+01
 0.22012370780958E+01
 0.22012025582135E+01
 0.22012695980161E+01
 0.22012080220535E+01
 0.22011874824948E+01
 0.22012055878035E+01
 0.22012105397560E+01
 0.22012687632945E+01
 0.22012113227694E+01
 0.22012077639171E+01
 0.22012591445059E+01
 0.22011761691888E+01
 0.22012357398497E+01
 0.22012007168165E+01
 0.22012127445022E+01
 0.22012710894969E+01
 0.22012638311917E+01
 0.22011940796963E+01
 0.22012214672082E+01
 0.22012069720917E+01
 0.22012096482008E+01
 0.22012788430353E+01
 0.22012340824707E+01
 0.22012576662134E+01
 0.22012097743340E+01
 0.22011979511751E+01
 0.22012323334541E+01
 0.22012920428629E+01
 0.22012220471561E+01
 0.22013026362057E+01
 0.22012783578762E+01
 0.22012779378026E+01
 0.22012491583245E+01
 0.22012647030778E+01
 0.22012445007955E+01
 0.22012109048194E+01
 0.22012611562286E+01
 0.22012750149290E+01
 0.22012432796361E+01
 0.22012386976941E+01
 0.22013313521956E+01
 0.22013284183477E+01
 0.22012484762693E+01
 0.22012414418457E+01
 0.22012735623045E+01
 0.22013165405760E+01
 0.22013331823503E+01
 0.22012675140202E+01
 0.22012097519381E+01
 0.22012487141981E+01
 0.22012476293897E+01
 0.22012443188457E+01
 0.22012487697292E+01
 0.22013078650177E+01
 0.22012312529488E+01
 0.22012626451148E+01
 0.22012447398650E+01
 0.22012193093645E+01
 0.22012053524062E+01
 0.22012049065941E+01
 0.22011482934549E+01
 0.22011774282258E+01
 0.22011438851726E+01
 0.22011513026412E+01
 0.22011116259549E+01
 0.22011175819636E+01
 0.22011104452900E+01
 0.22010654067909E+01
 0.22010798075558E+01
 0.22010938127105E+01
 0.22010773267983E+01
 0.22009980578056E+01
 0.22010249147823E+01
 0.22010060190194E+01
 0.22009105520247E+01
 0.22008582180718E+01
 0.22007944647045E+01
 0.22007023332667E+01
 0.22006720456766E+01
 0.22006391998479E+01
 0.22005738434937E+01
 0.22003930207801E+01
 0.22002851732332E+01
 0.22002138386486E+01
 0.22000202877436E+01
 0.21999600726240E+01
 0.21997601297552E+01
 0.21996024367944E+01
 0.21994404529291E+01
 0.21993140600749E+01
 0.21991226197880E+01
 0.21988748002145E+01
 0.21987154970458E+01
 0.21983853222677E+01
 0.21982423636820E+01
 0.21979240119325E+01
 0.21977299538926E+01
 0.21973743585650E+01
 0.21970810528069E+01
 0.21967325854570E+01
 0.21964053726639E+01
 0.21961321023033E+01
 0.21956988149631E+01
 0.21954095904705E+01
 0.21949397356957E+01
 0.21946518655763E+01
 0.21941794974624E+01
 0.21937542765587E+01
 0.21933026343819E+01
 0.21928292218651E+01
 0.21924237873298E+01
 0.21918273751149E+01
 0.21913748861716E+01
 0.21908937539442E+01
 0.21903574438675E+01
 0.21897952063272E+01
 0.21891717938561E+01
 0.21885880025458E+01
 0.21879995743720E+01
 0.21872634592647E+01
 0.21866531128473E+01
 0.21859713024302E+01
 0.21853177598852E+01
 0.21846915008056E+01
 0.21838394240880E+01
 0.21832303673399E+01
 0.21824279865846E+01
 0.21816496670847E+01
 0.21808571165083E+01
 0.21800400501595E+01
 0.21793071731400E+01
 0.21784902275989E+01
 0.21775275489870E+01
 0.21767141622610E+01
 0.21758174343611E+01
 0.21749189786768E+01
 0.21739361288652E+01
 0.21730660087597E+01
 0.21721069839512E+01
 0.21712411484821E+01
 0.21701442224184E+01
 0.21692209634265E+01
 0.21681162715740E+01
 0.21670819888655E+01
 0.21660638045636E+01
 0.21649797010856E+01
 0.21640280214753E+01
 0.21628513160099E+01
 0.21617723994942E+01
 0.21606214161748E+01
 0.21594686716136E+01
 0.21583374006054E+01
 0.21572452119394E+01
 0.21559310924354E+01
 0.21547748467958E+01
 0.21535435532120E+01
 0.21524349494765E+01
 0.21510741609785E+01
 0.21498549273940E+01
 0.21486709140447E+01
 0.21473031648334E+01
 0.21461237499261E+01
 0.21447245410890E+01
 0.21434538394986E+01
 0.21420742430755E+01
 0.21407278130528E+01
 0.21394804498434E+01
 0.21379811529696E+01
 0.21367275084104E+01
 0.21351985727217E+01
 0.21338367392922E+01
 0.21323782471176E+01
 0.21311042237717E+01
 0.21296475755367E+01
 0.21280906767207E+01
 0.21267478379565E+01
 0.21252361725487E+01
 0.21237539591351E+01
 0.21222233084833E+01
 0.21207195756356E+01
 0.21191476597959E+01
 0.21177887232828E+01
 0.21162559560199E+01
 0.21146028683229E+01
 0.21130585663000E+01
 0.21114993571232E+01
 0.21099516217803E+01
 0.21084563438275E+01
 0.21067639712690E+01
 0.21052893263412E+01
 0.21035541928730E+01
 0.21019274746668E+01
 0.21002833454055E+01
 0.20987445987361E+01
 0.20971226417559E+01
 0.20955332811589E+01
 0.20939184902145E+01
 0.20922391152207E+01
 0.20904470522243E+01
 0.20888541794508E+01
 0.20871132357504E+01
 0.20856029993208E+01
 0.20838855224205E+01
 0.20822287011963E+01
 0.20804211743031E+01
 0.20786832045512E+01
 0.20770048538463E+01
 0.20752657243840E+01
 0.20735265285130E+01
 0.20719146724971E+01
 0.20701164334494E+01
 0.20683765732176E+01
 0.20666047213753E+01
 0.20648796748503E+01
 0.20631321248400E+01
 0.20614841349265E+01
 0.20596612485639E+01
