 0.21140089951492E+08
 0.21140089951487E+08
 0.21140089951416E+08
 0.21140089951002E+08
 0.21140089949331E+08
 0.21140089944668E+08
 0.21140090048753E+08
 0.21140090529864E+08
 0.21140092253790E+08
 0.21140096868176E+08
 0.21140107191162E+08
 0.21140126663458E+08
 0.21140160645055E+08
 0.21140214944602E+08
 0.21140295299828E+08
 0.21140410022540E+08
 0.21140565507562E+08
 0.21140768968256E+08
 0.21141027355778E+08
 0.21141347827368E+08
 0.21141740617878E+08
 0.21142204982503E+08
 0.21142751686077E+08
 0.21143385310531E+08
 0.21144113870666E+08
 0.21144942289365E+08
 0.21145879342713E+08
 0.21146919284385E+08
 0.21148073415824E+08
 0.21149351010440E+08
 0.21150763732723E+08
 0.21152300094334E+08
 0.21153981113826E+08
 0.21155817670804E+08
 0.21157790458842E+08
 0.21159929559056E+08
 0.21162230667944E+08
 0.21164718109748E+08
 0.21167369643673E+08
 0.21170184903039E+08
 0.21173241258982E+08
 0.21176475556577E+08
 0.21179900131975E+08
 0.21183534385998E+08
 0.21187418781149E+08
 0.21191511131648E+08
 0.21195786110769E+08
 0.21200285272657E+08
 0.21205034781736E+08
 0.21210022321336E+08
 0.21215207277795E+08
 0.21220642422516E+08
 0.21226284008303E+08
 0.21232163494476E+08
 0.21238298715324E+08
 0.21244653070788E+08
 0.21251210432564E+08
 0.21258050228662E+08
 0.21265074683570E+08
 0.21272246571376E+08
 0.21279864044163E+08
 0.21287473115627E+08
 0.21295314004355E+08
 0.21303505619768E+08
 0.21311714956251E+08
 0.21320380923116E+08
 0.21329117815098E+08
 0.21337781999077E+08
 0.21346894432421E+08
 0.21356002208134E+08
 0.21365589452279E+08
 0.21375231819468E+08
 0.21384717487369E+08
 0.21394861013701E+08
 0.21404797064211E+08
 0.21415117937772E+08
 0.21425507701571E+08
 0.21436236791018E+08
 0.21446627141710E+08
 0.21457624673608E+08
 0.21468601278606E+08
 0.21479677016420E+08
 0.21490786345326E+08
 0.21502107089503E+08
 0.21513979979589E+08
 0.21525562820554E+08
 0.21537257133377E+08
 0.21549415019467E+08
 0.21561669262474E+08
 0.21574264851845E+08
 0.21586481945836E+08
 0.21598810433240E+08
 0.21611793449977E+08
 0.21625152223884E+08
 0.21637973054461E+08
 0.21650872818213E+08
 0.21664764726824E+08
 0.21678202994506E+08
 0.21692137946092E+08
 0.21706122662888E+08
 0.21720721512346E+08
 0.21735104973216E+08
 0.21749651216361E+08
 0.21764855299419E+08
 0.21780599938901E+08
 0.21796267070730E+08
 0.21811838937374E+08
 0.21828701259387E+08
 0.21845582321108E+08
 0.21862345618951E+08
 0.21879352064008E+08
 0.21897271148502E+08
 0.21915490853593E+08
 0.21934419233676E+08
 0.21954335162435E+08
 0.21974111968519E+08
 0.21994554932412E+08
 0.22015658475111E+08
 0.22037869529146E+08
 0.22060642067439E+08
 0.22083964837949E+08
 0.22107829976683E+08
 0.22133805886476E+08
 0.22160889210003E+08
 0.22188320672784E+08
 0.22216626943014E+08
 0.22246015036713E+08
 0.22278179995296E+08
 0.22311685517129E+08
 0.22346133631949E+08
 0.22382775533414E+08
 0.22422447324349E+08
 0.22463141800769E+08
 0.22507158224670E+08
 0.22554927709593E+08
 0.22604465594166E+08
 0.22659423497294E+08
 0.22718111844187E+08
 0.22781624207718E+08
 0.22849682963456E+08
 0.22923214340989E+08
 0.23004599477336E+08
 0.23093391927435E+08
 0.23190660220810E+08
 0.23298480505955E+08
 0.23416405026212E+08
 0.23548507321527E+08
 0.23694286543016E+08
 0.23857441050814E+08
 0.24040046532371E+08
 0.24239279628451E+08
 0.24463059823918E+08
 0.24713315747220E+08
 0.24984898616407E+08
 0.25283909689839E+08
 0.25604699131163E+08
 0.25948144179154E+08
 0.26307952142073E+08
 0.26682687843924E+08
 0.27062236123393E+08
 0.27440929930749E+08
 0.27814825422445E+08
 0.28175674162593E+08
 0.28518479874243E+08
 0.28837416889188E+08
 0.29132041405651E+08
 0.29398642511664E+08
 0.29636196801871E+08
 0.29844525032853E+08
 0.30022764167458E+08
 0.30171365380308E+08
 0.30292837208689E+08
 0.30386875049674E+08
 0.30454291346827E+08
 0.30497785405712E+08
 0.30518149341512E+08
 0.30516485762966E+08
 0.30494665862729E+08
 0.30453841825630E+08
 0.30395026584764E+08
 0.30320494299647E+08
 0.30230212236104E+08
 0.30126403239109E+08
 0.30008266000053E+08
 0.29879452326012E+08
 0.29738382941627E+08
 0.29588642079346E+08
 0.29428611968312E+08
 0.29260275475320E+08
 0.29083868767031E+08
 0.28900797198995E+08
 0.28710051384058E+08
 0.28513554680158E+08
 0.28311691490933E+08
 0.28106021653169E+08
 0.27896441267287E+08
 0.27682115683047E+08
 0.27463215755687E+08
 0.27241995807850E+08
 0.27019043203062E+08
 0.26792857438284E+08
 0.26565529537066E+08
 0.26334439969274E+08
 0.26103822011466E+08
 0.25869780074418E+08
 0.25637755192546E+08
 0.25402484144912E+08
 0.25167230401243E+08
 0.24931989583778E+08
 0.24696976170586E+08
 0.24461111890659E+08
 0.24225681473077E+08
 0.23989195073008E+08
 0.23755380051118E+08
 0.23521604500583E+08
 0.23288056499343E+08
 0.23055642149967E+08
 0.22823461801256E+08
 0.22593985963695E+08
 0.22363601179498E+08
 0.22135880593089E+08
 0.21908109671721E+08
 0.21680779295979E+08
 0.21456919856509E+08
 0.21233018133697E+08
 0.21012162314778E+08
 0.20792350864781E+08
 0.20574020865434E+08
 0.20356723952242E+08
 0.20142007545630E+08
 0.19929648669526E+08
 0.19717286816061E+08
 0.19507011831564E+08
 0.19299087755670E+08
 0.19091481124985E+08
 0.18888090645112E+08
 0.18685368509112E+08
 0.18485411715137E+08
 0.18285191432574E+08
 0.18088515338543E+08
 0.17893993002277E+08
 0.17700326122258E+08
 0.17509627959888E+08
 0.17320269782796E+08
 0.17132483234842E+08
 0.16947794625319E+08
 0.16763490035488E+08
 0.16581526881228E+08
 0.16402004042221E+08
 0.16223327249282E+08
 0.16048542900975E+08
 0.15873595500193E+08
 0.15701863325153E+08
 0.15531393199726E+08
 0.15362716565100E+08
 0.15196310889158E+08
 0.15031306541021E+08
 0.14868115262482E+08
 0.14707933152702E+08
 0.14547970401834E+08
 0.14391101717687E+08
 0.14234610825093E+08
 0.14080739268936E+08
 0.13928956639975E+08
 0.13779074855346E+08
 0.13629850599207E+08
 0.13482696584525E+08
 0.13337073344233E+08
 0.13194176521309E+08
 0.13052242328359E+08
 0.12912122028116E+08
 0.12773628057929E+08
 0.12636434721125E+08
 0.12500808775149E+08
 0.12367481929206E+08
 0.12235218247821E+08
 0.12104407785898E+08
 0.11976254900827E+08
 0.11848319952696E+08
 0.11722098368945E+08
 0.11597840004318E+08
 0.11474975221598E+08
 0.11353186519940E+08
 0.11233250872312E+08
 0.11115092794840E+08
 0.10997395034316E+08
 0.10882283759670E+08
 0.10767553021903E+08
 0.10655166498089E+08
 0.10543769249140E+08
 0.10433002357641E+08
 0.10324922386704E+08
 0.10216669113887E+08
 0.10110452179490E+08
 0.10005713156002E+08
 0.99018138040199E+07
 0.97992581621769E+07
 0.96979618463419E+07
 0.95979390844608E+07
 0.94991861666550E+07
