 0.64710694463868E-04
 0.64709147731278E-04
 0.64706566878458E-04
 0.64702952542888E-04
 0.64698298816402E-04
 0.64692602331337E-04
 0.64685860037704E-04
 0.64678060740075E-04
 0.64669200482377E-04
 0.64659268997092E-04
 0.64648260092632E-04
 0.64636161444102E-04
 0.64622967937520E-04
 0.64608669357942E-04
 0.64593257181776E-04
 0.64576716306398E-04
 0.64559040684845E-04
 0.64540218808176E-04
 0.64520238285641E-04
 0.64499084974310E-04
 0.64476739414792E-04
 0.64453193689395E-04
 0.64428427733817E-04
 0.64402417346294E-04
 0.64375142125928E-04
 0.64346578159985E-04
 0.64316689447198E-04
 0.64285459194727E-04
 0.64252851600142E-04
 0.64218824988626E-04
 0.64183341196973E-04
 0.64146375249016E-04
 0.64107876040977E-04
 0.64067799568992E-04
 0.64026128604218E-04
 0.63982805175048E-04
 0.63937801058707E-04
 0.63891062944522E-04
 0.63842582528436E-04
 0.63792331895077E-04
 0.63740224168229E-04
 0.63686294286023E-04
 0.63630511799481E-04
 0.63572840292285E-04
 0.63513242753928E-04
 0.63451742342742E-04
 0.63388349186230E-04
 0.63323031055287E-04
 0.63255767223748E-04
 0.63186567222013E-04
 0.63115469329555E-04
 0.63042437291503E-04
 0.62967513798695E-04
 0.62890692129691E-04
 0.62811962530517E-04
 0.62731371961179E-04
 0.62648948399443E-04
 0.62564648114206E-04
 0.62478565066394E-04
 0.62390739252129E-04
 0.62300975770174E-04
 0.62209626391212E-04
 0.62116542306163E-04
 0.62021649511628E-04
 0.61925214936255E-04
 0.61826948911078E-04
 0.61727143393810E-04
 0.61625933968422E-04
 0.61522954383045E-04
 0.61418574942831E-04
 0.61312456834817E-04
 0.61204925581986E-04
 0.61096170881368E-04
 0.60985618162888E-04
 0.60873907532459E-04
 0.60760649531923E-04
 0.60646101828387E-04
 0.60530060095244E-04
 0.60413069537802E-04
 0.60294460431919E-04
 0.60174712906526E-04
 0.60053749948703E-04
 0.59931650200369E-04
 0.59808317532537E-04
 0.59683526155483E-04
 0.59557903454601E-04
 0.59431165252210E-04
 0.59303104005838E-04
 0.59174018107979E-04
 0.59043732704508E-04
 0.58912810812790E-04
 0.58780889772343E-04
 0.58647629942459E-04
 0.58513273828785E-04
 0.58378436572196E-04
 0.58242759151611E-04
 0.58105622814136E-04
 0.57968036440370E-04
 0.57829377288606E-04
 0.57689995131070E-04
 0.57549493784716E-04
 0.57408511158050E-04
 0.57266757987238E-04
 0.57123979553475E-04
 0.56980262149645E-04
 0.56836017517322E-04
 0.56691395234665E-04
 0.56545334645774E-04
 0.56398839809459E-04
 0.56251972308056E-04
 0.56104577458798E-04
 0.55956156665789E-04
 0.55807208981401E-04
 0.55657482645679E-04
 0.55506859070655E-04
 0.55356060472826E-04
 0.55204662726421E-04
 0.55052604989659E-04
 0.54899731442312E-04
 0.54746407534621E-04
 0.54592695331020E-04
 0.54438630742486E-04
 0.54283271159778E-04
 0.54127302991742E-04
 0.53971257159635E-04
 0.53814904061346E-04
 0.53658146931442E-04
 0.53500027701769E-04
 0.53341524196141E-04
 0.53182931269111E-04
 0.53023624522882E-04
 0.52863203807535E-04
 0.52702967577964E-04
 0.52541697080396E-04
 0.52379350814219E-04
 0.52217196738602E-04
 0.52053445768015E-04
 0.51889107019473E-04
 0.51724007617842E-04
 0.51558534930194E-04
 0.51392455218903E-04
 0.51224960796315E-04
 0.51056588145704E-04
 0.50887449618977E-04
 0.50717014330207E-04
 0.50545988202907E-04
 0.50373254586078E-04
 0.50199718547892E-04
 0.50024643597701E-04
 0.49847923335643E-04
 0.49671308013640E-04
 0.49492520536353E-04
 0.49311744167143E-04
 0.49130924684785E-04
 0.48948372448634E-04
 0.48765587527115E-04
 0.48581570372082E-04
 0.48397462619042E-04
 0.48211950028929E-04
 0.48026549246723E-04
 0.47840655562984E-04
 0.47653703117774E-04
 0.47466057501156E-04
 0.47277469894547E-04
 0.47088540108374E-04
 0.46898097447521E-04
 0.46706839763312E-04
 0.46514491540076E-04
 0.46320881523435E-04
 0.46126610234787E-04
 0.45932004729388E-04
 0.45735745963883E-04
 0.45539043347124E-04
 0.45342910708536E-04
 0.45145552181886E-04
 0.44947560212181E-04
 0.44750814907924E-04
 0.44553018079843E-04
 0.44355752750113E-04
 0.44157602157011E-04
 0.43962053408375E-04
 0.43765307734896E-04
 0.43569914345389E-04
 0.43373163443798E-04
 0.43178891609012E-04
 0.42983896907493E-04
 0.42791356257701E-04
 0.42598455192933E-04
 0.42406622280305E-04
 0.42215399625354E-04
 0.42025515919656E-04
 0.41835452242962E-04
 0.41646543279940E-04
 0.41458986499702E-04
 0.41272468308338E-04
 0.41087725145020E-04
 0.40903387935487E-04
 0.40719428789353E-04
 0.40536747571496E-04
 0.40355866572852E-04
 0.40175595339618E-04
 0.39996880046177E-04
 0.39817990513027E-04
 0.39641448581173E-04
 0.39464796039145E-04
 0.39290637192407E-04
 0.39116535401653E-04
 0.38943630598366E-04
 0.38771955896841E-04
 0.38601700473996E-04
 0.38431879241825E-04
 0.38263651752125E-04
 0.38095338890678E-04
 0.37929634013113E-04
 0.37764701963200E-04
 0.37600339203558E-04
 0.37437337253782E-04
 0.37275285799677E-04
 0.37114912778594E-04
 0.36954636675860E-04
 0.36796090044217E-04
 0.36638085388444E-04
 0.36480743478890E-04
 0.36325283272897E-04
 0.36170142633308E-04
 0.36016865691781E-04
 0.35864312863243E-04
 0.35712780241417E-04
 0.35561862437354E-04
 0.35412273678512E-04
 0.35264373718622E-04
 0.35116331676461E-04
 0.34969420193216E-04
 0.34823719379208E-04
 0.34678588680734E-04
 0.34535274859262E-04
 0.34392434612419E-04
 0.34250967066844E-04
 0.34109388543332E-04
 0.33969567175848E-04
 0.33830981703966E-04
 0.33692216349266E-04
 0.33555389495508E-04
 0.33419234142520E-04
 0.33283491844724E-04
 0.33149465616253E-04
 0.33015319788365E-04
 0.32882461063698E-04
 0.32750677551008E-04
 0.32619511097493E-04
 0.32489862282593E-04
 0.32359998392368E-04
 0.32231640187380E-04
 0.32104075310280E-04
 0.31977167288208E-04
 0.31851369172813E-04
 0.31726065989978E-04
 0.31601516136765E-04
 0.31478778027214E-04
 0.31355189548208E-04
 0.31233785293652E-04
 0.31112060286481E-04
 0.30991770156424E-04
 0.30872300890235E-04
 0.30753680275111E-04
 0.30635180872699E-04
 0.30517850547006E-04
 0.30401383053665E-04
 0.30285570897360E-04
 0.30170441970763E-04
 0.30056033820875E-04
 0.29942596713145E-04
 0.29829432755530E-04
 0.29716871125363E-04
 0.29605597992910E-04
 0.29494786551568E-04
 0.29384529673004E-04
 0.29275647347292E-04
 0.29166560578676E-04
 0.29058290024068E-04
 0.28950797927763E-04
 0.28844234704129E-04
 0.28738270637384E-04
 0.28632824945764E-04
 0.28528250076034E-04
 0.28423741294909E-04
 0.28320727730930E-04
 0.28217770111883E-04
 0.28115788410804E-04
 0.28014312737533E-04
 0.27912987150012E-04
 0.27813255363689E-04
 0.27713318537628E-04
 0.27614365258611E-04
 0.27515895838353E-04
 0.27417856421792E-04
 0.27320524600640E-04
 0.27223845398446E-04
 0.27127568195532E-04
 0.27031975002213E-04
