 0.30964654458033E+03
 0.30964654458037E+03
 0.30964654458102E+03
 0.30964654462233E+03
 0.30964654557380E+03
 0.30964654936996E+03
 0.30964653212187E+03
 0.30964635945306E+03
 0.30964566553023E+03
 0.30964377523013E+03
 0.30963970462720E+03
 0.30963222550581E+03
 0.30961998037095E+03
 0.30960155328442E+03
 0.30957561171744E+03
 0.30954086596109E+03
 0.30949625382187E+03
 0.30944084647952E+03
 0.30937388598070E+03
 0.30929479833641E+03
 0.30918212737060E+03
 0.30907210098262E+03
 0.30894874957467E+03
 0.30881207594158E+03
 0.30866216913446E+03
 0.30849925079750E+03
 0.30832352325267E+03
 0.30813558400323E+03
 0.30793577918681E+03
 0.30772449431647E+03
 0.30750214838340E+03
 0.30726967683673E+03
 0.30702738100304E+03
 0.30677575838435E+03
 0.30651603045999E+03
 0.30624830961490E+03
 0.30597344796596E+03
 0.30569173136017E+03
 0.30540428251726E+03
 0.30511186873492E+03
 0.30481354645457E+03
 0.30451127805245E+03
 0.30420536296022E+03
 0.30389587644708E+03
 0.30358256515632E+03
 0.30326665942594E+03
 0.30294898399194E+03
 0.30262903220807E+03
 0.30230656415999E+03
 0.30198197910610E+03
 0.30165616896204E+03
 0.30132820103063E+03
 0.30099890704578E+03
 0.30066773909964E+03
 0.30033419212105E+03
 0.29999881654956E+03
 0.29966182830070E+03
 0.29932150229314E+03
 0.29897944888455E+03
 0.29863593567331E+03
 0.29828547013385E+03
 0.29793569980949E+03
 0.29758213885844E+03
 0.29722219982632E+03
 0.29686137536013E+03
 0.29649174064296E+03
 0.29611937507533E+03
 0.29574647019439E+03
 0.29536349383381E+03
 0.29497794531435E+03
 0.29458104429258E+03
 0.29417941525763E+03
 0.29377653724699E+03
 0.29335789537201E+03
 0.29293756772436E+03
 0.29250535118186E+03
 0.29206617663656E+03
 0.29161454203142E+03
 0.29116198738729E+03
 0.29069176484552E+03
 0.29021437293478E+03
 0.28972685745987E+03
 0.28922996918048E+03
 0.28872063407356E+03
 0.28819248487165E+03
 0.28765908968015E+03
 0.28711314058604E+03
 0.28654856654003E+03
 0.28597132571544E+03
 0.28537616280857E+03
 0.28477549794134E+03
 0.28415971199166E+03
 0.28352001558592E+03
 0.28286076319487E+03
 0.28219565014841E+03
 0.28151519730286E+03
 0.28080309178661E+03
 0.28008288782317E+03
 0.27933856796073E+03
 0.27857688686247E+03
 0.27778794200817E+03
 0.27698539514319E+03
 0.27616140459583E+03
 0.27530842721011E+03
 0.27442739257253E+03
 0.27352720718786E+03
 0.27260956968428E+03
 0.27164828301729E+03
 0.27066562520509E+03
 0.26966279124309E+03
 0.26863367608130E+03
 0.26756514964157E+03
 0.26646737392085E+03
 0.26533286783894E+03
 0.26415623805893E+03
 0.26295532397919E+03
 0.26171678542637E+03
 0.26043741440280E+03
 0.25911097989050E+03
 0.25774519136816E+03
 0.25633929720983E+03
 0.25489253604587E+03
 0.25337722866600E+03
 0.25180848621587E+03
 0.25019884270267E+03
 0.24853955383939E+03
 0.24682492497483E+03
 0.24502473720840E+03
 0.24316301310744E+03
 0.24124577091363E+03
 0.23925045578833E+03
 0.23716201359840E+03
 0.23501548299833E+03
 0.23276935086063E+03
 0.23041763314715E+03
 0.22799553981079E+03
 0.22544124233670E+03
 0.22278301818333E+03
 0.22000944450280E+03
 0.21712974203350E+03
 0.21413116256901E+03
 0.21099478364508E+03
 0.20768481240094E+03
 0.20428170139806E+03
 0.20071108052022E+03
 0.19701400418321E+03
 0.19315423584189E+03
 0.18917221112582E+03
 0.18505418198516E+03
 0.18081633557733E+03
 0.17654818882343E+03
 0.17220379414269E+03
 0.16783836015064E+03
 0.16357641028606E+03
 0.15943091871237E+03
 0.15552494315854E+03
 0.15191118950605E+03
 0.14869820441280E+03
 0.14592860890914E+03
 0.14368650957625E+03
 0.14199151008208E+03
 0.14084837234630E+03
 0.14024800453878E+03
 0.14015721983995E+03
 0.14052750597081E+03
 0.14131086602260E+03
 0.14244963938084E+03
 0.14389399509630E+03
 0.14559921623658E+03
 0.14751615088178E+03
 0.14960337879136E+03
 0.15185165167458E+03
 0.15421840291580E+03
 0.15666549888602E+03
 0.15920785495244E+03
 0.16182339360822E+03
 0.16446735049205E+03
 0.16717404580862E+03
 0.16990824833454E+03
 0.17269190072944E+03
 0.17545469158834E+03
 0.17826668711108E+03
 0.18107657903601E+03
 0.18393607194336E+03
 0.18676872864558E+03
 0.18963711609301E+03
 0.19247720866468E+03
 0.19534515319174E+03
 0.19821242964970E+03
 0.20108834835553E+03
 0.20395768876033E+03
 0.20685238920603E+03
 0.20974518527538E+03
 0.21263210536486E+03
 0.21551998661836E+03
 0.21839352984491E+03
 0.22128180769309E+03
 0.22418611870965E+03
 0.22708743029605E+03
 0.22997514833309E+03
 0.23287464257550E+03
 0.23576570663517E+03
 0.23868718938229E+03
 0.24158315292730E+03
 0.24450874000285E+03
 0.24740550832100E+03
 0.25032891268337E+03
 0.25325317970982E+03
 0.25617771040912E+03
 0.25909839373219E+03
 0.26203814850421E+03
 0.26496983996191E+03
 0.26793392216432E+03
 0.27086552799932E+03
 0.27380914057312E+03
 0.27676950109426E+03
 0.27972754670006E+03
 0.28269367234094E+03
 0.28564900852351E+03
 0.28863411318795E+03
 0.29160723020307E+03
 0.29459864384888E+03
 0.29760590046302E+03
 0.30059675384969E+03
 0.30361252666451E+03
 0.30661163748053E+03
 0.30962464861905E+03
 0.31264352075618E+03
 0.31567951957989E+03
 0.31871306103122E+03
 0.32173341756791E+03
 0.32479177901921E+03
 0.32785297662122E+03
 0.33091383140979E+03
 0.33399330980027E+03
 0.33705470009809E+03
 0.34013701210223E+03
 0.34321339939391E+03
 0.34632845828034E+03
 0.34942634754977E+03
 0.35252154543807E+03
 0.35565794022890E+03
 0.35876963909194E+03
 0.36189640350227E+03
 0.36504568990630E+03
 0.36817617685388E+03
 0.37134684765435E+03
 0.37451163435955E+03
 0.37767730806741E+03
 0.38085934003045E+03
 0.38402681211919E+03
 0.38723791888521E+03
 0.39043447092436E+03
 0.39364034046063E+03
 0.39686055549350E+03
 0.40007796256161E+03
 0.40331539128436E+03
 0.40656265213705E+03
 0.40978169216589E+03
 0.41306849527760E+03
 0.41631261407514E+03
 0.41960564937317E+03
 0.42288267795321E+03
 0.42616585014140E+03
 0.42945363399855E+03
 0.43277481429527E+03
 0.43608815853763E+03
 0.43940531106111E+03
 0.44273383936341E+03
 0.44607279813909E+03
 0.44942019024542E+03
 0.45276614083799E+03
 0.45613871190749E+03
 0.45952401330411E+03
 0.46289359297288E+03
 0.46628174069570E+03
 0.46968417210969E+03
 0.47306572646968E+03
 0.47649380350200E+03
 0.47992411746083E+03
 0.48335890010238E+03
 0.48679041211203E+03
 0.49023242231170E+03
 0.49368990170036E+03
 0.49714539173376E+03
 0.50063603614177E+03
 0.50409538964285E+03
 0.50759057825617E+03
 0.51107798661601E+03
 0.51457869454340E+03
 0.51811093949844E+03
 0.52160427467342E+03
 0.52514568518881E+03
 0.52867631173275E+03
 0.53222216920456E+03
 0.53578411909082E+03
 0.53934889139097E+03
 0.54291894771042E+03
 0.54650619307843E+03
 0.55009647029565E+03
