 0.68078073132365E+03
 0.68078073132365E+03
 0.68078073132365E+03
 0.68078073132365E+03
 0.68078073132365E+03
 0.68078077442978E+03
 0.68078114837779E+03
 0.68077935927660E+03
 0.68077870938202E+03
 0.68078667953001E+03
 0.68065784775778E+03
 0.68085097818366E+03
 0.68089076619930E+03
 0.68082913945398E+03
 0.68076670205368E+03
 0.68067849202368E+03
 0.68099516790277E+03
 0.68086864204391E+03
 0.68086994548749E+03
 0.68078387818848E+03
 0.68079163485065E+03
 0.68096991851052E+03
 0.68079445162225E+03
 0.68080708924621E+03
 0.68082306009272E+03
 0.68089466608621E+03
 0.68089486098289E+03
 0.68079940641202E+03
 0.68075276248989E+03
 0.68112340760277E+03
 0.68094960330819E+03
 0.68106011231324E+03
 0.68094334031522E+03
 0.68160863417412E+03
 0.68060056020087E+03
 0.68112246782671E+03
 0.68098485073590E+03
 0.68126759507062E+03
 0.68161758830180E+03
 0.68097862940380E+03
 0.68177014499873E+03
 0.68183364415908E+03
 0.68090906578898E+03
 0.67932585682366E+03
 0.68126372379765E+03
 0.68146036579698E+03
 0.68116226477303E+03
 0.68104437901263E+03
 0.67465428517856E+03
 0.67379281842696E+03
 0.67541787720129E+03
 0.68146808951576E+03
 0.68191533637019E+03
 0.67218654005632E+03
 0.67424813632515E+03
 0.67434408168924E+03
 0.67427604205163E+03
 0.68113591686024E+03
 0.67223495602621E+03
 0.67304500051744E+03
 0.68046287487579E+03
 0.67802247131313E+03
 0.68026140287986E+03
 0.67622375539267E+03
 0.68185834478898E+03
 0.67479347724950E+03
 0.67786043807282E+03
 0.67340923296275E+03
 0.67279681311068E+03
 0.67832786705513E+03
 0.67522838126887E+03
 0.68067579398801E+03
 0.67568909375790E+03
 0.68066339717211E+03
 0.67214831433451E+03
 0.68101854180919E+03
 0.67923475409062E+03
 0.67330380363826E+03
 0.68013941591709E+03
 0.67821951649968E+03
 0.68082175303596E+03
 0.67587275251508E+03
 0.67785687862773E+03
 0.68138476828497E+03
 0.67833428587457E+03
 0.68069537844927E+03
 0.67556532886937E+03
 0.67916783031909E+03
 0.67859457629937E+03
 0.68225169983853E+03
 0.67642486316296E+03
 0.68668007773661E+03
 0.68105392281929E+03
 0.67733977630952E+03
 0.68175851047327E+03
 0.68741522768161E+03
 0.68714432789235E+03
 0.68047527056325E+03
 0.68328830548223E+03
 0.68450082774222E+03
 0.68599483411252E+03
 0.68208304696661E+03
 0.69035289502085E+03
 0.68709476643379E+03
 0.69049348778640E+03
 0.68705834277994E+03
 0.69155181484325E+03
 0.69431056323033E+03
 0.69540812955897E+03
 0.69344143135405E+03
 0.69228283016177E+03
 0.69128695950923E+03
 0.69669436132314E+03
 0.69597432958917E+03
 0.69664379364468E+03
 0.70473393985273E+03
 0.69782863583581E+03
 0.70386280174172E+03
 0.70203127620668E+03
 0.70202000227099E+03
 0.70717583312828E+03
 0.70795760507100E+03
 0.70593738654599E+03
 0.70454626726115E+03
 0.70885406492498E+03
 0.70954114272796E+03
 0.70770548023736E+03
 0.71227309024215E+03
 0.71308598637228E+03
 0.72076333099275E+03
 0.71685407599208E+03
 0.71691238766520E+03
 0.72362250192737E+03
 0.72095471424032E+03
 0.72481667040143E+03
 0.72435594495197E+03
 0.72139939532025E+03
 0.72544661964791E+03
 0.73013377436820E+03
 0.73251546593478E+03
 0.73735901231646E+03
 0.72992131311034E+03
 0.73328731156049E+03
 0.73476905329477E+03
 0.73863909757835E+03
 0.73643149932428E+03
 0.73960747655830E+03
 0.74308998357021E+03
 0.74393791296136E+03
 0.75112077443569E+03
 0.74652132434885E+03
 0.75295895057783E+03
 0.74945104409253E+03
 0.75418713739012E+03
 0.76250787156056E+03
 0.76210231893285E+03
 0.76499987986174E+03
 0.76048632083436E+03
 0.76130849935884E+03
 0.76416574295667E+03
 0.77013841309022E+03
 0.76711588182883E+03
 0.77393825493657E+03
 0.77866163912716E+03
 0.77514087583370E+03
 0.78070986140762E+03
 0.78155160245586E+03
 0.77947796973994E+03
 0.79118566184944E+03
 0.79230167522480E+03
 0.79179287188214E+03
 0.78817897213242E+03
 0.79636582364359E+03
 0.79306846632518E+03
 0.79739911929590E+03
 0.79901090482698E+03
 0.80593048640620E+03
 0.81144940572933E+03
 0.81284996988859E+03
 0.81489787299719E+03
 0.82006681577254E+03
 0.80907056642417E+03
 0.82004881038872E+03
 0.81736182474101E+03
 0.81725659744194E+03
 0.82286148788164E+03
 0.82212221980843E+03
 0.82780669433327E+03
 0.83398236164994E+03
 0.83050583554038E+03
 0.83814742223733E+03
 0.84335898722676E+03
 0.84002495975977E+03
 0.84032637719633E+03
 0.85129324853042E+03
 0.84746975370689E+03
 0.85824340687648E+03
 0.84939847458617E+03
 0.86152441824714E+03
 0.85395240600588E+03
