 0.25955948765236E+10
 0.25957148730912E+10
 0.25959148576897E+10
 0.25961948734867E+10
 0.25965548504590E+10
 0.25969948552159E+10
 0.25975148633276E+10
 0.25981148473157E+10
 0.25987948407824E+10
 0.25995548396740E+10
 0.26003948383083E+10
 0.26013148174948E+10
 0.26023148091468E+10
 0.26033948160246E+10
 0.26045548043141E+10
 0.26057948001325E+10
 0.26071148335957E+10
 0.26085148470340E+10
 0.26099948758156E+10
 0.26115549088422E+10
 0.26131949834157E+10
 0.26149150803398E+10
 0.26167152030648E+10
 0.26185953529763E+10
 0.26205555780360E+10
 0.26225958099245E+10
 0.26247161543377E+10
 0.26269165919860E+10
 0.26291970329255E+10
 0.26315575883295E+10
 0.26339982447685E+10
 0.26365189701525E+10
 0.26391198303428E+10
 0.26418007719658E+10
 0.26445617406724E+10
 0.26474028731810E+10
 0.26503239634446E+10
 0.26533250933713E+10
 0.26564062160620E+10
 0.26595672167163E+10
 0.26628081906050E+10
 0.26661289714664E+10
 0.26695292346930E+10
 0.26730094583429E+10
 0.26765689366486E+10
 0.26802077602048E+10
 0.26839257338164E+10
 0.26877225870647E+10
 0.26915981784066E+10
 0.26955521563312E+10
 0.26995840044032E+10
 0.27036935062175E+10
 0.27078802722437E+10
 0.27121439141112E+10
 0.27164836876920E+10
 0.27208991576696E+10
 0.27253894390211E+10
 0.27299541178401E+10
 0.27345922033218E+10
 0.27393027228530E+10
 0.27440854347360E+10
 0.27489386156924E+10
 0.27538611451658E+10
 0.27588524866891E+10
 0.27639105754466E+10
 0.27690346917917E+10
 0.27742233060055E+10
 0.27794759735244E+10
 0.27847890930372E+10
 0.27901623672819E+10
 0.27955932037413E+10
 0.28010812556103E+10
 0.28066234853697E+10
 0.28122168938922E+10
 0.28178618358054E+10
 0.28235541588514E+10
 0.28292941595045E+10
 0.28350776630830E+10
 0.28409005511167E+10
 0.28467657099267E+10
 0.28526653042998E+10
 0.28585961540105E+10
 0.28645628959544E+10
 0.28705558802866E+10
 0.28765729938760E+10
 0.28826162795952E+10
 0.28886767263758E+10
 0.28947562549559E+10
 0.29008454961460E+10
 0.29069474450629E+10
 0.29130569092337E+10
 0.29191691987345E+10
 0.29252841495247E+10
 0.29313917101443E+10
 0.29374954000163E+10
 0.29435905307989E+10
 0.29496682741120E+10
 0.29557285514183E+10
 0.29617697880250E+10
 0.29677841001738E+10
 0.29737692145159E+10
 0.29797247576273E+10
 0.29856417762166E+10
 0.29915153926849E+10
 0.29973457070675E+10
 0.30031316926325E+10
 0.30088572836467E+10
 0.30145294309379E+10
 0.30201433446083E+10
 0.30257041432600E+10
 0.30311810234925E+10
 0.30365833614600E+10
 0.30419330070905E+10
 0.30471933504140E+10
 0.30523693575387E+10
 0.30574953321325E+10
 0.30624931640885E+10
 0.30674399360708E+10
 0.30722925100738E+10
 0.30770767527512E+10
 0.30817750873460E+10
 0.30864093987118E+10
 0.30909597176592E+10
 0.30954859037284E+10
 0.30999315155671E+10
 0.31043559275958E+10
 0.31087869123540E+10
 0.31131751011172E+10
 0.31176040409337E+10
 0.31221517210797E+10
 0.31267941573581E+10
 0.31315724524069E+10
 0.31366056880070E+10
 0.31418701379519E+10
 0.31475067315905E+10
 0.31535252211442E+10
 0.31599921227431E+10
 0.31668930951451E+10
 0.31742595193892E+10
 0.31820549658460E+10
 0.31902055097895E+10
 0.31986557123356E+10
 0.32073902182305E+10
 0.32163138946321E+10
 0.32254196797713E+10
 0.32346790013839E+10
 0.32440880861561E+10
 0.32536225101281E+10
 0.32633053562714E+10
 0.32731174550390E+10
 0.32830711735808E+10
 0.32931616996311E+10
 0.33033859907695E+10
 0.33137281008036E+10
 0.33242074192487E+10
 0.33348279485868E+10
 0.33455726023173E+10
 0.33564509087627E+10
 0.33674511051370E+10
 0.33785745620967E+10
 0.33898159261845E+10
 0.34011824241925E+10
 0.34126712457567E+10
 0.34242450149431E+10
 0.34359598983750E+10
 0.34477940820408E+10
 0.34597141674818E+10
 0.34717588188023E+10
 0.34839048386247E+10
 0.34961486979040E+10
 0.35084975835866E+10
 0.35209569435756E+10
 0.35335090910418E+10
 0.35461704252706E+10
 0.35589296966351E+10
 0.35717780337937E+10
 0.35847239973470E+10
 0.35977762096791E+10
 0.36109145183746E+10
 0.36241408432384E+10
 0.36374567798574E+10
 0.36508918006185E+10
 0.36644035038736E+10
 0.36779929460125E+10
 0.36916952365156E+10
 0.37054749242708E+10
 0.37193499649065E+10
 0.37333078925563E+10
 0.37473470903216E+10
 0.37615027208874E+10
 0.37757227322312E+10
 0.37900384748024E+10
 0.38044515261629E+10
 0.38189311776014E+10
 0.38335038368523E+10
 0.38481682112576E+10
 0.38629120674245E+10
 0.38777530671144E+10
 0.38926690493001E+10
 0.39076746834811E+10
