 0.10000000133514E-09
 0.10000000133514E-09
 0.10000000133514E-09
 0.10000000133514E-09
 0.10000000133514E-09
 0.10000000133514E-09
 0.10000000133514E-09
 0.10000000133514E-09
 0.10000000133514E-09
 0.10000000133514E-09
 0.10000000133514E-09
 0.10000000133514E-09
 0.10000000133514E-09
 0.10000000133514E-09
 0.10000000133514E-09
 0.10000000133514E-09
 0.10000000133514E-09
 0.10000000133514E-09
 0.10000000133514E-09
 0.10000000133514E-09
 0.10000000133514E-09
 0.10000000133514E-09
 0.10000000133514E-09
 0.10000000133514E-09
 0.10000000133514E-09
 0.10000000133514E-09
 0.28500409008857E-04
 0.28500409008857E-04
 0.55131705561214E-04
 0.74306346888685E-04
 0.98333995548709E-04
 0.12798632576359E-03
 0.16407659283562E-03
 0.20745416291076E-03
 0.25899656743112E-03
 0.31960233234950E-03
 0.39018004942220E-03
 0.47166333300127E-03
 0.56497825172921E-03
 0.67102498724065E-03
 0.79075799536261E-03
 0.92505283138528E-03
 0.10747787279488E-02
 0.12408914502452E-02
 0.14241455546885E-02
 0.16254601331710E-02
 0.18456001295637E-02
 0.20853418293345E-02
 0.23454541957922E-02
 0.26266991322565E-02
 0.29297370794158E-02
 0.32552885819572E-02
 0.36039581130690E-02
 0.39763343564723E-02
 0.43733137940418E-02
 0.47951280002288E-02
 0.52424273919394E-02
 0.57157517369717E-02
 0.62157538969934E-02
 0.67429750293949E-02
 0.72977222793932E-02
 0.78803777544127E-02
 0.84914516688444E-02
 0.91321555992241E-02
 0.98019565963788E-02
 0.10501189333834E-01
 0.11231227466098E-01
 0.11991644290407E-01
 0.12784177964151E-01
 0.13606566905737E-01
 0.14462120864580E-01
 0.15350538334006E-01
 0.16271406507107E-01
 0.17225191091722E-01
 0.18212318427076E-01
 0.19234414273741E-01
 0.20290761914754E-01
 0.21381590379816E-01
 0.22509443825492E-01
 0.23671280797671E-01
 0.24872340916822E-01
 0.26110519205297E-01
 0.27382872558664E-01
 0.28696816447716E-01
 0.30050258605534E-01
 0.31441932631251E-01
 0.32873354267538E-01
 0.34346925386580E-01
 0.35863289362100E-01
 0.37418954886742E-01
 0.39017033509935E-01
 0.40663367128787E-01
 0.42349640280730E-01
 0.44085684269328E-01
 0.45866607505622E-01
 0.47697712996597E-01
 0.49576752263062E-01
 0.51503960318424E-01
 0.53484003188139E-01
 0.55515797301741E-01
 0.57602234557728E-01
 0.59744027708593E-01
 0.61937926096885E-01
 0.64197069113002E-01
 0.66510142660845E-01
 0.68888918590892E-01
 0.71327524412240E-01
 0.73831004336387E-01
 0.76407055167535E-01
 0.79046803772362E-01
 0.81759524597494E-01
 0.84551385231204E-01
 0.87414999423394E-01
 0.90359095518468E-01
 0.93390491820699E-01
 0.96493097892636E-01
 0.99704696286237E-01
 0.10300254983816E+00
 0.10639319292041E+00
 0.10988202977401E+00
 0.11348256582998E+00
 0.11718801467917E+00
 0.12101349638322E+00
 0.12494897391782E+00
 0.12902153040772E+00
 0.13320878579713E+00
 0.13754315260327E+00
 0.14203389178689E+00
 0.14667376421867E+00
 0.15145825172402E+00
 0.15641861610450E+00
 0.16155599749065E+00
 0.16684515846386E+00
 0.17235723841442E+00
 0.17806125998267E+00
 0.18395395281539E+00
 0.19006336655537E+00
 0.19640120535582E+00
 0.20295767720568E+00
 0.20971277984538E+00
 0.21671486351387E+00
 0.22392618098288E+00
 0.23134398336648E+00
 0.23895219172224E+00
 0.24676826521795E+00
 0.25471525275708E+00
 0.26275242322361E+00
 0.27090319523322E+00
 0.27908927653366E+00
 0.28726593664630E+00
 0.29533973645568E+00
 0.30335911472082E+00
 0.31120575765747E+00
 0.31890898709247E+00
 0.32643600583694E+00
 0.33377194703169E+00
 0.34093608947537E+00
 0.34792491564953E+00
 0.35475157970092E+00
 0.36143281458997E+00
 0.36797109397041E+00
 0.37438271919089E+00
 0.38067966046344E+00
 0.38686732509843E+00
 0.39295407351688E+00
 0.39894897142947E+00
 0.40484979663729E+00
 0.41066910875615E+00
 0.41640408486471E+00
 0.42206023428319E+00
 0.42763657724126E+00
 0.43313924551558E+00
 0.43856398901999E+00
 0.44391532070419E+00
 0.44919391364134E+00
 0.45440106441296E+00
 0.45953710668803E+00
 0.46460172321559E+00
 0.46959566310028E+00
 0.47452154071789E+00
 0.47937864221663E+00
 0.48416848987489E+00
 0.48889112377677E+00
 0.49354768640124E+00
 0.49813904511159E+00
 0.50266603575432E+00
 0.50712981777255E+00
 0.51153078822683E+00
 0.51586970074702E+00
 0.52014799063391E+00
 0.52436678866378E+00
 0.52852646958771E+00
 0.53262846290867E+00
 0.53667308781343E+00
 0.54066175890019E+00
 0.54459571686431E+00
 0.54847492662842E+00
 0.55230124549527E+00
 0.55607562169082E+00
 0.55979835078721E+00
