 0.16433157382286E+00
 0.16433157382282E+00
 0.16433157382234E+00
 0.16433157385039E+00
 0.16433157499028E+00
 0.16433158598202E+00
 0.16433163381055E+00
 0.16433176347566E+00
 0.16433202387892E+00
 0.16433244808573E+00
 0.16433303974013E+00
 0.16433376874131E+00
 0.16433458086039E+00
 0.16433538244351E+00
 0.16433606600493E+00
 0.16433653344897E+00
 0.16433660084612E+00
 0.16433615986563E+00
 0.16433510431886E+00
 0.16433321800357E+00
 0.16431527433119E+00
 0.16430741463713E+00
 0.16429812657197E+00
 0.16428726755801E+00
 0.16427465871318E+00
 0.16426024943530E+00
 0.16424384572424E+00
 0.16422525949746E+00
 0.16420453638769E+00
 0.16418145263134E+00
 0.16415577826030E+00
 0.16412745657964E+00
 0.16409636662388E+00
 0.16406219208521E+00
 0.16402493848633E+00
 0.16398414964570E+00
 0.16394033307223E+00
 0.16389237850322E+00
 0.16384066984070E+00
 0.16378528101590E+00
 0.16372558805322E+00
 0.16366169062769E+00
 0.16359414108897E+00
 0.16352122376914E+00
 0.16344419683456E+00
 0.16336207650318E+00
 0.16327528305258E+00
 0.16318371933804E+00
 0.16308728435157E+00
 0.16298529519248E+00
 0.16287882121657E+00
 0.16276711075860E+00
 0.16265033152923E+00
 0.16252898522105E+00
 0.16240010184565E+00
 0.16226761168971E+00
 0.16213012731194E+00
 0.16198807205217E+00
 0.16183919919645E+00
 0.16168408195056E+00
 0.16152525953037E+00
 0.16136061462879E+00
 0.16119062576585E+00
 0.16101443458917E+00
 0.16083368045411E+00
 0.16064713558237E+00
 0.16045202404367E+00
 0.16025706213597E+00
 0.16004760981641E+00
 0.15984137977752E+00
 0.15962124520780E+00
 0.15939956504719E+00
 0.15916452469341E+00
 0.15892965826261E+00
 0.15868748893888E+00
 0.15843671832388E+00
 0.15817949010079E+00
 0.15791392204140E+00
 0.15763878592491E+00
 0.15736363202788E+00
 0.15706971277841E+00
 0.15677045618443E+00
 0.15646887678517E+00
 0.15615160053354E+00
 0.15582450833484E+00
 0.15548446921161E+00
 0.15514076936652E+00
 0.15478455596119E+00
 0.15441009273795E+00
 0.15403116435575E+00
 0.15364104676892E+00
 0.15322734428423E+00
 0.15281326300117E+00
 0.15237935602054E+00
 0.15192888893827E+00
 0.15145875193356E+00
 0.15097948318908E+00
 0.15048091518403E+00
 0.14996435992496E+00
 0.14942892810067E+00
 0.14887205636786E+00
 0.14829865633854E+00
 0.14770470940891E+00
 0.14708129260031E+00
 0.14643842549910E+00
 0.14577363860228E+00
 0.14508214119365E+00
 0.14436048814284E+00
 0.14360359976136E+00
 0.14283083788366E+00
 0.14201620627840E+00
 0.14116770413632E+00
 0.14028853430259E+00
 0.13936762484241E+00
 0.13840432693164E+00
 0.13742569491614E+00
 0.13636341836857E+00
 0.13527466643891E+00
 0.13413856837969E+00
 0.13295569955989E+00
 0.13171014515292E+00
 0.13041460028778E+00
 0.12904651458575E+00
 0.12763790170931E+00
 0.12613499499588E+00
 0.12459017822074E+00
 0.12296212304785E+00
 0.12121879034089E+00
 0.11939705843358E+00
 0.11751455149978E+00
 0.11550801280651E+00
 0.11340622271179E+00
 0.11122855945539E+00
 0.10888877909510E+00
 0.10643590758770E+00
 0.10387558423601E+00
 0.10117191366789E+00
 0.98311866136198E-01
 0.95294238463937E-01
 0.92171154550096E-01
 0.88846707768055E-01
 0.85379698542669E-01
 0.81757840131253E-01
 0.77992833636527E-01
 0.74042561542321E-01
 0.69998759340517E-01
 0.65900429222031E-01
 0.61683920881254E-01
 0.57442506508817E-01
 0.53218145318553E-01
 0.49150423590639E-01
 0.45128125459488E-01
 0.41349132679005E-01
 0.37752819964843E-01
 0.34395069317336E-01
 0.31314134435323E-01
 0.28477724502778E-01
 0.25904727164229E-01
 0.23577901447503E-01
 0.21471823569014E-01
 0.19590895895730E-01
 0.17904410826059E-01
 0.16387513889694E-01
 0.15035334076225E-01
 0.13821958107537E-01
 0.12726605778682E-01
 0.11753482122274E-01
 0.10868933155427E-01
 0.10074983158880E-01
 0.93549878685858E-02
 0.87061926805180E-02
 0.81128113062396E-02
 0.75806197799119E-02
 0.70911356612155E-02
 0.66471765844540E-02
 0.62378535245482E-02
 0.58641669196671E-02
 0.55206583347298E-02
 0.52062770056761E-02
 0.49166658792089E-02
 0.46486713319584E-02
 0.43998627758884E-02
 0.41696832798356E-02
 0.39572708438722E-02
 0.37599186249841E-02
 0.35752981336121E-02
 0.34033996294770E-02
 0.32432522634891E-02
 0.30945316202950E-02
 0.29539998473970E-02
 0.28232333307370E-02
 0.27000386301337E-02
 0.25839835587170E-02
 0.24754877944486E-02
 0.23734349210148E-02
 0.22768993283749E-02
 0.21859721244196E-02
 0.21004009525644E-02
 0.20191425171071E-02
 0.19422771581000E-02
