 0.11076108624053E+04
 0.11076108624053E+04
 0.11076108624053E+04
 0.11076108624053E+04
 0.11076108624053E+04
 0.11076108624053E+04
 0.11076108624053E+04
 0.11076108624053E+04
 0.11076108624053E+04
 0.11076069849429E+04
 0.11077207589677E+04
 0.11075620357473E+04
 0.11074536527897E+04
 0.11075278816512E+04
 0.11073768013985E+04
 0.11074388962902E+04
 0.11074004255882E+04
 0.11075722226820E+04
 0.11075073314257E+04
 0.11073908208067E+04
 0.11074505137451E+04
 0.11075634452914E+04
 0.11075230248308E+04
 0.11072735383435E+04
 0.11072083062127E+04
 0.11074034957076E+04
 0.11074802993500E+04
 0.11073194081377E+04
 0.11071830621956E+04
 0.11074200282617E+04
 0.11077306403777E+04
 0.11071393595809E+04
 0.11081568479363E+04
 0.11082810802381E+04
 0.11077421855243E+04
 0.11087440213602E+04
 0.11079180855993E+04
 0.11078410851220E+04
 0.11092496286283E+04
 0.11078901581250E+04
 0.11072243804740E+04
 0.11088198007583E+04
 0.11078713854602E+04
 0.11094635194906E+04
 0.11108054420625E+04
 0.11110327827200E+04
 0.11107338737371E+04
 0.11093693982487E+04
 0.11082932149660E+04
 0.11107166732921E+04
 0.11080810935546E+04
 0.11123492763961E+04
 0.11096914410548E+04
 0.11088024957038E+04
 0.11090018680629E+04
 0.11128414937044E+04
 0.11123973455511E+04
 0.11079037429128E+04
 0.11144276278023E+04
 0.11100656015555E+04
 0.11128643640514E+04
 0.11115225287358E+04
 0.11063507671381E+04
 0.11103886306103E+04
 0.11097651626623E+04
 0.11111085232409E+04
 0.11119929023434E+04
 0.11199913613551E+04
 0.11138712701371E+04
 0.11086177711757E+04
 0.11164287206421E+04
 0.11174825683196E+04
 0.11072942133006E+04
 0.11166861431743E+04
 0.11106942363851E+04
 0.11142572771462E+04
 0.11085720927184E+04
 0.11112903983564E+04
 0.11176202540605E+04
 0.11176037855678E+04
 0.11160915892247E+04
 0.11067055202204E+04
 0.11165140245118E+04
 0.11206417445407E+04
 0.11131051938883E+04
 0.11164187388357E+04
 0.11171542593138E+04
 0.11192931029929E+04
 0.11185668948396E+04
 0.11166404288502E+04
 0.11163798938659E+04
 0.11088659439593E+04
 0.11177537450246E+04
 0.11112585827146E+04
 0.11108800456359E+04
 0.11201665566434E+04
 0.11125714536290E+04
 0.11164208200826E+04
 0.11131203984509E+04
 0.11120934049606E+04
 0.11116126092134E+04
 0.11140200453086E+04
 0.11127210464717E+04
 0.11118763490995E+04
 0.11169713163578E+04
 0.11104053440096E+04
 0.11182108410048E+04
 0.11085787390694E+04
 0.11086836858422E+04
 0.11135706073379E+04
 0.11136201394038E+04
 0.11110500143680E+04
 0.11150234658453E+04
 0.11198828280027E+04
 0.11197303087511E+04
 0.11071170718455E+04
 0.11087479839754E+04
 0.11086906520612E+04
 0.11098774118983E+04
 0.11104753755312E+04
 0.11206253595186E+04
 0.11105833248671E+04
 0.11111169284878E+04
 0.11173022201387E+04
 0.11156913053015E+04
 0.11213027338948E+04
 0.11129262327793E+04
 0.11153218024790E+04
 0.11098849724998E+04
 0.11151471652593E+04
 0.11101705608387E+04
 0.11113416052055E+04
 0.11143170423122E+04
 0.11201728279156E+04
 0.11071042147340E+04
 0.11172577268916E+04
 0.11140218807748E+04
 0.11166343505856E+04
 0.11070473711124E+04
 0.11099796404906E+04
 0.11120786383551E+04
 0.11128309227554E+04
 0.11100333507154E+04
 0.11082553084066E+04
 0.11195943739906E+04
 0.11124791950401E+04
 0.11122511149893E+04
 0.11121015714420E+04
 0.11209611670072E+04
 0.11141561812167E+04
 0.11083003631374E+04
 0.11203260114904E+04
 0.11089484834023E+04
 0.11143624607302E+04
 0.11221601545076E+04
 0.11172928475742E+04
 0.11227408061462E+04
 0.11125443625208E+04
 0.11229051937840E+04
 0.11219731979803E+04
 0.11134474233238E+04
 0.11168889065092E+04
 0.11264182274450E+04
 0.11159639405377E+04
 0.11175736539301E+04
 0.11236245523826E+04
 0.11250889482886E+04
 0.11191268023179E+04
 0.11316163909251E+04
 0.11235930976346E+04
 0.11311626616747E+04
 0.11253944238419E+04
 0.11219247645742E+04
 0.11296852642531E+04
 0.11236944064136E+04
 0.11293131796834E+04
 0.11278081538700E+04
 0.11399733456544E+04
 0.11417793033417E+04
 0.11302708716223E+04
 0.11380163550044E+04
 0.11379641905124E+04
 0.11373104626516E+04
 0.11442674937017E+04
 0.11461336336382E+04
 0.11409765035849E+04
 0.11431454122799E+04
 0.11448057807227E+04
 0.11442225139507E+04
 0.11447827996299E+04
 0.11459241151243E+04
 0.11534655674141E+04
 0.11532111139690E+04
 0.11499441730053E+04
 0.11538126566395E+04
 0.11557362700691E+04
 0.11582631567696E+04
 0.11614920093378E+04
 0.11628001272322E+04
 0.11725854212542E+04
 0.11702140311498E+04
 0.11683296910694E+04
 0.11796421996468E+04
 0.11737315339743E+04
 0.11824336844022E+04
 0.11756652440150E+04
 0.11807844990811E+04
 0.11849304300550E+04
 0.11830988421985E+04
 0.11925916917314E+04
 0.11813032173374E+04
 0.11916128595086E+04
 0.11860041134759E+04
 0.11893389504123E+04
 0.11901203135020E+04
 0.12001330352634E+04
 0.11983476691088E+04
 0.12083409455671E+04
 0.12068227735783E+04
 0.12074942309942E+04
 0.12036440638518E+04
 0.12113633109735E+04
 0.12095273265677E+04
 0.12156121100965E+04
 0.12171576145374E+04
 0.12156315892238E+04
 0.12175133293571E+04
 0.12324022040795E+04
 0.12201504945347E+04
 0.12217754533590E+04
 0.12362981241420E+04
 0.12423267672424E+04
 0.12416360090083E+04
 0.12364197568129E+04
 0.12390355561387E+04
 0.12376738474834E+04
 0.12392378159865E+04
 0.12458231969368E+04
 0.12485747581416E+04
 0.12477600927307E+04
 0.12577980084029E+04
 0.12534284800287E+04
 0.12696978559769E+04
 0.12601265508476E+04
 0.12744077778438E+04
 0.12644704228606E+04
 0.12667849201175E+04
 0.12823182675368E+04
 0.12695516333098E+04
 0.12792285708510E+04
 0.12822013844079E+04
 0.12944086414246E+04
 0.12835437085439E+04
 0.12826385052614E+04
 0.12934970005884E+04
 0.12905844457992E+04
 0.12976875153762E+04
 0.13053052052893E+04
 0.13036232431396E+04
 0.13024738661153E+04
 0.13086917135983E+04
 0.13149778143143E+04
 0.13227117546014E+04
 0.13282193144166E+04
 0.13183346051317E+04
 0.13282265787425E+04
 0.13229456432213E+04
 0.13373178868963E+04
 0.13271496897935E+04
 0.13350872102465E+04
 0.13365238858853E+04
 0.13468048555925E+04
 0.13422914222056E+04
 0.13493339177966E+04
 0.13508988506895E+04
 0.13622688366988E+04
 0.13516741104338E+04
 0.13531788938150E+04
 0.13618109242203E+04
 0.13686531145885E+04
 0.13623592396987E+04
 0.13693994447900E+04
 0.13812117426892E+04
 0.13748915298703E+04
 0.13737145926555E+04
 0.13851080870512E+04
 0.13953786948450E+04
 0.13924372815559E+04
 0.13993896117592E+04
 0.13890218859622E+04
 0.14060878664593E+04
 0.13961459761738E+04
 0.14091909789051E+04
 0.14135475667618E+04
 0.14117170903026E+04
 0.14222152211768E+04
 0.14106589776338E+04
 0.14279783742133E+04
 0.14273072871533E+04
 0.14214400556428E+04
