 0.10000000133514E-09
 0.10000000133514E-09
 0.10000000133514E-09
 0.10000000133514E-09
 0.10000000133514E-09
 0.10000000133514E-09
 0.10000000133514E-09
 0.10000000133514E-09
 0.10000000133514E-09
 0.10000000133514E-09
 0.10000000133514E-09
 0.10000000133514E-09
 0.10000000133514E-09
 0.10000000133514E-09
 0.10000000133514E-09
 0.10000000133514E-09
 0.10000000133514E-09
 0.10000000133514E-09
 0.10000000133514E-09
 0.10000000133514E-09
 0.10000000133514E-09
 0.10000000133514E-09
 0.42467064119061E-04
 0.42467064119061E-04
 0.87675265957631E-04
 0.12107017969846E-03
 0.16344773563486E-03
 0.21623778377414E-03
 0.28092731173678E-03
 0.35904181677793E-03
 0.45212009228201E-03
 0.56167970180945E-03
 0.68929497511146E-03
 0.83643943593072E-03
 0.10045707219598E-02
 0.11951505694344E-02
 0.14095244853178E-02
 0.16490402794606E-02
 0.19149280761857E-02
 0.22083531643148E-02
 0.25305416726091E-02
 0.28825187518915E-02
 0.32652185263398E-02
 0.36796142468151E-02
 0.41266385818280E-02
 0.46070658713562E-02
 0.51215563100787E-02
 0.56709229344797E-02
 0.62558514449958E-02
 0.68768149786465E-02
 0.75344459217295E-02
 0.82292172565530E-02
 0.89615626143308E-02
 0.97320701162156E-02
 0.10541160967500E-01
 0.11389185981002E-01
 0.12276453767542E-01
 0.13203281792332E-01
 0.14170342135250E-01
 0.15176676980690E-01
 0.16225091606653E-01
 0.17313648333118E-01
 0.18442846204562E-01
 0.19614587326076E-01
 0.20827307309488E-01
 0.22082925640028E-01
 0.23380374313891E-01
 0.24718239579692E-01
 0.26101779087233E-01
 0.27527206267918E-01
 0.28997678708287E-01
 0.30511599389972E-01
 0.32068233028320E-01
 0.33671364382740E-01
 0.35318787007050E-01
 0.37011178410919E-01
 0.38751057338952E-01
 0.40539409991780E-01
 0.42365291579684E-01
 0.44245880731627E-01
 0.46175349155548E-01
 0.48153215061351E-01
 0.50175624017438E-01
 0.52249841596527E-01
 0.54379703741453E-01
 0.56555862059764E-01
 0.58785766088940E-01
 0.61067478576679E-01
 0.63408327303288E-01
 0.65803731325083E-01
 0.68247139207807E-01
 0.70751005509718E-01
 0.73317232200047E-01
 0.75942400211487E-01
 0.78623337105344E-01
 0.81362056324203E-01
 0.84178637420375E-01
 0.87050397718738E-01
 0.89987303906988E-01
 0.92996249350807E-01
 0.96082347312320E-01
 0.99227217642248E-01
 0.10244906586160E+00
 0.10575134601293E+00
 0.10913576935720E+00
 0.11259979453985E+00
 0.11613671739369E+00
 0.11978325920857E+00
 0.12350902697257E+00
 0.12731602419371E+00
 0.13122069896850E+00
 0.13523235692482E+00
 0.13934723416239E+00
 0.14357286052598E+00
 0.14791855631741E+00
 0.15237424024586E+00
 0.15694642133756E+00
 0.16164950297674E+00
 0.16649685119446E+00
 0.17147268095490E+00
 0.17659294004477E+00
 0.18185814672133E+00
 0.18730144842770E+00
 0.19290977629364E+00
 0.19867689604652E+00
 0.20460843372469E+00
 0.21072212492849E+00
 0.21704599519587E+00
 0.22356086678995E+00
 0.23024532452478E+00
 0.23712723856756E+00
 0.24420595945770E+00
 0.25145386343216E+00
 0.25886014082411E+00
 0.26642535634679E+00
 0.27406540832385E+00
 0.28179916373442E+00
 0.28953648118153E+00
 0.29722845509226E+00
 0.30480988717020E+00
 0.31223416765653E+00
 0.31948566817378E+00
 0.32653360385325E+00
 0.33336546622608E+00
 0.33999770872763E+00
 0.34643440152793E+00
 0.35270695796133E+00
 0.35882391318007E+00
 0.36481423230000E+00
 0.37068997327762E+00
 0.37645620739999E+00
 0.38213803906327E+00
 0.38774599704452E+00
 0.39327853877008E+00
 0.39874832085195E+00
 0.40415605840238E+00
 0.40950776480469E+00
 0.41480428713937E+00
 0.42005028764076E+00
 0.42524372738258E+00
 0.43038670310833E+00
 0.43548034625491E+00
 0.44052439543960E+00
 0.44551846698172E+00
 0.45046214420787E+00
 0.45535604893968E+00
 0.46019974153319E+00
 0.46499256596849E+00
 0.46973493513685E+00
 0.47442688760632E+00
 0.47906646033882E+00
 0.48365511308047E+00
 0.48819283012431E+00
 0.49267766725345E+00
 0.49711194948360E+00
 0.50149522428339E+00
 0.50582583127176E+00
 0.51010618716592E+00
 0.51433572923587E+00
 0.51851513594700E+00
 0.52264299909020E+00
 0.52672170056755E+00
 0.53075054734132E+00
 0.53473063425685E+00
 0.53866152775905E+00
 0.54254473746207E+00
 0.54637969560492E+00
 0.55016793109118E+00
 0.55390912247934E+00
 0.55760464987175E+00
 0.56125431708970E+00
 0.56485950202640E+00
 0.56842040991498E+00
 0.57193715342697E+00
 0.57541089808620E+00
 0.57884182994588E+00
 0.58223114714751E+00
 0.58557942819877E+00
 0.58888685753436E+00
 0.59215391717483E+00
 0.59538166753036E+00
 0.59857041109894E+00
 0.60172130631578E+00
 0.60483415545337E+00
 0.60791033261727E+00
 0.61094958330435E+00
 0.61395328576619E+00
 0.61692136562960E+00
 0.61985490328700E+00
 0.62275387291701E+00
 0.62561948910111E+00
 0.62845197699485E+00
 0.63125209122428E+00
 0.63401980197898E+00
 0.63675607952861E+00
 0.63946126839344E+00
 0.64213595985609E+00
 0.64478088664329E+00
 0.64739589423958E+00
 0.64998199070448E+00
 0.65253943702083E+00
 0.65506900609181E+00
 0.65757104260071E+00
 0.66004541278665E+00
 0.66249323233892E+00
 0.66491451748506E+00
 0.66731001072848E+00
 0.66967988614675E+00
 0.67202470367259E+00
 0.67434479906762E+00
 0.67664049362955E+00
 0.67891254576388E+00
 0.68116067046692E+00
 0.68338570819055E+00
 0.68558809054767E+00
 0.68776785563331E+00
 0.68992547816058E+00
 0.69206134524297E+00
 0.69417588555919E+00
 0.69626907991683E+00
 0.69834152391585E+00
 0.70039370088908E+00
 0.70242546051993E+00
 0.70443753858150E+00
 0.70642996406881E+00
 0.70840305300594E+00
 0.71035746972307E+00
 0.71229286084381E+00
 0.71420998364296E+00
 0.71610896980334E+00
 0.71798992957451E+00
 0.71985343147007E+00
 0.72169907779638E+00
 0.72352829700256E+00
 0.72534021670846E+00
 0.72713548915081E+00
 0.72891458536780E+00
 0.73067764292326E+00
 0.73242448811020E+00
 0.73415551996145E+00
 0.73587151100823E+00
 0.73757202724114E+00
 0.73925738998117E+00
 0.74092791978365E+00
 0.74258400927027E+00
 0.74422545942684E+00
 0.74585279693220E+00
 0.74746596136075E+00
 0.74906539331765E+00
 0.75065112841791E+00
 0.75222337608387E+00
 0.75378199221830E+00
 0.75532814992675E+00
 0.75686075512795E+00
 0.75838097569645E+00
 0.75988841378718E+00
 0.76138328569216E+00
 0.76286584508409E+00
 0.76433655594967E+00
 0.76579523705412E+00
 0.76724201141670E+00
 0.76867707777705E+00
 0.77010066369632E+00
 0.77151287503545E+00
 0.77291381505384E+00
 0.77430359230312E+00
 0.77568258519906E+00
 0.77705057386151E+00
 0.77840800395146E+00
 0.77975489443336E+00
 0.78109136422795E+00
 0.78241736518535E+00
 0.78373342133979E+00
 0.78503930093233E+00
 0.78633526324770E+00
 0.78762146147261E+00
 0.78889787337885E+00
 0.79016479071623E+00
 0.79142222920827E+00
 0.79267026552116E+00
