 0.53405578660231E+07
 0.53405578660231E+07
 0.53405578660231E+07
 0.53405578660231E+07
 0.53405578660231E+07
 0.53405578660231E+07
 0.53405578660231E+07
 0.53405578660231E+07
 0.53405578660231E+07
 0.53405578660231E+07
 0.53405578660232E+07
 0.53405578660234E+07
 0.53405578660238E+07
 0.53405578660235E+07
 0.53405578660229E+07
 0.53405578660228E+07
 0.53405578660221E+07
 0.53405578660210E+07
 0.53405578660193E+07
 0.53405578660168E+07
 0.53405578660177E+07
 0.53405578660124E+07
 0.53405578660078E+07
 0.53405578660014E+07
 0.53405578659951E+07
 0.53405578659910E+07
 0.53405578659975E+07
 0.53405578659799E+07
 0.53405578659554E+07
 0.53405578659375E+07
 0.53405578659362E+07
 0.53405578659061E+07
 0.53405578658967E+07
 0.53405578658904E+07
 0.53405578658379E+07
 0.53405578658113E+07
 0.53405578657530E+07
 0.53405578657866E+07
 0.53405578656697E+07
 0.53405578654694E+07
 0.53405578654655E+07
 0.53405578654459E+07
 0.53405578653711E+07
 0.53405578652113E+07
 0.53405578654572E+07
 0.53405578654176E+07
 0.53405578651244E+07
 0.53405578647003E+07
 0.53405578646337E+07
 0.53405578647185E+07
 0.53405578644044E+07
 0.53405578642233E+07
 0.53405578633261E+07
 0.53405578633549E+07
 0.53405578631307E+07
 0.53405578624343E+07
 0.53405578611300E+07
 0.53405578618493E+07
 0.53405578614116E+07
 0.53405578586068E+07
 0.53405578639168E+07
 0.53405578600147E+07
 0.53405578603087E+07
 0.53405578626054E+07
 0.53405578589504E+07
 0.53405578653830E+07
 0.53405578688047E+07
 0.53405578592243E+07
 0.53405578601676E+07
 0.53405578515746E+07
 0.53405578592066E+07
 0.53405578683847E+07
 0.53405578433202E+07
 0.53405578642396E+07
 0.53405578428659E+07
 0.53405578533175E+07
 0.53405578592438E+07
 0.53405578683906E+07
 0.53405578426264E+07
 0.53405578513788E+07
 0.53405578682663E+07
 0.53405578530399E+07
 0.53405578109442E+07
 0.53405578243337E+07
 0.53405578521359E+07
 0.53405578384888E+07
 0.53405578288097E+07
 0.53405578408816E+07
 0.53405578598622E+07
 0.53405579351679E+07
 0.53405578824175E+07
 0.53405578240288E+07
 0.53405578381056E+07
 0.53405579567883E+07
 0.53405578815524E+07
 0.53405577913768E+07
 0.53405579054107E+07
 0.53405578622221E+07
 0.53405578078729E+07
 0.53405578618359E+07
 0.53405579522011E+07
 0.53405578152430E+07
 0.53405578250200E+07
 0.53405578221041E+07
 0.53405579145746E+07
 0.53405579232930E+07
 0.53405579294306E+07
 0.53405581092336E+07
 0.53405582095045E+07
 0.53405579765825E+07
 0.53405578020193E+07
 0.53405577002742E+07
 0.53405576539267E+07
 0.53405577811859E+07
 0.53405577400760E+07
 0.53405576955887E+07
 0.53405576505039E+07
 0.53405575555109E+07
 0.53405576065280E+07
 0.53405577853938E+07
 0.53405579391475E+07
 0.53405576861082E+07
 0.53405579941466E+07
 0.53405587089126E+07
 0.53405584601328E+07
 0.53405580787115E+07
 0.53405573690404E+07
 0.53405578121328E+07
 0.53405570803851E+07
 0.53405573384418E+07
 0.53405570086359E+07
 0.53405576701567E+07
 0.53405569268841E+07
 0.53405565567120E+07
 0.53405572140725E+07
 0.53405557811429E+07
 0.53405572505287E+07
 0.53405581595557E+07
 0.53405579191311E+07
 0.53405577765322E+07
 0.53405573875960E+07
 0.53405576981486E+07
 0.53405579920381E+07
 0.53405576364830E+07
 0.53405582673016E+07
 0.53405565150406E+07
 0.53405573862225E+07
 0.53405563350577E+07
 0.53405561468847E+07
 0.53405569872039E+07
 0.53405552178160E+07
 0.53405556864792E+07
 0.53405564122781E+07
 0.53405566332216E+07
 0.53405585276924E+07
 0.53405565674381E+07
 0.53405577284953E+07
 0.53405569279436E+07
 0.53405577691943E+07
 0.53405566402920E+07
 0.53405561206479E+07
 0.53405562771016E+07
 0.53405550224746E+07
 0.53405568459347E+07
 0.53405555885558E+07
 0.53405549789791E+07
 0.53405551868509E+07
 0.53405549960756E+07
 0.53405566494598E+07
 0.53405553433534E+07
 0.53405549523054E+07
 0.53405557530659E+07
 0.53405562213635E+07
 0.53405556718545E+07
 0.53405550610460E+07
 0.53405567762942E+07
 0.53405543746475E+07
 0.53405552083773E+07
 0.53405555637159E+07
 0.53405577639514E+07
 0.53405555302533E+07
 0.53405544497375E+07
 0.53405527163746E+07
 0.53405563712656E+07
 0.53405543111943E+07
 0.53405550133601E+07
 0.53405533731800E+07
 0.53405539111582E+07
 0.53405538312876E+07
 0.53405547174817E+07
 0.53405526289203E+07
 0.53405538172967E+07
 0.53405549429588E+07
 0.53405554328289E+07
 0.53405544635452E+07
 0.53405524526534E+07
 0.53405524244123E+07
 0.53405535831964E+07
 0.53405545107221E+07
 0.53405518930209E+07
 0.53405539934888E+07
 0.53405517428068E+07
 0.53405525820924E+07
 0.53405512091811E+07
 0.53405534899477E+07
 0.53405505238955E+07
 0.53405518101767E+07
 0.53405520973793E+07
 0.53405528342205E+07
 0.53405507260831E+07
 0.53405511586329E+07
 0.53405515622285E+07
 0.53405543481683E+07
 0.53405523884625E+07
 0.53405528823494E+07
 0.53405531914772E+07
 0.53405520154932E+07
 0.53405523455481E+07
 0.53405523601021E+07
 0.53405529177776E+07
 0.53405518101446E+07
 0.53405526038165E+07
 0.53405555459084E+07
 0.53405551595560E+07
 0.53405567813825E+07
 0.53405554426944E+07
 0.53405556934724E+07
 0.53405553276823E+07
 0.53405575975823E+07
 0.53405562791688E+07
 0.53405536320281E+07
 0.53405556881419E+07
 0.53405557932016E+07
 0.53405567081882E+07
 0.53405585281794E+07
 0.53405562389745E+07
 0.53405581492936E+07
 0.53405573394347E+07
 0.53405604131452E+07
 0.53405590026765E+07
 0.53405572400663E+07
 0.53405592236704E+07
 0.53405575939007E+07
 0.53405578563642E+07
 0.53405589029482E+07
 0.53405562225065E+07
 0.53405567986902E+07
 0.53405584874598E+07
 0.53405566775352E+07
 0.53405595271192E+07
 0.53405551235341E+07
 0.53405566505254E+07
 0.53405547649556E+07
 0.53405564077016E+07
 0.53405551617410E+07
 0.53405547072955E+07
 0.53405561269474E+07
 0.53405567383268E+07
 0.53405529163410E+07
 0.53405562472222E+07
 0.53405528613412E+07
 0.53405554165930E+07
 0.53405560699327E+07
 0.53405542219647E+07
 0.53405536254899E+07
 0.53405531776869E+07
 0.53405545223053E+07
 0.53405545803386E+07
 0.53405531303157E+07
 0.53405533313497E+07
 0.53405540252921E+07
 0.53405516918436E+07
 0.53405527988348E+07
 0.53405537095808E+07
 0.53405526324356E+07
 0.53405524780918E+07
 0.53405535669758E+07
 0.53405498558935E+07
 0.53405525396393E+07
 0.53405530432031E+07
 0.53405532503214E+07
 0.53405519386116E+07
 0.53405526062683E+07
 0.53405517798970E+07
 0.53405506567986E+07
 0.53405535086861E+07
 0.53405505824903E+07
 0.53405494420160E+07
 0.53405477806352E+07
 0.53405474864010E+07
 0.53405506900442E+07
 0.53405455520174E+07
 0.53405490096587E+07
 0.53405477363516E+07
 0.53405460115298E+07
 0.53405475947525E+07
 0.53405476185032E+07
 0.53405474698571E+07
 0.53405482809681E+07
 0.53405478342742E+07
