 0.16432730420240E+00
 0.16432730420236E+00
 0.16432730420183E+00
 0.16432730419992E+00
 0.16432730418737E+00
 0.16432730411556E+00
 0.16432730225332E+00
 0.16432729422964E+00
 0.16432726668594E+00
 0.16432719381845E+00
 0.16432703280026E+00
 0.16432672136259E+00
 0.16432618677008E+00
 0.16432532434371E+00
 0.16432404582550E+00
 0.16432220006884E+00
 0.16431968648089E+00
 0.16431637668021E+00
 0.16431213381103E+00
 0.16430683254875E+00
 0.16430025877825E+00
 0.16429244496662E+00
 0.16428316818674E+00
 0.16427230718035E+00
 0.16425971314790E+00
 0.16424527118718E+00
 0.16422877775496E+00
 0.16421030107753E+00
 0.16418962224434E+00
 0.16416651145001E+00
 0.16414071289919E+00
 0.16411238101564E+00
 0.16408108309600E+00
 0.16404652397701E+00
 0.16400903150522E+00
 0.16396794266109E+00
 0.16392323857412E+00
 0.16387439573335E+00
 0.16382166458745E+00
 0.16376495326208E+00
 0.16370269835812E+00
 0.16363592802189E+00
 0.16356422619214E+00
 0.16348703506831E+00
 0.16340347843911E+00
 0.16331405709841E+00
 0.16321901141810E+00
 0.16311736208133E+00
 0.16300839870478E+00
 0.16289204858472E+00
 0.16276881387374E+00
 0.16263733523068E+00
 0.16249818009754E+00
 0.16235055888356E+00
 0.16219370810519E+00
 0.16202805611775E+00
 0.16185334158037E+00
 0.16166804252032E+00
 0.16147330040761E+00
 0.16126949827621E+00
 0.16105110340500E+00
 0.16082542822634E+00
 0.16058802139773E+00
 0.16033631689262E+00
 0.16007551652781E+00
 0.15979776624317E+00
 0.15950900238790E+00
 0.15921127188105E+00
 0.15889491066494E+00
 0.15856723984902E+00
 0.15821941938388E+00
 0.15785780858702E+00
 0.15748539053184E+00
 0.15708776068627E+00
 0.15667856355863E+00
 0.15624713746362E+00
 0.15579796406968E+00
 0.15532501022230E+00
 0.15483983121132E+00
 0.15432432502493E+00
 0.15378900337551E+00
 0.15322974634818E+00
 0.15264705484562E+00
 0.15203695293594E+00
 0.15139039105458E+00
 0.15072269851905E+00
 0.15002411280657E+00
 0.14928691339043E+00
 0.14851596645464E+00
 0.14770514100546E+00
 0.14686614445908E+00
 0.14598706741174E+00
 0.14505543766334E+00
 0.14407465120332E+00
 0.14305915359738E+00
 0.14199585202468E+00
 0.14086151838787E+00
 0.13968351334506E+00
 0.13843876796433E+00
 0.13713393703301E+00
 0.13574980786686E+00
 0.13430460565055E+00
 0.13278207156923E+00
 0.13116760208296E+00
 0.12945812519713E+00
 0.12765986072497E+00
 0.12577171532926E+00
 0.12374458229132E+00
 0.12160779222560E+00
 0.11935150685021E+00
 0.11696145559116E+00
 0.11440088413833E+00
 0.11167483811449E+00
 0.10875393743186E+00
 0.10560899292904E+00
 0.10225558251990E+00
 0.98644804617120E-01
 0.94741318719277E-01
 0.90502031431806E-01
 0.85916872697471E-01
 0.80968561992975E-01
 0.75667513872972E-01
 0.69999467960710E-01
 0.64139252290298E-01
 0.58336429999303E-01
 0.52809559159071E-01
 0.47736221532782E-01
 0.43159809933873E-01
 0.39159459320777E-01
 0.35689460759372E-01
 0.32657178321514E-01
 0.29979333069632E-01
 0.27644050541569E-01
 0.25562863457246E-01
 0.23696288499348E-01
 0.22042267695586E-01
 0.20532807316839E-01
 0.19170476411818E-01
 0.17933525147893E-01
 0.16810686375910E-01
 0.15785810609551E-01
 0.14839659961516E-01
 0.13969664059757E-01
 0.13168984409346E-01
 0.12426605350386E-01
 0.11743447028912E-01
 0.11105370672537E-01
 0.10514975524972E-01
 0.99630613502685E-02
 0.94467341426583E-02
 0.89721713975089E-02
 0.85239760947544E-02
 0.81008226196998E-02
 0.77091413186671E-02
 0.73392760744179E-02
 0.69941697713979E-02
 0.66690454099947E-02
 0.63643173263625E-02
 0.60755368690403E-02
 0.58051034064722E-02
 0.55505089813471E-02
 0.53092614476856E-02
 0.50813558219213E-02
 0.48660231902494E-02
 0.46632367511388E-02
 0.44705312611942E-02
 0.42882256973775E-02
 0.41155101325430E-02
 0.39515583813344E-02
 0.37957794195053E-02
 0.36490191287305E-02
 0.35082202596934E-02
 0.33748538672258E-02
 0.32489899737871E-02
 0.31280951072319E-02
 0.30130308442825E-02
 0.29044265937220E-02
 0.28000582284706E-02
 0.27008680422118E-02
 0.26054086880503E-02
 0.25160260762103E-02
 0.24295739150294E-02
 0.23475626368977E-02
 0.22678749323614E-02
 0.21929089196119E-02
 0.21203385071962E-02
 0.20517579654401E-02
 0.19855765136465E-02
 0.19223721432612E-02
 0.18615012547361E-02
 0.18035447839693E-02
 0.17474034655756E-02
 0.16936058024343E-02
 0.16421506401389E-02
 0.15928272213370E-02
 0.15456605275094E-02
 0.15001240888900E-02
 0.14561220863217E-02
 0.14139233187294E-02
 0.13734143415151E-02
 0.13343519133863E-02
 0.12970258043003E-02
 0.12606029495617E-02
 0.12258897481507E-02
 0.11920365776544E-02
 0.11598613710203E-02
 0.11285442142612E-02
 0.10983478388153E-02
 0.10693077878107E-02
 0.10412900006234E-02
 0.10141375723660E-02
 0.98793889898843E-03
 0.96247871373034E-03
 0.93812407567814E-03
 0.91451317302321E-03
 0.89165283565220E-03
 0.86958428671546E-03
 0.84813785902151E-03
 0.82761108363868E-03
 0.80751213083126E-03
 0.78817212953130E-03
 0.76934463538265E-03
 0.75105337803872E-03
 0.73346786457409E-03
 0.71632001606734E-03
 0.69983557958024E-03
 0.68381386198765E-03
 0.66827213585681E-03
 0.65311041754382E-03
 0.63851869315096E-03
 0.62435488722871E-03
 0.61050165575257E-03
 0.59710408431362E-03
 0.58410478093496E-03
 0.57140490210039E-03
 0.55919670720528E-03
 0.54724972717860E-03
 0.53569780416424E-03
 0.52435890910018E-03
 0.51342708146060E-03
 0.50282389865848E-03
 0.49240305466337E-03
 0.48238446102968E-03
 0.47257773794058E-03
 0.46301101229382E-03
 0.45377673628933E-03
 0.44469046085810E-03
 0.43587809365176E-03
 0.42731976472760E-03
 0.41893887034972E-03
 0.41084385985359E-03
 0.40289608732615E-03
 0.39520521352461E-03
 0.38765268365392E-03
 0.38031975406099E-03
 0.37317532671567E-03
 0.36618508543671E-03
 0.35936632865015E-03
 0.35276998519524E-03
 0.34625517454880E-03
 0.33997317367113E-03
 0.33376634787164E-03
 0.32774455744812E-03
 0.32191252736360E-03
 0.31618055561373E-03
 0.31056129021976E-03
 0.30508976929717E-03
 0.29972799387319E-03
 0.29453066405470E-03
 0.28943265749386E-03
 0.28444885049547E-03
 0.27960646999771E-03
 0.27482362227968E-03
 0.27016875400637E-03
 0.26563753900854E-03
 0.26119060846557E-03
 0.25683665363680E-03
 0.25261280930073E-03
 0.24843826856634E-03
 0.24436653782375E-03
 0.24038290719725E-03
 0.23649429316954E-03
 0.23268318848151E-03
 0.22896506412573E-03
 0.22531076301393E-03
 0.22173327331429E-03
 0.21824729159382E-03
 0.21482576415456E-03
 0.21148295594093E-03
 0.20820254052955E-03
 0.20497159884271E-03
 0.20184023454191E-03
 0.19874500660542E-03
 0.19572547047868E-03
 0.19276709606014E-03
 0.18985629836358E-03
 0.18700835694953E-03
 0.18422885111071E-03
 0.18148869030998E-03
 0.17881466093278E-03
