 0.35172473832405E+01
 0.35172473832405E+01
 0.35172473832405E+01
 0.35172473832405E+01
 0.35172473832405E+01
 0.35172473832405E+01
 0.35172473832405E+01
 0.35172473832405E+01
 0.35172473832405E+01
 0.35172473355199E+01
 0.35172494853538E+01
 0.35172464520117E+01
 0.35172442927179E+01
 0.35172457325827E+01
 0.35172428048518E+01
 0.35172440253569E+01
 0.35172432470528E+01
 0.35172466664678E+01
 0.35172454076261E+01
 0.35172431366911E+01
 0.35172443199566E+01
 0.35172464710992E+01
 0.35172457069793E+01
 0.35172407318903E+01
 0.35172393752262E+01
 0.35172432845318E+01
 0.35172447656780E+01
 0.35172416609498E+01
 0.35172388201837E+01
 0.35172436700012E+01
 0.35172500000957E+01
 0.35172367076135E+01
 0.35172569089317E+01
 0.35172568639325E+01
 0.35172486997909E+01
 0.35172661152959E+01
 0.35172538541217E+01
 0.35172485726405E+01
 0.35172742999903E+01
 0.35172551755556E+01
 0.35172394930908E+01
 0.35172687032899E+01
 0.35172498382785E+01
 0.35172759756665E+01
 0.35172924788292E+01
 0.35172931241811E+01
 0.35172904168553E+01
 0.35172746127589E+01
 0.35172595721063E+01
 0.35172891425615E+01
 0.35172601637931E+01
 0.35173000112143E+01
 0.35172807554048E+01
 0.35172717731094E+01
 0.35172747657969E+01
 0.35173017502077E+01
 0.35172168787447E+01
 0.35172548810369E+01
 0.35172999518787E+01
 0.35172873848992E+01
 0.35173010422822E+01
 0.35172956221168E+01
 0.35172236997681E+01
 0.35172897917284E+01
 0.35171968981614E+01
 0.35172927446764E+01
 0.35172974443869E+01
 0.35171525670249E+01
 0.35173010722499E+01
 0.35171973829399E+01
 0.35172852945304E+01
 0.35172673634268E+01
 0.35172460911457E+01
 0.35172804077855E+01
 0.35172049539357E+01
 0.35172984923683E+01
 0.35172631940099E+01
 0.35172091123489E+01
 0.35171776882655E+01
 0.35171947317296E+01
 0.35172138249128E+01
 0.35172395255069E+01
 0.35172749167289E+01
 0.35172167609287E+01
 0.35172224847233E+01
 0.35172828727655E+01
 0.35171997051160E+01
 0.35171508998805E+01
 0.35171819389672E+01
 0.35172026527123E+01
 0.35172637993048E+01
 0.35172562095915E+01
 0.35171721192126E+01
 0.35172740408834E+01
 0.35171861667891E+01
 0.35171995572383E+01
 0.35172059684337E+01
 0.35171756870581E+01
 0.35172730761700E+01
 0.35172716395029E+01
 0.35171746079959E+01
 0.35171887408775E+01
 0.35171931586689E+01
 0.35171890219687E+01
 0.35172311390583E+01
 0.35172337503926E+01
 0.35171624896863E+01
 0.35170964810837E+01
 0.35171071115459E+01
 0.35171651003755E+01
 0.35172404901751E+01
 0.35171644481726E+01
 0.35172230294307E+01
 0.35171330570286E+01
 0.35171702966724E+01
 0.35171304925843E+01
 0.35171107066281E+01
 0.35171005178578E+01
 0.35170852420385E+01
 0.35170923722091E+01
 0.35170851095536E+01
 0.35170869066048E+01
 0.35170825352715E+01
 0.35171256387752E+01
 0.35171502688466E+01
 0.35170600436650E+01
 0.35170489259040E+01
 0.35170390495180E+01
 0.35171205126034E+01
 0.35171199488441E+01
 0.35169735110783E+01
 0.35169924930273E+01
 0.35170139177400E+01
 0.35169672254858E+01
 0.35169557567078E+01
 0.35169796163819E+01
 0.35170127657969E+01
 0.35169016798845E+01
 0.35169872311054E+01
 0.35169443437376E+01
 0.35168454911426E+01
 0.35168634372541E+01
 0.35168942354859E+01
 0.35168003460414E+01
 0.35167578189824E+01
 0.35167475511082E+01
 0.35167480070513E+01
 0.35167567711518E+01
 0.35167586333202E+01
 0.35166908161319E+01
 0.35166165722874E+01
 0.35166110178534E+01
 0.35165680943058E+01
 0.35166261567522E+01
 0.35164476155329E+01
 0.35164887236022E+01
 0.35164235308678E+01
 0.35162161339421E+01
 0.35160930037874E+01
 0.35160485588601E+01
 0.35158596196742E+01
 0.35157500433404E+01
 0.35156995150809E+01
 0.35155317781730E+01
 0.35152682037850E+01
 0.35150710725780E+01
 0.35148268668662E+01
 0.35146897109851E+01
 0.35143430598976E+01
 0.35141217951786E+01
 0.35138463406013E+01
 0.35135130828418E+01
 0.35132036578944E+01
 0.35129738544304E+01
 0.35125138970832E+01
 0.35122324999878E+01
 0.35117324263697E+01
 0.35113090035768E+01
 0.35109538370858E+01
 0.35104055300638E+01
 0.35099940335862E+01
 0.35094327135141E+01
 0.35088689396700E+01
 0.35083740336078E+01
 0.35077254072196E+01
 0.35071754952437E+01
 0.35066853878161E+01
 0.35060201858343E+01
 0.35052530233535E+01
 0.35046184285607E+01
 0.35039360586804E+01
 0.35031509558639E+01
 0.35024851355642E+01
 0.35015687682806E+01
 0.35009000413239E+01
 0.34999836042750E+01
 0.34991511028024E+01
 0.34982385409170E+01
 0.34972802002760E+01
 0.34964933203109E+01
 0.34953833596195E+01
 0.34944092311664E+01
 0.34935002721353E+01
 0.34925152351805E+01
 0.34913694952133E+01
 0.34901684084635E+01
 0.34892299644864E+01
 0.34879188709414E+01
 0.34867723674327E+01
 0.34857581843279E+01
 0.34845823738261E+01
 0.34832220692801E+01
 0.34819185602733E+01
 0.34806675979192E+01
 0.34793867780742E+01
 0.34780070748033E+01
 0.34766707669374E+01
 0.34754393260232E+01
 0.34739748439568E+01
 0.34725735002778E+01
 0.34710571047562E+01
 0.34695507645698E+01
 0.34680491658031E+01
 0.34665506072375E+01
 0.34650708313578E+01
 0.34635364189873E+01
 0.34618209516742E+01
 0.34601781364371E+01
 0.34586574760455E+01
 0.34569904780622E+01
 0.34552978850012E+01
 0.34537265432681E+01
 0.34519016545696E+01
 0.34502897272792E+01
 0.34485102878416E+01
 0.34466857622966E+01
 0.34448353976552E+01
 0.34429328115808E+01
 0.34412709534702E+01
 0.34392949667276E+01
 0.34374352408945E+01
 0.34355485371201E+01
 0.34336689751822E+01
 0.34317185623155E+01
 0.34296928899816E+01
 0.34277705499099E+01
 0.34258499287988E+01
 0.34239147976447E+01
 0.34217043157078E+01
 0.34199050266452E+01
 0.34178483626698E+01
 0.34158153469660E+01
 0.34135817435709E+01
 0.34115351138200E+01
 0.34093495466410E+01
 0.34073944933096E+01
 0.34051276551097E+01
 0.34029531443155E+01
 0.34007499963938E+01
 0.33985812249406E+01
 0.33965496552865E+01
 0.33941681903333E+01
 0.33920478783663E+01
 0.33896011294088E+01
 0.33875704464729E+01
 0.33852425543416E+01
 0.33828635745279E+01
 0.33805588457122E+01
 0.33782287639332E+01
 0.33759114764407E+01
 0.33736227178421E+01
 0.33713072595070E+01
 0.33689444572838E+01
 0.33665339412209E+01
 0.33643363434903E+01
 0.33618187898000E+01
 0.33594733907473E+01
 0.33571025202623E+01
 0.33545480210380E+01
 0.33520965144647E+01
 0.33496327899344E+01
 0.33472279117697E+01
 0.33446604444097E+01
 0.33422869552291E+01
 0.33397727434327E+01
 0.33374625017830E+01
 0.33348232234870E+01
 0.33324245576596E+01
 0.33299219019092E+01
 0.33273169783790E+01
 0.33249701155044E+01
 0.33222105005891E+01
 0.33197363241976E+01
 0.33173017042404E+01
 0.33147642938208E+01
 0.33120748033379E+01
 0.33096673938251E+01
 0.33069502325190E+01
 0.33043005517524E+01
 0.33019392705924E+01
