 0.21140089951492E+08
 0.21140089951487E+08
 0.21140089951416E+08
 0.21140089951002E+08
 0.21140089949331E+08
 0.21140089944668E+08
 0.21140090048753E+08
 0.21140090529864E+08
 0.21140092253790E+08
 0.21140096868175E+08
 0.21140107191165E+08
 0.21140126663446E+08
 0.21140160645080E+08
 0.21140214944713E+08
 0.21140295299984E+08
 0.21140410022953E+08
 0.21140565507454E+08
 0.21140768968320E+08
 0.21141027354011E+08
 0.21141347828171E+08
 0.21141740616357E+08
 0.21142204978914E+08
 0.21142751682941E+08
 0.21143385306512E+08
 0.21144113844326E+08
 0.21144942282495E+08
 0.21145879385390E+08
 0.21146919260875E+08
 0.21148073418690E+08
 0.21149351057403E+08
 0.21150763794039E+08
 0.21152300319741E+08
 0.21153981526523E+08
 0.21155818722460E+08
 0.21157791511043E+08
 0.21159931226424E+08
 0.21162233381723E+08
 0.21164722160405E+08
 0.21167375662802E+08
 0.21170193189466E+08
 0.21173252759189E+08
 0.21176491295445E+08
 0.21179920575998E+08
 0.21183562043481E+08
 0.21187453374327E+08
 0.21191554603874E+08
 0.21195839364814E+08
 0.21200348877175E+08
 0.21205107693505E+08
 0.21210105137440E+08
 0.21215298062936E+08
 0.21220738704806E+08
 0.21226381877432E+08
 0.21232257151500E+08
 0.21238377897853E+08
 0.21244704922832E+08
 0.21251223510115E+08
 0.21258001379557E+08
 0.21264943491103E+08
 0.21272001362954E+08
 0.21279472707578E+08
 0.21286892697966E+08
 0.21294496646983E+08
 0.21302394573201E+08
 0.21310243744292E+08
 0.21318478177560E+08
 0.21326697584620E+08
 0.21334750788384E+08
 0.21343143235242E+08
 0.21351413528331E+08
 0.21360028055756E+08
 0.21368559224804E+08
 0.21376782546044E+08
 0.21385473782106E+08
 0.21393780694282E+08
 0.21402267313251E+08
 0.21410605422148E+08
 0.21419046180639E+08
 0.21426897758672E+08
 0.21435071748171E+08
 0.21442945970692E+08
 0.21450620051478E+08
 0.21458022197551E+08
 0.21465274135874E+08
 0.21472714432777E+08
 0.21479508958560E+08
 0.21486017526404E+08
 0.21492568487529E+08
 0.21498779784210E+08
 0.21504882939198E+08
 0.21510157994348E+08
 0.21515095001505E+08
 0.21520128269583E+08
 0.21525031442235E+08
 0.21528907505328E+08
 0.21532328367335E+08
 0.21536138875187E+08
 0.21538986757752E+08
 0.21541711846974E+08
 0.21543960484763E+08
 0.21546158072154E+08
 0.21547620286238E+08
 0.21548676711816E+08
 0.21549746286664E+08
 0.21550781233834E+08
 0.21551180030197E+08
 0.21551051741513E+08
 0.21551550075183E+08
 0.21551678248938E+08
 0.21551352981509E+08
 0.21550939378531E+08
 0.21551124926707E+08
 0.21551499672230E+08
 0.21552512381091E+08
 0.21554549197162E+08
 0.21556900018678E+08
 0.21560445261109E+08
 0.21565606448675E+08
 0.21572962629832E+08
 0.21582665794303E+08
 0.21595165490508E+08
 0.21611215865061E+08
 0.21632982014112E+08
 0.21660727681215E+08
 0.21695144018324E+08
 0.21738210495761E+08
 0.21792298919356E+08
 0.21861719395914E+08
 0.21948238768865E+08
 0.22055177228762E+08
 0.22188764822025E+08
 0.22355877721176E+08
 0.22559539756210E+08
 0.22809531403915E+08
 0.23112937352295E+08
 0.23468526950827E+08
 0.23885391309451E+08
 0.24356499210385E+08
 0.24875520698899E+08
 0.25429296683752E+08
 0.26006763056323E+08
 0.26598790370708E+08
 0.27191705080902E+08
 0.27772796771527E+08
 0.28337348126394E+08
 0.28874606857819E+08
 0.29386210347718E+08
 0.29864390845017E+08
 0.30311295768833E+08
 0.30724790589690E+08
 0.31098913293795E+08
 0.31442571152867E+08
 0.31754811502420E+08
 0.32031291367742E+08
 0.32277614706342E+08
 0.32492610406750E+08
 0.32678854358837E+08
 0.32836558126996E+08
 0.32968443074676E+08
 0.33074450562864E+08
 0.33156193380546E+08
 0.33215560421514E+08
 0.33253090851727E+08
 0.33270187514806E+08
 0.33267822316785E+08
 0.33247218970856E+08
 0.33209404099240E+08
 0.33155350031593E+08
 0.33085989615682E+08
 0.33002247484307E+08
 0.32905477769478E+08
 0.32795392910433E+08
 0.32673504841944E+08
 0.32541488159462E+08
 0.32398285505726E+08
 0.32245116795560E+08
 0.32084330270401E+08
 0.31914006851143E+08
 0.31736463704816E+08
 0.31550169003223E+08
 0.31360218125294E+08
 0.31162160818522E+08
 0.30959669557312E+08
 0.30749060390865E+08
 0.30536392005746E+08
 0.30317201009037E+08
 0.30096757402057E+08
 0.29871118169132E+08
 0.29642321292086E+08
 0.29409988526438E+08
 0.29175810502964E+08
 0.28938130989638E+08
 0.28698423084956E+08
 0.28457007913262E+08
 0.28214892810933E+08
 0.27972161361664E+08
 0.27727557348204E+08
 0.27480691034143E+08
 0.27233795142340E+08
 0.26987641532539E+08
 0.26739729437200E+08
 0.26493458539627E+08
 0.26244146108087E+08
 0.25997766601195E+08
 0.25749224093326E+08
 0.25503339202228E+08
 0.25256668806871E+08
 0.25010099533651E+08
 0.24765401680048E+08
 0.24521757347151E+08
 0.24277794818066E+08
 0.24035651553748E+08
 0.23792788232060E+08
 0.23553734972646E+08
 0.23315152081117E+08
 0.23077593279820E+08
 0.22841228899544E+08
 0.22606102560458E+08
 0.22374203023202E+08
 0.22141677216966E+08
 0.21912306834602E+08
 0.21683014610544E+08
 0.21454982104876E+08
 0.21230144964732E+08
 0.21006090247757E+08
 0.20785648195389E+08
 0.20565599962597E+08
 0.20348296247338E+08
 0.20131419674628E+08
 0.19917148857899E+08
 0.19706151708290E+08
 0.19494686621202E+08
 0.19286066293214E+08
 0.19079647260864E+08
 0.18873575852874E+08
 0.18671941566798E+08
 0.18470874299171E+08
 0.18272575921132E+08
 0.18074360776389E+08
 0.17879722533784E+08
 0.17687583972026E+08
 0.17495883942671E+08
 0.17307380099922E+08
 0.17120354331287E+08
 0.16934423779548E+08
 0.16752301446967E+08
 0.16570391756496E+08
 0.16390819502443E+08
 0.16213390286130E+08
 0.16037348127229E+08
 0.15864892651610E+08
 0.15692201982316E+08
 0.15522984985565E+08
 0.15355176597480E+08
 0.15188711362701E+08
 0.15024975522570E+08
 0.14862129268044E+08
 0.14701280864850E+08
 0.14543522662469E+08
 0.14385929995239E+08
 0.14231474084263E+08
 0.14077217112703E+08
 0.13925650484928E+08
 0.13776144750902E+08
 0.13628548821344E+08
 0.13481715606070E+08
 0.13336859817112E+08
 0.13193745949014E+08
 0.13052758304075E+08
 0.12913042905923E+08
 0.12774904330178E+08
 0.12638919184799E+08
 0.12503608641902E+08
 0.12370112892404E+08
 0.12238478625764E+08
 0.12108621749047E+08
 0.11979694552952E+08
 0.11853637094252E+08
 0.11727510973750E+08
 0.11603325559471E+08
 0.11480532150588E+08
 0.11359689222606E+08
 0.11240012669896E+08
 0.11121510753554E+08
 0.11004941707617E+08
 0.10889207591658E+08
 0.10775971499173E+08
 0.10663172650487E+08
 0.10552329098026E+08
 0.10442606167532E+08
 0.10333107372301E+08
 0.10226689046811E+08
 0.10120125278504E+08
 0.10015705195968E+08
 0.99123456702547E+07
 0.98098585202775E+07
 0.97090299932659E+07
 0.96090568623228E+07
 0.95102239036804E+07
 0.94132730718862E+07
