 0.16434232347461E+00
 0.16434232347457E+00
 0.16434232347403E+00
 0.16434232346865E+00
 0.16434232342544E+00
 0.16434232326739E+00
 0.16434232175710E+00
 0.16434231349438E+00
 0.16434228584599E+00
 0.16434221352161E+00
 0.16434205373785E+00
 0.16434174413459E+00
 0.16434121096734E+00
 0.16434035131276E+00
 0.16433905604149E+00
 0.16433723119662E+00
 0.16433470194772E+00
 0.16433137208064E+00
 0.16432714999301E+00
 0.16432183688194E+00
 0.16431528525639E+00
 0.16430742556602E+00
 0.16429813738206E+00
 0.16428727840695E+00
 0.16427466949898E+00
 0.16426026010850E+00
 0.16424385600187E+00
 0.16422526999549E+00
 0.16420454672684E+00
 0.16418146257366E+00
 0.16415578815636E+00
 0.16412746605427E+00
 0.16409637551707E+00
 0.16406220059541E+00
 0.16402494753797E+00
 0.16398415750521E+00
 0.16394034237833E+00
 0.16389238550755E+00
 0.16384067739703E+00
 0.16378529264724E+00
 0.16372560613060E+00
 0.16366170849222E+00
 0.16359416687364E+00
 0.16352126990680E+00
 0.16344425527385E+00
 0.16336214950153E+00
 0.16327539561575E+00
 0.16318387681802E+00
 0.16308751187169E+00
 0.16298560217036E+00
 0.16287922795611E+00
 0.16276768860665E+00
 0.16265107072862E+00
 0.16252993538801E+00
 0.16240134540742E+00
 0.16226920339204E+00
 0.16213210740419E+00
 0.16199057889640E+00
 0.16184227337068E+00
 0.16168793730235E+00
 0.16152997451193E+00
 0.16136637466274E+00
 0.16119755139070E+00
 0.16102277476890E+00
 0.16084367177118E+00
 0.16065891931004E+00
 0.16046589520684E+00
 0.16027329416842E+00
 0.16006671748491E+00
 0.15986367433723E+00
 0.15964684595379E+00
 0.15942918489143E+00
 0.15919859588612E+00
 0.15896870653135E+00
 0.15873206638487E+00
 0.15848735054563E+00
 0.15823678523338E+00
 0.15797884950383E+00
 0.15771190783503E+00
 0.15744590527968E+00
 0.15716186855979E+00
 0.15687351883765E+00
 0.15658383192760E+00
 0.15627976316918E+00
 0.15596697576065E+00
 0.15564273632050E+00
 0.15531590762872E+00
 0.15497800576939E+00
 0.15462380386666E+00
 0.15426664404287E+00
 0.15389989663981E+00
 0.15351177897855E+00
 0.15312542470606E+00
 0.15272177938962E+00
 0.15230327321327E+00
 0.15186812885264E+00
 0.15142641457103E+00
 0.15096818905993E+00
 0.15049607294150E+00
 0.15000737330499E+00
 0.14950144903920E+00
 0.14898211869623E+00
 0.14844711505583E+00
 0.14788707113038E+00
 0.14731196667394E+00
 0.14671946578467E+00
 0.14610728978282E+00
 0.14547002924568E+00
 0.14480293547667E+00
 0.14412728924022E+00
 0.14341650655509E+00
 0.14267961898954E+00
 0.14192071138484E+00
 0.14112816478170E+00
 0.14030406123605E+00
 0.13947135481910E+00
 0.13856960123176E+00
 0.13765028696637E+00
 0.13669603100635E+00
 0.13570857044238E+00
 0.13467271027929E+00
 0.13360145152073E+00
 0.13247417695316E+00
 0.13132327770752E+00
 0.13009636264965E+00
 0.12884715156944E+00
 0.12753629242808E+00
 0.12613439591404E+00
 0.12467924664404E+00
 0.12318587156161E+00
 0.12160017154069E+00
 0.11994593889879E+00
 0.11824466720561E+00
 0.11641773622723E+00
 0.11451228648610E+00
 0.11253157527884E+00
 0.11044735355224E+00
 0.10823187719193E+00
 0.10592717515215E+00
 0.10352440136195E+00
 0.10096442214966E+00
 0.98283954342523E-01
 0.95470140776384E-01
 0.92522051844128E-01
 0.89382208110457E-01
 0.86119916818381E-01
 0.82739888362381E-01
 0.79161178188839E-01
 0.75429444605517E-01
 0.71556472380440E-01
 0.67641143462689E-01
 0.63550798631655E-01
 0.59463818152838E-01
 0.55324899287197E-01
 0.51207937936067E-01
 0.47185953403748E-01
 0.43263914708592E-01
 0.39520899363209E-01
 0.35984887042905E-01
 0.32666683461174E-01
 0.29621255201795E-01
 0.26843626641189E-01
 0.24314278328475E-01
 0.22044681575296E-01
 0.20009250168953E-01
 0.18179387126377E-01
 0.16564335934539E-01
 0.15112011577241E-01
 0.13821826520478E-01
 0.12666701316088E-01
 0.11639703161721E-01
 0.10713683940123E-01
 0.98937098781155E-02
 0.91513881883166E-02
 0.84873272106488E-02
 0.78838208153197E-02
 0.73391067755400E-02
 0.68454325206025E-02
 0.63991041996991E-02
 0.59937517421234E-02
 0.56220678377646E-02
 0.52815105691660E-02
 0.49696767570258E-02
 0.46850674723376E-02
 0.44225493968337E-02
 0.41798930219190E-02
 0.39561596022185E-02
 0.37490818391239E-02
 0.35585618366486E-02
 0.33801652725283E-02
 0.32154281440675E-02
 0.30612614199311E-02
 0.29170311361094E-02
 0.27830807814818E-02
 0.26578191496953E-02
 0.25403209166436E-02
 0.24303335810056E-02
 0.23272426702367E-02
 0.22299550248806E-02
 0.21382858716152E-02
