 0.16431646807701E+00
 0.16431646807697E+00
 0.16431646807651E+00
 0.16431646810801E+00
 0.16431646927820E+00
 0.16431648034878E+00
 0.16431652778927E+00
 0.16431665760846E+00
 0.16431691794082E+00
 0.16431734131211E+00
 0.16431793132813E+00
 0.16431865782926E+00
 0.16431946442413E+00
 0.16432025101541E+00
 0.16432091231065E+00
 0.16432125158807E+00
 0.16432107242630E+00
 0.16432006852852E+00
 0.16431780151773E+00
 0.16431366403740E+00
 0.16429055210857E+00
 0.16427498963805E+00
 0.16425323212807E+00
 0.16422308903765E+00
 0.16418179915374E+00
 0.16412606492492E+00
 0.16405195723373E+00
 0.16395529454043E+00
 0.16383006132908E+00
 0.16367296482034E+00
 0.16347768061787E+00
 0.16323920347762E+00
 0.16295199473789E+00
 0.16261110817073E+00
 0.16221248134800E+00
 0.16175175690613E+00
 0.16122547265775E+00
 0.16062968229279E+00
 0.15996304163056E+00
 0.15922322784806E+00
 0.15840618246840E+00
 0.15751097071718E+00
 0.15653512756622E+00
 0.15547542949945E+00
 0.15432783854483E+00
 0.15308919442383E+00
 0.15175610488458E+00
 0.15032218169431E+00
 0.14878045656352E+00
 0.14712350559891E+00
 0.14534701193295E+00
 0.14343410980550E+00
 0.14138062050658E+00
 0.13916881067146E+00
 0.13677771802812E+00
 0.13419308938175E+00
 0.13138426058933E+00
 0.12831057069650E+00
 0.12490495300253E+00
 0.12111976428010E+00
 0.11676483315530E+00
 0.11153988414451E+00
