 0.25955948765236E+10
 0.25957148730912E+10
 0.25959148576897E+10
 0.25961948734867E+10
 0.25965548504590E+10
 0.25969948552159E+10
 0.25975148633276E+10
 0.25981148473157E+10
 0.25987948407824E+10
 0.25995548376198E+10
 0.26003948332224E+10
 0.26013148405619E+10
 0.26023148128028E+10
 0.26033948043886E+10
 0.26045548128155E+10
 0.26057948057518E+10
 0.26071148203574E+10
 0.26085148458124E+10
 0.26099948670629E+10
 0.26115549179636E+10
 0.26131949756563E+10
 0.26149150789541E+10
 0.26167152076838E+10
 0.26185953550511E+10
 0.26205555770915E+10
 0.26225958106811E+10
 0.26247161603510E+10
 0.26269165819770E+10
 0.26291970130904E+10
 0.26315575989274E+10
 0.26339982479092E+10
 0.26365189935952E+10
 0.26391198402450E+10
 0.26418008015642E+10
 0.26445617737602E+10
 0.26474029524927E+10
 0.26503241016220E+10
 0.26533253248694E+10
 0.26564065595742E+10
 0.26595677633626E+10
 0.26628090033781E+10
 0.26661301768329E+10
 0.26695310341295E+10
 0.26730120298151E+10
 0.26765725247592E+10
 0.26802127937394E+10
 0.26839326359835E+10
 0.26877319286698E+10
 0.26916107288961E+10
 0.26955687722805E+10
 0.26996057752112E+10
 0.27037217457831E+10
 0.27079165417987E+10
 0.27121900511136E+10
 0.27165419256310E+10
 0.27209720268961E+10
 0.27254799207824E+10
 0.27300655857248E+10
 0.27347286486310E+10
 0.27394688203647E+10
 0.27442860514057E+10
 0.27491795093082E+10
 0.27541487589009E+10
 0.27591939884025E+10
 0.27643139392627E+10
 0.27695086732650E+10
 0.27747777813112E+10
 0.27801214421080E+10
 0.27855375288177E+10
 0.27910261017086E+10
 0.27965867461455E+10
 0.28022191621909E+10
 0.28079224514878E+10
 0.28136941748009E+10
 0.28195361443681E+10
 0.28254458932324E+10
 0.28314248841491E+10
 0.28374705832804E+10
 0.28435803984345E+10
 0.28497578762976E+10
 0.28559985109498E+10
 0.28622995095031E+10
 0.28686665837184E+10
 0.28750933021359E+10
 0.28815790918567E+10
 0.28881274839403E+10
 0.28947299130530E+10
 0.29013926248513E+10
 0.29081075648830E+10
 0.29148779211685E+10
 0.29217009491300E+10
 0.29285775579781E+10
 0.29355033783243E+10
 0.29424746893328E+10
 0.29494970350166E+10
 0.29565685218156E+10
 0.29636788006566E+10
 0.29708332783489E+10
 0.29780297028637E+10
 0.29852655805836E+10
 0.29925387015743E+10
 0.29998506567230E+10
 0.30071926764291E+10
 0.30145705816762E+10
 0.30219754912095E+10
 0.30294136804064E+10
 0.30368700249228E+10
 0.30443533633050E+10
 0.30518664950859E+10
 0.30594007975556E+10
 0.30669407802599E+10
 0.30744948494635E+10
 0.30820759345529E+10
 0.30896593265321E+10
 0.30972475923719E+10
 0.31048499450968E+10
 0.31124404121376E+10
 0.31200468561583E+10
 0.31276342559736E+10
 0.31352233932867E+10
 0.31428049882900E+10
 0.31503759056858E+10
 0.31579255300807E+10
 0.31654698836696E+10
 0.31729817132621E+10
 0.31804544644082E+10
 0.31879304548913E+10
 0.31953544969314E+10
 0.32027400426506E+10
 0.32101166118499E+10
 0.32174513499336E+10
 0.32247234598061E+10
 0.32319681850718E+10
 0.32391522737371E+10
 0.32463216576484E+10
 0.32534244151356E+10
 0.32605044928961E+10
 0.32675260759440E+10
 0.32745257445098E+10
 0.32815081923050E+10
 0.32884561134773E+10
 0.32953862064875E+10
 0.33023514553064E+10
 0.33093204047072E+10
 0.33163182622877E+10
 0.33233853268008E+10
 0.33305577565228E+10
 0.33378169066983E+10
 0.33452294545493E+10
 0.33528042536154E+10
 0.33605965123039E+10
 0.33685789404486E+10
 0.33767952431847E+10
 0.33852112749537E+10
 0.33938522085066E+10
 0.34027198555249E+10
 0.34117783126233E+10
 0.34210337040338E+10
 0.34304622469136E+10
 0.34400559357057E+10
 0.34498093011029E+10
 0.34597246507358E+10
 0.34697974334994E+10
 0.34799909253082E+10
 0.34903618739547E+10
 0.35008851991893E+10
 0.35115350596099E+10
 0.35223426681911E+10
 0.35332881179475E+10
 0.35443668099278E+10
 0.35555864508748E+10
 0.35669483330170E+10
 0.35784406126632E+10
 0.35900726099609E+10
 0.36018361933397E+10
 0.36137167242714E+10
 0.36257238981287E+10
 0.36378656809479E+10
 0.36501228161624E+10
 0.36624941015605E+10
 0.36749784517171E+10
 0.36876063879987E+10
 0.37003333521103E+10
 0.37131604392657E+10
 0.37261232647381E+10
 0.37391808182753E+10
 0.37523563018666E+10
 0.37656325894428E+10
 0.37790074114730E+10
 0.37925158349898E+10
 0.38061073918294E+10
 0.38198090980112E+10
 0.38336225652081E+10
 0.38475198500109E+10
 0.38615257891250E+10
 0.38756338961172E+10
 0.38898377210902E+10
 0.39041502058425E+10
 0.39185510296102E+10
 0.39330547971318E+10
