 0.21140089951492E+08
 0.21140089951487E+08
 0.21140089951416E+08
 0.21140089951002E+08
 0.21140089949331E+08
 0.21140089944668E+08
 0.21140090048753E+08
 0.21140090529864E+08
 0.21140092253790E+08
 0.21140096868176E+08
 0.21140107191162E+08
 0.21140126663459E+08
 0.21140160645055E+08
 0.21140214944603E+08
 0.21140295299878E+08
 0.21140410022556E+08
 0.21140565507619E+08
 0.21140768968175E+08
 0.21141027356041E+08
 0.21141347827325E+08
 0.21141740617157E+08
 0.21142204981637E+08
 0.21142751685268E+08
 0.21143385309448E+08
 0.21144113871425E+08
 0.21144942284784E+08
 0.21145879314211E+08
 0.21146919255286E+08
 0.21148073421057E+08
 0.21149351014304E+08
 0.21150763711540E+08
 0.21152300079429E+08
 0.21153981039135E+08
 0.21155817688297E+08
 0.21157790311636E+08
 0.21159929555474E+08
 0.21162230693992E+08
 0.21164718046495E+08
 0.21167369686619E+08
 0.21170184906474E+08
 0.21173241504826E+08
 0.21176475776924E+08
 0.21179900254006E+08
 0.21183535008512E+08
 0.21187419323768E+08
 0.21191511771719E+08
 0.21195787221762E+08
 0.21200286596427E+08
 0.21205036707741E+08
 0.21210024369458E+08
 0.21215209747420E+08
 0.21220644406531E+08
 0.21226287219598E+08
 0.21232167341435E+08
 0.21238301895186E+08
 0.21244655107048E+08
 0.21251211519769E+08
 0.21258049644717E+08
 0.21265070865608E+08
 0.21272238923045E+08
 0.21279849468390E+08
 0.21287452126198E+08
 0.21295280257534E+08
 0.21303458973495E+08
 0.21311650832282E+08
 0.21320290746121E+08
 0.21328995936757E+08
 0.21337621460810E+08
 0.21346688786960E+08
 0.21355749688559E+08
 0.21365264482447E+08
 0.21374832648543E+08
 0.21384220623356E+08
 0.21394263588941E+08
 0.21404075885825E+08
 0.21414248180210E+08
 0.21424464695341E+08
 0.21435013795645E+08
 0.21445191054023E+08
 0.21455936255435E+08
 0.21466631810363E+08
 0.21477386526464E+08
 0.21488151234724E+08
 0.21499077421179E+08
 0.21510509421007E+08
 0.21521616176604E+08
 0.21532773520273E+08
 0.21544337934375E+08
 0.21555951551440E+08
 0.21567836525281E+08
 0.21579268954163E+08
 0.21590772699670E+08
 0.21602843591746E+08
 0.21615204677310E+08
 0.21626973909946E+08
 0.21638698259791E+08
 0.21651357067662E+08
 0.21663485696178E+08
 0.21675985373062E+08
 0.21688463135883E+08
 0.21701458337814E+08
 0.21714102163196E+08
 0.21726839019616E+08
 0.21740085073002E+08
 0.21753806768539E+08
 0.21767318470514E+08
 0.21780596102863E+08
 0.21795065418509E+08
 0.21809459816567E+08
 0.21823622876355E+08
 0.21837867539137E+08
 0.21852955990720E+08
 0.21868235143692E+08
 0.21884132086516E+08
 0.21900897867292E+08
 0.21917407867109E+08
 0.21934494006361E+08
 0.21952271546348E+08
 0.21971043820869E+08
 0.21990366398690E+08
 0.22010237500937E+08
 0.22030671253951E+08
 0.22053260105914E+08
 0.22077038828071E+08
 0.22101353266101E+08
 0.22126679508360E+08
 0.22153522142718E+08
 0.22183435955554E+08
 0.22215076734652E+08
 0.22248406428238E+08
 0.22284625572896E+08
 0.22324729811365E+08
 0.22367051565941E+08
 0.22414096639495E+08
 0.22466448316342E+08
 0.22522676152077E+08
 0.22586780069987E+08
 0.22657648814683E+08
 0.22736908590976E+08
 0.22824913555603E+08
 0.22923476931955E+08
 0.23035965061927E+08
 0.23163335211267E+08
 0.23307202890171E+08
 0.23471465433785E+08
 0.23656427196715E+08
 0.23867958365597E+08
 0.24105339840009E+08
 0.24373509898887E+08
 0.24673697466383E+08
 0.24999603902803E+08
 0.25357737182370E+08
 0.25745255141547E+08
 0.26149012809821E+08
 0.26570735148611E+08
 0.26997050554233E+08
 0.27424097174448E+08
 0.27842387233850E+08
 0.28248432080849E+08
 0.28633456506879E+08
 0.28994201137950E+08
 0.29329377631118E+08
 0.29635817882181E+08
 0.29911543369440E+08
 0.30155759208300E+08
 0.30370464791476E+08
 0.30554761752508E+08
 0.30709788904982E+08
 0.30836814315250E+08
 0.30936635013968E+08
 0.31010399396796E+08
 0.31060416646257E+08
 0.31087191420852E+08
 0.31092164724162E+08
 0.31077056922475E+08
 0.31042839756651E+08
 0.30991171946109E+08
 0.30922709267478E+08
 0.30839093550529E+08
 0.30740516237048E+08
 0.30630105632027E+08
 0.30506377448671E+08
 0.30372073170869E+08
 0.30225661785724E+08
 0.30071076482240E+08
 0.29906389232044E+08
 0.29735185876431E+08
 0.29555417726457E+08
 0.29369252932530E+08
 0.29176023265432E+08
 0.28977870463074E+08
 0.28773296790883E+08
 0.28564217130523E+08
 0.28351027410362E+08
 0.28134739424066E+08
 0.27915655557036E+08
 0.27692683606824E+08
 0.27466183651133E+08
 0.27237370596434E+08
 0.27007835809378E+08
 0.26775811861885E+08
 0.26543116881575E+08
 0.26307160720353E+08
 0.26072320633320E+08
 0.25834333530159E+08
 0.25598411360947E+08
 0.25360488074123E+08
 0.25122094483793E+08
 0.24884173094983E+08
 0.24646799610851E+08
 0.24409164145870E+08
 0.24171849944185E+08
 0.23933492532031E+08
 0.23698510583668E+08
 0.23463558870147E+08
 0.23229147139406E+08
 0.22995959306634E+08
 0.22762972289717E+08
 0.22532860182423E+08
 0.22302136886465E+08
 0.22074037274927E+08
 0.21846160775101E+08
 0.21618820587262E+08
 0.21394838359762E+08
 0.21171016263199E+08
 0.20950640817016E+08
 0.20730596251723E+08
 0.20512700788711E+08
 0.20295477888979E+08
 0.20080961685090E+08
 0.19869182079146E+08
 0.19657280516820E+08
 0.19447327340018E+08
 0.19240039316041E+08
 0.19032853515445E+08
 0.18830177430329E+08
 0.18628034597708E+08
 0.18428472964427E+08
 0.18228884339379E+08
 0.18032789438348E+08
 0.17839284594303E+08
 0.17645721756857E+08
 0.17455757364016E+08
 0.17267245503183E+08
 0.17079939943632E+08
 0.16895754263898E+08
 0.16712224305795E+08
 0.16530963424239E+08
 0.16352208848598E+08
 0.16174379338511E+08
 0.16000244752399E+08
 0.15825625026664E+08
 0.15654732240353E+08
 0.15485125037529E+08
 0.15317146677945E+08
 0.15151452393255E+08
 0.14987133657283E+08
 0.14824543159882E+08
 0.14664879855527E+08
 0.14505093647572E+08
 0.14349515677829E+08
 0.14193356631881E+08
 0.14040696414295E+08
 0.13889129380562E+08
 0.13739715947394E+08
 0.13591389981231E+08
 0.13444639143530E+08
 0.13299786667844E+08
 0.13157303115681E+08
 0.13016344773773E+08
 0.12876480172480E+08
 0.12738681966363E+08
 0.12601928859812E+08
 0.12466966805879E+08
 0.12334099678651E+08
 0.12202378951895E+08
 0.12072231282599E+08
 0.11944762138598E+08
 0.11817085989812E+08
 0.11691506072867E+08
 0.11567541461642E+08
 0.11445210687335E+08
 0.11324401662225E+08
 0.11204861786935E+08
 0.11086946090778E+08
 0.10969781447593E+08
 0.10854984841162E+08
 0.10740789338286E+08
 0.10628634656376E+08
 0.10517828986922E+08
 0.10407084466933E+08
 0.10299805317441E+08
 0.10192178423662E+08
 0.10086500303556E+08
 0.99818644249688E+07
 0.98785995078141E+07
 0.97761439295447E+07
 0.96752316929677E+07
 0.95757834596761E+07
 0.94771139478965E+07
