 0.10189891284960E+00
 0.10189891284961E+00
 0.10189891284978E+00
 0.10189891285078E+00
 0.10189891285480E+00
 0.10189891286596E+00
 0.10189891261479E+00
 0.10189891145551E+00
 0.10189890729667E+00
 0.10189889613228E+00
 0.10189887143490E+00
 0.10189882427009E+00
 0.10189874224936E+00
 0.10189861153008E+00
 0.10189841759471E+00
 0.10189814120847E+00
 0.10189776655708E+00
 0.10189727643064E+00
 0.10189665363912E+00
 0.10189588100664E+00
 0.10189493448584E+00
 0.10189381511264E+00
 0.10189249727474E+00
 0.10189096840083E+00
 0.10188921002273E+00
 0.10188720821059E+00
 0.10188494063060E+00
 0.10188241854194E+00
 0.10187961154389E+00
 0.10187649376348E+00
 0.10187303128072E+00
 0.10186924538149E+00
 0.10186508022729E+00
 0.10186050024257E+00
 0.10185554706176E+00
 0.10185013790859E+00
 0.10184427966138E+00
 0.10183790999695E+00
 0.10183108097995E+00
 0.10182379811749E+00
 0.10181588135025E+00
 0.10180750083105E+00
 0.10179866284526E+00
 0.10178932721351E+00
 0.10177944926755E+00
 0.10176917782346E+00
 0.10175864062478E+00
 0.10174781268304E+00
 0.10173672088815E+00
 0.10172549711383E+00
 0.10171434350647E+00
 0.10170327730314E+00
 0.10169252455943E+00
 0.10168218020938E+00
 0.10167235798448E+00
 0.10166333925600E+00
 0.10165532308151E+00
 0.10164834186681E+00
 0.10164280951101E+00
 0.10163904582802E+00
 0.10163659785367E+00
 0.10163670866888E+00
 0.10163907910996E+00
 0.10164367927947E+00
 0.10165148488586E+00
 0.10166181875474E+00
 0.10167574297926E+00
 0.10169378768984E+00
 0.10171513496685E+00
 0.10174093925424E+00
 0.10177056319737E+00
 0.10180506334584E+00
 0.10184506795686E+00
 0.10188929816134E+00
 0.10193963853860E+00
 0.10199523051701E+00
 0.10205689899811E+00
 0.10212447058428E+00
 0.10219912959739E+00
 0.10227969767732E+00
 0.10236730438761E+00
 0.10246192107188E+00
 0.10256377323947E+00
 0.10267272729884E+00
 0.10278860101644E+00
 0.10291201493232E+00
 0.10304253056526E+00
 0.10317972301240E+00
 0.10332331186561E+00
 0.10347240817022E+00
 0.10362618466069E+00
 0.10378286327071E+00
 0.10393970451398E+00
 0.10409282529288E+00
 0.10423642159112E+00
 0.10436011187303E+00
 0.10444622166867E+00
 0.10446128464933E+00
 0.10432807198079E+00
 0.10384444402957E+00
 0.10252444500019E+00
 0.99780160629331E-01
 0.96466697924956E-01
 0.93499711781747E-01
 0.91042271388936E-01
 0.89037046922686E-01
 0.87373469772873E-01
 0.85945973457071E-01
 0.84719765537989E-01
 0.83650607378142E-01
 0.82704311069784E-01
 0.81851031350188E-01
 0.81082390376850E-01
 0.80382788727667E-01
 0.79742429226810E-01
 0.79161419433687E-01
 0.78628972495713E-01
 0.78139788006121E-01
 0.77689344664944E-01
 0.77276710300029E-01
 0.76899073515915E-01
 0.76554093297495E-01
 0.76235216049355E-01
 0.75944372912277E-01
 0.75681487667149E-01
 0.75443989102567E-01
 0.75229942702477E-01
 0.75035591107393E-01
 0.74862897058571E-01
 0.74711248876669E-01
 0.74578345919909E-01
 0.74462697868151E-01
 0.74365795516392E-01
 0.74285067174459E-01
 0.74219955297812E-01
 0.74171192383083E-01
 0.74136624284925E-01
 0.74116596432178E-01
 0.74110660692325E-01
 0.74118210618319E-01
 0.74138676367482E-01
 0.74171789252501E-01
 0.74217160381028E-01
 0.74274240581169E-01
 0.74343031698423E-01
 0.74422616625624E-01
 0.74513452975074E-01
 0.74614601755374E-01
 0.74726363401418E-01
 0.74848511194306E-01
 0.74979118391746E-01
 0.75119984659092E-01
 0.75271621277201E-01
 0.75430786761436E-01
 0.75599878593136E-01
 0.75776821835860E-01
 0.75962982558833E-01
 0.76156727227146E-01
 0.76359744473808E-01
 0.76569954309197E-01
 0.76787885495306E-01
 0.77014315220334E-01
 0.77248168921740E-01
 0.77489555567748E-01
 0.77737425115547E-01
 0.77993520975857E-01
 0.78256344305694E-01
 0.78526177290088E-01
 0.78803291841946E-01
 0.79086984351088E-01
 0.79375884089279E-01
 0.79673502935728E-01
 0.79977038464445E-01
 0.80285030980174E-01
 0.80601354226208E-01
 0.80924563183360E-01
 0.81250559767783E-01
 0.81585038824830E-01
 0.81924568816148E-01
 0.82272228964109E-01
 0.82620582094836E-01
 0.82977815734530E-01
 0.83339218316272E-01
 0.83710462293514E-01
 0.84082026456548E-01
 0.84463266384663E-01
 0.84845101023760E-01
 0.85235592560234E-01
 0.85629377438915E-01
 0.86030326890880E-01
 0.86433950021208E-01
 0.86845695262246E-01
 0.87262090734437E-01
 0.87682846153836E-01
 0.88107520144992E-01
 0.88535098387429E-01
 0.88969532044038E-01
 0.89410164642959E-01
 0.89855056300915E-01
 0.90302209485627E-01
