 0.35172473832405E+01
 0.35172473832405E+01
 0.35172473832405E+01
 0.35172473832405E+01
 0.35172473832405E+01
 0.35172473832405E+01
 0.35172473832405E+01
 0.35172473832405E+01
 0.35172473832405E+01
 0.35172473355199E+01
 0.35172494853538E+01
 0.35172464520117E+01
 0.35172442927179E+01
 0.35172457325827E+01
 0.35172428048518E+01
 0.35172440253569E+01
 0.35172432470528E+01
 0.35172466664678E+01
 0.35172454076261E+01
 0.35172431366911E+01
 0.35172443199566E+01
 0.35172464710992E+01
 0.35172457069793E+01
 0.35172407318903E+01
 0.35172393730532E+01
 0.35172432836683E+01
 0.35172432469745E+01
 0.35172445403007E+01
 0.35172394865059E+01
 0.35172420118352E+01
 0.35172502431035E+01
 0.35172443144651E+01
 0.35172568051469E+01
 0.35172584883966E+01
 0.35172463359959E+01
 0.35172671053960E+01
 0.35172577404750E+01
 0.35172536550792E+01
 0.35172755590664E+01
 0.35172534854093E+01
 0.35172448797499E+01
 0.35172685536018E+01
 0.35172517087998E+01
 0.35172767647303E+01
 0.35172924370212E+01
 0.35172911618500E+01
 0.35172916821638E+01
 0.35172777295876E+01
 0.35172581626746E+01
 0.35172903517266E+01
 0.35172585061451E+01
 0.35172986974402E+01
 0.35172795347777E+01
 0.35172720533095E+01
 0.35172732709046E+01
 0.35173016866186E+01
 0.35172162635646E+01
 0.35172514284055E+01
 0.35172984407797E+01
 0.35172865491622E+01
 0.35173013375848E+01
 0.35172975424141E+01
 0.35172201232677E+01
 0.35172899584623E+01
 0.35171899271847E+01
 0.35172928285762E+01
 0.35172993998768E+01
 0.35171636945286E+01
 0.35173022560494E+01
 0.35171995590800E+01
 0.35172820017099E+01
 0.35172714891003E+01
 0.35172450273137E+01
 0.35172826916187E+01
 0.35172103225518E+01
 0.35173060000569E+01
 0.35172753153494E+01
 0.35172134527272E+01
 0.35172088333208E+01
 0.35172084964387E+01
 0.35172333287873E+01
 0.35172526524728E+01
 0.35172999610791E+01
 0.35172624477202E+01
 0.35172593764600E+01
 0.35173293150169E+01
 0.35172493383679E+01
 0.35172085641982E+01
 0.35172583463793E+01
 0.35172861859031E+01
 0.35173621267589E+01
 0.35173872308333E+01
 0.35173263052340E+01
 0.35174394785508E+01
 0.35173794386592E+01
 0.35174399429983E+01
 0.35174583484270E+01
 0.35174542317181E+01
 0.35176131963137E+01
 0.35176715384622E+01
 0.35176537709200E+01
 0.35177291065101E+01
 0.35178180754786E+01
 0.35178770777496E+01
 0.35179397151540E+01
 0.35180728256523E+01
 0.35181132867963E+01
 0.35181400510440E+01
 0.35182141062533E+01
 0.35183107555154E+01
 0.35185134368799E+01
 0.35185420300066E+01
 0.35187064526084E+01
 0.35187300843446E+01
 0.35188311715682E+01
 0.35190123923697E+01
 0.35190840257873E+01
 0.35192526910536E+01
 0.35193765648973E+01
 0.35195354806608E+01
 0.35196718435558E+01
 0.35198505379210E+01
 0.35200107115511E+01
 0.35201461424618E+01
 0.35203688486392E+01
 0.35205527748163E+01
 0.35207481665684E+01
 0.35208789588690E+01
 0.35211940696002E+01
 0.35213435729684E+01
 0.35216532325713E+01
 0.35218646738338E+01
 0.35219505667347E+01
 0.35222636681149E+01
 0.35224725909485E+01
 0.35227233972804E+01
 0.35230065719844E+01
 0.35232104591157E+01
 0.35234891332774E+01
 0.35237080390695E+01
 0.35240402688781E+01
 0.35242021186603E+01
 0.35245264612436E+01
 0.35247964713172E+01
 0.35249457533560E+01
 0.35252884031299E+01
 0.35254286961271E+01
 0.35258009201004E+01
 0.35259360536980E+01
 0.35261478456688E+01
 0.35265267718413E+01
 0.35266792881968E+01
 0.35269569683041E+01
 0.35271529587401E+01
 0.35273258325787E+01
 0.35275071073322E+01
 0.35276282533049E+01
 0.35278288771132E+01
 0.35280678953191E+01
 0.35281936569942E+01
 0.35283446259477E+01
 0.35283739849713E+01
 0.35284977403984E+01
 0.35285824815544E+01
 0.35287277875223E+01
 0.35286979540490E+01
 0.35287023357711E+01
 0.35287125125019E+01
 0.35287207039302E+01
 0.35287151268868E+01
 0.35286610557138E+01
 0.35286101033395E+01
 0.35284623538640E+01
 0.35283370359594E+01
 0.35281436335998E+01
 0.35280532363541E+01
 0.35278961748114E+01
 0.35276987954086E+01
 0.35274416887990E+01
 0.35272238523224E+01
 0.35268842039068E+01
 0.35265977409737E+01
 0.35261971155302E+01
 0.35258654574488E+01
 0.35253750317022E+01
 0.35249659310262E+01
 0.35244923773180E+01
 0.35240140193602E+01
 0.35234647745034E+01
 0.35230553136855E+01
 0.35224285623586E+01
 0.35218117532431E+01
 0.35212406793230E+01
 0.35204063962342E+01
 0.35198080943765E+01
 0.35190788751458E+01
 0.35182405643369E+01
 0.35175558058730E+01
 0.35168056970119E+01
 0.35160133493208E+01
