 0.34787160937283E+03
 0.34787161156786E+03
 0.34787162174707E+03
 0.34787165058348E+03
 0.34787171495032E+03
 0.34787184514725E+03
 0.34787209541115E+03
 0.34787254476481E+03
 0.34787327709863E+03
 0.34787435996854E+03
 0.34787583013538E+03
 0.34787768745931E+03
 0.34787992072339E+03
 0.34788245855686E+03
 0.34788527386447E+03
 0.34788822127815E+03
 0.34789127674547E+03
 0.34789435999792E+03
 0.34789738956508E+03
 0.34790031400736E+03
 0.34788706876750E+03
 0.34788547205936E+03
 0.34788334883731E+03
 0.34788065606781E+03
 0.34787730072150E+03
 0.34787322021400E+03
 0.34786814699439E+03
 0.34786227691892E+03
 0.34785523921372E+03
 0.34784656555960E+03
 0.34783568735938E+03
 0.34782271736546E+03
 0.34780660742034E+03
 0.34778649246076E+03
 0.34776259640369E+03
 0.34773319485534E+03
 0.34769776477765E+03
 0.34765473074888E+03
 0.34760393248993E+03
 0.34754451659651E+03
 0.34747287766049E+03
 0.34739026230894E+03
 0.34729503616793E+03
 0.34718574868068E+03
 0.34705995195135E+03
 0.34691793702958E+03
 0.34675958953034E+03
 0.34658254502881E+03
 0.34638504406959E+03
 0.34616654856630E+03
 0.34592741168532E+03
 0.34566524931286E+03
 0.34538042886257E+03
 0.34507139698817E+03
 0.34473657751360E+03
 0.34437671699277E+03
 0.34399124641135E+03
 0.34357702294042E+03
 0.34313616361122E+03
 0.34266936164905E+03
 0.34216593009228E+03
 0.34163956179870E+03
 0.34108167082215E+03
 0.34048674017048E+03
 0.33986483685507E+03
 0.33919981767449E+03
 0.33850274881510E+03
 0.33777711827516E+03
 0.33700348905904E+03
 0.33619411255097E+03
 0.33533166965024E+03
 0.33442685861491E+03
 0.33348406133273E+03
 0.33247215904362E+03
 0.33141674224725E+03
 0.33029461758694E+03
 0.32911037857193E+03
 0.32784951761583E+03
 0.32653188873201E+03
 0.32511486816549E+03
 0.32361619942288E+03
 0.32202050298388E+03
 0.32032238312585E+03
 0.31850371987747E+03
 0.31653678435690E+03
 0.31444121220652E+03
 0.31218277734318E+03
 0.30972566005015E+03
 0.30705823449575E+03
 0.30414042395566E+03
 0.30096571107736E+03
 0.29746041138195E+03
 0.29353093447866E+03
 0.28910098745514E+03
 0.28409260069880E+03
 0.27830244595434E+03
 0.27132922240883E+03
 0.26275167064498E+03
 0.25132033207731E+03
 0.23484640509350E+03
 0.21108125966701E+03
 0.18184742700383E+03
 0.15865343009095E+03
 0.14257281467497E+03
 0.13086709294705E+03
 0.12189509882326E+03
 0.11467502188390E+03
 0.10856371945558E+03
 0.10335008070070E+03
 0.98812410060136E+02
 0.94787823387661E+02
 0.91134067496651E+02
 0.87813097215317E+02
 0.84750547356132E+02
 0.81900458096580E+02
 0.79266421201031E+02
 0.76798252364949E+02
 0.74470813135357E+02
 0.72263308913504E+02
 0.70175117926115E+02
 0.68195112175333E+02
 0.66314288007971E+02
 0.64496031257452E+02
 0.62756485401628E+02
 0.61101253533313E+02
 0.59518070113701E+02
 0.57999203673582E+02
 0.56518568256841E+02
 0.55097067166780E+02
 0.53736149948179E+02
 0.52420253122953E+02
 0.51138835627661E+02
 0.49915702872911E+02
 0.48725890818935E+02
 0.47566828276000E+02
 0.46459496567914E+02
 0.45373585488512E+02
 0.44322589665878E+02
 0.43305143498678E+02
 0.42323469022453E+02
 0.41374768443942E+02
 0.40448354673285E+02
 0.39549455259985E+02
 0.38679987726848E+02
 0.37832136779213E+02
 0.37015137984785E+02
 0.36216017630433E+02
 0.35443230523123E+02
 0.34689268114413E+02
 0.33954051473866E+02
 0.33249947125570E+02
 0.32559834728610E+02
 0.31880786345139E+02
 0.31229649029804E+02
 0.30591579728534E+02
 0.29975054293273E+02
 0.29372509868141E+02
 0.28789377990592E+02
 0.28218012933251E+02
 0.27664961401827E+02
 0.27127090707440E+02
 0.26601138460822E+02
 0.26089624510555E+02
 0.25591315815751E+02
 0.25108122079774E+02
 0.24635127750547E+02
 0.24175083478589E+02
 0.23726789121233E+02
 0.23289141357123E+02
 0.22863047959360E+02
 0.22450182986705E+02
 0.22044028241371E+02
 0.21649003871298E+02
 0.21266652225457E+02
 0.20890761274054E+02
 0.20523247704486E+02
 0.20169088789256E+02
 0.19820369532262E+02
 0.19481209893062E+02
 0.19147634230554E+02
 0.18827703185464E+02
 0.18511937836977E+02
 0.18205152095870E+02
 0.17901445647689E+02
 0.17609780280394E+02
 0.17321120573958E+02
 0.17043299892099E+02
 0.16769066696893E+02
 0.16502696878502E+02
 0.16240895643237E+02
 0.15986875157857E+02
 0.15736422290220E+02
 0.15491909678162E+02
 0.15253314593130E+02
 0.15020670350335E+02
 0.14794377638452E+02
 0.14571798190506E+02
 0.14353278248886E+02
 0.14139816510429E+02
 0.13932282441524E+02
