 0.30964654458033E+03
 0.30964654458037E+03
 0.30964654458102E+03
 0.30964654462233E+03
 0.30964654557380E+03
 0.30964654936996E+03
 0.30964653212187E+03
 0.30964635945314E+03
 0.30964566552944E+03
 0.30964377522814E+03
 0.30963970462043E+03
 0.30963222549500E+03
 0.30961998034977E+03
 0.30960155332246E+03
 0.30957561169795E+03
 0.30954086603502E+03
 0.30949625414718E+03
 0.30944084668710E+03
 0.30937388736144E+03
 0.30929480294607E+03
 0.30918214035715E+03
 0.30907213403462E+03
 0.30894882797044E+03
 0.30881224828946E+03
 0.30866252607345E+03
 0.30849994762567E+03
 0.30832481865056E+03
 0.30813788705569E+03
 0.30793970460792E+03
 0.30773094184236E+03
 0.30751238427189E+03
 0.30728542980770E+03
 0.30705094034845E+03
 0.30681007299236E+03
 0.30656482486921E+03
 0.30631613977931E+03
 0.30606582399021E+03
 0.30581513080963E+03
 0.30556622149143E+03
 0.30532083535919E+03
 0.30507901709289E+03
 0.30484363973364E+03
 0.30461585176280E+03
 0.30439623319266E+03
 0.30418502551315E+03
 0.30398360885437E+03
 0.30379278957945E+03
 0.30361172208497E+03
 0.30343953437895E+03
 0.30327567781176E+03
 0.30311957884897E+03
 0.30296890005955E+03
 0.30282217499428E+03
 0.30267680894445E+03
 0.30252954524534E+03
 0.30237819253257E+03
 0.30221943366029E+03
 0.30204839273991E+03
 0.30186260095958E+03
 0.30165866975733E+03
 0.30142707852566E+03
 0.30117080982052E+03
 0.30088108766422E+03
 0.30055049478503E+03
 0.30017982250660E+03
 0.29975571582230E+03
 0.29927925761321E+03
 0.29874757535847E+03
 0.29814481684074E+03
 0.29747264601188E+03
 0.29671574097202E+03
 0.29587466663529E+03
 0.29494659669082E+03
 0.29390660047725E+03
 0.29276406451026E+03
 0.29149807307837E+03
 0.29010421375209E+03
 0.28856511307109E+03
 0.28688764374757E+03
 0.28503227082021E+03
 0.28300309564262E+03
 0.28077838053322E+03
 0.27834324589344E+03
 0.27567102782688E+03
 0.27272310362745E+03
 0.26950357754947E+03
 0.26596406951707E+03
 0.26204950379060E+03
 0.25772597554489E+03
 0.25292535201715E+03
 0.24761111907419E+03
 0.24166080878872E+03
 0.23491372712496E+03
 0.22720953378226E+03
 0.21836136141337E+03
 0.20797777965231E+03
 0.19527452209830E+03
 0.17931878892633E+03
 0.15785948061336E+03
 0.13212155464741E+03
 0.11047888830198E+03
 0.95892113375266E+02
 0.93203164936210E+02
 0.95238882541413E+02
 0.98452846417065E+02
 0.10177731539006E+03
 0.10491461712066E+03
 0.10783254223388E+03
 0.11048691451454E+03
 0.11290429790614E+03
 0.11512348297213E+03
 0.11719506377060E+03
 0.11912801678546E+03
 0.12095496006248E+03
 0.12269738477742E+03
 0.12434982925426E+03
 0.12593865106658E+03
 0.12747734863513E+03
 0.12897777446722E+03
 0.13043885583199E+03
 0.13186634147611E+03
 0.13326484627683E+03
 0.13466058222555E+03
 0.13604100650069E+03
 0.13739995482930E+03
 0.13874557460247E+03
 0.14008287359140E+03
 0.14143482493539E+03
 0.14278180441525E+03
 0.14412051409824E+03
 0.14546500154058E+03
 0.14682589401010E+03
 0.14817604780003E+03
 0.14954190094972E+03
 0.15092631207610E+03
 0.15230208748918E+03
 0.15370628385733E+03
 0.15512092513058E+03
 0.15654654646831E+03
 0.15797807047822E+03
 0.15941765694745E+03
 0.16088086253894E+03
 0.16235849324702E+03
 0.16384562738546E+03
 0.16535465370551E+03
 0.16686715448705E+03
 0.16840607682405E+03
 0.16995372938997E+03
 0.17152386226879E+03
 0.17311585247634E+03
 0.17470021538771E+03
 0.17631373135202E+03
 0.17796373760980E+03
 0.17960718587780E+03
 0.18127983078291E+03
 0.18295778990739E+03
 0.18466010866397E+03
 0.18636974095065E+03
 0.18810779659308E+03
 0.18985289812274E+03
 0.19161281509969E+03
 0.19339698872846E+03
 0.19519564321897E+03
 0.19701144226898E+03
 0.19883555514958E+03
 0.20068501094029E+03
 0.20254773736376E+03
 0.20442692778670E+03
 0.20632579401233E+03
 0.20823897105396E+03
 0.21015667863950E+03
 0.21210779574766E+03
 0.21407029793916E+03
 0.21603403454910E+03
 0.21802922724335E+03
 0.22004519030909E+03
 0.22205232036600E+03
 0.22409325084377E+03
 0.22614312785309E+03
 0.22822460002401E+03
 0.23028543521179E+03
 0.23238387130442E+03
 0.23448732612740E+03
 0.23663508243665E+03
 0.23876271518041E+03
 0.24093352347166E+03
 0.24308758619534E+03
 0.24527850033587E+03
 0.24747143861075E+03
 0.24969169165572E+03
 0.25191073231476E+03
 0.25416352774431E+03
 0.25642823499201E+03
 0.25870328851060E+03
 0.26098641131585E+03
 0.26327154249954E+03
 0.26558342284581E+03
 0.26791797095269E+03
 0.27026347150067E+03
 0.27260831044962E+03
