 0.10190117950350E+00
 0.10190117950351E+00
 0.10190117950369E+00
 0.10190117950488E+00
 0.10190117950674E+00
 0.10190117949805E+00
 0.10190117931093E+00
 0.10190117807678E+00
 0.10190117391227E+00
 0.10190116291004E+00
 0.10190113840820E+00
 0.10190109115382E+00
 0.10190100936948E+00
 0.10190087884666E+00
 0.10190068355746E+00
 0.10190040841347E+00
 0.10190003238436E+00
 0.10189954069390E+00
 0.10189892002940E+00
 0.10189814658371E+00
 0.10189720167111E+00
 0.10189607794243E+00
 0.10189476015029E+00
 0.10189323182539E+00
 0.10189147492858E+00
 0.10188948340491E+00
 0.10188723759370E+00
 0.10188471645346E+00
 0.10188192653839E+00
 0.10187884919998E+00
 0.10187545624699E+00
 0.10187174555024E+00
 0.10186770616744E+00
 0.10186330335042E+00
 0.10185854312118E+00
 0.10185337093961E+00
 0.10184785861731E+00
 0.10184186371616E+00
 0.10183544585610E+00
 0.10182861564272E+00
 0.10182130080603E+00
 0.10181351634092E+00
 0.10180533886325E+00
 0.10179654624560E+00
 0.10178730882731E+00
 0.10177749542919E+00
 0.10176717568575E+00
 0.10175633273518E+00
 0.10174496178791E+00
 0.10173297126770E+00
 0.10172051256258E+00
 0.10170749304579E+00
 0.10169393102268E+00
 0.10167991362896E+00
 0.10166502179408E+00
 0.10164982194055E+00
 0.10163412718318E+00
 0.10161801320109E+00
 0.10160116387045E+00
 0.10158367291082E+00
 0.10156592464959E+00
 0.10154761992446E+00
 0.10152884829365E+00
 0.10150950392985E+00
 0.10148985728756E+00
 0.10146971694520E+00
 0.10144872264537E+00
 0.10142818122788E+00
 0.10140598026952E+00
 0.10138472423414E+00
 0.10136190405520E+00
 0.10133941167393E+00
 0.10131552495380E+00
 0.10129228709922E+00
 0.10126859784440E+00
 0.10124431174669E+00
 0.10121979885358E+00
 0.10119487039671E+00
 0.10116927744177E+00
 0.10114458320533E+00
 0.10111797211371E+00
 0.10109155595674E+00
 0.10106578081148E+00
 0.10103874464191E+00
 0.10101140626119E+00
 0.10098329365261E+00
 0.10095582914425E+00
 0.10092785150353E+00
 0.10089854871166E+00
 0.10086998510857E+00
 0.10084126575049E+00
 0.10081058025419E+00
 0.10078154830941E+00
 0.10075128433666E+00
 0.10072029665231E+00
 0.10068842236022E+00
 0.10065706718665E+00
 0.10062495380637E+00
 0.10059244843793E+00
 0.10055928017822E+00
 0.10052540757149E+00
 0.10049149948762E+00
 0.10045724519281E+00
 0.10042131213534E+00
 0.10038534565250E+00
 0.10034911314848E+00
 0.10031220481739E+00
 0.10027401937882E+00
 0.10023414683671E+00
 0.10019538293876E+00
 0.10015433311944E+00
 0.10011226010095E+00
 0.10006978695655E+00
 0.10002546128918E+00
 0.99979783760513E-01
 0.99936044080180E-01
 0.99885655414737E-01
 0.99836526366705E-01
 0.99785793555785E-01
 0.99734058338149E-01
 0.99679445175376E-01
 0.99623805797915E-01
 0.99564436477000E-01
 0.99506162637968E-01
 0.99441839346597E-01
 0.99378709630620E-01
 0.99312050219429E-01
 0.99237954737351E-01
 0.99161486964491E-01
 0.99084930040235E-01
 0.99001461852118E-01
 0.98914345852584E-01
 0.98826040264847E-01
 0.98727152716409E-01
 0.98623548554076E-01
 0.98515735476910E-01
 0.98400127395745E-01
 0.98273341979109E-01
 0.98140289630572E-01
 0.97999804216544E-01
 0.97843947106675E-01
 0.97677333322834E-01
 0.97496641527319E-01
 0.97301454336841E-01
 0.97082963004121E-01
 0.96848179979019E-01
 0.96595436022815E-01
 0.96311292681159E-01
 0.95998894329923E-01
 0.95654358607955E-01
 0.95286842972518E-01
 0.94872232485870E-01
 0.94429586389156E-01
 0.93943982325784E-01
 0.93420782231264E-01
 0.92866442118089E-01
 0.92278035252312E-01
 0.91667692796981E-01
 0.91042313959237E-01
 0.90409114793910E-01
 0.89786965809512E-01
 0.89181603823021E-01
 0.88600383985630E-01
 0.88056862559550E-01
 0.87553127119790E-01
 0.87090100028647E-01
 0.86679159111686E-01
 0.86311259384952E-01
 0.85992300387214E-01
 0.85717755045956E-01
 0.85488696827016E-01
 0.85300108402358E-01
 0.85153926191805E-01
 0.85044069668906E-01
 0.84970396823223E-01
 0.84929322930796E-01
 0.84919790840697E-01
 0.84939611053402E-01
 0.84986779988907E-01
 0.85059394560625E-01
 0.85156122184534E-01
 0.85275709398064E-01
 0.85416502536183E-01
 0.85576554706639E-01
 0.85755432648239E-01
 0.85952480227727E-01
 0.86166409293224E-01
 0.86395737262026E-01
 0.86638917863647E-01
 0.86897982533980E-01
 0.87168842793677E-01
 0.87453743867715E-01
 0.87751763653503E-01
 0.88059994410614E-01
 0.88379530280130E-01
 0.88710215852628E-01
 0.89050924589549E-01
 0.89400575119052E-01
 0.89760909345905E-01
 0.90130765500392E-01
