 0.83175735907662E+02
 0.83175735907670E+02
 0.83175735907921E+02
 0.83175735963491E+02
 0.83175737895137E+02
 0.83175756057593E+02
 0.83175836474229E+02
 0.83176061515861E+02
 0.83176532197262E+02
 0.83177345150254E+02
 0.83178578681401E+02
 0.83180289341619E+02
 0.83182513304743E+02
 0.83185272535463E+02
 0.83188576383071E+02
 0.83192422997183E+02
 0.83196809932240E+02
 0.83201722276879E+02
 0.83207140699667E+02
 0.83213050486506E+02
 0.83195008260615E+02
 0.83195544420896E+02
 0.83196182254845E+02
 0.83196933088932E+02
 0.83197812298564E+02
 0.83198823828037E+02
 0.83199984374099E+02
 0.83201309106584E+02
 0.83202795145044E+02
 0.83204463320345E+02
 0.83206331362020E+02
 0.83208405755847E+02
 0.83210697681946E+02
 0.83213233031342E+02
 0.83216013902465E+02
 0.83219076407875E+02
 0.83222385286153E+02
 0.83226024370320E+02
 0.83229969063953E+02
 0.83234214624896E+02
 0.83238811562861E+02
 0.83243754932295E+02
 0.83249004486453E+02
 0.83254688121121E+02
 0.83260718984875E+02
 0.83267167281910E+02
 0.83274007968745E+02
 0.83281247286350E+02
 0.83288897524186E+02
 0.83297008124927E+02
 0.83305507929516E+02
 0.83314448711470E+02
 0.83323827973012E+02
 0.83333608334927E+02
 0.83343999321438E+02
 0.83354739655689E+02
 0.83365918980406E+02
 0.83377517252645E+02
 0.83389698753205E+02
 0.83402418132232E+02
 0.83415515602411E+02
 0.83429135521503E+02
 0.83443255851216E+02
 0.83457941840523E+02
 0.83473080496484E+02
 0.83488785308114E+02
 0.83505238229113E+02
 0.83521840162356E+02
 0.83539622762308E+02
 0.83557360635425E+02
 0.83576279877619E+02
 0.83595498505203E+02
 0.83615873703095E+02
 0.83636450105035E+02
 0.83657787122160E+02
 0.83679979755324E+02
 0.83702901296025E+02
 0.83726657781601E+02
 0.83751396032911E+02
 0.83776438048687E+02
 0.83803151793757E+02
 0.83830544596689E+02
 0.83858480617564E+02
 0.83887902664741E+02
 0.83918385049179E+02
 0.83950228725360E+02
 0.83982765438226E+02
 0.84016622025652E+02
 0.84052243829636E+02
 0.84088691424400E+02
 0.84126430559321E+02
 0.84166454548128E+02
 0.84207008709485E+02
 0.84249581730110E+02
 0.84294018821064E+02
 0.84340484710065E+02
 0.84388294385454E+02
 0.84438196048513E+02
 0.84490101041616E+02
 0.84544219650843E+02
 0.84600677419147E+02
 0.84659218291000E+02
 0.84720059169274E+02
 0.84784111565560E+02
 0.84850498766994E+02
 0.84919564000021E+02
 0.84991552690821E+02
 0.85066999662003E+02
 0.85146335464180E+02
 0.85228022408381E+02
 0.85314180536483E+02
 0.85404297286453E+02
 0.85498192518787E+02
 0.85596908277078E+02
 0.85700352249425E+02
 0.85806640823044E+02
 0.85921554016788E+02
 0.86040306352409E+02
 0.86164916961149E+02
 0.86295295928976E+02
 0.86433185278966E+02
 0.86577505759420E+02
 0.86730686577281E+02
 0.86889495298491E+02
 0.87059881072321E+02
 0.87236480106646E+02
 0.87423841017016E+02
 0.87625643330826E+02
 0.87838394507347E+02
 0.88060884954505E+02
 0.88299743901549E+02
 0.88552900586900E+02
 0.88818705554090E+02
 0.89107524936198E+02
 0.89414871269588E+02
 0.89741003601155E+02
 0.90091259564978E+02
 0.90470959508342E+02
 0.90876109457452E+02
 0.91309719927746E+02
 0.91798430598812E+02
 0.92293038389674E+02
 0.92831999783541E+02
 0.93448318499555E+02
 0.94111132962471E+02
 0.94828989110812E+02
 0.95607057524381E+02
 0.96471225133323E+02
 0.97421030193311E+02
 0.98467575693647E+02
 0.99597430533885E+02
 0.10086308683662E+03
 0.10223147041011E+03
 0.10374076008518E+03
 0.10538785274666E+03
 0.10716726253663E+03
 0.10909873105706E+03
 0.11116671940200E+03
 0.11337049795661E+03
 0.11571092589541E+03
 0.11815152240499E+03
 0.12069392971943E+03
 0.12333329842900E+03
 0.12603256302739E+03
 0.12879413411929E+03
 0.13162399380427E+03
 0.13446064188116E+03
 0.13735392286144E+03
 0.14025624506552E+03
 0.14318815209170E+03
 0.14611969952126E+03
 0.14908207583580E+03
 0.15201640442023E+03
 0.15497584696274E+03
 0.15791985241009E+03
 0.16088508541543E+03
 0.16384028898975E+03
 0.16679726864789E+03
 0.16973653838121E+03
 0.17266711059236E+03
 0.17560514142433E+03
 0.17854736937508E+03
 0.18148405191687E+03
 0.18440114056252E+03
 0.18731759640037E+03
 0.19024021900262E+03
 0.19316129789797E+03
 0.19607304144733E+03
 0.19896677586574E+03
 0.20188133633820E+03
 0.20477249011223E+03
 0.20767683183570E+03
 0.21058895848004E+03
 0.21348349193554E+03
 0.21637876022652E+03
 0.21927829841308E+03
 0.22217527251876E+03
 0.22506414960695E+03
 0.22796467041540E+03
 0.23086942557522E+03
