 0.98445526788544E+00
 0.98445526788544E+00
 0.98445526788544E+00
 0.98445526788544E+00
 0.98445526788544E+00
 0.98445526788544E+00
 0.98445526788544E+00
 0.98445526788544E+00
 0.98445526788544E+00
 0.98445524117202E+00
 0.98445644462219E+00
 0.98445474659539E+00
 0.98445353785076E+00
 0.98445434386831E+00
 0.98445270496311E+00
 0.98445338818560E+00
 0.98445295250129E+00
 0.98445486664520E+00
 0.98445416196184E+00
 0.98445289072232E+00
 0.98445355309864E+00
 0.98445475728037E+00
 0.98445432953585E+00
 0.98445154454734E+00
 0.98445078510554E+00
 0.98445297348158E+00
 0.98445380260766E+00
 0.98445206462217E+00
 0.98445047440052E+00
 0.98445319359170E+00
 0.98445637667700E+00
 0.98444946150169E+00
 0.98446154655988E+00
 0.98446285874512E+00
 0.98445386068607E+00
 0.98446609955717E+00
 0.98445967821076E+00
 0.98445740993570E+00
 0.98447013072209E+00
 0.98446108945926E+00
 0.98445347185220E+00
 0.98446713657664E+00
 0.98445653534770E+00
 0.98447225626627E+00
 0.98447969871615E+00
 0.98448047893188E+00
 0.98447830155976E+00
 0.98447084266961E+00
 0.98446237774541E+00
 0.98447959913035E+00
 0.98446027945030E+00
 0.98448490063615E+00
 0.98447291326273E+00
 0.98446841077262E+00
 0.98446893855522E+00
 0.98448571989673E+00
 0.98443833053815E+00
 0.98445833341940E+00
 0.98448453133132E+00
 0.98447542538347E+00
 0.98448546198341E+00
 0.98448271662471E+00
 0.98444569124032E+00
 0.98447943601652E+00
 0.98442769013264E+00
 0.98448008719181E+00
 0.98448344215120E+00
 0.98440406943844E+00
 0.98448530824533E+00
 0.98442439949338E+00
 0.98447804995511E+00
 0.98446230651971E+00
 0.98445998504274E+00
 0.98447472041623E+00
 0.98442970466604E+00
 0.98448415693540E+00
 0.98446949517953E+00
 0.98443455004633E+00
 0.98442076079011E+00
 0.98442426342054E+00
 0.98443785665004E+00
 0.98443979026840E+00
 0.98447123785255E+00
 0.98444440074314E+00
 0.98444204070467E+00
 0.98447293740626E+00
 0.98443036644557E+00
 0.98440159498105E+00
 0.98441397986080E+00
 0.98443154313189E+00
 0.98447213566125E+00
 0.98446191778573E+00
 0.98441766801572E+00
 0.98447420196514E+00
 0.98442246389550E+00
 0.98444568906527E+00
 0.98443095136572E+00
 0.98441434196944E+00
 0.98447809028122E+00
 0.98447666908850E+00
 0.98442588234611E+00
 0.98443127653831E+00
 0.98444061968891E+00
 0.98444052978355E+00
 0.98446825574504E+00
 0.98446840738076E+00
 0.98445944417448E+00
 0.98441678538220E+00
 0.98440872628983E+00
 0.98444707929749E+00
 0.98449312447057E+00
 0.98445822890984E+00
 0.98449607857985E+00
 0.98445024978461E+00
 0.98447434636158E+00
 0.98448583931918E+00
 0.98449282403385E+00
 0.98448776239574E+00
 0.98448892601021E+00
 0.98450748955134E+00
 0.98452845854010E+00
 0.98452751835568E+00
 0.98453284132846E+00
 0.98457845802236E+00
 0.98460471273832E+00
 0.98459002630851E+00
 0.98462966523303E+00
 0.98462805306809E+00
 0.98471064503096E+00
 0.98474131408801E+00
 0.98471823435238E+00
 0.98477188927926E+00
 0.98479144059541E+00
 0.98482715419306E+00
 0.98483397934495E+00
 0.98488900018916E+00
 0.98499028271707E+00
 0.98496295198439E+00
 0.98506338916667E+00
 0.98504451125914E+00
 0.98509190228135E+00
 0.98514832622201E+00
 0.98519810006341E+00
 0.98524075198405E+00
 0.98520548290806E+00
 0.98531006023815E+00
 0.98530776727756E+00
 0.98530987179373E+00
 0.98535667466339E+00
 0.98537518055955E+00
 0.98535277723356E+00
 0.98540157328232E+00
 0.98540343592664E+00
 0.98541174606186E+00
 0.98538903177507E+00
 0.98541689228250E+00
 0.98536965127995E+00
 0.98538252072279E+00
 0.98531190010549E+00
 0.98526250712221E+00
 0.98522225754405E+00
 0.98520947641679E+00
 0.98518528174624E+00
 0.98510210566875E+00
 0.98499387712777E+00
 0.98491553045600E+00
 0.98486644413382E+00
 0.98477084467051E+00
 0.98464946853275E+00
 0.98451463792328E+00
 0.98440083459382E+00
 0.98425546332660E+00
 0.98411725046474E+00
 0.98398866380785E+00
 0.98382338189378E+00
 0.98368871343057E+00
 0.98350084929188E+00
 0.98324306616251E+00
 0.98306830870776E+00
 0.98285525818799E+00
 0.98256111401335E+00
 0.98234447372231E+00
 0.98203660461180E+00
 0.98175692096162E+00
 0.98154384719269E+00
 0.98117235683120E+00
 0.98091033675772E+00
 0.98053354018112E+00
 0.98017170567778E+00
 0.97982275919535E+00
 0.97951316880466E+00
 0.97905041035595E+00
 0.97872300681849E+00
 0.97824030340408E+00
 0.97782002760014E+00
 0.97739700847900E+00
 0.97688586428809E+00
 0.97638669690150E+00
 0.97593014083707E+00
 0.97546123890764E+00
 0.97492358946193E+00
 0.97445119172488E+00
 0.97391258022996E+00
 0.97330864244300E+00
 0.97270877924982E+00
 0.97214138048189E+00
 0.97154560427347E+00
 0.97092289508325E+00
 0.97027937736764E+00
 0.96963466705228E+00
 0.96904938308007E+00
 0.96836006174102E+00
 0.96756879167559E+00
 0.96685957624801E+00
 0.96626662150246E+00
 0.96545269136943E+00
 0.96468210864221E+00
 0.96396213001966E+00
 0.96321525627070E+00
 0.96249163066504E+00
 0.96164633865370E+00
 0.96079948800086E+00
 0.96003979174152E+00
 0.95912252369292E+00
 0.95830840184263E+00
 0.95742400567554E+00
 0.95653262111707E+00
 0.95567977926755E+00
 0.95479317429032E+00
 0.95394959302162E+00
 0.95296760089639E+00
 0.95209965789951E+00
 0.95110136467627E+00
 0.95019911810941E+00
 0.94915407087700E+00
 0.94819951052802E+00
 0.94720806936026E+00
 0.94621135247346E+00
 0.94516217710648E+00
 0.94419663951986E+00
 0.94323092324104E+00
 0.94204117846811E+00
 0.94108024864042E+00
 0.94004058184901E+00
 0.93901112837984E+00
 0.93786782838500E+00
 0.93679147735582E+00
 0.93566944552830E+00
 0.93464714820476E+00
 0.93347333693854E+00
 0.93232220863172E+00
 0.93117054749625E+00
 0.93010368981362E+00
 0.92891894941686E+00
 0.92775227613455E+00
 0.92655635414040E+00
 0.92542735164880E+00
 0.92431190745035E+00
 0.92311528374530E+00
 0.92181033007060E+00
 0.92066363615644E+00
 0.91944985529233E+00
 0.91821936963236E+00
 0.91708647303071E+00
 0.91577384950661E+00
 0.91455934317500E+00
 0.91338660562852E+00
 0.91206735633582E+00
 0.91079970242714E+00
 0.90963465845649E+00
 0.90835804321498E+00
 0.90709033238381E+00
 0.90575146745560E+00
 0.90446649282931E+00
 0.90324101063291E+00
 0.90189752354863E+00
 0.90063897871504E+00
 0.89935751142784E+00
 0.89806878835957E+00
 0.89676049607330E+00
 0.89542253334207E+00
 0.89406158207236E+00
 0.89281014227495E+00
 0.89137592627423E+00
 0.89004500646014E+00
 0.88880243076042E+00
 0.88733061593066E+00
 0.88607918293058E+00
 0.88479086046485E+00
 0.88334751385343E+00
 0.88206462765573E+00
 0.88076401545149E+00
 0.87931400558957E+00
 0.87801289685430E+00
 0.87657451295440E+00
 0.87531918425171E+00
 0.87387029686885E+00
 0.87244442713074E+00
 0.87110314325726E+00
 0.86969098497368E+00
