 0.30964654458033E+03
 0.30964654458037E+03
 0.30964654458102E+03
 0.30964654462233E+03
 0.30964654557380E+03
 0.30964654936996E+03
 0.30964653212187E+03
 0.30964635945306E+03
 0.30964566553023E+03
 0.30964377523013E+03
 0.30963970462729E+03
 0.30963222550610E+03
 0.30961998037204E+03
 0.30960155328955E+03
 0.30957561172693E+03
 0.30954086596657E+03
 0.30949625384515E+03
 0.30944084650501E+03
 0.30937388593962E+03
 0.30929479837710E+03
 0.30918212732767E+03
 0.30907210091028E+03
 0.30894874949234E+03
 0.30881207594485E+03
 0.30866216930504E+03
 0.30849925110816E+03
 0.30832352392052E+03
 0.30813558504469E+03
 0.30793578103260E+03
 0.30772449880494E+03
 0.30750215669582E+03
 0.30726969300906E+03
 0.30702741206640E+03
 0.30677581139421E+03
 0.30651611920095E+03
 0.30624845782075E+03
 0.30597368932557E+03
 0.30569210460076E+03
 0.30540485485232E+03
 0.30511271800891E+03
 0.30481479092073E+03
 0.30451303226129E+03
 0.30420781478702E+03
 0.30389924294962E+03
 0.30358710015391E+03
 0.30327267645784E+03
 0.30295685062117E+03
 0.30263917222036E+03
 0.30231944331047E+03
 0.30199817224386E+03
 0.30167630251016E+03
 0.30135294405904E+03
 0.30102888584312E+03
 0.30070376790531E+03
 0.30037705019257E+03
 0.30004937414218E+03
 0.29972081299302E+03
 0.29938983618081E+03
 0.29905786639661E+03
 0.29872522207224E+03
 0.29838630589737E+03
 0.29804864790139E+03
 0.29770774999081E+03
 0.29736077727570E+03
 0.29701311694802E+03
 0.29665647217515E+03
 0.29629704679533E+03
 0.29593635094163E+03
 0.29556493048690E+03
 0.29518953559782E+03
 0.29480141541141E+03
 0.29440660250578E+03
 0.29400812748633E+03
 0.29359112584924E+03
 0.29316902077493E+03
 0.29273130817219E+03
 0.29228199496356E+03
 0.29181536156674E+03
 0.29134194460842E+03
 0.29084477771220E+03
 0.29033294992019E+03
 0.28980337889296E+03
 0.28925575628724E+03
 0.28868623096299E+03
 0.28808731648892E+03
 0.28747179083503E+03
 0.28683187331465E+03
 0.28615938605050E+03
 0.28545951530170E+03
 0.28472680872331E+03
 0.28397160774684E+03
 0.28318323071210E+03
 0.28235094260308E+03
 0.28147789153817E+03
 0.28057731895451E+03
 0.27963773748689E+03
 0.27863836099477E+03
 0.27760495310509E+03
 0.27651721515124E+03
 0.27538035812718E+03
 0.27418049967100E+03
 0.27293207913025E+03
 0.27162372325043E+03
 0.27024277202892E+03
 0.26878715363246E+03
 0.26726662922594E+03
 0.26567810233391E+03
 0.26398504825098E+03
 0.26221283412918E+03
 0.26035914382228E+03
 0.25841080686261E+03
 0.25634639958680E+03
 0.25417387659755E+03
 0.25187777742339E+03
 0.24944336480882E+03
 0.24689131453724E+03
 0.24419523287086E+03
 0.24134096251226E+03
 0.23831285708713E+03
 0.23511490641056E+03
 0.23173752966806E+03
 0.22816862462949E+03
 0.22435446025189E+03
 0.22031164367050E+03
 0.21605432725293E+03
 0.21156706813311E+03
 0.20682640534786E+03
 0.20177802735161E+03
 0.19647613717953E+03
 0.19094957551317E+03
 0.18521839962879E+03
 0.17918589303704E+03
 0.17313267672848E+03
 0.16700326745684E+03
 0.16092389424187E+03
 0.15513150704853E+03
 0.14966825983807E+03
 0.14475406344529E+03
 0.14050637162913E+03
 0.13701086346389E+03
 0.13428313915441E+03
 0.13227716473519E+03
 0.13094764239662E+03
 0.13021553150221E+03
 0.12999214065691E+03
 0.13019525731450E+03
 0.13075358486312E+03
 0.13159993693293E+03
 0.13268806607113E+03
 0.13397628479828E+03
 0.13540657254297E+03
 0.13698009429212E+03
 0.13867708843770E+03
 0.14044855793898E+03
 0.14230708148926E+03
 0.14422130117146E+03
 0.14619612938046E+03
 0.14821554512202E+03
 0.15028617222044E+03
 0.15238362694139E+03
 0.15451017450100E+03
 0.15667465455811E+03
 0.15886525695143E+03
 0.16107906365188E+03
 0.16330374140611E+03
 0.16555800847360E+03
 0.16782757447338E+03
 0.17011312357565E+03
 0.17241765074498E+03
 0.17473505504265E+03
 0.17705657354692E+03
 0.17940816971410E+03
 0.18176955959972E+03
 0.18412446690642E+03
 0.18650435168232E+03
 0.18890351835545E+03
 0.19129058054388E+03
 0.19370496763920E+03
 0.19612157199930E+03
 0.19856992628296E+03
 0.20098288069864E+03
 0.20343286369521E+03
 0.20587933001589E+03
 0.20837037947236E+03
 0.21083288890940E+03
 0.21333225614668E+03
 0.21580981153856E+03
 0.21831367274798E+03
 0.22082394287413E+03
 0.22334782935345E+03
 0.22587045623889E+03
 0.22841991553321E+03
 0.23097662138436E+03
 0.23353648301279E+03
 0.23609904942275E+03
 0.23865986907460E+03
 0.24123897186920E+03
 0.24384305648845E+03
 0.24644475795779E+03
 0.24904423858766E+03
 0.25166575629704E+03
 0.25427789225156E+03
 0.25693205200950E+03
 0.25956490531363E+03
 0.26223491275516E+03
 0.26488303263988E+03
 0.26755917257352E+03
 0.27024761085355E+03
 0.27293944731788E+03
 0.27562683890740E+03
 0.27834138361185E+03
 0.28106550632495E+03
 0.28380842574867E+03
 0.28653334565036E+03
 0.28927793081817E+03
 0.29203728165479E+03
 0.29479765500389E+03
 0.29757878392954E+03
 0.30035421759813E+03
 0.30315222828068E+03
 0.30594450135945E+03
 0.30876900577453E+03
 0.31160612401372E+03
 0.31443135574267E+03
 0.31728679163889E+03
 0.32012140566938E+03
 0.32298334444054E+03
 0.32584891478586E+03
 0.32873643426852E+03
 0.33161726873323E+03
 0.33450273677282E+03
 0.33742321917490E+03
 0.34034035123466E+03
 0.34326424019012E+03
 0.34622140835393E+03
 0.34914726068271E+03
 0.35210500809200E+03
 0.35505868722274E+03
 0.35805499573447E+03
 0.36103266362090E+03
 0.36401766941068E+03
 0.36703023954882E+03
 0.37003468397004E+03
 0.37305368715264E+03
 0.37609361599119E+03
 0.37911556977516E+03
 0.38217537167456E+03
 0.38524231285583E+03
 0.38830849215368E+03
 0.39140153965938E+03
 0.39446485295285E+03
 0.39758151499629E+03
 0.40067922084313E+03
 0.40379969646740E+03
 0.40692518744423E+03
 0.41005615252391E+03
 0.41320376824050E+03
 0.41636644632891E+03
 0.41951394752460E+03
 0.42270061260953E+03
 0.42587120811455E+03
 0.42908544424010E+03
 0.43228338679396E+03
 0.43548892849088E+03
 0.43869871488751E+03
 0.44193741151463E+03
 0.44518050309960E+03
 0.44843233331250E+03
 0.45168041039817E+03
 0.45495409096871E+03
 0.45823093522235E+03
 0.46151256046967E+03
 0.46481211140035E+03
 0.46813313336517E+03
 0.47144474794716E+03
 0.47475503329120E+03
 0.47810056914485E+03
 0.48142059332958E+03
 0.48478596021142E+03
 0.48815548479683E+03
 0.49152672530113E+03
 0.49490353293052E+03
 0.49829072102428E+03
 0.50168808997430E+03
 0.50510171430982E+03
 0.50852175303445E+03
 0.51192549606700E+03
 0.51536991559937E+03
 0.51880030628489E+03
 0.52224571489424E+03
 0.52573583114883E+03
 0.52917824933243E+03
 0.53267223071922E+03
 0.53614683656547E+03
 0.53964439704312E+03
 0.54316929737293E+03
 0.54666918646536E+03
 0.55020381407992E+03
 0.55373785254364E+03
 0.55728054822605E+03
