 0.25955908804632E+10
 0.25957108867719E+10
 0.25959108782898E+10
 0.25961908750767E+10
 0.25965508759658E+10
 0.25969908781553E+10
 0.25975108684409E+10
 0.25981108744504E+10
 0.25987908512540E+10
 0.25995508468222E+10
 0.26003908375580E+10
 0.26013108378374E+10
 0.26023108181401E+10
 0.26033908244443E+10
 0.26045508102528E+10
 0.26057908284489E+10
 0.26071108166104E+10
 0.26085108520630E+10
 0.26099908757509E+10
 0.26115509269156E+10
 0.26131909874437E+10
 0.26149110691021E+10
 0.26167111911154E+10
 0.26185913529611E+10
 0.26205515646565E+10
 0.26225918185951E+10
 0.26247121341869E+10
 0.26269125428432E+10
 0.26291930275489E+10
 0.26315536171425E+10
 0.26339942142104E+10
 0.26365149567419E+10
 0.26391158481718E+10
 0.26417967340814E+10
 0.26445578640758E+10
 0.26473989071926E+10
 0.26503199809355E+10
 0.26533211616150E+10
 0.26564022631753E+10
 0.26595634800255E+10
 0.26628044787159E+10
 0.26661253061531E+10
 0.26695258698093E+10
 0.26730061260191E+10
 0.26765659549718E+10
 0.26802052031195E+10
 0.26839236254413E+10
 0.26877210562312E+10
 0.26915973424433E+10
 0.26955522342805E+10
 0.26995852299926E+10
 0.27036962952877E+10
 0.27078848108526E+10
 0.27121505467470E+10
 0.27164929168815E+10
 0.27209113058820E+10
 0.27254052308033E+10
 0.27299741512647E+10
 0.27346171742750E+10
 0.27393332906502E+10
 0.27441224023839E+10
 0.27489826233289E+10
 0.27539137588740E+10
 0.27589143072934E+10
 0.27639837184590E+10
 0.27691199451057E+10
 0.27743220126299E+10
 0.27795887145437E+10
 0.27849189872281E+10
 0.27903105461512E+10
 0.27957612318097E+10
 0.28012699721435E+10
 0.28068356452046E+10
 0.28124563049859E+10
 0.28181293174256E+10
 0.28238529002593E+10
 0.28296243654293E+10
 0.28354430969725E+10
 0.28413074226523E+10
 0.28472100132861E+10
 0.28531538175369E+10
 0.28591344875872E+10
 0.28651485505590E+10
 0.28711948135136E+10
 0.28772682129048E+10
 0.28833675428700E+10
 0.28894922927989E+10
 0.28956360512846E+10
 0.29017963821476E+10
 0.29079664087574E+10
 0.29141519266169E+10
 0.29203427568039E+10
 0.29265366763052E+10
 0.29327296219963E+10
 0.29389251245374E+10
 0.29451167621640E+10
 0.29512832478096E+10
 0.29574459501853E+10
 0.29635885084250E+10
 0.29697054410779E+10
 0.29757997956327E+10
 0.29818647420756E+10
 0.29878991263816E+10
 0.29938890210352E+10
 0.29998372619766E+10
 0.30057426489661E+10
 0.30115939284751E+10
 0.30173905995975E+10
 0.30231235389492E+10
 0.30288106143342E+10
 0.30344262342933E+10
 0.30399773714459E+10
 0.30454475193734E+10
 0.30508449662055E+10
 0.30561444801548E+10
 0.30613903620435E+10
 0.30665453190415E+10
 0.30716152079099E+10
 0.30766002184346E+10
 0.30815017379361E+10
 0.30863250754696E+10
 0.30910828326244E+10
 0.30957531640315E+10
 0.31003509245911E+10
 0.31049118876257E+10
 0.31094431864872E+10
 0.31139541195395E+10
 0.31184392416234E+10
 0.31229463720384E+10
 0.31275320380522E+10
 0.31322045192285E+10
 0.31369961160200E+10
 0.31420003419144E+10
 0.31472450961022E+10
 0.31527763549616E+10
 0.31586886454079E+10
 0.31649661095030E+10
 0.31716889784825E+10
 0.31788567704852E+10
 0.31864427237253E+10
 0.31944110604670E+10
 0.32027221130987E+10
 0.32113182328306E+10
 0.32201347991246E+10
 0.32291491364066E+10
 0.32383418863483E+10
 0.32476908561112E+10
 0.32571736979429E+10
 0.32667849637145E+10
 0.32765438550592E+10
 0.32864288533586E+10
 0.32964504971771E+10
 0.33066206928210E+10
 0.33168980815801E+10
 0.33273324599436E+10
 0.33378657328601E+10
 0.33485500246042E+10
 0.33593586297879E+10
 0.33702973592478E+10
 0.33813581793126E+10
 0.33925372075842E+10
 0.34038448947444E+10
 0.34152653573005E+10
 0.34268075653622E+10
 0.34384562942985E+10
 0.34502351958916E+10
 0.34621076588097E+10
 0.34741048318581E+10
 0.34861947458964E+10
 0.34983969494453E+10
 0.35107095613413E+10
 0.35231098790109E+10
 0.35356367308141E+10
 0.35482458797829E+10
 0.35609422922706E+10
 0.35737654047601E+10
 0.35866659279355E+10
 0.35996654188562E+10
 0.36127766156851E+10
 0.36259774911005E+10
 0.36392622417737E+10
 0.36526455301235E+10
 0.36661138291535E+10
 0.36796854142433E+10
 0.36933441169724E+10
 0.37071062997356E+10
 0.37209408615452E+10
 0.37348641920317E+10
 0.37488868860439E+10
 0.37630097155907E+10
 0.37771967223342E+10
 0.37914881260111E+10
 0.38058665022046E+10
 0.38203249459545E+10
 0.38348755945089E+10
 0.38495157620590E+10
 0.38642339876324E+10
 0.38790449528827E+10
 0.38939302702404E+10
 0.39089227763558E+10
 0.39239869999795E+10
 0.39391304575835E+10
 0.39543753852752E+10
 0.39696972755974E+10
 0.39851105066654E+10
 0.40005995424014E+10
 0.40161786955434E+10
 0.40318396423040E+10
 0.40475829545760E+10
 0.40634177890544E+10
 0.40793336193422E+10
 0.40953288750198E+10
 0.41114171287314E+10
 0.41275783964422E+10
 0.41438372123597E+10
 0.41601640043282E+10
 0.41765802441572E+10
 0.41930831655243E+10
 0.42096620781401E+10
 0.42263330980593E+10
 0.42430848821981E+10
 0.42599150257495E+10
 0.42768301831903E+10
 0.42938310560043E+10
 0.43109220934201E+10
 0.43280849136922E+10
 0.43453316861075E+10
 0.43626596573357E+10
 0.43800767953679E+10
 0.43975807191013E+10
 0.44151645329437E+10
 0.44328270296544E+10
 0.44505767151598E+10
 0.44684019518519E+10
 0.44863213630082E+10
 0.45043155489723E+10
 0.45223975886221E+10
 0.45405500407193E+10
 0.45587898001525E+10
 0.45771241666084E+10
 0.45955337640762E+10
 0.46140295116590E+10
 0.46325968043660E+10
 0.46512593131979E+10
 0.46699966863181E+10
 0.46888199249247E+10
 0.47077305895974E+10
 0.47267173748927E+10
 0.47457778082864E+10
 0.47649400858776E+10
 0.47841749379927E+10
 0.48034932136183E+10
 0.48228944780576E+10
 0.48423734982704E+10
 0.48619479406767E+10
 0.48815842832284E+10
 0.49013214733690E+10
 0.49211354782084E+10
 0.49410295796914E+10
 0.49610089988031E+10
 0.49810689128467E+10
 0.50012119849458E+10
 0.50214435934070E+10
 0.50417498662467E+10
 0.50621324066828E+10
 0.50826119067630E+10
 0.51031647284870E+10
 0.51238117104610E+10
 0.51445309893239E+10
 0.51653363895973E+10
 0.51862178279362E+10
 0.52071866711721E+10
 0.52282312933017E+10
 0.52493675804482E+10
 0.52705820496298E+10
 0.52918773452692E+10
 0.53132602779560E+10
 0.53347251414677E+10
 0.53562734734143E+10
 0.53778979696687E+10
 0.53996134780110E+10
 0.54214071093718E+10
 0.54432750680178E+10
 0.54652381451536E+10
 0.54872836708746E+10
 0.55094050298030E+10
 0.55316088905414E+10
 0.55538948648606E+10
 0.55762669302199E+10
 0.55987223128931E+10
 0.56212564315427E+10
 0.56438799719182E+10
 0.56665774279922E+10
 0.56893547143824E+10
 0.57122286541932E+10
 0.57351654299866E+10
 0.57582025346413E+10
 0.57813103107939E+10
 0.58045009127513E+10
 0.58277827081685E+10
