 0.64710694463868E-04
 0.64709147731278E-04
 0.64706566878458E-04
 0.64702952542888E-04
 0.64698298816402E-04
 0.64692602331337E-04
 0.64685860037704E-04
 0.64678060740075E-04
 0.64669200482377E-04
 0.64659268997092E-04
 0.64648260092632E-04
 0.64636161444102E-04
 0.64622967937520E-04
 0.64608669601860E-04
 0.64593254941197E-04
 0.64576715776617E-04
 0.64559040301735E-04
 0.64540220983853E-04
 0.64520237631804E-04
 0.64499083990556E-04
 0.64476737368623E-04
 0.64453194046045E-04
 0.64428428306507E-04
 0.64402418349950E-04
 0.64375141679096E-04
 0.64346578948026E-04
 0.64316689784590E-04
 0.64285459387874E-04
 0.64252851808335E-04
 0.64218824859796E-04
 0.64183341372787E-04
 0.64146375068349E-04
 0.64107875995900E-04
 0.64067797361443E-04
 0.64026127725881E-04
 0.63982804671853E-04
 0.63937800101808E-04
 0.63891063637369E-04
 0.63842581150400E-04
 0.63792331008877E-04
 0.63740222535910E-04
 0.63686294687671E-04
 0.63630511864973E-04
 0.63572842012291E-04
 0.63513243689084E-04
 0.63451742991160E-04
 0.63388348367642E-04
 0.63323030989159E-04
 0.63255767190145E-04
 0.63186567718421E-04
 0.63115469003347E-04
 0.63042439246933E-04
 0.62967513662625E-04
 0.62890694771391E-04
 0.62811965991513E-04
 0.62731377698429E-04
 0.62648952028373E-04
 0.62564655989885E-04
 0.62478574955094E-04
 0.62390750145630E-04
 0.62300988343664E-04
 0.62209644192071E-04
 0.62116565968970E-04
 0.62021679547386E-04
 0.61925249098699E-04
 0.61826989317941E-04
 0.61727195178876E-04
 0.61625993439500E-04
 0.61523034452302E-04
 0.61418661986478E-04
 0.61312556389632E-04
 0.61205052832178E-04
 0.61096312762617E-04
 0.60985786246011E-04
 0.60874104790706E-04
 0.60760878129070E-04
 0.60646364639850E-04
 0.60530356672079E-04
 0.60413410865270E-04
 0.60294854100218E-04
 0.60175160893358E-04
 0.60054253104355E-04
 0.59932210575114E-04
 0.59808960405801E-04
 0.59684248247594E-04
 0.59558699339912E-04
 0.59432061484987E-04
 0.59304100840171E-04
 0.59175131471336E-04
 0.59044974073156E-04
 0.58914165802931E-04
 0.58782399474908E-04
 0.58649280518399E-04
 0.58515095202233E-04
 0.58380423341865E-04
 0.58244929019296E-04
 0.58107997643442E-04
 0.57970608417997E-04
 0.57832179385943E-04
 0.57693021231641E-04
 0.57552763717039E-04
 0.57412032949986E-04
 0.57270551354804E-04
 0.57128060156330E-04
 0.56984627094386E-04
 0.56840707357921E-04
 0.56696398585917E-04
 0.56550692907178E-04
 0.56404529240285E-04
 0.56258015677278E-04
 0.56110976049940E-04
 0.55962950361532E-04
 0.55814394457200E-04
 0.55665060090960E-04
 0.55514843648430E-04
 0.55364454562123E-04
 0.55213446849159E-04
 0.55061827741194E-04
 0.54909346770431E-04
 0.54756468562542E-04
 0.54603156716559E-04
 0.54449504019348E-04
 0.54294510384867E-04
 0.54138941320634E-04
 0.53983269917901E-04
 0.53827260121985E-04
 0.53670806261584E-04
 0.53512911017511E-04
 0.53354656212031E-04
 0.53196207337208E-04
 0.53037047663413E-04
 0.52876633096003E-04
 0.52716353931156E-04
 0.52554948453350E-04
 0.52392320199931E-04
 0.52229814147603E-04
 0.52065523066915E-04
 0.51900525068801E-04
 0.51734578667985E-04
 0.51567993645842E-04
 0.51400621397789E-04
 0.51231624433611E-04
 0.51061477709619E-04
 0.50890318570980E-04
 0.50717546563547E-04
 0.50543973682535E-04
 0.50368412297236E-04
 0.50191832956746E-04
 0.50013533704057E-04
 0.49833405571863E-04
 0.49653502316685E-04
 0.49471500638622E-04
 0.49287568836794E-04
 0.49103933664101E-04
 0.48918855526810E-04
 0.48733738279557E-04
 0.48547953050474E-04
 0.48362065308643E-04
 0.48175083446804E-04
 0.47988047314585E-04
 0.47800577303078E-04
 0.47611776063323E-04
 0.47422106050233E-04
 0.47231603203455E-04
 0.47040430569077E-04
 0.46847661770631E-04
 0.46654179989341E-04
 0.46459598772491E-04
 0.46264074077544E-04
 0.46067794570683E-04
 0.45871523141432E-04
 0.45673624404396E-04
 0.45475518638741E-04
 0.45278202815413E-04
 0.45079797159489E-04
 0.44881030787709E-04
 0.44683755330968E-04
 0.44485362019953E-04
 0.44287833831229E-04
 0.44089444371987E-04
 0.43893701182788E-04
 0.43697082609298E-04
 0.43501716708670E-04
 0.43305145965467E-04
 0.43111173188549E-04
 0.42916382923190E-04
 0.42724229098210E-04
 0.42531830830171E-04
 0.42340568774869E-04
 0.42149607533990E-04
 0.41960354487391E-04
 0.41770929902652E-04
 0.41582787620573E-04
 0.41395611124959E-04
 0.41210001368030E-04
 0.41025890713190E-04
 0.40842371562655E-04
 0.40658862242991E-04
 0.40476926218472E-04
 0.40296646407933E-04
 0.40117129325282E-04
 0.39939073569126E-04
 0.39761009205393E-04
 0.39585100776867E-04
 0.39409002183469E-04
 0.39235626392096E-04
 0.39062345017532E-04
 0.38889939305673E-04
 0.38718996689875E-04
 0.38549524893304E-04
 0.38380389580150E-04
 0.38212779680711E-04
 0.38045161211857E-04
 0.37879934269715E-04
 0.37715582190030E-04
 0.37552220425403E-04
 0.37389736119241E-04
 0.37228197694804E-04
 0.37068506595224E-04
 0.36908853034720E-04
 0.36750995017083E-04
 0.36593391434820E-04
 0.36436690033959E-04
 0.36281666310155E-04
 0.36127181645511E-04
 0.35974487080695E-04
 0.35822517691722E-04
 0.35671627424023E-04
 0.35521063090459E-04
 0.35372180136411E-04
 0.35224756237368E-04
 0.35077074253432E-04
 0.34930719986414E-04
 0.34785675186452E-04
 0.34640934510320E-04
 0.34498212156670E-04
 0.34355669039214E-04
 0.34214711685565E-04
 0.34073556445898E-04
 0.33934186912984E-04
 0.33795927503241E-04
 0.33657922184195E-04
 0.33521360426244E-04
 0.33385474102904E-04
 0.33250191024548E-04
 0.33116590884440E-04
 0.32982967799692E-04
 0.32850539872945E-04
 0.32719024294978E-04
 0.32588199113057E-04
 0.32458880930984E-04
 0.32329557525614E-04
 0.32201648448991E-04
 0.32074429999296E-04
 0.31947834778292E-04
 0.31822464287900E-04
 0.31697424383270E-04
 0.31573005942053E-04
 0.31450454323986E-04
 0.31327644292659E-04
 0.31206484874122E-04
 0.31085041338162E-04
 0.30964998484907E-04
 0.30845946281170E-04
 0.30727646748571E-04
 0.30609547572661E-04
 0.30492321896079E-04
 0.30375995943423E-04
 0.30260581826601E-04
 0.30145886592879E-04
 0.30031771171368E-04
 0.29918540736475E-04
 0.29805591363559E-04
 0.29693480562155E-04
 0.29582544981608E-04
 0.29471878856117E-04
 0.29361875098939E-04
 0.29253217955180E-04
 0.29144267274905E-04
 0.29036470685379E-04
 0.28929255958979E-04
 0.28822781672482E-04
 0.28717002188548E-04
 0.28611939294518E-04
 0.28507586359204E-04
 0.28403393790635E-04
 0.28300282701334E-04
 0.28197795132586E-04
 0.28095813749489E-04
 0.27994797317437E-04
 0.27893598423063E-04
 0.27793966680541E-04
 0.27694282716781E-04
 0.27595661926980E-04
 0.27497363308710E-04
 0.27399596856835E-04
 0.27302396742816E-04
 0.27205887836253E-04
 0.27109753608456E-04
 0.27014511470916E-04
