 0.22012047225508E+01
 0.22012047225508E+01
 0.22012047225508E+01
 0.22012047225508E+01
 0.22012047225508E+01
 0.22012047225508E+01
 0.22012047225508E+01
 0.22012047225508E+01
 0.22012047225509E+01
 0.22012046921021E+01
 0.22012050888252E+01
 0.22012045357365E+01
 0.22012041451643E+01
 0.22012044430752E+01
 0.22012038045248E+01
 0.22012040697297E+01
 0.22012039230940E+01
 0.22012045719827E+01
 0.22012043316713E+01
 0.22012038525428E+01
 0.22012040699015E+01
 0.22012045662938E+01
 0.22012044163182E+01
 0.22012033875666E+01
 0.22012030981813E+01
 0.22012039863606E+01
 0.22012042708764E+01
 0.22012035302979E+01
 0.22012029815680E+01
 0.22012040043638E+01
 0.22012051502923E+01
 0.22012025532841E+01
 0.22012061686231E+01
 0.22012062024558E+01
 0.22012049047873E+01
 0.22012068426491E+01
 0.22012056226702E+01
 0.22012053791333E+01
 0.22012113338231E+01
 0.22012060450525E+01
 0.22012032887456E+01
 0.22012086460610E+01
 0.22012052620224E+01
 0.22012177046497E+01
 0.22012374561509E+01
 0.22012405074081E+01
 0.22012354181310E+01
 0.22012168266998E+01
 0.22012063125743E+01
 0.22012388898033E+01
 0.22012058998497E+01
 0.22012523224091E+01
 0.22012201575344E+01
 0.22012108863195E+01
 0.22012136201161E+01
 0.22012575750971E+01
 0.22011946810951E+01
 0.22012056358739E+01
 0.22012662156330E+01
 0.22012284654366E+01
 0.22012605140100E+01
 0.22012446376404E+01
 0.22011977864996E+01
 0.22012339549235E+01
 0.22011573057188E+01
 0.22012405556687E+01
 0.22012510545740E+01
 0.22011810729086E+01
 0.22012652642784E+01
 0.22012091821905E+01
 0.22012667434157E+01
 0.22012622904582E+01
 0.22012042679041E+01
 0.22012670984869E+01
 0.22011733114431E+01
 0.22012670273614E+01
 0.22012073760855E+01
 0.22011844768961E+01
 0.22011971646857E+01
 0.22012040645677E+01
 0.22012080394836E+01
 0.22012036257057E+01
 0.22012644433930E+01
 0.22012464150336E+01
 0.22012011494728E+01
 0.22012692703933E+01
 0.22012079992284E+01
 0.22011889921060E+01
 0.22012049566954E+01
 0.22012106327160E+01
 0.22012696886226E+01
 0.22012113443685E+01
 0.22012018393638E+01
 0.22012486865223E+01
 0.22011771351129E+01
 0.22012398602876E+01
 0.22012028005340E+01
 0.22012120565658E+01
 0.22012741621399E+01
 0.22012638252913E+01
 0.22011965119597E+01
 0.22012207787147E+01
 0.22012139731220E+01
 0.22012068818094E+01
 0.22012810251751E+01
 0.22012490379774E+01
 0.22012646795383E+01
 0.22011984705226E+01
 0.22011862841275E+01
 0.22012347003011E+01
 0.22012906609091E+01
 0.22012371746387E+01
 0.22013057137729E+01
 0.22012774700274E+01
 0.22012937808809E+01
 0.22012497696109E+01
 0.22012587322750E+01
 0.22012432382444E+01
 0.22012107043607E+01
 0.22012799815613E+01
 0.22012524928147E+01
 0.22012290872205E+01
 0.22012467171707E+01
 0.22013360966800E+01
 0.22013400688031E+01
 0.22012669269128E+01
 0.22012599628106E+01
 0.22012834306348E+01
 0.22013195828429E+01
 0.22013479274681E+01
 0.22012675304013E+01
 0.22012481388288E+01
 0.22012637789203E+01
 0.22013198224274E+01
 0.22012721618533E+01
 0.22012772186182E+01
 0.22013373031399E+01
 0.22012696087111E+01
 0.22013015120249E+01
 0.22012806100697E+01
 0.22012243802771E+01
 0.22012640919821E+01
 0.22012807860266E+01
 0.22011965076137E+01
 0.22012273081523E+01
 0.22012536741083E+01
 0.22012124053705E+01
 0.22012477077864E+01
 0.22012803102132E+01
 0.22012252102904E+01
 0.22012005672068E+01
 0.22011830051404E+01
 0.22012348236823E+01
 0.22012535456485E+01
 0.22011672513347E+01
 0.22011734243074E+01
 0.22011380528175E+01
 0.22011579876937E+01
 0.22010185312531E+01
 0.22009773261644E+01
 0.22009030171697E+01
 0.22008566260244E+01
 0.22008438354127E+01
 0.22007958169644E+01
 0.22006420490349E+01
 0.22004794140533E+01
 0.22004937731337E+01
 0.22002433062912E+01
 0.22002398608816E+01
 0.22000624984166E+01
 0.21998288419765E+01
 0.21997057910395E+01
 0.21995963230933E+01
 0.21993944854754E+01
 0.21991496869611E+01
 0.21989792764867E+01
 0.21987091923245E+01
 0.21984723819207E+01
 0.21982461509753E+01
 0.21979829412466E+01
 0.21976277728742E+01
 0.21973762264777E+01
 0.21970373457804E+01
 0.21967389352078E+01
 0.21963907753134E+01
 0.21960172254543E+01
 0.21956909671757E+01
 0.21952987929006E+01
 0.21948619508401E+01
 0.21944922679287E+01
 0.21941381846772E+01
 0.21935964355964E+01
 0.21932162606103E+01
 0.21926722529730E+01
 0.21921723599261E+01
 0.21916333117486E+01
 0.21912013589792E+01
 0.21905645739103E+01
 0.21900613571718E+01
 0.21894875065298E+01
 0.21889505558245E+01
 0.21881961348219E+01
 0.21875857740670E+01
 0.21869325502940E+01
 0.21862886656282E+01
 0.21857123181844E+01
 0.21849094993813E+01
 0.21841562446117E+01
 0.21834723194898E+01
 0.21826865694903E+01
 0.21820648463928E+01
 0.21811483147980E+01
 0.21803648756002E+01
 0.21796623062487E+01
 0.21787512087014E+01
 0.21779755694949E+01
 0.21769707668957E+01
 0.21762069034125E+01
 0.21752461623016E+01
 0.21742573855206E+01
 0.21734232358892E+01
 0.21724495125989E+01
 0.21714782781288E+01
 0.21705047108462E+01
 0.21695466392320E+01
 0.21685787672342E+01
 0.21675459594697E+01
 0.21665025012824E+01
 0.21653714177124E+01
 0.21643437434775E+01
 0.21631838777802E+01
 0.21620099422940E+01
 0.21610310231495E+01
 0.21597882959034E+01
 0.21586751634744E+01
 0.21574660674002E+01
 0.21564060850175E+01
 0.21551190911502E+01
 0.21539351550220E+01
 0.21527027315477E+01
 0.21514245628873E+01
 0.21501881627266E+01
 0.21489444139891E+01
 0.21476120264091E+01
 0.21463398431112E+01
 0.21450350700651E+01
 0.21437617268594E+01
 0.21424985779040E+01
 0.21410623119442E+01
 0.21396857915254E+01
 0.21384261186350E+01
 0.21369996262672E+01
 0.21356517791047E+01
 0.21342433788950E+01
 0.21327998404948E+01
 0.21314126353357E+01
 0.21299595920281E+01
 0.21284172116509E+01
 0.21269686078983E+01
 0.21255986589340E+01
 0.21240780197820E+01
 0.21225051400060E+01
 0.21209860056281E+01
 0.21195163093157E+01
 0.21179706616762E+01
 0.21165039388912E+01
 0.21150111791645E+01
 0.21133753961244E+01
 0.21117779694469E+01
 0.21103234323695E+01
 0.21086414891522E+01
 0.21071436751179E+01
 0.21054975066768E+01
 0.21039930838037E+01
 0.21022875326348E+01
 0.21007719725200E+01
 0.20990345901029E+01
 0.20973960383827E+01
 0.20958009795683E+01
 0.20941855097198E+01
 0.20924643634275E+01
 0.20908994844168E+01
 0.20890951337715E+01
 0.20874679774868E+01
 0.20858869634125E+01
 0.20841669205704E+01
 0.20823869314863E+01
 0.20806725764931E+01
 0.20790990415770E+01
 0.20772762516599E+01
 0.20755715386810E+01
 0.20738004138078E+01
 0.20721524562728E+01
 0.20703775695591E+01
 0.20686166629836E+01
 0.20669010769435E+01
 0.20651174010849E+01
 0.20634973608238E+01
 0.20617488928082E+01
 0.20598237646836E+01
