 0.98445526788544E+00
 0.98445526788544E+00
 0.98445526788544E+00
 0.98445526788544E+00
 0.98445526788544E+00
 0.98445526788544E+00
 0.98445526788544E+00
 0.98445526788544E+00
 0.98445526788544E+00
 0.98445524117202E+00
 0.98445644462219E+00
 0.98445474659539E+00
 0.98445353785076E+00
 0.98445434386831E+00
 0.98445270496311E+00
 0.98445338818560E+00
 0.98445295250129E+00
 0.98445486664520E+00
 0.98445416196184E+00
 0.98445289072232E+00
 0.98445355309864E+00
 0.98445475728037E+00
 0.98445432953585E+00
 0.98445154454734E+00
 0.98445078510554E+00
 0.98445297348158E+00
 0.98445380260766E+00
 0.98445206462217E+00
 0.98445047440052E+00
 0.98445318926220E+00
 0.98445672790872E+00
 0.98444967628969E+00
 0.98446027348487E+00
 0.98445963204302E+00
 0.98445533922583E+00
 0.98446600804901E+00
 0.98445995284618E+00
 0.98445773644531E+00
 0.98446971296008E+00
 0.98445877700572E+00
 0.98444916531353E+00
 0.98446688716324E+00
 0.98445798711001E+00
 0.98447179559728E+00
 0.98447975068932E+00
 0.98448076610250E+00
 0.98447900916137E+00
 0.98447209793732E+00
 0.98446098724755E+00
 0.98447984249209E+00
 0.98446029961509E+00
 0.98448454964486E+00
 0.98447347082129E+00
 0.98446832711971E+00
 0.98446924093643E+00
 0.98448570864048E+00
 0.98443768788472E+00
 0.98446037442653E+00
 0.98448425063554E+00
 0.98447700766709E+00
 0.98448533591329E+00
 0.98448307167982E+00
 0.98444507393370E+00
 0.98447741500765E+00
 0.98442703408286E+00
 0.98448092402236E+00
 0.98448353228166E+00
 0.98440231897177E+00
 0.98448510726586E+00
 0.98442397119650E+00
 0.98447536367548E+00
 0.98446872252872E+00
 0.98445194752266E+00
 0.98447595816141E+00
 0.98443054555265E+00
 0.98448348189668E+00
 0.98446609624599E+00
 0.98443377281439E+00
 0.98442456698611E+00
 0.98442626729511E+00
 0.98443549313600E+00
 0.98445086680113E+00
 0.98447431870853E+00
 0.98444113702379E+00
 0.98444200184841E+00
 0.98447653949693E+00
 0.98443083946544E+00
 0.98441180007643E+00
 0.98441953181168E+00
 0.98442609866530E+00
 0.98446611297646E+00
 0.98446211632347E+00
 0.98442259476330E+00
 0.98447459290122E+00
 0.98442251372899E+00
 0.98443561931453E+00
 0.98442862392638E+00
 0.98442412545908E+00
 0.98447784600809E+00
 0.98447804046138E+00
 0.98442602124243E+00
 0.98443232360501E+00
 0.98444178869522E+00
 0.98444201418240E+00
 0.98446921977090E+00
 0.98446791866451E+00
 0.98445935309780E+00
 0.98440358435678E+00
 0.98440901417462E+00
 0.98445453610519E+00
 0.98450525768798E+00
 0.98446201162855E+00
 0.98450931012196E+00
 0.98448458973850E+00
 0.98447054391140E+00
 0.98450782998949E+00
 0.98453260731345E+00
 0.98452716995192E+00
 0.98453288109511E+00
 0.98456497461783E+00
 0.98457616705130E+00
 0.98459596726296E+00
 0.98462473927322E+00
 0.98467258405243E+00
 0.98471712949442E+00
 0.98471678338638E+00
 0.98476792646078E+00
 0.98480114462999E+00
 0.98488550795622E+00
 0.98493642685542E+00
 0.98492673185596E+00
 0.98498607784676E+00
 0.98503276349962E+00
 0.98510270641492E+00
 0.98514298808515E+00
 0.98518810816722E+00
 0.98531598224293E+00
 0.98531058338458E+00
 0.98541080531128E+00
 0.98545774294445E+00
 0.98548616880377E+00
 0.98555871109383E+00
 0.98565908124680E+00
 0.98565605069247E+00
 0.98569079605030E+00
 0.98580660571038E+00
 0.98577271574141E+00
 0.98587938557918E+00
 0.98589837538661E+00
 0.98590945367891E+00
 0.98595688333459E+00
 0.98598589214739E+00
 0.98605636357609E+00
 0.98604774038999E+00
 0.98603703075932E+00
 0.98603780110167E+00
 0.98606867236251E+00
 0.98603035413766E+00
 0.98600523043977E+00
 0.98597844464837E+00
 0.98597879683201E+00
 0.98592542391146E+00
 0.98591126224407E+00
 0.98583674190985E+00
 0.98580298023436E+00
 0.98569929646551E+00
 0.98562810878201E+00
 0.98562438759673E+00
 0.98544800550238E+00
 0.98536571464466E+00
 0.98524970695466E+00
 0.98516236616361E+00
 0.98503100584171E+00
 0.98487530042394E+00
 0.98467253650898E+00
 0.98453401759468E+00
 0.98430138272335E+00
 0.98411081313338E+00
 0.98388561896709E+00
 0.98372768951080E+00
 0.98345322089083E+00
 0.98320552712642E+00
 0.98299642383285E+00
 0.98260901315128E+00
 0.98237202015203E+00
 0.98207963592538E+00
 0.98177598927630E+00
 0.98139426018323E+00
 0.98108434320210E+00
 0.98067918539582E+00
 0.98034873457574E+00
 0.97994900534567E+00
 0.97956075435909E+00
 0.97912909484497E+00
 0.97868293722970E+00
 0.97832900289607E+00
 0.97787537265534E+00
 0.97732223465004E+00
 0.97682420038824E+00
 0.97633807464641E+00
