 0.64710694463868E-04
 0.64709147731278E-04
 0.64706566878458E-04
 0.64702952542888E-04
 0.64698298816402E-04
 0.64692602331337E-04
 0.64685860037704E-04
 0.64678060740075E-04
 0.64669200482377E-04
 0.64659268997092E-04
 0.64648260092632E-04
 0.64636160902409E-04
 0.64622967773230E-04
 0.64608669569519E-04
 0.64593257187248E-04
 0.64576715824794E-04
 0.64559040719355E-04
 0.64540221052185E-04
 0.64520237708884E-04
 0.64499084696741E-04
 0.64476739158172E-04
 0.64453195113787E-04
 0.64428428522411E-04
 0.64402418105674E-04
 0.64375143790033E-04
 0.64346576503712E-04
 0.64316690091835E-04
 0.64285459670497E-04
 0.64252850374999E-04
 0.64218824287919E-04
 0.64183340964496E-04
 0.64146375968337E-04
 0.64107876125572E-04
 0.64067798731114E-04
 0.64026128392201E-04
 0.63982806251216E-04
 0.63937800384523E-04
 0.63891063667653E-04
 0.63842582248467E-04
 0.63792332736994E-04
 0.63740224198778E-04
 0.63686295411682E-04
 0.63630513305808E-04
 0.63572844322432E-04
 0.63513248862208E-04
 0.63451748097845E-04
 0.63388359485987E-04
 0.63323047328756E-04
 0.63255789125742E-04
 0.63186596624776E-04
 0.63115509566971E-04
 0.63042492029590E-04
 0.62967584438125E-04
 0.62890783872792E-04
 0.62812083997059E-04
 0.62731526716001E-04
 0.62649145945871E-04
 0.62564897131483E-04
 0.62478874441650E-04
 0.62391122703797E-04
 0.62301451921284E-04
 0.62210209685601E-04
 0.62117250834092E-04
 0.62022509143543E-04
 0.61926246039671E-04
 0.61828184188275E-04
 0.61728613531721E-04
 0.61627675278886E-04
 0.61525003460482E-04
 0.61420977086255E-04
 0.61315255025108E-04
 0.61208183312363E-04
 0.61099925931086E-04
 0.60989951592696E-04
 0.60878881848838E-04
 0.60766332330272E-04
 0.60652577310157E-04
 0.60537417147565E-04
 0.60421382935844E-04
 0.60303843175917E-04
 0.60185264220421E-04
 0.60065578937729E-04
 0.59944872455541E-04
 0.59823065365022E-04
 0.59699923766357E-04
 0.59576066801254E-04
 0.59451259312311E-04
 0.59325278945824E-04
 0.59198410191553E-04
 0.59070536373598E-04
 0.58942154978355E-04
 0.58812961047974E-04
 0.58682614057001E-04
 0.58551349303547E-04
 0.58419777613321E-04
 0.58287567917075E-04
 0.58154088170451E-04
 0.58020317120573E-04
 0.57885692762457E-04
 0.57750538244200E-04
 0.57614437737540E-04
 0.57478043605268E-04
 0.57341063190077E-04
 0.57203206643889E-04
 0.57064577305353E-04
 0.56925611524558E-04
 0.56786297666917E-04
 0.56645709258819E-04
 0.56504724560171E-04
 0.56363402538376E-04
 0.56221542553267E-04
 0.56078613154528E-04
 0.55935017351723E-04
 0.55790490532983E-04
 0.55644825944921E-04
 0.55498650960052E-04
 0.55351399926478E-04
 0.55202942315827E-04
 0.55052982667808E-04
 0.54901709484171E-04
 0.54749056213647E-04
 0.54594915748631E-04
 0.54438080875865E-04
 0.54279107729987E-04
 0.54118340247815E-04
 0.53955415847606E-04
 0.53789981679062E-04
 0.53620938420202E-04
 0.53449277724063E-04
 0.53275238342956E-04
 0.53098261210136E-04
 0.52917851447613E-04
 0.52735793416140E-04
 0.52550893961243E-04
 0.52363434862504E-04
 0.52175381343220E-04
 0.51985068176909E-04
 0.51794152425734E-04
 0.51602948550178E-04
 0.51412550435471E-04
 0.51222782392540E-04
 0.51033319929321E-04
 0.50844552386930E-04
 0.50656917735002E-04
 0.50469397059336E-04
 0.50282689475400E-04
 0.50095513316921E-04
 0.49908272405591E-04
 0.49720052937269E-04
 0.49530686183171E-04
 0.49341685836879E-04
 0.49150671379963E-04
 0.48957522804998E-04
 0.48764365214829E-04
 0.48569381829862E-04
 0.48373733559958E-04
 0.48176983773583E-04
 0.47979621177506E-04
 0.47780805616568E-04
 0.47581793016484E-04
 0.47382468238366E-04
 0.47181999529589E-04
 0.46981188379344E-04
 0.46780192680796E-04
 0.46579592554532E-04
 0.46378340069987E-04
 0.46177065320830E-04
 0.45976207185693E-04
 0.45775131943717E-04
 0.45574427380807E-04
 0.45374775277639E-04
 0.45174376257810E-04
 0.44974787017936E-04
 0.44776677706171E-04
 0.44578025161421E-04
 0.44379842374503E-04
 0.44183695585293E-04
 0.43987009709402E-04
 0.43791693118397E-04
 0.43595960464263E-04
 0.43403227960659E-04
 0.43209940940916E-04
 0.43018172486137E-04
 0.42825485662161E-04
 0.42635727031436E-04
 0.42445278697923E-04
 0.42257556541552E-04
 0.42069641833283E-04
 0.41883190300965E-04
 0.41697197955684E-04
 0.41512579522688E-04
 0.41328258756027E-04
 0.41144987947301E-04
 0.40963058999033E-04
 0.40782364271732E-04
 0.40603317511683E-04
 0.40424713903646E-04
 0.40246473879934E-04
 0.40069600229802E-04
 0.39894477620234E-04
