 0.83176571363982E+02
 0.83176571363993E+02
 0.83176571364246E+02
 0.83176571419259E+02
 0.83176573347217E+02
 0.83176591494077E+02
 0.83176671867343E+02
 0.83176896760619E+02
 0.83177367131976E+02
 0.83178179585701E+02
 0.83179412468727E+02
 0.83181122434615E+02
 0.83183345317821E+02
 0.83186103500780E+02
 0.83189404507909E+02
 0.83193251397832E+02
 0.83197635365046E+02
 0.83202544242537E+02
 0.83207962298498E+02
 0.83213869147905E+02
 0.83195984915222E+02
 0.83196517294733E+02
 0.83197154020989E+02
 0.83197905669074E+02
 0.83198783668415E+02
 0.83199797366287E+02
 0.83200963916305E+02
 0.83202280114097E+02
 0.83203762284554E+02
 0.83205429954371E+02
 0.83207302849380E+02
 0.83209371259049E+02
 0.83211667982743E+02
 0.83214215791811E+02
 0.83216989683451E+02
 0.83220037986698E+02
 0.83223361919425E+02
 0.83226996085435E+02
 0.83230922023262E+02
 0.83235140288699E+02
 0.83239759959943E+02
 0.83244699158379E+02
 0.83249981321997E+02
 0.83255642743464E+02
 0.83261732015791E+02
 0.83268205555368E+02
 0.83275034135820E+02
 0.83282277551523E+02
 0.83289972487088E+02
 0.83298112834286E+02
 0.83306653240745E+02
 0.83315668999605E+02
 0.83325120782876E+02
 0.83335041416626E+02
 0.83345475273407E+02
 0.83356391681810E+02
 0.83367779039735E+02
 0.83379750253179E+02
 0.83392206252477E+02
 0.83405128367887E+02
 0.83418873553222E+02
 0.83432950006921E+02
 0.83447648642679E+02
 0.83463149675150E+02
 0.83479093757728E+02
 0.83496006889309E+02
 0.83513498633752E+02
 0.83531428712337E+02
 0.83550456720950E+02
 0.83570081819208E+02
 0.83590926172213E+02
 0.83612545530748E+02
 0.83634765389628E+02
 0.83658546197401E+02
 0.83683000859359E+02
 0.83708855852424E+02
 0.83735796439593E+02
 0.83764261138340E+02
 0.83793498708054E+02
 0.83824714004867E+02
 0.83857248791310E+02
 0.83891369431151E+02
 0.83927079857018E+02
 0.83964672542725E+02
 0.84004730526411E+02
 0.84046357560347E+02
 0.84090126421429E+02
 0.84136630225271E+02
 0.84185577327358E+02
 0.84237423725849E+02
 0.84291418000237E+02
 0.84348397459136E+02
 0.84409222329801E+02
 0.84473740785657E+02
 0.84541053343004E+02
 0.84612028472073E+02
 0.84688386458298E+02
 0.84768327142575E+02
 0.84853419437075E+02
 0.84943406359610E+02
 0.85039533141025E+02
 0.85140842631331E+02
 0.85248343818718E+02
 0.85363308952361E+02
 0.85485981309170E+02
 0.85615979230729E+02
 0.85753729400140E+02
 0.85902489857459E+02
 0.86060562374042E+02
 0.86228411348986E+02
 0.86407567587875E+02
 0.86600325392903E+02
 0.86806594328412E+02
 0.87028141445145E+02
 0.87266917191597E+02
 0.87521917476684E+02
 0.87796063770274E+02
 0.88091530035940E+02
 0.88410898428238E+02
 0.88754736271654E+02
 0.89125092244939E+02
 0.89523887903082E+02
 0.89958731130861E+02
 0.90429226904839E+02
 0.90935462260409E+02
 0.91481352446737E+02
 0.92071433862759E+02
 0.92715513332829E+02
 0.93414860529481E+02
 0.94146834220338E+02
 0.94971849421608E+02
 0.95854767091442E+02
 0.96801282119408E+02
 0.97827771455981E+02
 0.98940011873838E+02
 0.10012660946340E+03
 0.10141210812431E+03
 0.10278634568196E+03
 0.10425138916368E+03
 0.10579714416921E+03
 0.10742639313302E+03
 0.10914287708883E+03
 0.11093732455733E+03
 0.11279615749485E+03
 0.11472679446043E+03
 0.11670691590134E+03
 0.11874779527148E+03
 0.12083118014210E+03
 0.12296351026330E+03
 0.12513896967648E+03
 0.12732159210606E+03
 0.12954986699975E+03
 0.13182121486234E+03
 0.13409266058729E+03
 0.13639605043306E+03
 0.13870819882639E+03
 0.14103702581145E+03
 0.14337345992627E+03
 0.14573342926928E+03
 0.14809473347236E+03
 0.15046062315380E+03
 0.15284737667548E+03
 0.15524176675153E+03
 0.15764241635077E+03
 0.16004014100456E+03
 0.16245533237376E+03
 0.16487782056238E+03
 0.16730139346723E+03
 0.16973829114555E+03
 0.17217949613005E+03
 0.17461382537677E+03
 0.17707476134038E+03
 0.17953557663598E+03
 0.18198465248701E+03
 0.18445976617893E+03
 0.18694391258082E+03
 0.18940858345592E+03
 0.19190216594338E+03
 0.19439038432255E+03
 0.19690685514084E+03
 0.19938838811566E+03
 0.20190219444349E+03
 0.20440980697917E+03
 0.20695827684543E+03
 0.20947456793229E+03
 0.21202866125997E+03
 0.21455463698821E+03
 0.21710964738344E+03
 0.21966197587153E+03
 0.22223169974694E+03
 0.22480053596949E+03
 0.22739095148186E+03
 0.22998788911090E+03
 0.23258554381601E+03
 0.23518639343079E+03
 0.23778183113974E+03
 0.24039686249201E+03
 0.24303380780266E+03
 0.24567149635910E+03
 0.24830219313391E+03
