 0.10000000133514E-09
 0.10000000133514E-09
 0.10000000133514E-09
 0.10000000133514E-09
 0.10000000133514E-09
 0.10000000133514E-09
 0.10000000133514E-09
 0.10000000133514E-09
 0.10000000133514E-09
 0.10000000133514E-09
 0.10000000133514E-09
 0.48080271698077E-03
 0.78541348702409E-03
 0.11951792174307E-02
 0.17196087952381E-02
 0.23653927545596E-02
 0.31368220664792E-02
 0.40363918047446E-02
 0.50651243087553E-02
 0.62230555266975E-02
 0.75146719172169E-02
 0.89306643396954E-02
 0.10472866483277E-01
 0.12139563681542E-01
 0.13929262418292E-01
 0.15840377857637E-01
 0.17871877047372E-01
 0.20022277788215E-01
 0.22291162350816E-01
 0.24678882280699E-01
 0.27208291874975E-01
 0.29839769036157E-01
 0.32594172458536E-01
 0.35471337817844E-01
 0.38473996204567E-01
 0.41598208919715E-01
 0.44850070017912E-01
 0.48221744510309E-01
 0.51717294345489E-01
 0.55332269575004E-01
 0.59069111420104E-01
 0.62927432009203E-01
 0.66888527014860E-01
 0.70954293557724E-01
 0.75128149912925E-01
 0.79398379137772E-01
 0.83762811014411E-01
 0.88216200332982E-01
 0.92756686643076E-01
 0.97373962873872E-01
 0.10207197308128E+00
 0.10684577921841E+00
 0.11169302475757E+00
 0.11661864468842E+00
 0.12161635606727E+00
 0.12668392239140E+00
 0.13182459481234E+00
 0.13705029178993E+00
 0.14235982916586E+00
 0.14775375378680E+00
 0.15325667096485E+00
 0.15885436091363E+00
 0.16458583392860E+00
 0.17047195418287E+00
 0.17654221036544E+00
 0.18285776210099E+00
 0.18944851527684E+00
 0.19647125616796E+00
 0.20423736343770E+00
