 0.12287856071230E+01
 0.12287856154771E+01
 0.12287856532512E+01
 0.12287857575042E+01
 0.12287859811654E+01
 0.12287863952375E+01
 0.12287871001449E+01
 0.12287882577229E+01
 0.12287901441678E+01
 0.12287932080140E+01
 0.12287981102368E+01
 0.12288057403488E+01
 0.12288172093825E+01
 0.12288337967603E+01
 0.12288569441773E+01
 0.12288881487112E+01
 0.12289289861423E+01
 0.12289810216804E+01
 0.12290457829326E+01
 0.12291247488558E+01
 0.12292192596425E+01
 0.12293307176869E+01
 0.12294602617813E+01
 0.12296089867045E+01
 0.12297778597751E+01
 0.12299677637314E+01
 0.12301794200022E+01
 0.12304136174480E+01
 0.12306708719186E+01
 0.12309515999214E+01
 0.12312561172606E+01
 0.12315849014614E+01
 0.12319379906835E+01
 0.12323154369502E+01
 0.12327175845208E+01
 0.12331441084917E+01
 0.12335950012875E+01
 0.12340698811946E+01
 0.12345687621035E+01
 0.12350913974145E+01
 0.12356365744267E+01
 0.12362045929554E+01
 0.12367948216537E+01
 0.12374064805546E+01
 0.12380385495185E+01
 0.12386908276028E+01
 0.12393628285748E+01
 0.12400533651599E+01
 0.12407613470416E+01
 0.12414860338975E+01
 0.12422269576360E+01
 0.12429826677438E+01
 0.12437525914451E+01
 0.12445355175645E+01
 0.12453301772312E+01
 0.12461359623229E+01
 0.12469519915218E+01
 0.12477764122829E+01
 0.12486092055420E+01
 0.12494496748356E+01
 0.12502936799217E+01
 0.12511448687669E+01
 0.12519998357202E+01
 0.12528560962807E+01
 0.12537162434802E+01
 0.12545746572827E+01
 0.12554343794353E+01
 0.12562960071770E+01
 0.12571530565798E+01
 0.12580092813227E+01
 0.12588588576072E+01
 0.12597052845558E+01
 0.12605500233515E+01
 0.12613834049198E+01
 0.12622140127690E+01
 0.12630346273664E+01
 0.12638480681325E+01
 0.12646504825037E+01
 0.12654486579859E+01
 0.12662317234664E+01
 0.12670059195923E+01
 0.12677692411902E+01
 0.12685217329284E+01
 0.12692613379941E+01
 0.12699830242820E+01
 0.12706963903568E+01
 0.12713965128641E+01
 0.12720787301952E+01
 0.12727467350629E+01
 0.12733976512068E+01
 0.12740396768771E+01
 0.12746666151072E+01
 0.12752716961781E+01
 0.12758583473395E+01
 0.12764373698140E+01
 0.12770013685467E+01
 0.12775384914721E+01
 0.12780668063636E+01
 0.12785750352364E+01
 0.12790682065689E+01
 0.12795392115342E+01
 0.12799995382116E+01
 0.12804437435538E+01
 0.12808660500233E+01
 0.12812678079411E+01
 0.12816576731206E+01
 0.12820368416336E+01
 0.12823859527682E+01
 0.12827230266877E+01
 0.12830503732830E+01
 0.12833649738112E+01
 0.12836558846310E+01
 0.12839336873488E+01
 0.12841935584905E+01
 0.12844312732601E+01
 0.12846645233229E+01
 0.12848831297051E+01
 0.12850843862322E+01
 0.12852682184640E+01
 0.12854393327278E+01
 0.12856011879953E+01
 0.12857542371471E+01
 0.12858772766160E+01
 0.12859860572155E+01
 0.12860914031998E+01
 0.12861889733458E+01
 0.12862747229629E+01
 0.12863269874617E+01
 0.12863687042278E+01
 0.12864041835195E+01
 0.12864190913021E+01
 0.12863997202689E+01
 0.12863768632329E+01
 0.12863187177421E+01
 0.12862184123743E+01
 0.12861055982201E+01
 0.12859260717280E+01
 0.12857041244196E+01
 0.12854217310695E+01
 0.12850821263273E+01
 0.12846661024209E+01
 0.12841423812902E+01
 0.12835070924864E+01
 0.12827492617901E+01
 0.12818357849244E+01
 0.12807721598554E+01
 0.12795083759425E+01
 0.12780616302152E+01
 0.12763983079072E+01
 0.12745157891932E+01
 0.12724910921960E+01
 0.12702510853319E+01
 0.12678279624053E+01
 0.12653309957284E+01
 0.12627242058858E+01
 0.12600891429494E+01
 0.12574340466919E+01
 0.12548115707323E+01
 0.12522089127554E+01
 0.12496868114075E+01
 0.12472499871426E+01
 0.12448839370041E+01
 0.12426117137094E+01
 0.12404385333037E+01
 0.12383785250895E+01
 0.12364018455536E+01
 0.12345247971147E+01
 0.12327414701857E+01
 0.12310417618076E+01
 0.12294314284096E+01
 0.12279161053176E+01
 0.12264551666900E+01
 0.12250738456260E+01
 0.12237798213601E+01
 0.12225324682021E+01
 0.12213402629078E+01
 0.12202313342157E+01
 0.12191549691624E+01
 0.12181401403885E+01
 0.12171499876710E+01
 0.12162450356399E+01
 0.12153551468151E+01
 0.12145170870385E+01
 0.12136863914874E+01
 0.12129197213353E+01
 0.12121622574048E+01
 0.12114600631853E+01
 0.12107739879844E+01
 0.12101143966288E+01
 0.12094722212471E+01
 0.12088650376016E+01
 0.12082645467453E+01
 0.12076859604117E+01
 0.12071315814749E+01
 0.12065975628744E+01
 0.12060872541568E+01
 0.12055859545285E+01
 0.12050904189675E+01
 0.12046136389009E+01
 0.12041597034394E+01
 0.12037076934931E+01
 0.12032764070788E+01
 0.12028381020396E+01
 0.12024282001286E+01
 0.12020099856564E+01
 0.12016203051198E+01
 0.12012244468954E+01
 0.12008395061023E+01
 0.12004620984001E+01
 0.12000957536744E+01
 0.11997284538916E+01
 0.11993714953676E+01
 0.11990086356670E+01
 0.11986669510687E+01
 0.11983256900155E+01
 0.11979876817770E+01
 0.11976555007366E+01
 0.11973228095442E+01
 0.11970060607221E+01
 0.11966767947482E+01
 0.11963622408139E+01
 0.11960424193772E+01
 0.11957202441107E+01
 0.11954113096082E+01
 0.11950994487318E+01
 0.11947981774557E+01
 0.11944952000512E+01
 0.11941957269225E+01
 0.11938922363908E+01
 0.11935937661356E+01
 0.11933032780843E+01
 0.11930040200919E+01
 0.11927098321258E+01
 0.11924192577135E+01
 0.11921185823519E+01
 0.11918344008967E+01
 0.11915440333089E+01
 0.11912588964290E+01
 0.11909654890734E+01
 0.11906817636840E+01
 0.11903991330818E+01
 0.11901089263874E+01
 0.11898284263074E+01
 0.11895446441843E+01
 0.11892588513167E+01
 0.11889784398299E+01
 0.11886947934483E+01
 0.11884102608778E+01
 0.11881319610165E+01
 0.11878431799184E+01
 0.11875690737083E+01
 0.11872840947591E+01
 0.11870077803776E+01
 0.11867239317852E+01
 0.11864429013431E+01
 0.11861660963076E+01
 0.11858833572701E+01
 0.11856003463970E+01
 0.11853277472364E+01
 0.11850397251268E+01
 0.11847690257841E+01
 0.11844803844447E+01
 0.11842010710756E+01
 0.11839251604887E+01
 0.11836473233210E+01
 0.11833632997073E+01
 0.11830845989119E+01
 0.11828034777831E+01
 0.11825275034546E+01
 0.11822459928548E+01
 0.11819672966211E+01
 0.11816897810408E+01
 0.11814056420525E+01
 0.11811271317938E+01
 0.11808477095377E+01
 0.11805666563741E+01
 0.11802863279361E+01
 0.11800135196159E+01
 0.11797298606397E+01
 0.11794485127544E+01
 0.11791705669337E+01
 0.11788903831046E+01
 0.11786110887665E+01
 0.11783316644749E+01
 0.11780534783658E+01
 0.11777709146534E+01
 0.11774963213407E+01
 0.11772153861981E+01
 0.11769407459945E+01
 0.11766622381816E+01
 0.11763786906327E+01
 0.11761067669440E+01
 0.11758262213365E+01
 0.11755497274166E+01
 0.11752710270985E+01
 0.11749908078071E+01
 0.11747124876956E+01
 0.11744340976281E+01
 0.11741567620544E+01
 0.11738786078944E+01
