 0.11312241377893E+03
 0.11312241377892E+03
 0.11312241377876E+03
 0.11312241378960E+03
 0.11312241419240E+03
 0.11312241800312E+03
 0.11312243433314E+03
 0.11312247901929E+03
 0.11312256863194E+03
 0.11312271436522E+03
 0.11312291745954E+03
 0.11312316756621E+03
 0.11312344638812E+03
 0.11312372109333E+03
 0.11312396189259E+03
 0.11312411524371E+03
 0.11312414351540E+03
 0.11312399832454E+03
 0.11312362739386E+03
 0.11312298185493E+03
 0.11311683036469E+03
 0.11311414050647E+03
 0.11311094707150E+03
 0.11310720813736E+03
 0.11310287264479E+03
 0.11309790147206E+03
 0.11309222462004E+03
 0.11308586636533E+03
 0.11307875250032E+03
 0.11307080573385E+03
 0.11306194085109E+03
 0.11305221525736E+03
 0.11304148506397E+03
 0.11302965860848E+03
 0.11301685811018E+03
 0.11300286949647E+03
 0.11298770384254E+03
 0.11297120349417E+03
 0.11295347720846E+03
 0.11293452925412E+03
 0.11291385402973E+03
 0.11289184856110E+03
 0.11286841852319E+03
 0.11284341543855E+03
 0.11281660070929E+03
 0.11278821973412E+03
 0.11275840568103E+03
 0.11272691004566E+03
 0.11269355850383E+03
 0.11265841502894E+03
 0.11262171223710E+03
 0.11258312693628E+03
 0.11254289098218E+03
 0.11250084123169E+03
 0.11245682060619E+03
 0.11241104349607E+03
 0.11236358639727E+03
 0.11231396926672E+03
 0.11226273529481E+03
 0.11221006209540E+03
 0.11215421843038E+03
 0.11209777738728E+03
 0.11203935668451E+03
 0.11197819081682E+03
 0.11191617428049E+03
 0.11185076487718E+03
 0.11178411157725E+03
 0.11171695636826E+03
 0.11164631725655E+03
 0.11157468336799E+03
 0.11149930967365E+03
 0.11142247726881E+03
 0.11134532715454E+03
 0.11126323953489E+03
 0.11118094654178E+03
 0.11109507427481E+03
 0.11100735271740E+03
 0.11091608447410E+03
 0.11082512265191E+03
 0.11072898415982E+03
 0.11063115782631E+03
 0.11053079149205E+03
 0.11042817105749E+03
 0.11032228549961E+03
 0.11021104872612E+03
 0.11009909163418E+03
 0.10998398916832E+03
 0.10986363009662E+03
 0.10974015780214E+03
 0.10961184989986E+03
 0.10948280261991E+03
 0.10934992107221E+03
 0.10921009842959E+03
 0.10906482674292E+03
 0.10891897038052E+03
 0.10876909805847E+03
 0.10860970033649E+03
 0.10844888619628E+03
 0.10828097470830E+03
 0.10810858591387E+03
 0.10792795053084E+03
 0.10774402497741E+03
 0.10755394730834E+03
 0.10735521926418E+03
 0.10714782205702E+03
 0.10693526594417E+03
 0.10671766015963E+03
 0.10648628252493E+03
 0.10624822256511E+03
 0.10600439372816E+03
 0.10575244501658E+03
 0.10548776443734E+03
 0.10521392205442E+03
 0.10492760690857E+03
 0.10462756337817E+03
 0.10431969284387E+03
 0.10399896732609E+03
 0.10366451004224E+03
 0.10331372151634E+03
 0.10294924689626E+03
 0.10257066778573E+03
 0.10217770650796E+03
 0.10175939667528E+03
 0.10132202420607E+03
 0.10086939581887E+03
 0.10039779318378E+03
 0.99905012519006E+02
 0.99379190673391E+02
 0.98829676448725E+02
 0.98257131155552E+02
 0.97653334360840E+02
 0.97011460538934E+02
 0.96343747559652E+02
 0.95634690850913E+02
 0.94879300471537E+02
 0.94090962482666E+02
 0.93243903738887E+02
 0.92347818484780E+02
 0.91395361735513E+02
 0.90388235610404E+02
 0.89325021032507E+02
 0.88169620885324E+02
 0.86948425174316E+02
 0.85645153528042E+02
 0.84247951205975E+02
 0.82763683671057E+02
 0.81166935200095E+02
 0.79468452459415E+02
 0.77650284157544E+02
 0.75707449652269E+02
 0.73673233264825E+02
 0.71504195891458E+02
 0.69206129651649E+02
 0.66827630834752E+02
 0.64349848697332E+02
 0.61817056920272E+02
 0.59234980361326E+02
 0.56647924458554E+02
 0.54063217950431E+02
 0.51531155227184E+02
 0.49073895052915E+02
 0.46695202135919E+02
 0.44424854070941E+02
 0.42271505070227E+02
 0.40248572686250E+02
 0.38342434646055E+02
 0.36559740758842E+02
 0.34895443622241E+02
 0.33341891486433E+02
 0.31895999304536E+02
 0.30553362597401E+02
 0.29294323398898E+02
 0.28121654304805E+02
 0.27035756101995E+02
 0.26014449862014E+02
 0.25058400073744E+02
 0.24170238414207E+02
 0.23331358684150E+02
 0.22546336876645E+02
 0.21802330192480E+02
 0.21113421528558E+02
 0.20456750177584E+02
 0.19840763448332E+02
 0.19250141764275E+02
 0.18699433244127E+02
 0.18171478459595E+02
 0.17676946717679E+02
 0.17203661571880E+02
 0.16755184872417E+02
 0.16326340831982E+02
 0.15919147635247E+02
 0.15528379548084E+02
 0.15154984505479E+02
 0.14798984264167E+02
 0.14459950049808E+02
 0.14135901689058E+02
 0.13824200086229E+02
 0.13523384893059E+02
 0.13235532539800E+02
 0.12960565290701E+02
 0.12694935008766E+02
 0.12440430875153E+02
 0.12193177697696E+02
 0.11957277142421E+02
 0.11727284500628E+02
 0.11508290113323E+02
 0.11294556324017E+02
 0.11088778629972E+02
 0.10889978767362E+02
 0.10698109716243E+02
 0.10511687601316E+02
 0.10331492487920E+02
 0.10155668116941E+02
 0.99872262356487E+01
 0.98234506885521E+01
 0.96644302189487E+01
 0.95101797869296E+01
 0.93599533363680E+01
 0.92152307228863E+01
 0.90731727447723E+01
 0.89361086970462E+01
 0.88018764026050E+01
 0.86708968564760E+01
 0.85447453047417E+01
 0.84208492486168E+01
 0.83012687141674E+01
 0.81843894568609E+01
 0.80703727528022E+01
 0.79590462540380E+01
 0.78507496170730E+01
 0.77456624094261E+01
 0.76421540111489E+01
 0.75411462085464E+01
 0.74429678218166E+01
 0.73463117786640E+01
 0.72529392715574E+01
 0.71613045697156E+01
 0.70719900767712E+01
 0.69839258195962E+01
 0.68984853306236E+01
 0.68149915846028E+01
 0.67328242948328E+01
 0.66527787484635E+01
 0.65743147770268E+01
 0.64973574377450E+01
 0.64224036617470E+01
 0.63483289871232E+01
 0.62760826698432E+01
 0.62055136335172E+01
 0.61358334030640E+01
 0.60683267012880E+01
 0.60014306560083E+01
 0.59362954415626E+01
 0.58721444664067E+01
 0.58092456125571E+01
 0.57476421353161E+01
 0.56870217179911E+01
 0.56275518988578E+01
 0.55696240360596E+01
 0.55120442932594E+01
 0.54561337904551E+01
 0.54005438158169E+01
 0.53463429185165E+01
 0.52931315523811E+01
 0.52409592238048E+01
 0.51894338618068E+01
 0.51386810214079E+01
 0.50889066737852E+01
 0.50402100274733E+01
 0.49922402732768E+01
 0.49449949764670E+01
 0.48986147561469E+01
 0.48528001433695E+01
 0.48077116401268E+01
 0.47636601779457E+01
 0.47200435985459E+01
 0.46772974551051E+01
 0.46353711308300E+01
 0.45935752135625E+01
 0.45526949217053E+01
 0.45124778964961E+01
 0.44729723353374E+01
 0.44338588920150E+01
 0.43954522004547E+01
 0.43577400574632E+01
 0.43203339026582E+01
 0.42837624422324E+01
 0.42474987502991E+01
 0.42120016537183E+01
 0.41769376362413E+01
 0.41421648578560E+01
 0.41083261780749E+01
 0.40744530759069E+01
 0.40414036243930E+01
 0.40087672722330E+01
 0.39764428902437E+01
 0.39445895240309E+01
 0.39132309130964E+01
 0.38822245857755E+01
 0.38518155642747E+01
