 0.22012047225508E+01
 0.22012047225508E+01
 0.22012047225508E+01
 0.22012047225508E+01
 0.22012047225508E+01
 0.22012047225508E+01
 0.22012047225508E+01
 0.22012047225508E+01
 0.22012047225509E+01
 0.22012046921021E+01
 0.22012050888252E+01
 0.22012045357365E+01
 0.22012041451643E+01
 0.22012044430752E+01
 0.22012038045248E+01
 0.22012040697297E+01
 0.22012039230940E+01
 0.22012045719827E+01
 0.22012043316713E+01
 0.22012038525428E+01
 0.22012040699015E+01
 0.22012045662938E+01
 0.22012044163182E+01
 0.22012033875666E+01
 0.22012030981813E+01
 0.22012039863606E+01
 0.22012042708764E+01
 0.22012035302979E+01
 0.22012029815680E+01
 0.22012040043638E+01
 0.22012051491032E+01
 0.22012025860045E+01
 0.22012061686231E+01
 0.22012060837920E+01
 0.22012049047873E+01
 0.22012068726753E+01
 0.22012056865852E+01
 0.22012050511962E+01
 0.22012108591884E+01
 0.22012063571950E+01
 0.22012029051362E+01
 0.22012067856313E+01
 0.22012053389917E+01
 0.22012181155257E+01
 0.22012403266779E+01
 0.22012409765545E+01
 0.22012345733761E+01
 0.22012145196241E+01
 0.22012065143560E+01
 0.22012353789427E+01
 0.22012058489120E+01
 0.22012536491294E+01
 0.22012224163539E+01
 0.22012077990245E+01
 0.22012111702390E+01
 0.22012570539518E+01
 0.22011920118073E+01
 0.22012055265234E+01
 0.22012662414772E+01
 0.22012275577420E+01
 0.22012599536483E+01
 0.22012428788398E+01
 0.22012000953518E+01
 0.22012330500268E+01
 0.22011641731905E+01
 0.22012391609229E+01
 0.22012523168033E+01
 0.22011827836839E+01
 0.22012647759210E+01
 0.22012081278046E+01
 0.22012668210261E+01
 0.22012619725837E+01
 0.22012037243415E+01
 0.22012672417998E+01
 0.22011704048330E+01
 0.22012660447605E+01
 0.22012075163277E+01
 0.22011846420624E+01
 0.22011980056513E+01
 0.22012043865268E+01
 0.22012082679406E+01
 0.22012022087342E+01
 0.22012659205595E+01
 0.22012413851255E+01
 0.22012013827248E+01
 0.22012697851232E+01
 0.22012076331021E+01
 0.22011873389774E+01
 0.22012063022570E+01
 0.22012105838822E+01
 0.22012701170755E+01
 0.22012131389270E+01
 0.22012062286537E+01
 0.22012527548739E+01
 0.22011789376880E+01
 0.22012472851293E+01
 0.22011943233540E+01
 0.22012085725039E+01
 0.22012729686451E+01
 0.22012617555243E+01
 0.22011915212346E+01
 0.22012213644630E+01
 0.22012086714742E+01
 0.22012063075653E+01
 0.22012816119554E+01
 0.22012466128931E+01
 0.22012623723307E+01
 0.22012030675477E+01
 0.22011994364515E+01
 0.22012310187665E+01
 0.22012887613765E+01
 0.22012346225534E+01
 0.22013039312783E+01
 0.22012724012089E+01
 0.22012847488970E+01
 0.22012436156522E+01
 0.22012826572361E+01
 0.22012404540070E+01
 0.22012027680934E+01
 0.22012772399804E+01
 0.22012441103283E+01
 0.22012226645783E+01
 0.22012454320383E+01
 0.22013172503198E+01
 0.22013298379612E+01
 0.22012625399847E+01
 0.22012804210083E+01
 0.22012699675606E+01
 0.22012998040403E+01
 0.22013289689625E+01
 0.22012307995934E+01
 0.22012247740016E+01
 0.22012653731533E+01
 0.22012572948791E+01
 0.22012398847192E+01
 0.22012435993231E+01
 0.22013038183887E+01
 0.22012323995414E+01
 0.22012837404068E+01
 0.22012462257082E+01
 0.22012094825486E+01
 0.22012010100914E+01
 0.22011970768785E+01
 0.22011440133094E+01
 0.22011740323462E+01
 0.22011642188926E+01
 0.22011534420582E+01
 0.22011734447655E+01
 0.22011268425668E+01
 0.22011109921458E+01
 0.22011123300785E+01
 0.22010862531765E+01
 0.22010740638246E+01
 0.22011171593033E+01
 0.22010301865352E+01
 0.22010680811797E+01
 0.22010464242543E+01
 0.22009189577332E+01
 0.22009015115676E+01
 0.22007885177201E+01
 0.22007336029410E+01
 0.22007219863329E+01
 0.22007201818677E+01
 0.22005682661230E+01
 0.22004421440604E+01
 0.22003495397301E+01
 0.22002517330736E+01
 0.22001230709146E+01
 0.22000582093105E+01
 0.21999024629086E+01
 0.21996846578049E+01
 0.21995872732733E+01
 0.21994029735182E+01
 0.21992050007530E+01
 0.21989135270111E+01
 0.21987807821695E+01
 0.21984997932992E+01
 0.21983362652323E+01
 0.21980459137616E+01
 0.21977883222300E+01
 0.21973864135320E+01
 0.21971561636494E+01
 0.21968459378895E+01
 0.21965143980938E+01
 0.21961520473921E+01
 0.21957912512622E+01
 0.21954267794801E+01
 0.21950523222084E+01
 0.21946103189105E+01
 0.21941937264902E+01
 0.21937565078013E+01
 0.21933765596527E+01
 0.21929021325815E+01
 0.21924277569685E+01
 0.21918815104959E+01
 0.21913856690744E+01
 0.21909069519324E+01
 0.21903379307853E+01
 0.21897657974693E+01
 0.21891873034328E+01
 0.21886679104151E+01
 0.21880568688227E+01
 0.21873434168156E+01
 0.21867035588781E+01
 0.21860251340201E+01
 0.21854063347660E+01
 0.21846567042039E+01
 0.21839407025919E+01
 0.21832359692752E+01
 0.21824973173662E+01
 0.21816415970668E+01
 0.21808903651112E+01
 0.21800800502309E+01
 0.21792864131026E+01
 0.21783802102759E+01
 0.21776831061117E+01
 0.21767426836080E+01
 0.21758691114777E+01
 0.21750332666999E+01
 0.21741136336515E+01
 0.21730935653927E+01
 0.21722280851569E+01
 0.21711882905232E+01
 0.21702803996891E+01
 0.21691827370205E+01
 0.21681020207675E+01
 0.21671050276211E+01
 0.21660585722323E+01
 0.21650761914471E+01
 0.21640100368883E+01
 0.21628277045189E+01
 0.21617264164842E+01
 0.21606665371845E+01
 0.21594775347728E+01
 0.21583115900866E+01
 0.21572419986652E+01
 0.21559970951661E+01
 0.21547997334324E+01
 0.21535634903100E+01
 0.21523601507314E+01
 0.21511153065017E+01
 0.21499697908705E+01
 0.21485617777896E+01
 0.21473860895208E+01
 0.21460421078743E+01
 0.21446899687713E+01
 0.21435087035182E+01
 0.21420724205923E+01
 0.21408434674264E+01
 0.21394369590166E+01
 0.21380670853513E+01
 0.21366244756360E+01
 0.21353474950105E+01
 0.21338310318253E+01
 0.21324406187238E+01
 0.21309775394681E+01
 0.21296448501219E+01
 0.21282171718461E+01
 0.21266377152218E+01
 0.21251505491824E+01
 0.21237026761775E+01
 0.21222336931223E+01
 0.21208030431821E+01
 0.21192727642161E+01
 0.21177502784649E+01
 0.21161781201449E+01
 0.21146919645163E+01
 0.21130611025674E+01
 0.21115162580273E+01
 0.21099856754235E+01
 0.21084439630688E+01
 0.21067032988962E+01
 0.21052911502848E+01
 0.21036972719155E+01
 0.21019571356395E+01
 0.21003270625277E+01
 0.20987548956660E+01
 0.20971135689671E+01
 0.20954810153431E+01
 0.20938488936245E+01
 0.20922358822823E+01
 0.20905970707150E+01
 0.20888117007845E+01
 0.20870883498464E+01
 0.20855524594740E+01
 0.20837627024653E+01
 0.20821095213062E+01
 0.20804150534621E+01
 0.20786957412834E+01
 0.20771036245026E+01
 0.20753993350258E+01
 0.20736492194809E+01
 0.20719522717545E+01
 0.20702186943192E+01
 0.20683818186291E+01
 0.20666395980359E+01
 0.20648744318099E+01
 0.20632336669052E+01
 0.20613913385584E+01
 0.20596301436273E+01
