 0.10189891284960E+00
 0.10189891284961E+00
 0.10189891284978E+00
 0.10189891285078E+00
 0.10189891285480E+00
 0.10189891286596E+00
 0.10189891261479E+00
 0.10189891145552E+00
 0.10189890729663E+00
 0.10189889613220E+00
 0.10189887143468E+00
 0.10189882426969E+00
 0.10189874225031E+00
 0.10189861152766E+00
 0.10189841759649E+00
 0.10189814120213E+00
 0.10189776652673E+00
 0.10189727643738E+00
 0.10189665367891E+00
 0.10189588116049E+00
 0.10189493470688E+00
 0.10189381577619E+00
 0.10189249867639E+00
 0.10189097153620E+00
 0.10188921615644E+00
 0.10188722014991E+00
 0.10188496267998E+00
 0.10188245727873E+00
 0.10187967687277E+00
 0.10187659961555E+00
 0.10187319651392E+00
 0.10186949546736E+00
 0.10186544646237E+00
 0.10186102218367E+00
 0.10185627029617E+00
 0.10185111618230E+00
 0.10184557055887E+00
 0.10183957597914E+00
 0.10183318303444E+00
 0.10182639403123E+00
 0.10181902185796E+00
 0.10181121725552E+00
 0.10180295224972E+00
 0.10179417849570E+00
 0.10178480067984E+00
 0.10177491992392E+00
 0.10176459992720E+00
 0.10175374343948E+00
 0.10174229192937E+00
 0.10173027831375E+00
 0.10171780571228E+00
 0.10170475833323E+00
 0.10169124122883E+00
 0.10167720115712E+00
 0.10166260042623E+00
 0.10164755639875E+00
 0.10163209916943E+00
 0.10161607978559E+00
 0.10159973183061E+00
 0.10158319245641E+00
 0.10156576805545E+00
 0.10154855774640E+00
 0.10153103522000E+00
 0.10151294037984E+00
 0.10149511777161E+00
 0.10147653854092E+00
 0.10145817513421E+00
 0.10144040783563E+00
 0.10142205436641E+00
 0.10140419445570E+00
 0.10138578729938E+00
 0.10136785500144E+00
 0.10135092945842E+00
 0.10133319902664E+00
 0.10131668170339E+00
 0.10130009442514E+00
 0.10128423071196E+00
 0.10126846931483E+00
 0.10125450197080E+00
 0.10124019378174E+00
 0.10122699940113E+00
 0.10121474089885E+00
 0.10120355711207E+00
 0.10119319002299E+00
 0.10118296352251E+00
 0.10117467956266E+00
 0.10116759664576E+00
 0.10116099615598E+00
 0.10115571834246E+00
 0.10115128000382E+00
 0.10114930790719E+00
 0.10114871706020E+00
 0.10114850205748E+00
 0.10114926991062E+00
 0.10115298089143E+00
 0.10115830600364E+00
 0.10116351004055E+00
 0.10117142500057E+00
 0.10118030981215E+00
 0.10119092508702E+00
 0.10120219877331E+00
 0.10121575397846E+00
 0.10123076378250E+00
 0.10124627184564E+00
 0.10126241296699E+00
 0.10128034595364E+00
 0.10129972302866E+00
 0.10131788439014E+00
 0.10133699150568E+00
 0.10135679962086E+00
 0.10137651616213E+00
 0.10139420205488E+00
 0.10141051329106E+00
 0.10142374883621E+00
 0.10143265112020E+00
 0.10143790069691E+00
 0.10143651062819E+00
 0.10142652773152E+00
 0.10140491934329E+00
 0.10136927378858E+00
 0.10131591427478E+00
 0.10123985987956E+00
 0.10113135034212E+00
 0.10098406889107E+00
 0.10078943013919E+00
 0.10053418755192E+00
 0.10020203073406E+00
 0.99768999614499E-01
 0.99222327837235E-01
 0.98549366239776E-01
 0.97737708402772E-01
 0.96786493924924E-01
 0.95732440143250E-01
 0.94592114962683E-01
 0.93403271326201E-01
 0.92221099559396E-01
 0.91052829679134E-01
 0.89936471195395E-01
 0.88883278469261E-01
 0.87908208377556E-01
 0.87008141368769E-01
 0.86179150878191E-01
 0.85422694811756E-01
 0.84736984564914E-01
 0.84114621621223E-01
 0.83556187766866E-01
 0.83052548678836E-01
 0.82603264865551E-01
 0.82201611335948E-01
 0.81845235880752E-01
 0.81535779966254E-01
 0.81263531976301E-01
 0.81026563170778E-01
 0.80826849309162E-01
 0.80658615954464E-01
 0.80521696858113E-01
 0.80413093823565E-01
 0.80331757133154E-01
 0.80275385520428E-01
 0.80243204004305E-01
 0.80233661942369E-01
 0.80245402943813E-01
 0.80277494566344E-01
 0.80328883978839E-01
 0.80398355084682E-01
 0.80485555410691E-01
 0.80589325273095E-01
 0.80708810505740E-01
 0.80843790864483E-01
 0.80993144494857E-01
 0.81155762921641E-01
 0.81332802580134E-01
 0.81522337078794E-01
 0.81723199167744E-01
 0.81936994385521E-01
 0.82162770990455E-01
 0.82397419868798E-01
 0.82644516046525E-01
 0.82900970207722E-01
 0.83169356433038E-01
 0.83443209069428E-01
 0.83729025552605E-01
 0.84022685894321E-01
 0.84328378823268E-01
 0.84638902067401E-01
 0.84960914379334E-01
 0.85287027427563E-01
 0.85623342706393E-01
 0.85966413410395E-01
 0.86318512245879E-01
 0.86676255711115E-01
 0.87042857422669E-01
 0.87416908049584E-01
 0.87796242729270E-01
 0.88182205098905E-01
 0.88572979800746E-01
 0.88971771626035E-01
 0.89377999122248E-01
 0.89789948465494E-01
 0.90205936775468E-01
 0.90629859394739E-01
 0.91056699592651E-01
 0.91493076902750E-01
 0.91931775759577E-01
 0.92380080547345E-01
 0.92828579622556E-01
 0.93285781667085E-01
 0.93748719249934E-01
 0.94215622152966E-01
 0.94685726640136E-01
 0.95164113414298E-01
 0.95645754974300E-01
 0.96136264543302E-01
 0.96626347616261E-01
 0.97122143255034E-01
 0.97623430553070E-01
 0.98129110955954E-01
 0.98640325256345E-01
 0.99153130850245E-01
 0.99674739198045E-01
 0.10019710294994E+00
 0.10072728401482E+00
 0.10126204288934E+00
 0.10179858970982E+00
 0.10234202465847E+00
 0.10288475083317E+00
 0.10343483962310E+00
 0.10398738201125E+00
 0.10454675907597E+00
 0.10510746533955E+00
 0.10567060979561E+00
 0.10624250094453E+00
 0.10681666190139E+00
 0.10739381146980E+00
 0.10797842188075E+00
 0.10856091481453E+00
 0.10915018339580E+00
 0.10974065526999E+00
 0.11034092609270E+00
 0.11094099559960E+00
 0.11154206670769E+00
 0.11215159336095E+00
 0.11276118618665E+00
 0.11337521815885E+00
 0.11399507937223E+00
 0.11461469914768E+00
 0.11524146507185E+00
 0.11587142999411E+00
 0.11650301078802E+00
 0.11713989567564E+00
 0.11777536898275E+00
 0.11842106277518E+00
 0.11906440106588E+00
 0.11971511300563E+00
 0.12036649662200E+00
 0.12102130152699E+00
 0.12168092987515E+00
 0.12234413191297E+00
 0.12300437843241E+00
 0.12367820407502E+00
 0.12434736680154E+00
 0.12502526810021E+00
 0.12570350424601E+00
 0.12638290398367E+00
 0.12706594891420E+00
 0.12775608709822E+00
 0.12844694895297E+00
 0.12914015375646E+00
 0.12983499547040E+00
 0.13053533221435E+00
 0.13123852665599E+00
 0.13194236651724E+00
 0.13265447965642E+00
 0.13336667002798E+00
 0.13408024099969E+00
 0.13479814939040E+00
 0.13552181270656E+00
 0.13623878079425E+00
 0.13696757177540E+00
 0.13769881444589E+00
 0.13843124830343E+00
 0.13916599198345E+00
 0.13990254247871E+00
 0.14064335997805E+00
 0.14138881569051E+00
 0.14213463802145E+00
 0.14288135501403E+00
 0.14363182884910E+00
 0.14438414356720E+00
 0.14514135553153E+00
 0.14590573064882E+00
 0.14666428519552E+00
 0.14743236399156E+00
 0.14819699633925E+00
 0.14896818633201E+00
 0.14974371935104E+00
 0.15051851694264E+00
 0.15129796895544E+00
 0.15207940682184E+00
 0.15286313302805E+00
