 0.67197792076794E+03
 0.67197792076794E+03
 0.67197792076794E+03
 0.67197792076794E+03
 0.67197792076794E+03
 0.67197823877565E+03
 0.67197734998231E+03
 0.67197756846389E+03
 0.67197660663052E+03
 0.67195495340662E+03
 0.67205188985754E+03
 0.67192827157642E+03
 0.67949582194605E+03
 0.67190633634510E+03
 0.67942965274651E+03
 0.67947477267217E+03
 0.67945972969675E+03
 0.67194457259935E+03
 0.67189625000359E+03
 0.67943870253173E+03
 0.67948041503587E+03
 0.67193160656775E+03
 0.67190634110198E+03
 0.67935834095178E+03
 0.68187423006939E+03
 0.67945717045250E+03
 0.67950864055905E+03
 0.67947834914103E+03
 0.68181286828958E+03
 0.67938386449816E+03
 0.67203556771941E+03
 0.67941220174748E+03
 0.67233745712764E+03
 0.67269508735684E+03
 0.67206769848014E+03
 0.67289753518759E+03
 0.67223844293130E+03
 0.67210630773259E+03
 0.67310837900552E+03
 0.67217171083833E+03
 0.67941523685921E+03
 0.67293749516835E+03
 0.67215451516027E+03
 0.67341489584422E+03
 0.67434364173460E+03
 0.67449572842994E+03
 0.67426464247956E+03
 0.67345674669961E+03
 0.67250765302546E+03
 0.67417485226366E+03
 0.67234480459213E+03
 0.67551906319066E+03
 0.67348550044900E+03
 0.67311925538692E+03
 0.67311277508292E+03
 0.67584704012556E+03
 0.68051488416676E+03
 0.67211351210221E+03
 0.67721548337145E+03
 0.67386840265572E+03
 0.67586840535949E+03
 0.67481076946158E+03
 0.68097098143703E+03
 0.67390807986504E+03
 0.67870618431765E+03
 0.67423407055863E+03
 0.67515665894510E+03
 0.67590302343846E+03
 0.67651928624378E+03
 0.67274768469492E+03
 0.67838249186715E+03
 0.67927221552320E+03
 0.68175864054421E+03
 0.67831002226624E+03
 0.67868612278228E+03
 0.67644311897649E+03
 0.68267789516230E+03
 0.67930877649487E+03
 0.67416682171767E+03
 0.67347315231478E+03
 0.67682255274906E+03
 0.68045204011607E+03
 0.67837882435706E+03
 0.68035949587767E+03
 0.67497577279090E+03
 0.67665374386329E+03
 0.67729025681186E+03
 0.67356188968185E+03
 0.67814086282912E+03
 0.67615851461904E+03
 0.67678266727875E+03
 0.68154668209691E+03
 0.67696100233578E+03
 0.68197084116721E+03
 0.67579266606358E+03
 0.67688877363385E+03
 0.67709330399153E+03
 0.68543473801460E+03
 0.68244174050063E+03
 0.68039828219164E+03
 0.68065544461916E+03
 0.68190118209447E+03
 0.68096241645261E+03
 0.68969758560823E+03
 0.68319687137032E+03
 0.68261959752523E+03
 0.68257612186568E+03
 0.68456254083237E+03
 0.69375636560700E+03
 0.68823873413156E+03
 0.68911000920352E+03
 0.68867969858164E+03
 0.69127708447736E+03
 0.69393181825795E+03
 0.69334555194645E+03
 0.69039110045376E+03
 0.69173719816123E+03
 0.69171658521772E+03
 0.69129315671619E+03
 0.70205112228406E+03
 0.69980779837098E+03
 0.70131659944569E+03
 0.70102868373390E+03
 0.69417582796513E+03
 0.69752753181745E+03
 0.69712531235132E+03
 0.69974551080704E+03
 0.70232489417954E+03
 0.70346672985290E+03
 0.70485814672596E+03
 0.70547784631218E+03
 0.71014805974678E+03
 0.71466799159741E+03
 0.72115242443109E+03
 0.71854915755822E+03
 0.71457937312183E+03
 0.71792525733798E+03
 0.72749225380793E+03
 0.72179908786492E+03
 0.71824036304362E+03
 0.71879229205291E+03
 0.72089282531322E+03
 0.73452948752173E+03
 0.73165534872754E+03
 0.73468613044180E+03
 0.73275785949146E+03
 0.73627830234329E+03
 0.74307838190311E+03
 0.74325480480535E+03
 0.73854502965032E+03
 0.74972425237251E+03
 0.74081233903217E+03
 0.75436804321963E+03
 0.75436729171278E+03
 0.74639320849714E+03
 0.75468951142388E+03
 0.76160452668531E+03
 0.75819306022755E+03
 0.76119406574871E+03
 0.75563298157883E+03
 0.77007264136039E+03
 0.77103979003274E+03
 0.76409789276228E+03
 0.76683409191484E+03
 0.77436450843976E+03
 0.77165358572781E+03
 0.77414307297567E+03
 0.77019632313741E+03
 0.77923637569320E+03
 0.79229322077891E+03
 0.78951295839449E+03
 0.78769690113958E+03
 0.78267148931301E+03
 0.79886112984704E+03
 0.79624496200997E+03
 0.80129137075953E+03
 0.80805172422180E+03
 0.79737235926231E+03
 0.80654933910569E+03
 0.80193448677241E+03
 0.80830375188213E+03
 0.80827486957994E+03
 0.81410113193690E+03
 0.81512000486421E+03
 0.82260639536929E+03
 0.83022849555513E+03
 0.83256934839108E+03
 0.82277150688097E+03
 0.82091010744706E+03
 0.83188207448206E+03
 0.83324953659750E+03
 0.83771126089128E+03
 0.83488450501097E+03
 0.83274302366296E+03
 0.84921267705790E+03
 0.84010447071130E+03
 0.84432504383045E+03
 0.85719570908826E+03
 0.85880000352154E+03
 0.85231965123918E+03
 0.84870024763095E+03
 0.86877687621751E+03
 0.86233521101097E+03
 0.86207023812251E+03
 0.86336960332869E+03
 0.86856449379297E+03
 0.87659304618466E+03
 0.87979600703934E+03
 0.87277133266544E+03
 0.87627465014560E+03
 0.88258939691401E+03
 0.88833229356218E+03
 0.89739926505184E+03
 0.89574659258862E+03
 0.89791823156811E+03
 0.90497934616640E+03
 0.90089085168725E+03
 0.89575640500280E+03
 0.89757482901383E+03
 0.91021406122941E+03
 0.91698793319967E+03
 0.91036041578104E+03
 0.91710063458060E+03
 0.91672676724501E+03
 0.91351256530828E+03
 0.91995436777583E+03
 0.92426875984832E+03
 0.92237226320590E+03
 0.93185339282419E+03
 0.92561663198966E+03
 0.92712927795706E+03
 0.94566164769867E+03
 0.94961664194744E+03
 0.95187486597773E+03
 0.95191415272932E+03
 0.94050076220766E+03
 0.95049077432016E+03
 0.95439748083754E+03
 0.96505727983520E+03
 0.95751081677529E+03
 0.95605035069717E+03
 0.95856018940124E+03
 0.96205398222290E+03
 0.97103810925465E+03
 0.97808601825580E+03
 0.97329455542743E+03
 0.97639571481104E+03
 0.98578368243989E+03
 0.98061585018489E+03
 0.98563252711343E+03
 0.99830652136383E+03
 0.10036771500913E+04
 0.10059321803185E+04
 0.99116152294400E+03
 0.99132383721360E+03
 0.10074194180097E+04
 0.10076952030249E+04
 0.10070545059282E+04
 0.10034506568103E+04
 0.10062362436737E+04
 0.10185714418811E+04
 0.10255396557574E+04
 0.10184234360114E+04
 0.10218249369874E+04
 0.10237673721861E+04
 0.10282732814824E+04
 0.10283657954060E+04
 0.10418231444756E+04
 0.10340720158012E+04
 0.10432930547869E+04
 0.10419348551322E+04
 0.10430114859688E+04
 0.10595518262990E+04
 0.10485029020626E+04
 0.10617544456789E+04
 0.10633611695281E+04
 0.10573159497472E+04
 0.10698171283981E+04
 0.10671490472316E+04
 0.10687630773554E+04
 0.10675327441027E+04
 0.10770313897150E+04
 0.10703726345712E+04
 0.10724421919823E+04
 0.10902665456284E+04
 0.10894893847481E+04
 0.10859012800762E+04
 0.10923071231291E+04
 0.10909992251060E+04
 0.10940884108318E+04
 0.11106989704379E+04
 0.11008950925447E+04
 0.10997765659638E+04
 0.11076061046482E+04
 0.11054372959331E+04
 0.11150698692371E+04
 0.11194552779529E+04
 0.11219339216275E+04
 0.11161157355911E+04
 0.11262161909709E+04
