 0.25955908804632E+10
 0.25957108867719E+10
 0.25959108782898E+10
 0.25961908750767E+10
 0.25965508759658E+10
 0.25969908781553E+10
 0.25975108580250E+10
 0.25981108666088E+10
 0.25987908490160E+10
 0.25995508404215E+10
 0.26003908467562E+10
 0.26013108453503E+10
 0.26023108270955E+10
 0.26033908257933E+10
 0.26045508154042E+10
 0.26057908192081E+10
 0.26071108188795E+10
 0.26085108466052E+10
 0.26099908858428E+10
 0.26115509081358E+10
 0.26131909767402E+10
 0.26149110644568E+10
 0.26167111729017E+10
 0.26185913227153E+10
 0.26205515156147E+10
 0.26225917597597E+10
 0.26247119886026E+10
 0.26269122762041E+10
 0.26291925541458E+10
 0.26315528188086E+10
 0.26339928418711E+10
 0.26365127250561E+10
 0.26391122507302E+10
 0.26417911691429E+10
 0.26445494340594E+10
 0.26473863943547E+10
 0.26503017707326E+10
 0.26532952086785E+10
 0.26563658966098E+10
 0.26595132869542E+10
 0.26627362732707E+10
 0.26660339429268E+10
 0.26694050524707E+10
 0.26728483005731E+10
 0.26763621121823E+10
 0.26799441829098E+10
 0.26835935233960E+10
 0.26873075113249E+10
 0.26910838214757E+10
 0.26949199170716E+10
 0.26988129371885E+10
 0.27027596565684E+10
 0.27067572612075E+10
 0.27108021568321E+10
 0.27148903027471E+10
 0.27190178194436E+10
 0.27231811432819E+10
 0.27273754346374E+10
 0.27315962040315E+10
 0.27358393395055E+10
 0.27400991250404E+10
 0.27443711641426E+10
 0.27486500786594E+10
 0.27529298175046E+10
 0.27572067523001E+10
 0.27614718833988E+10
 0.27657221547242E+10
 0.27699529746728E+10
 0.27741546758139E+10
 0.27783239102012E+10
 0.27824498992871E+10
 0.27865301929725E+10
 0.27905609554355E+10
 0.27945289118885E+10
 0.27984332673734E+10
 0.28022642399520E+10
 0.28060137481577E+10
 0.28096758557955E+10
 0.28132544643203E+10
 0.28167221984613E+10
 0.28200892279452E+10
 0.28233438619556E+10
 0.28264777162508E+10
 0.28294848452496E+10
 0.28323431528815E+10
 0.28350719437617E+10
 0.28376537942306E+10
 0.28400709528716E+10
 0.28423275344782E+10
 0.28444064814017E+10
 0.28463294953480E+10
 0.28480731806751E+10
 0.28496071532290E+10
 0.28509397216282E+10
 0.28521043851583E+10
 0.28530772011919E+10
 0.28537874683979E+10
 0.28543255173067E+10
 0.28546330699402E+10
 0.28547281473082E+10
 0.28545760627400E+10
 0.28542395739013E+10
 0.28536864117211E+10
 0.28528938443100E+10
 0.28518779234206E+10
 0.28506841635368E+10
 0.28493476594472E+10
 0.28477846478484E+10
 0.28461584882339E+10
 0.28447022997022E+10
 0.28439546157834E+10
 0.28449776428543E+10
 0.28488662180866E+10
 0.28552437881188E+10
 0.28627971622694E+10
 0.28706093352163E+10
 0.28782572315022E+10
 0.28856608903869E+10
 0.28928804894786E+10
 0.29000097140194E+10
 0.29071554783920E+10
 0.29144097797408E+10
 0.29218145519356E+10
 0.29294100943697E+10
 0.29372333372423E+10
 0.29452842794470E+10
 0.29535679789176E+10
 0.29620763378256E+10
 0.29708022869941E+10
 0.29797494868004E+10
 0.29888922094594E+10
 0.29982404777725E+10
 0.30077647297340E+10
 0.30174780261347E+10
 0.30273573783408E+10
 0.30373985657079E+10
 0.30475792626714E+10
 0.30579144813057E+10
 0.30683932026195E+10
 0.30789966663351E+10
 0.30897234463094E+10
 0.31005861831396E+10
 0.31115707195545E+10
 0.31226537137318E+10
 0.31338507392850E+10
 0.31451601839147E+10
 0.31565803969676E+10
 0.31680924602161E+10
 0.31796986038273E+10
 0.31914151978528E+10
 0.32032092216198E+10
 0.32151037067717E+10
 0.32271078167751E+10
 0.32391684678631E+10
 0.32513438383973E+10
 0.32635706179951E+10
 0.32759027239804E+10
 0.32883114964451E+10
 0.33008092734417E+10
 0.33133828041042E+10
 0.33260329929138E+10
 0.33387718211953E+10
 0.33515818028028E+10
 0.33644757948893E+10
 0.33774372757573E+10
 0.33904944994046E+10
 0.34036108253095E+10
 0.34168177600577E+10
 0.34300855442787E+10
 0.34434361090247E+10
 0.34568628265490E+10
 0.34703532051779E+10
 0.34839408163470E+10
 0.34975828012477E+10
 0.35112881986257E+10
 0.35250946246935E+10
 0.35389515401484E+10
 0.35528877638481E+10
 0.35669116453755E+10
 0.35810056234065E+10
 0.35951590753843E+10
 0.36093928308340E+10
 0.36236911399042E+10
 0.36380760096618E+10
 0.36525274709469E+10
 0.36670648670151E+10
 0.36816558671042E+10
 0.36963216063697E+10
 0.37110681787617E+10
 0.37258993156698E+10
 0.37407796524331E+10
 0.37557492338539E+10
 0.37707916120347E+10
 0.37859011325356E+10
 0.38010880341239E+10
 0.38163480289445E+10
 0.38316758527191E+10
 0.38470828983713E+10
 0.38625539086996E+10
 0.38781177478428E+10
 0.38937411970429E+10
 0.39094338741288E+10
 0.39252170685426E+10
 0.39410655400725E+10
 0.39569934018213E+10
 0.39729895294479E+10
 0.39890629785620E+10
 0.40052096204301E+10
 0.40214275437787E+10
 0.40377304787525E+10
 0.40541025971611E+10
 0.40705464699203E+10
 0.40870762805548E+10
 0.41036674476617E+10
 0.41203462949406E+10
 0.41370907963953E+10
 0.41539106361083E+10
 0.41708138333587E+10
 0.41877827893134E+10
 0.42048367160679E+10
 0.42219627282868E+10
 0.42391641179519E+10
 0.42564411061697E+10
 0.42737950024284E+10
 0.42912353091293E+10
 0.43087416974483E+10
 0.43263215059073E+10
 0.43439804258669E+10
 0.43617184768771E+10
 0.43795416069098E+10
 0.43974353525177E+10
 0.44154015775118E+10
 0.44334512868329E+10
 0.44515679327896E+10
 0.44697767075587E+10
 0.44880559988939E+10
 0.45064146689323E+10
 0.45248408733230E+10
 0.45433476476741E+10
 0.45619458493970E+10
 0.45806109677782E+10
 0.45993597731014E+10
 0.46181769667985E+10
 0.46370868430045E+10
 0.46560660943512E+10
 0.46751241404795E+10
 0.46942624491866E+10
 0.47134745647653E+10
 0.47327600089254E+10
 0.47521421096164E+10
 0.47715925588720E+10
 0.47911219593968E+10
 0.48107263727851E+10
 0.48304122780127E+10
 0.48501876622303E+10
 0.48700211296418E+10
 0.48899550936427E+10
 0.49099592651550E+10
 0.49300386844173E+10
 0.49502012810714E+10
 0.49704404298002E+10
 0.49907638943257E+10
 0.50111630821165E+10
 0.50316428291857E+10
 0.50521956749633E+10
 0.50728410655346E+10
 0.50935585024368E+10
 0.51143605625245E+10
 0.51352388461593E+10
 0.51561959280987E+10
 0.51772271731669E+10
 0.51983412426933E+10
 0.52195426856439E+10
 0.52408159682065E+10
 0.52621741251464E+10
 0.52836132877705E+10
 0.53051247720253E+10
 0.53267254886103E+10
 0.53484052482022E+10
 0.53701590440952E+10
 0.53919953742254E+10
 0.54139187980498E+10
 0.54359123165052E+10
 0.54579939858100E+10
 0.54801531885960E+10
 0.55023985949923E+10
 0.55247063050449E+10
 0.55471144108789E+10
 0.55695989759644E+10
 0.55921598794774E+10
 0.56147975738990E+10
 0.56375248529506E+10
 0.56603259256862E+10
 0.56832080740533E+10
 0.57061777444433E+10
 0.57292183288298E+10
 0.57523485012797E+10
 0.57755626017387E+10
 0.57988487473863E+10
 0.58222096191064E+10
