 0.80489310264415E+01
 0.80489310264425E+01
 0.80489310264561E+01
 0.80489310265404E+01
 0.80489436667313E+01
 0.80490638662790E+01
 0.80496108554451E+01
 0.80511607160210E+01
 0.80543953110077E+01
 0.80598571157872E+01
 0.80678167011315E+01
 0.80782345329085E+01
 0.80908248204536E+01
 0.81051542768762E+01
 0.81207357448398E+01
 0.81370971793435E+01
 0.81538216318119E+01
 0.81705648714777E+01
 0.81870569952123E+01
 0.82030960694989E+01
 0.82185376263433E+01
 0.82332839599221E+01
 0.82472738839349E+01
 0.82604733793259E+01
 0.82728696296487E+01
 0.82844660845059E+01
 0.82952760794597E+01
 0.83053202804183E+01
 0.83146252354706E+01
 0.83232228574844E+01
 0.83311439750848E+01
 0.83384250703076E+01
 0.83450948634002E+01
 0.83511921180486E+01
 0.83567488189659E+01
 0.83617950756421E+01
 0.83663657091949E+01
 0.83704878960833E+01
 0.83741934941659E+01
 0.83775063046631E+01
 0.83804531471468E+01
 0.83830592333423E+01
 0.83853461895874E+01
 0.83873322014146E+01
 0.83890404912829E+01
 0.83904852132695E+01
 0.83916838123222E+01
 0.83926539119911E+01
 0.83934038877991E+01
 0.83939527214238E+01
 0.83943033203548E+01
 0.83944719828935E+01
 0.83944565982692E+01
 0.83942812995300E+01
 0.83939435592629E+01
 0.83934514250680E+01
 0.83928034615034E+01
 0.83920183612687E+01
 0.83910902483944E+01
 0.83900194259312E+01
 0.83888172092720E+01
 0.83874793946738E+01
 0.83860214404219E+01
 0.83844278625971E+01
 0.83827072411037E+01
 0.83808674273520E+01
 0.83789036605939E+01
 0.83768214288873E+01
 0.83746238297800E+01
 0.83722885273402E+01
 0.83698397083302E+01
 0.83672872375639E+01
 0.83646184231695E+01
 0.83618176860745E+01
 0.83589190286735E+01
 0.83559125001232E+01
 0.83527892421126E+01
 0.83495578407975E+01
 0.83462187341411E+01
 0.83427489188319E+01
 0.83392029241981E+01
 0.83355424573110E+01
 0.83317910597924E+01
 0.83279247163730E+01
 0.83239514219509E+01
 0.83199043673546E+01
 0.83157349975530E+01
 0.83114762051632E+01
 0.83071277048213E+01
 0.83027008609021E+01
 0.82981553847738E+01
 0.82935561472316E+01
 0.82888561113325E+01
 0.82840704676820E+01
 0.82792015614751E+01
 0.82742373032728E+01
 0.82691962381316E+01
 0.82640935360308E+01
 0.82588843526983E+01
 0.82535873385472E+01
 0.82482427697826E+01
 0.82428041061603E+01
 0.82372779073869E+01
 0.82316969311081E+01
 0.82260039699337E+01
 0.82202610568187E+01
 0.82144380490001E+01
 0.82085210744111E+01
 0.82025238664629E+01
 0.81964146425624E+01
 0.81902272939041E+01
 0.81839412227850E+01
 0.81775640528322E+01
 0.81710388604318E+01
 0.81644509247153E+01
 0.81577089932655E+01
 0.81508248640661E+01
 0.81438126501485E+01
 0.81366254537002E+01
 0.81292740730881E+01
 0.81217459137535E+01
 0.81140412133192E+01
 0.81060719431927E+01
 0.80978519740368E+01
 0.80893383994747E+01
 0.80804883170035E+01
 0.80713632983526E+01
 0.80617637173619E+01
 0.80517702211618E+01
 0.80412571267673E+01
 0.80302452468636E+01
 0.80185196591312E+01
 0.80061507325617E+01
 0.79930447739240E+01
 0.79790408856043E+01
 0.79640626906434E+01
 0.79479683269973E+01
 0.79306598841468E+01
 0.79120204576997E+01
 0.78919036961096E+01
 0.78702796567666E+01
 0.78468481167256E+01
 0.78216188308427E+01
 0.77943144926967E+01
 0.77650519186509E+01
 0.77336196415830E+01
 0.77001145041763E+01
 0.76645465862012E+01
 0.76266324052910E+01
 0.75859862435030E+01
 0.75422387393483E+01
 0.74942644626013E+01
 0.74397586350384E+01
 0.73777969299644E+01
 0.73054809407976E+01
 0.72206134945637E+01
 0.71227891543185E+01
 0.70113325986416E+01
 0.68878096386496E+01
 0.67541799475612E+01
 0.66146207228832E+01
 0.64716368007875E+01
 0.63276848648631E+01
 0.61841733869998E+01
 0.60437059482923E+01
 0.59066861133519E+01
 0.57738606378158E+01
 0.56454803622516E+01
 0.55212914082713E+01
 0.54023134528410E+01
 0.52873075157736E+01
 0.51760555497357E+01
 0.50693078587292E+01
 0.49659348708166E+01
 0.48670377672079E+01
 0.47715029920679E+01
 0.46786679233333E+01
 0.45897259805200E+01
 0.45034038938605E+01
 0.44201512082896E+01
 0.43394747239091E+01
 0.42610279654381E+01
 0.41852136563842E+01
 0.41115461433706E+01
 0.40396560617738E+01
 0.39694430355562E+01
 0.39010050115405E+01
 0.38340642564442E+01
 0.37678203366985E+01
 0.37026530769920E+01
 0.36380894049186E+01
 0.35739223392136E+01
 0.35091759404816E+01
 0.34435394207494E+01
 0.33763518872413E+01
 0.33068716706831E+01
 0.32326169213148E+01
 0.31514237898503E+01
 0.30574807032186E+01
 0.29358021434493E+01
 0.27131493699382E+01
 0.27914537374997E+01
 0.30114216455402E+01
 0.31555445450217E+01
 0.32550836243852E+01
 0.33258841675235E+01
 0.33781055404120E+01
 0.34171004168933E+01
 0.34460709589443E+01
 0.34679771693401E+01
 0.34839844458763E+01
 0.34954483067289E+01
 0.35035005715251E+01
 0.35082233657234E+01
 0.35106915805551E+01
 0.35110418989319E+01
 0.35098180224133E+01
 0.35071129629593E+01
 0.35034121263668E+01
 0.34985879137960E+01
 0.34929465327478E+01
 0.34867406601109E+01
 0.34798785964358E+01
 0.34725357974289E+01
 0.34648407188553E+01
 0.34567990516623E+01
 0.34484766875983E+01
 0.34399519380677E+01
 0.34311794990256E+01
 0.34223258292292E+01
 0.34133939300324E+01
 0.34043600140916E+01
 0.33952975822542E+01
 0.33862373310148E+01
 0.33771684739133E+01
 0.33680608170406E+01
 0.33590348247782E+01
 0.33499989814281E+01
 0.33410403134567E+01
 0.33322056807053E+01
 0.34179619264608E+01
 0.35547236439448E+01
 0.36477693600907E+01
 0.37266871778833E+01
 0.37995908839327E+01
 0.38679671153424E+01
 0.39335267567644E+01
 0.39978989665843E+01
 0.40606802266521E+01
 0.41229975990730E+01
 0.41848425683987E+01
 0.42464124590268E+01
 0.43078460372655E+01
 0.43695666147702E+01
 0.44310490510085E+01
 0.44936125034263E+01
 0.45561469802653E+01
 0.46189755536177E+01
 0.46822292272370E+01
 0.47461894864596E+01
 0.48107182639093E+01
 0.48757016215880E+01
 0.49419417917076E+01
 0.50079281000764E+01
 0.50753358821266E+01
 0.51432616923459E+01
 0.52119650604152E+01
 0.52811566599638E+01
 0.53514977224712E+01
 0.54226379607297E+01
 0.54938527468056E+01
 0.55668702829445E+01
 0.56402649217699E+01
 0.57140953219895E+01
 0.57891342170993E+01
 0.58651189926227E+01
 0.59420009120146E+01
 0.60197760488891E+01
 0.60982242781019E+01
 0.61774516571465E+01
 0.62578670895223E+01
 0.63387806714431E+01
 0.64207600438097E+01
 0.65034903859178E+01
 0.65873148310847E+01
 0.66721305081633E+01
 0.67578887272665E+01
 0.68442176258077E+01
 0.69314900424313E+01
 0.70199791914174E+01
 0.71095234191748E+01
 0.71998097595710E+01
 0.72910626264923E+01
 0.73828962510921E+01
 0.74756631269594E+01
 0.75705047430260E+01
 0.76650709746511E+01
 0.77605984419464E+01
 0.78577402943178E+01
 0.79553957926849E+01
