 0.53790003390538E+03
 0.53790003729903E+03
 0.53790005303721E+03
 0.53790009755464E+03
 0.53789935044104E+03
 0.53789150103327E+03
 0.53785525794667E+03
 0.53775219607121E+03
 0.53753692149946E+03
 0.53717357978490E+03
 0.53664478965706E+03
 0.53595415597048E+03
 0.53512183080604E+03
 0.53417769421905E+03
 0.53315488658263E+03
 0.53208523519930E+03
 0.53099644441225E+03
 0.52991115233393E+03
 0.52884677342518E+03
 0.52781615186179E+03
 0.52682823178205E+03
 0.52588892841797E+03
 0.52500177332836E+03
 0.52416832176292E+03
 0.52338886434898E+03
 0.52266310628135E+03
 0.52198968813755E+03
 0.52136659639241E+03
 0.52079167849468E+03
 0.52026305385415E+03
 0.51977775634986E+03
 0.51933411313410E+03
 0.51892771016066E+03
 0.51855747577622E+03
 0.51822030803653E+03
 0.51791274314247E+03
 0.51763336237683E+03
 0.51737864041573E+03
 0.51714716640666E+03
 0.51693537882395E+03
 0.51674141175818E+03
 0.51656329758407E+03
 0.51639882777618E+03
 0.51624488023659E+03
 0.51610097774604E+03
 0.51596388272825E+03
 0.51583245066123E+03
 0.51570591703046E+03
 0.51558095069179E+03
 0.51545871693007E+03
 0.51533472872943E+03
 0.51521015635368E+03
 0.51508067123265E+03
 0.51494963134564E+03
 0.51481211829005E+03
 0.51467137433681E+03
 0.51452033006115E+03
 0.51436413619187E+03
 0.51419992883791E+03
 0.51402571844913E+03
 0.51384208698325E+03
 0.51364523509225E+03
 0.51344305320007E+03
 0.51322651461784E+03
 0.51299551880032E+03
 0.51275530641099E+03
 0.51250166272715E+03
 0.51223612345838E+03
 0.51195890275321E+03
 0.51165837703430E+03
 0.51134482384787E+03
 0.51102442252464E+03
 0.51068673225853E+03
 0.51032377058756E+03
 0.50995354987677E+03
 0.50956807202141E+03
 0.50916338186212E+03
 0.50874180335483E+03
 0.50830334450026E+03
 0.50783502729542E+03
 0.50736349958425E+03
 0.50686793680378E+03
 0.50635983532808E+03
 0.50582428045621E+03
 0.50526510170901E+03
 0.50469954138320E+03
 0.50409895658478E+03
 0.50348052241038E+03
 0.50284337544092E+03
 0.50219155451230E+03
 0.50150157074273E+03
 0.50080988008459E+03
 0.50008716172788E+03
 0.49934072402016E+03
 0.49857390650251E+03
 0.49777393473176E+03
 0.49695278281423E+03
 0.49612038113822E+03
 0.49524401426816E+03
 0.49433749934117E+03
 0.49342616029598E+03
 0.49247794841423E+03
 0.49149746535809E+03
 0.49050573172220E+03
 0.48946405480532E+03
 0.48841772580735E+03
 0.48734171847316E+03
 0.48623077091179E+03
 0.48509695435505E+03
 0.48391745003944E+03
 0.48271751965422E+03
 0.48148777620522E+03
 0.48023262487985E+03
 0.47892284478102E+03
 0.47761718207138E+03
 0.47626024363306E+03
 0.47486505923642E+03
 0.47344931584801E+03
 0.47199259899514E+03
 0.47050744204583E+03
 0.46899737389770E+03
 0.46747509648809E+03
 0.46589783084914E+03
 0.46428969431805E+03
 0.46264643402522E+03
 0.46095348572871E+03
 0.45927163800655E+03
 0.45751306619039E+03
 0.45574383635456E+03
 0.45392936786209E+03
 0.45210636557367E+03
 0.45020513008326E+03
 0.44829496789142E+03
 0.44636801911818E+03
 0.44439436831407E+03
 0.44238767514448E+03
 0.44033375582130E+03
 0.43823981935964E+03
 0.43611097612816E+03
 0.43393778237861E+03
 0.43174748414911E+03
 0.42948593534653E+03
 0.42717626178087E+03
 0.42476705253970E+03
 0.42228993568415E+03
 0.41968962443855E+03
 0.41697837538576E+03
 0.41415016754483E+03
 0.41115530859299E+03
 0.40797629404541E+03
 0.40469200357793E+03
 0.40134132951035E+03
 0.39787144287695E+03
 0.39460782325966E+03
 0.39155877477173E+03
 0.38884820715232E+03
 0.38666831924712E+03
 0.38504047156319E+03
 0.38402003299631E+03
 0.38358166954284E+03
 0.38372291261248E+03
 0.38436178503491E+03
 0.38543537149414E+03
 0.38688659592331E+03
 0.38870248708461E+03
 0.39085020914901E+03
 0.39331685898326E+03
 0.39609065521942E+03
 0.39916186054374E+03
 0.40252007063123E+03
 0.40615614115525E+03
 0.41006538261540E+03
 0.41422782195230E+03
 0.41864788369858E+03
 0.42328898751411E+03
 0.42815993696309E+03
 0.43327267660435E+03
 0.43857290577386E+03
 0.44409535663960E+03
 0.44980923993549E+03
 0.45572689755252E+03
 0.46186004494277E+03
 0.46817417310718E+03
 0.47469126766563E+03
 0.48143336233406E+03
 0.48840623282342E+03
 0.49559704209902E+03
 0.50302761488513E+03
 0.51078322900686E+03
 0.51883123324084E+03
 0.52723287000795E+03
 0.53602700591999E+03
 0.54536609010158E+03
 0.55533366446057E+03
 0.56607834128032E+03
 0.57778639799117E+03
 0.59098662359503E+03
 0.60625703818900E+03
 0.62504446954193E+03
 0.65123037152192E+03
 0.70509318591529E+03
 0.68583040432918E+03
 0.63630578884909E+03
 0.60787835823515E+03
 0.58998718720888E+03
 0.57818414194230E+03
 0.57006201275164E+03
 0.56443120116166E+03
 0.56061454659086E+03
 0.55806122871601E+03
 0.55653764786757E+03
 0.55580453716952E+03
 0.55567775865033E+03
 0.55612394070481E+03
 0.55697981412622E+03
 0.55821510571748E+03
 0.55975205846841E+03
 0.56156957274749E+03
 0.56360253618535E+03
 0.56585526950252E+03
 0.56828859479057E+03
 0.57087156805593E+03
 0.57360497751017E+03
 0.57646685323305E+03
 0.57944144645345E+03
 0.58251701133021E+03
 0.58569327398707E+03
 0.58895860648665E+03
 0.59230269716830E+03
 0.59572818206412E+03
 0.59921129941090E+03
 0.60275945692080E+03
 0.60636432168907E+03
 0.61002225238950E+03
 0.61372073612017E+03
 0.61748260058981E+03
 0.62127083418181E+03
 0.62512453047586E+03
 0.62899584164734E+03
 0.63290808838977E+03
 0.61923129640743E+03
 0.59754964708148E+03
 0.58442865165205E+03
 0.57413138764786E+03
 0.56519854798397E+03
 0.55726101211557E+03
 0.55000607002751E+03
 0.54318636576634E+03
 0.53679796963930E+03
 0.53069056137042E+03
 0.52484090337233E+03
 0.51921082504917E+03
 0.51377123848856E+03
 0.50847344568104E+03
 0.50335233310006E+03
 0.49828981327491E+03
 0.49337235173622E+03
 0.48856676369637E+03
 0.48385817691448E+03
 0.47922173211414E+03
 0.47466532532039E+03
 0.47019390280572E+03
 0.46575019719211E+03
 0.46143499485515E+03
 0.45713447620002E+03
 0.45290726576713E+03
 0.44873538039790E+03
 0.44463505262394E+03
 0.44056583728900E+03
 0.43654830152156E+03
 0.43262217461725E+03
 0.42869025921030E+03
 0.42483100179596E+03
 0.42103958725643E+03
 0.41727479497283E+03
 0.41355063936014E+03
 0.40986936433524E+03
 0.40623071926076E+03
 0.40264477331751E+03
 0.39910562921938E+03
 0.39559496373316E+03
 0.39214259279266E+03
 0.38872364159308E+03
 0.38535086903125E+03
 0.38201007747523E+03
 0.37870564503029E+03
 0.37543887532867E+03
 0.37222379382604E+03
 0.36904548781724E+03
 0.36589393802282E+03
 0.36277549573116E+03
 0.35970047133857E+03
 0.35666071918236E+03
 0.35366859889062E+03
 0.35071183136157E+03
 0.34775477696005E+03
 0.34487042611633E+03
 0.34201987237229E+03
 0.33918328796541E+03
 0.33639309477077E+03
