 0.98445526788544E+00
 0.98445526788544E+00
 0.98445526788544E+00
 0.98445526788544E+00
 0.98445526788544E+00
 0.98445526788544E+00
 0.98445526788544E+00
 0.98445526788544E+00
 0.98445526788544E+00
 0.98445524117202E+00
 0.98445644462219E+00
 0.98445474659539E+00
 0.98445353785076E+00
 0.98445434386831E+00
 0.98445270496311E+00
 0.98445338818560E+00
 0.98445295250129E+00
 0.98445486664520E+00
 0.98445416196184E+00
 0.98445289072232E+00
 0.98445355309864E+00
 0.98445475728037E+00
 0.98445432953585E+00
 0.98445154454734E+00
 0.98445078510554E+00
 0.98445297348158E+00
 0.98445380260766E+00
 0.98445206462217E+00
 0.98445047440052E+00
 0.98445321208846E+00
 0.98445636824119E+00
 0.98444996974616E+00
 0.98446131754023E+00
 0.98446279330320E+00
 0.98445650935795E+00
 0.98446532571090E+00
 0.98445931210816E+00
 0.98445767700970E+00
 0.98446950128261E+00
 0.98445963607524E+00
 0.98445099531886E+00
 0.98446793416025E+00
 0.98445821811152E+00
 0.98447205511160E+00
 0.98448015639491E+00
 0.98448043489987E+00
 0.98447905787356E+00
 0.98447090495447E+00
 0.98446289095182E+00
 0.98447912010205E+00
 0.98445939730648E+00
 0.98448460844176E+00
 0.98447307807196E+00
 0.98446936724313E+00
 0.98446971259897E+00
 0.98448570471030E+00
 0.98443782082822E+00
 0.98445986617536E+00
 0.98448439206122E+00
 0.98447650884868E+00
 0.98448535864769E+00
 0.98448299625850E+00
 0.98444379224336E+00
 0.98447838799856E+00
 0.98442873473437E+00
 0.98448062505944E+00
 0.98448330838929E+00
 0.98441051310018E+00
 0.98448517732646E+00
 0.98442484821970E+00
 0.98447763251168E+00
 0.98446722478489E+00
 0.98445422839388E+00
 0.98447550345360E+00
 0.98443077257822E+00
 0.98448454619005E+00
 0.98446814843708E+00
 0.98443341488038E+00
 0.98442035043682E+00
 0.98442143838614E+00
 0.98443845264786E+00
 0.98444654660081E+00
 0.98447075882188E+00
 0.98444009006406E+00
 0.98444222476587E+00
 0.98447562747642E+00
 0.98442991585327E+00
 0.98441223055189E+00
 0.98442601658386E+00
 0.98443236883082E+00
 0.98446702967330E+00
 0.98446919143572E+00
 0.98442239097842E+00
 0.98447531398130E+00
 0.98442248579786E+00
 0.98444752260194E+00
 0.98443096985007E+00
 0.98441947504250E+00
 0.98448003162160E+00
 0.98447908946202E+00
 0.98442934779421E+00
 0.98443662827825E+00
 0.98444378747098E+00
 0.98444203315123E+00
 0.98447032429254E+00
 0.98447954172705E+00
 0.98446029564465E+00
 0.98440984984336E+00
 0.98440846065129E+00
 0.98445680687962E+00
 0.98450216648281E+00
 0.98446880383163E+00
 0.98451232943974E+00
 0.98447844794232E+00
 0.98448546452965E+00
 0.98448809825925E+00
 0.98451456856669E+00
 0.98449714446936E+00
 0.98451439801654E+00
 0.98453144568824E+00
 0.98456753083390E+00
 0.98453831339819E+00
 0.98458170796946E+00
 0.98461216206134E+00
 0.98465050871863E+00
 0.98464345315132E+00
 0.98467807317718E+00
 0.98470150495608E+00
 0.98477015344392E+00
 0.98479887868363E+00
 0.98478059478674E+00
 0.98483124362588E+00
 0.98487454121694E+00
 0.98491276490462E+00
 0.98493825865070E+00
 0.98500149240208E+00
 0.98508927231732E+00
 0.98508421712952E+00
 0.98517948826498E+00
 0.98516216195619E+00
 0.98522710040057E+00
 0.98526714684597E+00
 0.98534617422717E+00
 0.98535915265963E+00
 0.98533074363003E+00
 0.98544090226445E+00
 0.98540423200271E+00
 0.98546227771845E+00
 0.98548641638204E+00
 0.98550894741642E+00
 0.98549289602280E+00
 0.98554718220388E+00
 0.98554586903476E+00
 0.98558997410022E+00
 0.98555227903443E+00
 0.98557543260345E+00
 0.98553755172942E+00
 0.98550634588534E+00
 0.98548892768885E+00
 0.98544694310855E+00
 0.98544379539188E+00
 0.98538064592909E+00
 0.98536119134260E+00
 0.98528538136529E+00
 0.98522899508343E+00
 0.98515384099013E+00
 0.98507433302317E+00
 0.98502865943777E+00
 0.98487186216161E+00
 0.98476160198643E+00
 0.98460948580486E+00
 0.98450768315514E+00
 0.98436637228018E+00
 0.98422611544052E+00
 0.98406122746807E+00
 0.98389894827955E+00
 0.98365095170072E+00
 0.98354726109964E+00
 0.98333349645980E+00
 0.98310583681026E+00
 0.98283479176928E+00
 0.98257546571127E+00
 0.98234300128304E+00
 0.98204335609044E+00
 0.98181859284560E+00
 0.98149251792928E+00
 0.98117229131687E+00
 0.98087489994262E+00
 0.98047698990925E+00
 0.98017878591260E+00
 0.97979393798055E+00
 0.97935314029852E+00
 0.97892375848812E+00
 0.97854270640633E+00
 0.97812009586341E+00
 0.97767349736855E+00
 0.97721593257508E+00
 0.97678077246209E+00
 0.97625084967551E+00
 0.97579622728624E+00
 0.97530004380406E+00
 0.97472868793106E+00
 0.97417821272233E+00
 0.97362975813067E+00
 0.97304878315859E+00
 0.97251306689111E+00
 0.97185963207369E+00
 0.97122820294705E+00
 0.97061628008756E+00
 0.96996423382075E+00
 0.96934753895064E+00
 0.96861444760424E+00
 0.96794326744030E+00
 0.96719949289532E+00
 0.96659303963176E+00
 0.96577641536104E+00
 0.96504425250593E+00
 0.96427550596023E+00
 0.96349689428128E+00
 0.96274347206150E+00
 0.96195841466788E+00
 0.96111290306906E+00
 0.96031645862578E+00
 0.95948542974762E+00
 0.95864179063099E+00
 0.95785359644360E+00
 0.95697914166551E+00
 0.95609915191063E+00
 0.95508068048347E+00
 0.95424506253983E+00
 0.95337208418020E+00
 0.95239862263655E+00
 0.95142071637820E+00
 0.95052317393216E+00
 0.94948586323948E+00
 0.94857386351471E+00
 0.94751829979428E+00
 0.94652606665562E+00
 0.94550297400843E+00
 0.94456148341394E+00
 0.94355178426842E+00
 0.94245932364645E+00
 0.94132937668912E+00
 0.94031764765466E+00
 0.93924669071162E+00
 0.93813849104605E+00
 0.93707478294107E+00
 0.93602590154706E+00
 0.93496184550885E+00
 0.93382269722920E+00
 0.93261487986821E+00
 0.93159052437990E+00
 0.93032279869318E+00
 0.92930382662789E+00
 0.92800774527075E+00
 0.92691159221852E+00
 0.92570319274520E+00
 0.92447122626211E+00
 0.92344118744270E+00
 0.92211716184620E+00
 0.92093958873058E+00
 0.91971479291081E+00
 0.91852257740474E+00
 0.91738492487634E+00
 0.91604012097253E+00
 0.91480624081064E+00
 0.91360608342725E+00
 0.91236575520677E+00
 0.91111422088876E+00
 0.90986377813478E+00
 0.90857654627995E+00
 0.90740012298537E+00
 0.90602758252229E+00
 0.90475879092681E+00
 0.90346491105104E+00
 0.90215321321547E+00
 0.90092557969815E+00
 0.89965115515534E+00
 0.89828361939154E+00
 0.89692547261228E+00
 0.89572001384760E+00
 0.89439940916011E+00
 0.89307708564605E+00
 0.89167538244129E+00
 0.89028809529478E+00
 0.88893741014916E+00
 0.88761594377774E+00
 0.88641362026694E+00
 0.88497032977031E+00
 0.88371816240974E+00
 0.88233805393516E+00
 0.88101086092029E+00
 0.87958200482984E+00
 0.87826653220321E+00
 0.87691039147601E+00
 0.87545855420110E+00
 0.87412189387595E+00
 0.87273000213875E+00
 0.87143758625231E+00
 0.87001751983234E+00
