 0.30964654458033E+03
 0.30964654458037E+03
 0.30964654458102E+03
 0.30964654462233E+03
 0.30964654557380E+03
 0.30964654936996E+03
 0.30964653212187E+03
 0.30964635945306E+03
 0.30964566553023E+03
 0.30964377523013E+03
 0.30963970462728E+03
 0.30963222550507E+03
 0.30961998037152E+03
 0.30960155329173E+03
 0.30957561172546E+03
 0.30954086595741E+03
 0.30949625382835E+03
 0.30944084646620E+03
 0.30937388601771E+03
 0.30929479831712E+03
 0.30918212741383E+03
 0.30907210108247E+03
 0.30894874942294E+03
 0.30881207601730E+03
 0.30866216953185E+03
 0.30849925166512E+03
 0.30832352427492E+03
 0.30813558583943E+03
 0.30793578296005E+03
 0.30772450201103E+03
 0.30750216361879E+03
 0.30726970576516E+03
 0.30702743408535E+03
 0.30677584697141E+03
 0.30651618060733E+03
 0.30624855748552E+03
 0.30597383896182E+03
 0.30569233499692E+03
 0.30540518992790E+03
 0.30511319975925E+03
 0.30481546741857E+03
 0.30451397455393E+03
 0.30420908783335E+03
 0.30390092381140E+03
 0.30358932996840E+03
 0.30327554059614E+03
 0.30296050484943E+03
 0.30264377507119E+03
 0.30232518231859E+03
 0.30200520659977E+03
 0.30168480392615E+03
 0.30136312241397E+03
 0.30104099751544E+03
 0.30071799561404E+03
 0.30039362424432E+03
 0.30006853790141E+03
 0.29974274357817E+03
 0.29941470238991E+03
 0.29908580576929E+03
 0.29875642764514E+03
 0.29842081948079E+03
 0.29808663940954E+03
 0.29774917753248E+03
 0.29740564062003E+03
 0.29706130821203E+03
 0.29670794204873E+03
 0.29635143206055E+03
 0.29599353660748E+03
 0.29562440137348E+03
 0.29525094369345E+03
 0.29486412762199E+03
 0.29447017944678E+03
 0.29407151955137E+03
 0.29365385301589E+03
 0.29323010493936E+03
 0.29278951445333E+03
 0.29233621692200E+03
 0.29186442430358E+03
 0.29138441583150E+03
 0.29087911675848E+03
 0.29035778650410E+03
 0.28981659022480E+03
 0.28925538185977E+03
 0.28867066943100E+03
 0.28805368188705E+03
 0.28741802552622E+03
 0.28675527123766E+03
 0.28605775617400E+03
 0.28532976417552E+03
 0.28456527726779E+03
 0.28377525849649E+03
 0.28294857819110E+03
 0.28207445660992E+03
 0.28115508649559E+03
 0.28020427532915E+03
 0.27921020148195E+03
 0.27815114491713E+03
 0.27705268199568E+03
 0.27589482248509E+03
 0.27468130723227E+03
 0.27339893205815E+03
 0.27206108680908E+03
 0.27065621867265E+03
 0.26917055207109E+03
 0.26760178345196E+03
 0.26595886509148E+03
 0.26423918241320E+03
 0.26240309585885E+03
 0.26047708554116E+03
 0.25845791585757E+03
 0.25633129800132E+03
 0.25407276581412E+03
 0.25169119684396E+03
 0.24916869082901E+03
 0.24648792093393E+03
 0.24367141919015E+03
 0.24068793735813E+03
 0.23752451765097E+03
 0.23415885117246E+03
 0.23059674129091E+03
 0.22682659852500E+03
 0.22283329358122E+03
 0.21855795930809E+03
 0.21401771506799E+03
 0.20923405240309E+03
 0.20418490248762E+03
 0.19885836281709E+03
 0.19319640367385E+03
 0.18727505395994E+03
 0.18119114621708E+03
 0.17484545432267E+03
 0.16841974629486E+03
 0.16207672198349E+03
 0.15589631034647E+03
 0.15005238454574E+03
 0.14480834396120E+03
 0.14020799594905E+03
 0.13641062023934E+03
 0.13344027472831E+03
 0.13127746296767E+03
 0.12984200835607E+03
 0.12903330964387E+03
 0.12876182847985E+03
 0.12893425765664E+03
 0.12947013341155E+03
 0.13029484877861E+03
 0.13136200542379E+03
 0.13261612853537E+03
 0.13403237541891E+03
 0.13558127449229E+03
 0.13721345428991E+03
 0.13894798698110E+03
 0.14077071924911E+03
 0.14263574012622E+03
 0.14456617368311E+03
 0.14653311799392E+03
 0.14854556926387E+03
 0.15058576654261E+03
 0.15266933293957E+03
 0.15477163926734E+03
 0.15689567289369E+03
 0.15905281637542E+03
 0.16122976746041E+03
 0.16342739681204E+03
 0.16563100558401E+03
 0.16786361431007E+03
 0.17010877889603E+03
 0.17236980261214E+03
 0.17464860863864E+03
 0.17693847819961E+03
 0.17922980346787E+03
 0.18155139136481E+03
 0.18388364869181E+03
 0.18620880029288E+03
 0.18856243927693E+03
 0.19092956070164E+03
 0.19328652987006E+03
 0.19567312803187E+03
 0.19806000676111E+03
 0.20048037549724E+03
 0.20286738279755E+03
 0.20529080254578E+03
 0.20770997191600E+03
 0.21017358833820E+03
 0.21260937296654E+03
 0.21508271130812E+03
 0.21753394245074E+03
 0.22001196135602E+03
 0.22249738019699E+03
 0.22499712948924E+03
 0.22749749259783E+03
 0.23002321309219E+03
 0.23255909868330E+03
 0.23509633328692E+03
 0.23763520188673E+03
 0.24017601620805E+03
 0.24273366802750E+03
 0.24531648541444E+03
 0.24790056841260E+03
 0.25048027903690E+03
 0.25308547380889E+03
 0.25567757500092E+03
 0.25831256741957E+03
 0.26092766839311E+03
 0.26357987879243E+03
 0.26621148851616E+03
 0.26887179501752E+03
 0.27154387427640E+03
 0.27421779857831E+03
 0.27689270485334E+03
 0.27959286587945E+03
 0.28229517378392E+03
 0.28502709302825E+03
 0.28774076190167E+03
 0.29046917229185E+03
 0.29321070272503E+03
 0.29596398391981E+03
 0.29872858936514E+03
 0.30148680834917E+03
 0.30427741913031E+03
 0.30705543030908E+03
 0.30986633210794E+03
 0.31269522812461E+03
 0.31550818103586E+03
 0.31834472839776E+03
 0.32117302734384E+03
 0.32402753242388E+03
 0.32687318608390E+03
 0.32975428342075E+03
 0.33262817642631E+03
 0.33550025759215E+03
 0.33841143834202E+03
 0.34131694613425E+03
 0.34423113117870E+03
 0.34717735174974E+03
 0.35010063485927E+03
 0.35304465670222E+03
 0.35599693943384E+03
 0.35897790016954E+03
 0.36194821688812E+03
 0.36492103033403E+03
 0.36792183957372E+03
 0.37091294564599E+03
 0.37392967633628E+03
 0.37696468386440E+03
 0.37998080554545E+03
 0.38303478451450E+03
 0.38608969501871E+03
 0.38914771797987E+03
 0.39223212838121E+03
 0.39529032102097E+03
 0.39840014073216E+03
 0.40148642251191E+03
 0.40460366583925E+03
 0.40772100254272E+03
 0.41084776130925E+03
 0.41399404425928E+03
 0.41714960898830E+03
 0.42028271656357E+03
 0.42346565254489E+03
 0.42662641477036E+03
 0.42983254026483E+03
 0.43302716627456E+03
 0.43622712809445E+03
 0.43943102470573E+03
 0.44266399687286E+03
 0.44590678897635E+03
 0.44915251302561E+03
 0.45239585839897E+03
 0.45566053545396E+03
 0.45893473602077E+03
 0.46219892661214E+03
 0.46550530702035E+03
 0.46881332939455E+03
 0.47212331636285E+03
 0.47543174481615E+03
 0.47876526274978E+03
 0.48208817253538E+03
 0.48545160001492E+03
 0.48881042240759E+03
 0.49218492838972E+03
 0.49555938186804E+03
 0.49893708364705E+03
 0.50232780271848E+03
 0.50572693218671E+03
 0.50914945513570E+03
 0.51255946465057E+03
 0.51599464212232E+03
 0.51941455542553E+03
 0.52286225181682E+03
 0.52634464288690E+03
 0.52978271282594E+03
 0.53327312922797E+03
 0.53674662475343E+03
 0.54024362378224E+03
 0.54375655362148E+03
 0.54725633275879E+03
 0.55078378783314E+03
 0.55431179731080E+03
 0.55784639331001E+03
