 0.11312241377893E+03
 0.11312241377892E+03
 0.11312241377876E+03
 0.11312241378960E+03
 0.11312241419240E+03
 0.11312241800314E+03
 0.11312243433339E+03
 0.11312247901886E+03
 0.11312256863202E+03
 0.11312271436484E+03
 0.11312291746011E+03
 0.11312316757445E+03
 0.11312344641866E+03
 0.11312371993479E+03
 0.11312395701671E+03
 0.11312409974707E+03
 0.11312409906987E+03
 0.11312388504170E+03
 0.11312336488507E+03
 0.11312241908291E+03
 0.11311554491594E+03
 0.11311172474547E+03
 0.11310663448338E+03
 0.11309985345023E+03
 0.11309083163230E+03
 0.11307889838396E+03
 0.11306321139751E+03
 0.11304288305042E+03
 0.11301679293361E+03
 0.11298369669201E+03
 0.11294193553181E+03
 0.11289077140281E+03
 0.11282843411925E+03
 0.11275346462826E+03
 0.11266462766539E+03
 0.11256044487193E+03
 0.11243971604066E+03
 0.11230113558617E+03
 0.11214392509512E+03
 0.11196712305997E+03
 0.11176927864460E+03
 0.11154993449881E+03
 0.11130855250891E+03
 0.11104406992584E+03
 0.11075533498611E+03
 0.11044157378826E+03
 0.11010210910521E+03
 0.10973537068363E+03
 0.10933975593364E+03
 0.10891383399233E+03
 0.10845576563908E+03
 0.10796357953318E+03
 0.10743451687226E+03
 0.10686573581880E+03
 0.10625423089000E+03
 0.10559542481212E+03
 0.10488614427989E+03
 0.10411994001609E+03
 0.10329184391357E+03
 0.10239407018740E+03
 0.10141266722474E+03
 0.10034216221455E+03
 0.99161260613532E+02
 0.97844304983583E+02
 0.96359898790180E+02
 0.94625179622326E+02
 0.92525768282447E+02
