 0.64710694463868E-04
 0.64709147731278E-04
 0.64706566878458E-04
 0.64702952542888E-04
 0.64698300464661E-04
 0.64692603278332E-04
 0.64685859999953E-04
 0.64678060880839E-04
 0.64669199512291E-04
 0.64659268021049E-04
 0.64648260286605E-04
 0.64636160450257E-04
 0.64622968307381E-04
 0.64608669148985E-04
 0.64593256524826E-04
 0.64576716609184E-04
 0.64559043924866E-04
 0.64540226479856E-04
 0.64520251870261E-04
 0.64499115765076E-04
 0.64476799928143E-04
 0.64453308901238E-04
 0.64428629438529E-04
 0.64402758768728E-04
 0.64375698377312E-04
 0.64347453907021E-04
 0.64318031112810E-04
 0.64287452571924E-04
 0.64255741260902E-04
 0.64222918937044E-04
 0.64189055343271E-04
 0.64154160088753E-04
 0.64118307368802E-04
 0.64081562311354E-04
 0.64044034457154E-04
 0.64005796115074E-04
 0.63966967458777E-04
 0.63927660454144E-04
 0.63888022297523E-04
 0.63848212606769E-04
 0.63808332091421E-04
 0.63768625256425E-04
 0.63729227979283E-04
 0.63690317446678E-04
 0.63652069192763E-04
 0.63614713658837E-04
 0.63578455311462E-04
 0.63543457703849E-04
 0.63509917119182E-04
 0.63478007202984E-04
 0.63447969596904E-04
 0.63419899360120E-04
 0.63394052356709E-04
 0.63370557104716E-04
 0.63349467583380E-04
 0.63331083536910E-04
 0.63315373130733E-04
 0.63302448848658E-04
 0.63292318056596E-04
 0.63285082832420E-04
 0.63280632693858E-04
 0.63278861562238E-04
 0.63279613885624E-04
 0.63282490549273E-04
 0.63287056148547E-04
 0.63292861956391E-04
 0.63298764569105E-04
