 0.61503569054433E+01
 0.61503569442521E+01
 0.61503571242289E+01
 0.61503576334659E+01
 0.61503587495692E+01
 0.61503608442624E+01
 0.61503643811053E+01
 0.61503698960312E+01
 0.61503779716737E+01
 0.61503891930647E+01
 0.61504041434803E+01
 0.61504233831615E+01
 0.61504477072540E+01
 0.61504776376761E+01
 0.61505143186793E+01
 0.61505580833862E+01
 0.61506105625540E+01
 0.61506729791884E+01
 0.61507467628729E+01
 0.61508337199337E+01
 0.61509343834031E+01
 0.61510531899910E+01
 0.61511908526225E+01
 0.61513494635796E+01
 0.61515311979252E+01
 0.61517387099479E+01
 0.61519736023953E+01
 0.61522418364833E+01
 0.61525463483628E+01
 0.61528909174002E+01
 0.61532847862956E+01
 0.61537337261370E+01
 0.61542483715482E+01
 0.61548412495738E+01
 0.61555377586160E+01
 0.61563528179830E+01
 0.61573160183659E+01
 0.61584547704945E+01
 0.61598116909730E+01
 0.61614301331056E+01
 0.61633399676056E+01
 0.61656126369769E+01
 0.61682967053684E+01
 0.61714489215266E+01
 0.61751275067599E+01
 0.61794102439100E+01
 0.61843720754831E+01
 0.61900755938791E+01
 0.61965950997286E+01
 0.62040063843387E+01
 0.62124047178987E+01
 0.62218527316399E+01
 0.62324601984110E+01
 0.62443106403215E+01
 0.62574808522660E+01
 0.62721189518182E+01
 0.62883043057610E+01
 0.63061699186435E+01
 0.63258462149060E+01
 0.63475154158567E+01
 0.63713553673530E+01
 0.63975735544880E+01
 0.64264631013186E+01
 0.64583636441433E+01
 0.64937305199802E+01
 0.65334195502436E+01
 0.65784697522940E+01
