 0.10000000133514E-09
 0.10000000133514E-09
 0.10000000133514E-09
 0.10000000133514E-09
 0.10000000133514E-09
 0.10000000133514E-09
 0.10000000133514E-09
 0.10000000133514E-09
 0.10000000133514E-09
 0.10000000133514E-09
 0.10000000133514E-09
 0.10000000133514E-09
 0.19005774488663E-06
 0.23173059433467E-05
 0.51653091519452E-05
 0.10399309968037E-04
 0.19282361541205E-04
 0.33420102071389E-04
 0.54767767187895E-04
 0.85629430649998E-04
 0.12880892100721E-03
 0.18711933747076E-03
 0.26391612560228E-03
 0.36284784262008E-03
 0.48787265157202E-03
 0.64326001741246E-03
 0.83361139650780E-03
 0.10639056893735E-02
 0.13394193928433E-02
 0.16660503847472E-02
 0.20698482224568E-02
 0.25211906143622E-02
 0.30448595908691E-02
 0.36486089429153E-02
 0.43418425938871E-02
 0.51327943478606E-02
 0.60319506045605E-02
 0.70503829123630E-02
 0.81968547220459E-02
 0.94837954099255E-02
 0.10923944993119E-01
 0.12532163652430E-01
 0.14312510081683E-01
 0.16279338869474E-01
 0.18445754046956E-01
 0.20825746148591E-01
 0.23428178606578E-01
 0.26264831885928E-01
 0.29348988095088E-01
 0.32689681120405E-01
 0.36304571320521E-01
 0.40195816628240E-01
 0.44388454844686E-01
 0.48891819684785E-01
 0.53710135547508E-01
 0.58882572014144E-01
 0.64404773020194E-01
 0.70306481689586E-01
 0.76601385139999E-01
 0.83331071354789E-01
 0.90539348077163E-01
 0.98249890856374E-01
 0.10654938399543E+00
 0.11552870518803E+00
 0.12533141180404E+00
 0.13629825409409E+00
 0.14895227665958E+00
