 0.16431646807701E+00
 0.16431646807697E+00
 0.16431646807651E+00
 0.16431646810801E+00
 0.16431646927819E+00
 0.16431648034879E+00
 0.16431652778996E+00
 0.16431665760618E+00
 0.16431691794240E+00
 0.16431734131298E+00
 0.16431793132896E+00
 0.16431865794241E+00
 0.16431946802163E+00
 0.16432026262398E+00
 0.16432095138146E+00
 0.16432136603464E+00
 0.16432136406727E+00
 0.16432074228344E+00
 0.16431923115559E+00
 0.16431648348566E+00
 0.16429651388754E+00
 0.16428541673739E+00
 0.16427063070148E+00
 0.16425093439972E+00
 0.16422473130791E+00
 0.16419007542857E+00
 0.16414452371432E+00
 0.16408550386446E+00
 0.16400977126067E+00
 0.16391372691042E+00
 0.16379257735456E+00
 0.16364421073899E+00
 0.16346353487058E+00
 0.16324637849998E+00
 0.16298924051450E+00
 0.16268794234166E+00
 0.16233914144747E+00
 0.16193922637922E+00
 0.16148614591048E+00
 0.16097736091970E+00
 0.16040897382397E+00
 0.15977999517807E+00
 0.15908925008975E+00
 0.15833411770102E+00
 0.15751179272317E+00
 0.15662061965729E+00
 0.15565928857288E+00
 0.15462404650246E+00
 0.15351116400758E+00
 0.15231751903375E+00
 0.15103898333565E+00
 0.14967122555867E+00
 0.14820792769933E+00
 0.14664279354425E+00
 0.14496936232827E+00
 0.14317723392008E+00
 0.14126026144539E+00
 0.13920395774140E+00
 0.13699850410705E+00
 0.13462737497148E+00
 0.13205905182399E+00
 0.12928575465688E+00
 0.12626059829476E+00
 0.12292914749888E+00
 0.11922749923838E+00
 0.11497335335085E+00
 0.10992821204815E+00
