 0.20941382915855E+01
 0.20941382915855E+01
 0.20941382915855E+01
 0.20941382915855E+01
 0.20941382915855E+01
 0.20941382992905E+01
 0.20941382692321E+01
 0.20941382760857E+01
 0.20941382460806E+01
 0.20941374377408E+01
 0.20941410070969E+01
 0.20941363943827E+01
 0.20941366056762E+01
 0.20941355605136E+01
 0.20941393009926E+01
 0.20941374629281E+01
 0.20941380850365E+01
 0.20941370862870E+01
 0.20941352823673E+01
 0.20941391415282E+01
 0.20941371979411E+01
 0.20941368341328E+01
 0.20941357929743E+01
 0.20941427949746E+01
 0.20941447702435E+01
 0.20941383934839E+01
 0.20941358120736E+01
 0.20941370006692E+01
 0.20941479429722E+01
 0.20941406253223E+01
 0.20941352414464E+01
 0.20941350053532E+01
 0.20941539373798E+01
 0.20941550127674E+01
 0.20941374768569E+01
 0.20941632364479E+01
 0.20941426334505E+01
 0.20941439066278E+01
 0.20941717241792E+01
 0.20941471568359E+01
 0.20941339855411E+01
 0.20941653884435E+01
 0.20941388911528E+01
 0.20941739651691E+01
 0.20941910497508E+01
 0.20941904652406E+01
 0.20941867139160E+01
 0.20941635168960E+01
 0.20941417778049E+01
 0.20941797848794E+01
 0.20941334046797E+01
 0.20941795850072E+01
 0.20941549343154E+01
 0.20941379929080E+01
 0.20941313203761E+01
 0.20941528435859E+01
 0.20941588031530E+01
 0.20940621923311E+01
 0.20941053741481E+01
 0.20940919584531E+01
 0.20940812063573E+01
 0.20940634110617E+01
 0.20940415404417E+01
 0.20939989484471E+01
 0.20941079564163E+01
 0.20939445603913E+01
 0.20939155108608E+01
 0.20940425117404E+01
 0.20938471811332E+01
 0.20938015281951E+01
 0.20937266482684E+01
 0.20936512264851E+01
 0.20936271858363E+01
 0.20935483180954E+01
 0.20936248959356E+01
 0.20934319365115E+01
 0.20932999689608E+01
 0.20933409887185E+01
 0.20932951392618E+01
 0.20931513215648E+01
 0.20929678157293E+01
 0.20928804174108E+01
 0.20926766362743E+01
 0.20924712241119E+01
 0.20923485902974E+01
 0.20921910984609E+01
 0.20920519853811E+01
 0.20918754177297E+01
 0.20916145321061E+01
 0.20913336467663E+01
 0.20910562447099E+01
 0.20909815391344E+01
 0.20905441795047E+01
 0.20903144979668E+01
 0.20899652885369E+01
 0.20895181610246E+01
 0.20893022625618E+01
 0.20886892915699E+01
 0.20885532797736E+01
 0.20881318334550E+01
 0.20875170810309E+01
 0.20870106088248E+01
 0.20864679245868E+01
 0.20859682920152E+01
 0.20855524967557E+01
 0.20847985742344E+01
 0.20843353494310E+01
 0.20835394409808E+01
 0.20828239765101E+01
 0.20823656605338E+01
 0.20815108719875E+01
 0.20809054152231E+01
 0.20800375740189E+01
 0.20792615360834E+01
 0.20784355628075E+01
 0.20780103746696E+01
 0.20770684749584E+01
 0.20762541058915E+01
 0.20753163719400E+01
 0.20742581868000E+01
 0.20731027528223E+01
 0.20717902836481E+01
 0.20705534850933E+01
 0.20692812417022E+01
 0.20676371466468E+01
 0.20662742479208E+01
 0.20647212674149E+01
 0.20629988831930E+01
 0.20609749033702E+01
 0.20591828035489E+01
 0.20575649609514E+01
 0.20555346048492E+01
 0.20532781670824E+01
 0.20512774886915E+01
 0.20490171251278E+01
 0.20469174552056E+01
 0.20448922226602E+01
 0.20422009441553E+01
 0.20396968485394E+01
 0.20377173014110E+01
 0.20352435698540E+01
 0.20326364385990E+01
 0.20296337105816E+01
 0.20273407968951E+01
 0.20241773868762E+01
 0.20217870831663E+01
 0.20185895469517E+01
 0.20159668284836E+01
 0.20125571295276E+01
 0.20098082369300E+01
 0.20065012733497E+01
 0.20037072342511E+01
 0.20000442189096E+01
 0.19967171586894E+01
 0.19934680589707E+01
 0.19901111829037E+01
 0.19865789998644E+01
 0.19833510275160E+01
 0.19793779362311E+01
 0.19757244751168E+01
 0.19724157699089E+01
 0.19685885639917E+01
 0.19652108246522E+01
 0.19610586860409E+01
 0.19574783555708E+01
 0.19536585185256E+01
 0.19496182802945E+01
 0.19451324468379E+01
 0.19410502387642E+01
 0.19372250213267E+01
 0.19331597003223E+01
 0.19292792532398E+01
 0.19249354299179E+01
 0.19202403327581E+01
 0.19165305148076E+01
 0.19117917910654E+01
 0.19072724993823E+01
 0.19030442259433E+01
 0.18986173341257E+01
 0.18939633896542E+01
 0.18898885164596E+01
 0.18854609596947E+01
 0.18806429188911E+01
 0.18763295718043E+01
 0.18713725037353E+01
 0.18666603710967E+01
 0.18619748562609E+01
 0.18574312255477E+01
 0.18529756394871E+01
 0.18482500253726E+01
 0.18433810615346E+01
 0.18382860806056E+01
 0.18334730386601E+01
 0.18285150629559E+01
 0.18240900226924E+01
 0.18191261772564E+01
 0.18140418093484E+01
 0.18089709454840E+01
 0.18044420725475E+01
 0.17991534007353E+01
 0.17944444596246E+01
 0.17893382550399E+01
 0.17840755730682E+01
 0.17795539670780E+01
 0.17746839039150E+01
 0.17695688751395E+01
 0.17643326370725E+01
 0.17593222011452E+01
 0.17542893891068E+01
 0.17491176411132E+01
 0.17442922099715E+01
 0.17392913894917E+01
 0.17343853227797E+01
 0.17287879410928E+01
 0.17242994617423E+01
 0.17190014569466E+01
 0.17137194523655E+01
 0.17086640655257E+01
 0.17035707129108E+01
 0.16985634681487E+01
 0.16937920408642E+01
 0.16882840501882E+01
 0.16832742655605E+01
 0.16781419895215E+01
 0.16734365492558E+01
 0.16682417038694E+01
 0.16630450207382E+01
 0.16580576168213E+01
 0.16529499786780E+01
 0.16478920015955E+01
 0.16430850634890E+01
 0.16376886327238E+01
 0.16330940146965E+01
 0.16279989689234E+01
 0.16226319074384E+01
 0.16177805424457E+01
 0.16131150766528E+01
 0.16079597775604E+01
 0.16031121732440E+01
 0.15977507737605E+01
 0.15930012873221E+01
 0.15878969267924E+01
 0.15830033834381E+01
 0.15783957581071E+01
 0.15734360882547E+01
 0.15682657407643E+01
 0.15634125634435E+01
 0.15583851789721E+01
 0.15535937791719E+01
 0.15489983291033E+01
 0.15441831159360E+01
 0.15390412529804E+01
 0.15345502459102E+01
 0.15293560086425E+01
 0.15249116494129E+01
 0.15198387720937E+01
 0.15151687374242E+01
 0.15103277830861E+01
 0.15057724736159E+01
 0.15008543061932E+01
 0.14964417135090E+01
 0.14914927142236E+01
 0.14870596773773E+01
 0.14823519486516E+01
 0.14777274831697E+01
 0.14730611159728E+01
 0.14682182190650E+01
 0.14638683728904E+01
 0.14591317030305E+01
 0.14543465926392E+01
 0.14499420877419E+01
 0.14454374745247E+01
 0.14411288042320E+01
 0.14364932670046E+01
 0.14318350252534E+01
 0.14275159479384E+01
 0.14232132744619E+01
 0.14188079392172E+01
 0.14140285772379E+01
 0.14099009625109E+01
 0.14052456841153E+01
 0.14009197950275E+01
 0.13965721457355E+01
 0.13924509341098E+01
 0.13878537207079E+01
 0.13837049385109E+01
 0.13796574939414E+01
 0.13750003101361E+01
 0.13709495319674E+01
 0.13667827852052E+01
 0.13626406291181E+01
 0.13582939548003E+01
 0.13543708382838E+01
 0.13498718154363E+01
 0.13458271418505E+01
 0.13417320515777E+01
 0.13378009995288E+01
 0.13335498168589E+01
 0.13293987215348E+01
 0.13256191067105E+01
