 0.11312241377893E+03
 0.11312241377892E+03
 0.11312241377876E+03
 0.11312241378960E+03
 0.11312241419240E+03
 0.11312241800312E+03
 0.11312243433314E+03
 0.11312247901929E+03
 0.11312256863181E+03
 0.11312271436525E+03
 0.11312291746024E+03
 0.11312316756703E+03
 0.11312344638862E+03
 0.11312372110257E+03
 0.11312396189175E+03
 0.11312411523726E+03
 0.11312414352531E+03
 0.11312399837150E+03
 0.11312362730965E+03
 0.11312298180856E+03
 0.11311683025081E+03
 0.11311414026967E+03
 0.11311094607539E+03
 0.11310720582342E+03
 0.11310286775547E+03
 0.11309789051352E+03
 0.11309220262666E+03
 0.11308582443870E+03
 0.11307867591599E+03
 0.11307067145037E+03
 0.11306171448899E+03
 0.11305184562979E+03
 0.11304090091196E+03
 0.11302875925553E+03
 0.11301551043740E+03
 0.11300089651599E+03
 0.11298487615710E+03
 0.11296723693339E+03
 0.11294801550475E+03
 0.11292713473935E+03
 0.11290400500862E+03
 0.11287891732014E+03
 0.11285167541743E+03
 0.11282202351527E+03
 0.11278959684685E+03
 0.11275449527182E+03
 0.11271674909338E+03
 0.11267593736966E+03
 0.11263171914472E+03
 0.11258408534541E+03
 0.11253309505497E+03
 0.11247823331355E+03
 0.11241961815864E+03
 0.11235694661049E+03
 0.11228985502566E+03
 0.11221844204454E+03
 0.11214263559848E+03
 0.11206177273237E+03
 0.11197622587685E+03
 0.11188608589864E+03
 0.11178932767283E+03
 0.11168852459902E+03
 0.11158200705806E+03
 0.11146877525438E+03
 0.11135070271518E+03
 0.11122480343928E+03
 0.11109325142962E+03
 0.11095664105131E+03
 0.11081138855285E+03
 0.11066012619687E+03
 0.11049938352453E+03
 0.11033156327534E+03
 0.11015749883215E+03
 0.10997186240459E+03
 0.10977952653970E+03
 0.10957631239434E+03
 0.10936373094517E+03
 0.10913951570361E+03
 0.10890752735454E+03
 0.10866098491035E+03
 0.10840362921638E+03
 0.10813358493211E+03
 0.10785069017957E+03
 0.10755307496454E+03
 0.10723736508595E+03
 0.10690843162858E+03
 0.10656276931223E+03
 0.10619642805100E+03
 0.10581113271291E+03
 0.10540384928208E+03
 0.10497873739427E+03
 0.10453032119958E+03
 0.10405256618377E+03
 0.10354601510334E+03
 0.10301589943893E+03
 0.10245633116309E+03
 0.10185454458897E+03
 0.10122254081162E+03
 0.10054786479150E+03
 0.99830950960147E+02
 0.99061506798700E+02
 0.98244924871738E+02
 0.97370719728883E+02
 0.96427030525661E+02
 0.95405952500583E+02
 0.94306013974374E+02
 0.93118210132669E+02
 0.91803703900468E+02
 0.90364575595747E+02
 0.88778305971635E+02
 0.87007443975879E+02
 0.84991802587456E+02
 0.82682482588862E+02
 0.79990758851815E+02
 0.76822467710111E+02
 0.73170173841524E+02
 0.69101690099852E+02
 0.64872006627776E+02
 0.60872241998793E+02
 0.57343787495345E+02
 0.54306134205788E+02
 0.51690695152048E+02
 0.49375442249662E+02
 0.47327701783080E+02
 0.45506602399379E+02
 0.43861283329981E+02
 0.42358344945013E+02
 0.40958165447025E+02
 0.39663002384040E+02
 0.38462251274277E+02
 0.37334820095221E+02
 0.36263431545854E+02
 0.35263365212010E+02
 0.34309230284295E+02
 0.33396631576946E+02
 0.32537185650146E+02
 0.31704983572529E+02
 0.30910642751848E+02
 0.30149655349033E+02
 0.29422235931541E+02
 0.28725420139485E+02
 0.28050734704834E+02
 0.27400728068906E+02
 0.26775568384187E+02
 0.26170261398992E+02
 0.25590082481621E+02
 0.25025307910644E+02
 0.24481541206519E+02
 0.23953476258462E+02
 0.23440354787563E+02
 0.22950843505406E+02
 0.22472482405258E+02
 0.22003991669563E+02
 0.21555476327385E+02
 0.21117571025143E+02
 0.20695121949708E+02
 0.20283732570726E+02
 0.19885967689089E+02
 0.19497661884138E+02
 0.19122144896779E+02
 0.18757958864419E+02
 0.18402656404172E+02
 0.18057308434948E+02
 0.17721600659777E+02
 0.17396596981326E+02
 0.17079012171776E+02
 0.16770442962515E+02
 0.16470382855444E+02
 0.16177418184058E+02
 0.15892924307409E+02
 0.15617241237297E+02
 0.15346540742336E+02
 0.15083318217923E+02
 0.14829081238088E+02
 0.14579375833641E+02
 0.14335422357929E+02
 0.14100326464911E+02
 0.13868802316980E+02
 0.13644552415852E+02
 0.13423077419085E+02
 0.13211838574762E+02
 0.13002919413278E+02
 0.12800089615493E+02
 0.12599314157753E+02
 0.12406582701559E+02
 0.12215914903268E+02
 0.12032371332274E+02
 0.11851624726025E+02
 0.11675795523644E+02
 0.11502900124298E+02
 0.11335149556444E+02
 0.11170210327925E+02
 0.11008600227795E+02
 0.10851246090820E+02
 0.10697695216978E+02
 0.10548471312573E+02
 0.10401733783508E+02
 0.10257640961418E+02
 0.10116586286093E+02
 0.99796519412298E+01
 0.98449252603965E+01
 0.97137365099428E+01
 0.95838730235793E+01
 0.94582339116840E+01
 0.93337907285253E+01
 0.92137389443487E+01
 0.90948815604080E+01
 0.89784200571284E+01
 0.88646788111319E+01
 0.87534567394390E+01
 0.86439130256081E+01
 0.85367876000288E+01
 0.84309938708263E+01
 0.83285088902466E+01
 0.82276200702197E+01
 0.81285880731630E+01
 0.80315040643516E+01
 0.79359423485760E+01
 0.78432338672422E+01
 0.77510075710488E+01
 0.76612701399471E+01
 0.75726394025054E+01
 0.74855550241991E+01
 0.74006757609025E+01
 0.73166609363538E+01
 0.72350657763693E+01
 0.71545273502692E+01
 0.70755437729782E+01
 0.69976396348278E+01
 0.69214081049494E+01
 0.68468603251277E+01
 0.67727750023200E+01
 0.67003385183194E+01
 0.66291987451214E+01
 0.65588253440930E+01
 0.64905861512747E+01
 0.64228900785639E+01
 0.63565809363319E+01
 0.62908639656107E+01
 0.62267201329468E+01
 0.61638387191413E+01
 0.61013264072634E+01
 0.60404813073156E+01
 0.59803959215710E+01
 0.59209451911311E+01
 0.58631204303968E+01
 0.58056409695540E+01
 0.57491008222734E+01
 0.56937840787086E+01
 0.56389621321906E+01
 0.55855180068166E+01
 0.55322474715532E+01
 0.54804614254464E+01
 0.54289215834450E+01
 0.53784055218131E+01
 0.53287597680990E+01
 0.52796408130002E+01
 0.52312908704467E+01
 0.51840235149800E+01
 0.51368586338202E+01
 0.50908511766586E+01
 0.50451266419413E+01
 0.50003046032818E+01
 0.49563900948561E+01
 0.49127936825727E+01
 0.48698227300727E+01
 0.48273770173889E+01
 0.47855374466562E+01
 0.47446401332694E+01
 0.47040951229463E+01
 0.46640851559552E+01
 0.46247387317307E+01
 0.45857876617638E+01
 0.45473545936258E+01
 0.45096183091720E+01
 0.44723123693701E+01
 0.44354066198847E+01
 0.43993309408590E+01
 0.43634438572119E+01
 0.43280124616585E+01
 0.42932559776684E+01
 0.42587199767661E+01
 0.42247171590278E+01
 0.41913038604537E+01
 0.41581685915654E+01
 0.41254724083818E+01
 0.40933495751053E+01
 0.40616125454231E+01
 0.40302108381925E+01
 0.39991866961382E+01
 0.39683591291261E+01
 0.39384635217998E+01
 0.39084861435254E+01
 0.38790570639501E+01
 0.38500027174230E+01
 0.38211455144425E+01
 0.37927164896196E+01
 0.37646604862314E+01
 0.37369020969710E+01
 0.37095211253731E+01
