 0.77828127914593E+07
 0.77828127914647E+07
 0.77828127915301E+07
 0.77828127918517E+07
 0.77828127940319E+07
 0.77828128089108E+07
 0.77828129398257E+07
 0.77828135132697E+07
 0.77828154248621E+07
 0.77828204368639E+07
 0.77828314346420E+07
 0.77828523523285E+07
 0.77828883628077E+07
 0.77829457167253E+07
 0.77830307446992E+07
 0.77831519138647E+07
 0.77833160623888E+07
 0.77835309901114E+07
 0.77838042188098E+07
 0.77841429582428E+07
 0.77845564796985E+07
 0.77850463565831E+07
 0.77856212573444E+07
 0.77862858918446E+07
 0.77870456437308E+07
 0.77879039759269E+07
 0.77888662113974E+07
 0.77899283947645E+07
 0.77910950224442E+07
 0.77923697831026E+07
 0.77937560025163E+07
 0.77952432912689E+07
 0.77968382038888E+07
 0.77985413285470E+07
 0.78003327578277E+07
 0.78022213559916E+07
 0.78041938380129E+07
 0.78062504898167E+07
 0.78083644480040E+07
 0.78105176132219E+07
 0.78127347853259E+07
 0.78149563274353E+07
 0.78171637527469E+07
 0.78193394469133E+07
 0.78214729381757E+07
 0.78235055182246E+07
 0.78253812270029E+07
 0.78270812179505E+07
 0.78285567095861E+07
 0.78297748639304E+07
 0.78306443162120E+07
 0.78311345164152E+07
 0.78311563232964E+07
 0.78306525083445E+07
 0.78295635315940E+07
 0.78277870051083E+07
 0.78252335783318E+07
 0.78218536789017E+07
 0.78175074183041E+07
 0.78120806123441E+07
 0.78056084710645E+07
 0.77977788896324E+07
 0.77885895482611E+07
 0.77779785075705E+07
 0.77656851700739E+07
 0.77517563468727E+07
 0.77359152563658E+07
 0.77179926323971E+07
 0.76980158014647E+07
 0.76757049274297E+07
 0.76510588898737E+07
 0.76237892746359E+07
 0.75936916149750E+07
 0.75608224157381E+07
 0.75247932028064E+07
 0.74855494151375E+07
 0.74428299058509E+07
 0.73965268556255E+07
 0.73463435528144E+07
 0.72921606624586E+07
 0.72337415469359E+07
 0.71708457006395E+07
 0.71032905385105E+07
 0.70307726380914E+07
 0.69529477640122E+07
 0.68697202197347E+07
 0.67807253378683E+07
 0.66855458746688E+07
 0.65839961898937E+07
 0.64756169964058E+07
 0.63604281170392E+07
 0.62377593290728E+07
 0.61068085774370E+07
 0.59673391786371E+07
 0.58194628864881E+07
 0.56625972164401E+07
 0.54947250793560E+07
 0.53171410011874E+07
 0.51279795951830E+07
 0.49270512006586E+07
 0.47126009851789E+07
 0.44853656115585E+07
 0.42435831947500E+07
 0.39853049252217E+07
 0.37092161873068E+07
 0.34153231892851E+07
 0.31027652123320E+07
 0.27651883597466E+07
 0.24046759160234E+07
 0.20193842689470E+07
 0.16061074202899E+07
 0.11596250600780E+07
 0.67990970863029E+06
 0.16475438160689E+06
-0.38355714594499E+06
-0.94618088087548E+06
-0.14995687375475E+07
-0.20113058888817E+07
-0.24594452249481E+07
-0.28396335683029E+07
-0.31595471023785E+07
-0.34258496963923E+07
-0.36474306551854E+07
-0.38244563387971E+07
-0.39599327251220E+07
-0.40592949106958E+07
-0.41271977885304E+07
-0.41688585942455E+07
-0.41866922920850E+07
-0.41841790310283E+07
-0.41649794437754E+07
-0.41319913235805E+07
-0.40868789525238E+07
-0.40322047232907E+07
-0.39695754251014E+07
-0.39003325530169E+07
-0.38258881541107E+07
-0.37472328413252E+07
-0.36653132146624E+07
-0.35809930145707E+07
-0.34949718554075E+07
-0.34076983209391E+07
-0.33197496603545E+07
-0.32316071592494E+07
-0.31435275482573E+07
-0.30560479000335E+07
-0.29691305698270E+07
-0.28832423710505E+07
-0.27984177870263E+07
-0.27147982216613E+07
-0.26329447436828E+07
-0.25524613355850E+07
-0.24733483547367E+07
-0.23962539318300E+07
-0.23207680205005E+07
-0.22472271369652E+07
-0.21754472628180E+07
-0.21056173496530E+07
-0.20375416693988E+07
-0.19714341170079E+07
-0.19072353793166E+07
-0.18448086384739E+07
-0.17842239951590E+07
-0.17254625390222E+07
-0.16685840109681E+07
-0.16133750538637E+07
-0.15599282730114E+07
-0.15081962743726E+07
-0.14580684593713E+07
-0.14096117232710E+07
-0.13628297752765E+07
-0.13174535616796E+07
-0.12736146711353E+07
-0.12313930421245E+07
-0.11904690830814E+07
-0.11508928791650E+07
-0.11128445163884E+07
-0.10759503074858E+07
-0.10404245085403E+07
-0.10059437310196E+07
-0.97297280332160E+06
-0.94096302035304E+06
-0.91013742451741E+06
-0.88020457978135E+06
-0.85152959328662E+06
-0.82369668020680E+06
-0.79701100835103E+06
-0.77116829886659E+06
-0.74627926363895E+06
-0.72219352752203E+06
-0.69903198659054E+06
-0.67662250439703E+06
-0.65497521045948E+06
-0.63412996287845E+06
-0.61403691188735E+06
-0.59470746464507E+06
-0.57600968143008E+06
-0.55793365211643E+06
-0.54048538687863E+06
-0.52371489213262E+06
-0.50748845442937E+06
-0.49186915987958E+06
-0.47670794335317E+06
-0.46216499697777E+06
-0.44804423716889E+06
-0.43452118326919E+06
-0.42139243938108E+06
-0.40871566641083E+06
-0.39649823510555E+06
-0.38471398911298E+06
-0.37330408894533E+06
-0.36229949508475E+06
-0.35162666341427E+06
-0.34138788944139E+06
-0.33147529990930E+06
-0.32189447637115E+06
-0.31264023392419E+06
-0.30368022811564E+06
-0.29507967124333E+06
-0.28669882307803E+06
-0.27863943675729E+06
-0.27081944026956E+06
-0.26325535173145E+06
-0.25597396155262E+06
-0.24889727329049E+06
-0.24210088887791E+06
-0.23550650147648E+06
-0.22913424196057E+06
-0.22295369919086E+06
-0.21698848623184E+06
-0.21123446818481E+06
-0.20562449947353E+06
-0.20021330911422E+06
-0.19497842459566E+06
-0.18988860693022E+06
-0.18500639009201E+06
-0.18024953590308E+06
-0.17565506493944E+06
-0.17118118109189E+06
-0.16686984829616E+06
-0.16270291409616E+06
-0.15863486955450E+06
-0.15472302270609E+06
-0.15092152844430E+06
-0.14722185152238E+06
-0.14366609531645E+06
-0.14019265784125E+06
-0.13682617940737E+06
-0.13357630297692E+06
-0.13040821957930E+06
-0.12735764756416E+06
-0.12437007417563E+06
-0.12150022731430E+06
-0.11869184810153E+06
-0.11597627701441E+06
-0.11334508251786E+06
-0.11078183807700E+06
-0.10829441038141E+06
-0.10589364600499E+06
-0.10353821190070E+06
-0.10126859152768E+06
-0.99048545881137E+05
-0.96901236858804E+05
-0.94824730727377E+05
-0.92794148744689E+05
-0.90820764282879E+05
-0.88898963968057E+05
-0.87030798859133E+05
-0.85227693177117E+05
-0.83465890500557E+05
-0.81751101218095E+05
-0.80086922992158E+05
-0.78462543757477E+05
-0.76881344704403E+05
-0.75348624295037E+05
-0.73854122747037E+05
-0.72395417391413E+05
-0.70987089734452E+05
-0.69605687395546E+05
-0.68259358422604E+05
-0.66955570416339E+05
-0.65676734477022E+05
-0.64433732740367E+05
-0.63227947112708E+05
-0.62047092376924E+05
-0.60897001589427E+05
-0.59780780735558E+05
-0.58691732704938E+05
-0.57627597992875E+05
-0.56589165856270E+05
-0.55569973872712E+05
-0.54593901382482E+05
-0.53626646485052E+05
-0.52688492907128E+05
-0.51773440169547E+05
-0.50874993984719E+05
-0.50000646481557E+05
-0.49147780453981E+05
-0.48313574164768E+05
-0.47500592106843E+05
