 0.98445526788544E+00
 0.98445526788544E+00
 0.98445526788544E+00
 0.98445526788544E+00
 0.98445526788544E+00
 0.98445526788544E+00
 0.98445526788544E+00
 0.98445526788544E+00
 0.98445526788544E+00
 0.98445524117202E+00
 0.98445644462219E+00
 0.98445474659539E+00
 0.98445353785076E+00
 0.98445434386831E+00
 0.98445270496311E+00
 0.98445338818560E+00
 0.98445295250129E+00
 0.98445486664520E+00
 0.98445416196184E+00
 0.98445289072232E+00
 0.98445355309864E+00
 0.98445475728037E+00
 0.98445432953585E+00
 0.98445154454734E+00
 0.98445078510554E+00
 0.98445314195742E+00
 0.98445368074431E+00
 0.98445207271138E+00
 0.98445072628113E+00
 0.98445218661261E+00
 0.98445631593556E+00
 0.98445237614449E+00
 0.98446252527020E+00
 0.98446396178785E+00
 0.98445397922860E+00
 0.98446539631342E+00
 0.98446054951366E+00
 0.98445767961433E+00
 0.98447142171720E+00
 0.98446046478888E+00
 0.98445132964384E+00
 0.98446723653977E+00
 0.98445552768374E+00
 0.98447357191759E+00
 0.98447988730989E+00
 0.98448101520278E+00
 0.98447979171380E+00
 0.98447117546810E+00
 0.98446334556091E+00
 0.98447841634595E+00
 0.98445758107809E+00
 0.98448472207257E+00
 0.98447210592472E+00
 0.98446783144976E+00
 0.98446839913703E+00
 0.98448569525200E+00
 0.98443805605141E+00
 0.98446078614908E+00
 0.98448399293049E+00
 0.98447507114697E+00
 0.98448532461420E+00
 0.98448336810225E+00
 0.98444043020318E+00
 0.98447749061126E+00
 0.98442731372595E+00
 0.98448023653827E+00
 0.98448339636964E+00
 0.98440316057835E+00
 0.98448573431282E+00
 0.98442866484649E+00
 0.98447529358546E+00
 0.98446655879696E+00
 0.98445640350591E+00
 0.98447459855651E+00
 0.98443207234395E+00
 0.98448579638908E+00
 0.98446841520500E+00
 0.98443580720827E+00
 0.98442303617149E+00
 0.98442743198773E+00
 0.98443744562987E+00
 0.98444836263010E+00
 0.98447592939276E+00
 0.98444278697597E+00
 0.98444755994863E+00
 0.98448054216538E+00
 0.98444053486142E+00
 0.98441954355735E+00
 0.98443379272667E+00
 0.98444121830231E+00
 0.98448993408584E+00
 0.98448104589297E+00
 0.98444561065819E+00
 0.98449573893838E+00
 0.98444914871786E+00
 0.98447283525527E+00
 0.98447354911377E+00
 0.98446632380519E+00
 0.98452649668627E+00
 0.98453394187213E+00
 0.98449310413137E+00
 0.98450787962131E+00
 0.98452253076717E+00
 0.98452951825152E+00
 0.98455833794197E+00
 0.98458818741210E+00
 0.98458234259940E+00
 0.98455129046422E+00
 0.98458661795092E+00
 0.98463611977016E+00
 0.98470835807001E+00
 0.98470320529818E+00
 0.98478336886317E+00
 0.98478674758921E+00
 0.98481052687735E+00
 0.98489136679314E+00
 0.98491596879078E+00
 0.98496910718139E+00
 0.98500317355751E+00
 0.98506464912598E+00
 0.98510384935540E+00
 0.98515954002643E+00
 0.98521910370305E+00
 0.98528646791364E+00
 0.98534699627749E+00
 0.98536607635354E+00
 0.98544428800647E+00
 0.98549011127231E+00
 0.98559453966580E+00
 0.98565129496991E+00
 0.98568494111452E+00
 0.98574356856764E+00
 0.98579908308418E+00
 0.98588765638553E+00
 0.98593926735083E+00
 0.98600853707201E+00
 0.98613866119652E+00
 0.98615665100695E+00
 0.98629351704955E+00
 0.98632384858005E+00
 0.98637307036953E+00
 0.98643879076876E+00
 0.98658927455004E+00
 0.98662786348025E+00
 0.98664796804963E+00
 0.98680517792411E+00
 0.98681383808939E+00
 0.98694013714407E+00
 0.98695152583404E+00
 0.98702780633679E+00
 0.98713229819690E+00
 0.98715335553991E+00
 0.98724555707166E+00
 0.98729787957912E+00
 0.98729229215290E+00
 0.98738081508590E+00
 0.98735465924938E+00
 0.98739749536703E+00
 0.98738443982305E+00
 0.98741945800549E+00
 0.98743436647648E+00
 0.98743520251352E+00
 0.98744673072481E+00
 0.98743470026368E+00
 0.98739623291452E+00
 0.98737131569527E+00
 0.98733651680750E+00
 0.98731049335105E+00
 0.98724767314571E+00
 0.98721126175202E+00
 0.98714869142089E+00
 0.98705824787120E+00
 0.98691562249930E+00
 0.98675401185577E+00
 0.98672135675197E+00
 0.98658254186356E+00
 0.98638675136774E+00
 0.98622987697208E+00
 0.98603849927826E+00
 0.98589801089775E+00
 0.98566194130357E+00
 0.98540796367924E+00
 0.98522503074342E+00
 0.98503534325807E+00
 0.98476506295049E+00
 0.98442478466001E+00
 0.98424531042656E+00
 0.98386889121369E+00
 0.98362615461452E+00
 0.98329647772004E+00
 0.98284531283180E+00
 0.98251290806310E+00
 0.98220138535237E+00
 0.98172098255060E+00
 0.98137085958322E+00
 0.98102023001165E+00
 0.98053283297152E+00
 0.98010467732135E+00
 0.97959063372291E+00
 0.97916708895070E+00
 0.97858338028808E+00
 0.97809013730384E+00
 0.97762422076398E+00
 0.97704761300130E+00
 0.97647372131786E+00
 0.97597964840014E+00
 0.97532511721494E+00
 0.97476220154506E+00
 0.97413263525955E+00
 0.97347347511285E+00
 0.97281835566022E+00
 0.97209644103040E+00
 0.97147047613190E+00
 0.97083244987364E+00
 0.97012324799549E+00
 0.96937883900386E+00
 0.96856634435362E+00
 0.96784859274968E+00
 0.96706629979302E+00
 0.96630935610478E+00
 0.96559683380164E+00
 0.96478078130265E+00
 0.96383253153482E+00
 0.96304868276377E+00
 0.96218762848031E+00
 0.96134629533404E+00
 0.96054276610795E+00
 0.95958531896401E+00
 0.95866338752451E+00
 0.95782759205098E+00
 0.95684457832631E+00
 0.95589861756750E+00
 0.95497022065298E+00
 0.95405103541587E+00
 0.95299483003209E+00
 0.95201063823571E+00
 0.95104464477237E+00
 0.95006137042055E+00
 0.94909283611935E+00
 0.94800377511945E+00
 0.94698779481590E+00
 0.94590888293749E+00
 0.94482499202750E+00
 0.94381161800618E+00
 0.94270703504352E+00
 0.94158278669278E+00
 0.94048556970582E+00
 0.93942635706261E+00
 0.93825872302397E+00
 0.93713392588122E+00
 0.93600039047854E+00
 0.93488468002013E+00
 0.93370330248067E+00
 0.93255543000025E+00
 0.93148189377721E+00
 0.93022443918403E+00
 0.92899927021158E+00
 0.92782941326015E+00
 0.92664960805368E+00
 0.92539775554166E+00
 0.92422159913058E+00
 0.92301821756903E+00
 0.92173923035279E+00
 0.92052370028745E+00
 0.91935681790589E+00
 0.91805093407238E+00
 0.91684868928874E+00
 0.91550352406044E+00
 0.91422483926114E+00
 0.91293836642779E+00
 0.91163068605451E+00
 0.91036129488854E+00
 0.90918251906673E+00
 0.90787701232852E+00
 0.90656904342852E+00
 0.90519194584154E+00
 0.90387333819164E+00
 0.90262536653793E+00
 0.90129676418454E+00
 0.89990825127038E+00
 0.89861805740110E+00
 0.89724319301744E+00
 0.89585991188152E+00
 0.89456366528601E+00
 0.89313712741294E+00
 0.89186367734027E+00
 0.89050570428205E+00
 0.88915728606437E+00
 0.88777486384989E+00
 0.88643609095166E+00
 0.88501826558114E+00
 0.88366385449964E+00
 0.88234098109169E+00
 0.88092826875318E+00
 0.87960773542500E+00
 0.87816918949903E+00
 0.87679782875835E+00
 0.87549080616695E+00
 0.87402115582079E+00
 0.87271874480188E+00
