 0.25955908804632E+10
 0.25957108867719E+10
 0.25959108782898E+10
 0.25961908750767E+10
 0.25965508759658E+10
 0.25969908781553E+10
 0.25975108684040E+10
 0.25981108629666E+10
 0.25987908588634E+10
 0.25995508513521E+10
 0.26003908482653E+10
 0.26013108373890E+10
 0.26023108318236E+10
 0.26033908178675E+10
 0.26045508095502E+10
 0.26057908187068E+10
 0.26071108236965E+10
 0.26085108457393E+10
 0.26099908840243E+10
 0.26115509157526E+10
 0.26131909902812E+10
 0.26149110574242E+10
 0.26167111811419E+10
 0.26185913301061E+10
 0.26205515417843E+10
 0.26225917738133E+10
 0.26247120338553E+10
 0.26269123592698E+10
 0.26291926977713E+10
 0.26315530607623E+10
 0.26339932398310E+10
 0.26365133690223E+10
 0.26391132775087E+10
 0.26417927130541E+10
 0.26445517110227E+10
 0.26473897207094E+10
 0.26503065213604E+10
 0.26533018579344E+10
 0.26563750432591E+10
 0.26595256738579E+10
 0.26627528177620E+10
 0.26660557598075E+10
 0.26694334450413E+10
 0.26728848414305E+10
 0.26764086081677E+10
 0.26800033140486E+10
 0.26836667598240E+10
 0.26873980483670E+10
 0.26911948438751E+10
 0.26950549712746E+10
 0.26989759539596E+10
 0.27029551697616E+10
 0.27069900374444E+10
 0.27110777236671E+10
 0.27152145987049E+10
 0.27193971337017E+10
 0.27236228081210E+10
 0.27278869306409E+10
 0.27321860254849E+10
 0.27365157125589E+10
 0.27408719813956E+10
 0.27452504702936E+10
 0.27496467498539E+10
 0.27540551379480E+10
 0.27584726331441E+10
 0.27628917629444E+10
 0.27673092538657E+10
 0.27717211225250E+10
 0.27761191968172E+10
 0.27805001810934E+10
 0.27848548800940E+10
 0.27891808255085E+10
 0.27934751519399E+10
 0.27977254215451E+10
 0.28019320109546E+10
 0.28060831199819E+10
 0.28101758312396E+10
 0.28142020463681E+10
 0.28181663238189E+10
 0.28220441064898E+10
 0.28258443432225E+10
 0.28295554216419E+10
 0.28331728598862E+10
 0.28366881625304E+10
 0.28400838297848E+10
 0.28433749493081E+10
 0.28465478257046E+10
 0.28495845449398E+10
 0.28524906785723E+10
 0.28552486516005E+10
 0.28578818311316E+10
 0.28603605105358E+10
 0.28626685430697E+10
 0.28648030069368E+10
 0.28667947685055E+10
 0.28686265673127E+10
 0.28702302189427E+10
 0.28716901013940E+10
 0.28729477305461E+10
 0.28740191614078E+10
 0.28748837055523E+10
 0.28755730968159E+10
 0.28760765576129E+10
 0.28763610028670E+10
 0.28764359477433E+10
 0.28763473474674E+10
 0.28761032126566E+10
 0.28756338660946E+10
 0.28750379329766E+10
 0.28743809559005E+10
 0.28736830608641E+10
 0.28730435538195E+10
 0.28727997543854E+10
 0.28735566080896E+10
 0.28761508957014E+10
 0.28811032886257E+10
 0.28878107746794E+10
 0.28953792426357E+10
 0.29031730527606E+10
 0.29108863908515E+10
 0.29184543778073E+10
 0.29259274534504E+10
 0.29333688221821E+10
 0.29408552871076E+10
 0.29484623613037E+10
 0.29562309446615E+10
 0.29641905308890E+10
 0.29723520593784E+10
 0.29807242573917E+10
 0.29893213910307E+10
 0.29981227259320E+10
 0.30071389665810E+10
 0.30163485926473E+10
 0.30257610742714E+10
 0.30353543121634E+10
 0.30451260576492E+10
 0.30550503630115E+10
 0.30651434764274E+10
 0.30753940314765E+10
 0.30857817355580E+10
 0.30963044965875E+10
 0.31069737935223E+10
 0.31177744917887E+10
 0.31286841422307E+10
 0.31397158036216E+10
 0.31508681146369E+10
 0.31621385379711E+10
 0.31735078435874E+10
 0.31849769345513E+10
 0.31965624854811E+10
 0.32082322098052E+10
 0.32200073295344E+10
 0.32318954410582E+10
 0.32438464724392E+10
 0.32559152901938E+10
 0.32680395524017E+10
 0.32802729257921E+10
 0.32925866201167E+10
 0.33049924417023E+10
 0.33174778653248E+10
 0.33300415665613E+10
 0.33426962257106E+10
 0.33554263951427E+10
 0.33682423318453E+10
 0.33811279019980E+10
 0.33941115818908E+10
 0.34071557179290E+10
 0.34202925733558E+10
 0.34334940072089E+10
 0.34467781994348E+10
 0.34601418501490E+10
 0.34735689270409E+10
 0.34870949949513E+10
 0.35006782489550E+10
 0.35143243424965E+10
 0.35280755972212E+10
 0.35418770610956E+10
 0.35557616351765E+10
 0.35697313343133E+10
 0.35837744503308E+10
 0.35978765069553E+10
 0.36120613548188E+10
 0.36263124693360E+10
 0.36406499354376E+10
 0.36550550277785E+10
 0.36695470797937E+10
 0.36840939032748E+10
 0.36987158407544E+10
 0.37134213831990E+10
 0.37282104593921E+10
 0.37430507473648E+10
 0.37579807472210E+10
 0.37729839150051E+10
 0.37880542785817E+10
 0.38032043120020E+10
 0.38184281825443E+10
 0.38337197514159E+10
 0.38490919946340E+10
 0.38645277513817E+10
 0.38800589958254E+10
 0.38956476897096E+10
 0.39113079903284E+10
 0.39270593633294E+10
 0.39428768530234E+10
 0.39587733089865E+10
 0.39747372989578E+10
 0.39907824992118E+10
 0.40068990119716E+10
 0.40230901726596E+10
 0.40393642422986E+10
 0.40557085777321E+10
 0.40721251143683E+10
 0.40886277097890E+10
 0.41051929688823E+10
 0.41218473918203E+10
 0.41385651526263E+10
 0.41553619413950E+10
 0.41722394393465E+10
 0.41891848257373E+10
 0.42062166327933E+10
 0.42233183820215E+10
 0.42404966514279E+10
 0.42577512682748E+10
 0.42750834542461E+10
 0.42925016208748E+10
 0.43099880022676E+10
 0.43275483308357E+10
 0.43451843394139E+10
 0.43629033992863E+10
 0.43807062218916E+10
 0.43985779908328E+10
 0.44165274806924E+10
 0.44345596591789E+10
 0.44526586172512E+10
 0.44708478611621E+10
 0.44891078087983E+10
 0.45074476546182E+10
 0.45258602628272E+10
 0.45443511190939E+10
 0.45629300379292E+10
 0.45815794727532E+10
 0.46003118675017E+10
 0.46191143466417E+10
 0.46380070083881E+10
 0.46569692214196E+10
 0.46760133173137E+10
 0.46951393477949E+10
 0.47143365487511E+10
 0.47336068924153E+10
 0.47529744249703E+10
 0.47724132422334E+10
 0.47919285592573E+10
 0.48115204234286E+10
 0.48311922388134E+10
 0.48509539629126E+10
 0.48707752931976E+10
 0.48906952231788E+10
 0.49106865122777E+10
 0.49307556486693E+10
 0.49509061412342E+10
 0.49711324699088E+10
 0.49914419103959E+10
 0.50118354060774E+10
 0.50323006616275E+10
 0.50528405339101E+10
 0.50734761919109E+10
 0.50941815024583E+10
 0.51149754776194E+10
 0.51358422437046E+10
 0.51567881307721E+10
 0.51778106312752E+10
 0.51989202339655E+10
 0.52201078926480E+10
 0.52413729333164E+10
 0.52627193424966E+10
 0.52841498122641E+10
 0.53056526996440E+10
 0.53272424004188E+10
 0.53489171993313E+10
 0.53706617660458E+10
 0.53924900087262E+10
 0.54144061196582E+10
 0.54363889921418E+10
 0.54584605059210E+10
 0.54806159553848E+10
 0.55028518298774E+10
 0.55251531779454E+10
 0.55475531787626E+10
 0.55700278036884E+10
 0.55925812221743E+10
 0.56152184123160E+10
 0.56379349819960E+10
 0.56607268688954E+10
 0.56836020968668E+10
 0.57065676476974E+10
 0.57295981823382E+10
 0.57527246219306E+10
 0.57759239764627E+10
 0.57992027498219E+10
 0.58225665464553E+10
