 0.61503569054433E+01
 0.61503569442521E+01
 0.61503571242289E+01
 0.61503576334659E+01
 0.61503587495692E+01
 0.61503608442607E+01
 0.61503643810685E+01
 0.61503698960624E+01
 0.61503779716234E+01
 0.61503891932745E+01
 0.61504041437638E+01
 0.61504233830926E+01
 0.61504477073913E+01
 0.61504776390012E+01
 0.61505143217912E+01
 0.61505580921500E+01
 0.61506105723605E+01
 0.61506729811652E+01
 0.61507467199258E+01
 0.61508335460220E+01
 0.61509339076998E+01
 0.61510520820847E+01
 0.61511884996832E+01
 0.61513448530117E+01
 0.61515225347996E+01
 0.61517230440567E+01
 0.61519461383436E+01
 0.61521949600036E+01
 0.61524684925768E+01
 0.61527645674823E+01
 0.61530804087173E+01
 0.61534180727524E+01
 0.61537710120491E+01
 0.61541339942207E+01
 0.61545097669791E+01
 0.61548869557470E+01
 0.61552624434334E+01
 0.61556258510122E+01
 0.61559767606137E+01
 0.61563104149323E+01
 0.61566009120155E+01
 0.61568583565680E+01
 0.61570725968948E+01
 0.61572307379177E+01
 0.61573167083084E+01
 0.61573335153479E+01
 0.61572788818419E+01
 0.61571357732057E+01
 0.61568898905218E+01
 0.61565364938403E+01
 0.61560776851738E+01
 0.61554928002508E+01
 0.61547843246891E+01
 0.61539387205521E+01
 0.61529419786969E+01
 0.61517968685195E+01
 0.61504993329810E+01
 0.61490227466089E+01
 0.61473850999548E+01
 0.61455853202155E+01
 0.61435481346299E+01
 0.61413724513265E+01
 0.61389973496756E+01
 0.61363870414466E+01
 0.61336112734831E+01
 0.61305648874103E+01
 0.61273300956736E+01
 0.61239328980471E+01
 0.61202485776139E+01
 0.61163771395732E+01
 0.61122004950810E+01
 0.61078100301237E+01
 0.61032510835397E+01
 0.60983328074196E+01
 0.60932448252245E+01
 0.60878536441948E+01
 0.60822214883075E+01
 0.60762812808433E+01
 0.60701918730074E+01
 0.60637258874471E+01
 0.60570284014691E+01
 0.60500646981013E+01
 0.60428488323300E+01
 0.60353375788698E+01
 0.60274483328553E+01
 0.60193746082854E+01
 0.60110182588232E+01
 0.60022930031997E+01
 0.59932917769990E+01
 0.59839506891717E+01
 0.59744336216819E+01
 0.59646265747239E+01
 0.59544046852908E+01
 0.59438280276443E+01
 0.59331073253665E+01
 0.59221030173861E+01
 0.59106022322368E+01
 0.58989359350659E+01
 0.58868902563234E+01
 0.58745683033720E+01
 0.58618285367270E+01
 0.58488793914112E+01
 0.58356271849266E+01
 0.58219584047187E+01
 0.58078961921953E+01
 0.57935948713388E+01
 0.57790691668935E+01
 0.57639647366774E+01
 0.57486140996979E+01
 0.57330376118026E+01
 0.57171634071142E+01
 0.57008148804413E+01
 0.56841691356310E+01
 0.56671111890297E+01
 0.56495953533643E+01
 0.56318820721951E+01
 0.56137994133387E+01
 0.55953290183304E+01
 0.55763932541533E+01
 0.55571224445873E+01
 0.55375345231387E+01
 0.55176189597458E+01
 0.54970280871995E+01
 0.54760062674742E+01
 0.54547519077195E+01
 0.54331319623783E+01
 0.54111253644231E+01
 0.53883324846803E+01
 0.53651375123231E+01
 0.53416305947202E+01
 0.53175383461685E+01
 0.52927036135845E+01
 0.52675828860587E+01
 0.52416990071304E+01
 0.52150135292367E+01
 0.51879746011051E+01
 0.51598366470060E+01
 0.51309661217898E+01
 0.51012393504640E+01
 0.50707717734234E+01
 0.50394165377338E+01
 0.50067491074440E+01
 0.49729700528487E+01
 0.49380053023744E+01
 0.49015160711474E+01
 0.48637569154172E+01
 0.48241293894000E+01
 0.47828773317488E+01
 0.47396098682008E+01
 0.46941331822388E+01
 0.46472687815025E+01
 0.45978122625141E+01
 0.45459129978151E+01
 0.44925329717672E+01
 0.44370272327559E+01
 0.43803531051516E+01
 0.43225086620618E+01
 0.42643410426862E+01
 0.42058632072670E+01
 0.41481877131102E+01
 0.40916582560795E+01
 0.40363814777538E+01
 0.39829870281111E+01
 0.39316813136599E+01
 0.38828030954561E+01
 0.38360606541124E+01
 0.37916556820312E+01
 0.37495042639877E+01
 0.37095090094807E+01
 0.36716645593320E+01
 0.36359354410918E+01
 0.36018258762705E+01
 0.35695106530896E+01
 0.35391014236268E+01
 0.35099930794795E+01
 0.34822661915033E+01
 0.34561185881702E+01
 0.34309682608165E+01
 0.34070952304875E+01
 0.33840777497819E+01
 0.33624171940961E+01
 0.33414541157598E+01
 0.33214724404582E+01
 0.33020348076909E+01
 0.32836012898818E+01
 0.32656886785109E+01
 0.32486723919655E+01
 0.32321408886676E+01
 0.32162399661150E+01
 0.32008267663465E+01
 0.31859961135085E+01
 0.31715495114586E+01
 0.31575683471831E+01
 0.31440589481761E+01
 0.31310067155984E+01
 0.31183831174575E+01
 0.31060766326474E+01
 0.30940577642974E+01
 0.30824157544875E+01
 0.30711412354885E+01
 0.30601263303402E+01
 0.30494357028148E+01
 0.30389333777832E+01
 0.30287878726098E+01
 0.30187888713468E+01
 0.30091449562758E+01
 0.29996567283834E+01
 0.29903843499205E+01
 0.29813302320643E+01
 0.29725053558388E+01
 0.29638414812503E+01
 0.29553733923287E+01
 0.29470262089734E+01
 0.29389416672163E+01
 0.29310008976209E+01
 0.29232019625297E+01
 0.29155668287194E+01
 0.29080596829226E+01
 0.29007396665661E+01
 0.28934982528615E+01
 0.28864464784509E+01
 0.28794747126590E+01
 0.28726023428241E+01
 0.28659078911480E+01
 0.28592951220678E+01
 0.28528327887693E+01
 0.28464640657365E+01
 0.28402013915750E+01
 0.28340166649814E+01
 0.28279678856330E+01
 0.28220268649547E+01
 0.28161359619378E+01
 0.28103448634415E+01
 0.28046549540197E+01
 0.27990083418559E+01
 0.27935120545326E+01
 0.27880598700186E+01
 0.27827172630580E+01
 0.27773933789997E+01
 0.27721870425330E+01
 0.27670619338627E+01
 0.27619724422050E+01
 0.27569825342487E+01
 0.27520525383027E+01
 0.27471750937323E+01
 0.27423818826980E+01
 0.27376328949100E+01
 0.27329454030091E+01
 0.27283316163883E+01
 0.27237564552227E+01
 0.27192783294858E+01
 0.27148066858125E+01
 0.27104272308331E+01
 0.27060859923085E+01
 0.27017878623215E+01
 0.26975596309806E+01
 0.26933616519541E+01
 0.26892134212208E+01
 0.26851464806185E+01
 0.26810748616779E+01
 0.26770916912018E+01
 0.26731113772954E+01
 0.26692074728964E+01
 0.26653383636647E+01
 0.26615252411749E+01
 0.26577241199493E+01
 0.26539716996961E+01
 0.26502658919301E+01
 0.26466074269841E+01
 0.26429830282792E+01
 0.26393846509172E+01
 0.26358367132459E+01
 0.26323051688692E+01
 0.26288121272809E+01
 0.26253732887886E+01
 0.26219572613762E+01
 0.26185752678149E+01
 0.26152403590843E+01
 0.26119122371785E+01
 0.26086200401192E+01
 0.26053668258830E+01
 0.26021458741215E+01
 0.25989517410751E+01
 0.25957876618750E+01
 0.25926546605435E+01
 0.25895413789160E+01
 0.25864744855286E+01
 0.25834143633130E+01
 0.25804038258184E+01
 0.25774158395986E+01
 0.25744336980403E+01
 0.25715095334319E+01
 0.25685797119746E+01
 0.25656931012195E+01
 0.25628307022713E+01
 0.25599789386972E+01
 0.25571618446635E+01
 0.25543648674937E+01
 0.25515853324393E+01
 0.25488338490013E+01
