 0.10813086768930E+04
 0.10813086768930E+04
 0.10813086768930E+04
 0.10813086768930E+04
 0.10813086768930E+04
 0.10813086768930E+04
 0.10813086768930E+04
 0.10813086768930E+04
 0.10813086768930E+04
 0.10813001936183E+04
 0.10814168631599E+04
 0.10812570832628E+04
 0.10811551961542E+04
 0.10812320685437E+04
 0.10810722137684E+04
 0.10811364702020E+04
 0.10811003400226E+04
 0.10812669424037E+04
 0.10812031220861E+04
 0.10810840125707E+04
 0.10811366249169E+04
 0.10812648701833E+04
 0.10812242502846E+04
 0.10809762595047E+04
 0.10809137327792E+04
 0.10811161062353E+04
 0.10811856459128E+04
 0.10810086898520E+04
 0.10808888165124E+04
 0.10811227935650E+04
 0.10814332628242E+04
 0.10807923037913E+04
 0.10818187051966E+04
 0.10817548069642E+04
 0.10814121999289E+04
 0.10823838391428E+04
 0.10815834666966E+04
 0.10816508240965E+04
 0.10762696926898E+04
 0.10816868978150E+04
 0.10809740826176E+04
 0.10761421827363E+04
 0.10814314465467E+04
 0.10765447754832E+04
 0.10779667559070E+04
 0.10780319866465E+04
 0.10778675319795E+04
 0.10765523310110E+04
 0.10819428001906E+04
 0.10779267529316E+04
 0.10818759095001E+04
 0.10791827714029E+04
 0.10767425827420E+04
 0.10760374082386E+04
 0.10761693471566E+04
 0.10797377755148E+04
 0.10792177474160E+04
 0.10816753603179E+04
 0.10814363053878E+04
 0.10770446510916E+04
 0.10801449216613E+04
 0.10786802686871E+04
 0.10804808667089E+04
 0.10776172227361E+04
 0.10772428342620E+04
 0.10779288071989E+04
 0.10790219748919E+04
 0.10867132406712E+04
 0.10811963567860E+04
 0.10887343837897E+04
 0.10831479054312E+04
 0.10847413321684E+04
 0.10810161976877E+04
 0.10835302449125E+04
 0.10777035320944E+04
 0.10812542698227E+04
 0.10822239982270E+04
 0.10788124083211E+04
 0.10851845375393E+04
 0.10841530584790E+04
 0.10824148208351E+04
 0.10809566676336E+04
 0.10835321947488E+04
 0.10867022263048E+04
 0.10802753433522E+04
 0.10825095118122E+04
 0.10831733716862E+04
 0.10863591023439E+04
 0.10846374840977E+04
 0.10825035705639E+04
 0.10836966835412E+04
 0.10765792350406E+04
 0.10843809671511E+04
 0.10788907593138E+04
 0.10771933183700E+04
 0.10865865307548E+04
 0.10805454599849E+04
 0.10844210237507E+04
 0.10809099772548E+04
 0.10787035173116E+04
 0.10784844036310E+04
 0.10831419767888E+04
 0.10799231989848E+04
 0.10791752282706E+04
 0.10839002975556E+04
 0.10770191958255E+04
 0.10872421275142E+04
 0.10874546406440E+04
 0.10878151991285E+04
 0.10796361238370E+04
 0.10784288387907E+04
 0.10810951234829E+04
 0.10828440771958E+04
 0.10866448725436E+04
 0.10866273721196E+04
 0.10806502275735E+04
 0.10882622532728E+04
 0.10896692083540E+04
 0.10764813392751E+04
 0.10889997543797E+04
 0.10892139020708E+04
 0.10766625993813E+04
 0.10780283874447E+04
 0.10845277643773E+04
 0.10804636319680E+04
 0.10788311607291E+04
 0.10883995373163E+04
 0.10845196709289E+04
 0.10786380038185E+04
 0.10815441160577E+04
 0.10884879058253E+04
 0.10775135105576E+04
 0.10822923340009E+04
 0.10796365464755E+04
 0.10844955272157E+04
 0.10826150930847E+04
 0.10849440110128E+04
 0.10855644150990E+04
 0.10805649677276E+04
 0.10868990231793E+04
 0.10829633782324E+04
 0.10854032623976E+04
 0.10794831828616E+04
 0.10795706618930E+04
 0.10877756764579E+04
 0.10846242071423E+04
 0.10866462953785E+04
 0.10814667236304E+04
 0.10933629548550E+04
 0.10817735889761E+04
 0.10823817861658E+04
 0.10835678204276E+04
 0.10852998837805E+04
 0.10861141344445E+04
 0.10884640480679E+04
 0.10909753851724E+04
 0.10892779696028E+04
 0.10892987194178E+04
 0.10893261237150E+04
 0.10915323256419E+04
 0.10923671363700E+04
 0.10905350617513E+04
 0.10896527205345E+04
 0.10927587006984E+04
 0.10902410609486E+04
 0.10960390535337E+04
 0.10963316021620E+04
 0.11008340527905E+04
 0.10984279006303E+04
 0.10918219811436E+04
 0.10936070161886E+04
 0.10916051063636E+04
 0.10964252555680E+04
 0.10959405278169E+04
 0.10996088936331E+04
 0.11061621049105E+04
 0.10996003281591E+04
 0.10954718727466E+04
 0.11060358306294E+04
 0.11027588687865E+04
 0.10998572371452E+04
 0.11002200033511E+04
 0.11094709691558E+04
 0.11028523750009E+04
 0.11046340551406E+04
 0.11060306472750E+04
 0.11054070107225E+04
 0.11048953854940E+04
 0.11050101060619E+04
 0.11121330729467E+04
 0.11150401912710E+04
 0.11140651550464E+04
 0.11104709353001E+04
 0.11208338166301E+04
 0.11177805730277E+04
 0.11257638302686E+04
 0.11282330076228E+04
 0.11165740193682E+04
 0.11313322602838E+04
 0.11202114331037E+04
 0.11244901005237E+04
 0.11277027960683E+04
 0.11343344058720E+04
 0.11326897802569E+04
 0.11255683667505E+04
 0.11335582937211E+04
 0.11330740344054E+04
 0.11327267427005E+04
 0.11428655227124E+04
 0.11356793306362E+04
 0.11472943311631E+04
 0.11387835559680E+04
 0.11451239385347E+04
 0.11434884623368E+04
 0.11569609600699E+04
 0.11459350123167E+04
 0.11491688782627E+04
 0.11519903634957E+04
 0.11506335287031E+04
 0.11596317681932E+04
 0.11634356985858E+04
 0.11565523529481E+04
 0.11658862781312E+04
 0.11656384629263E+04
 0.11648238970439E+04
 0.11714564040798E+04
 0.11756687004479E+04
 0.11778740359736E+04
 0.11795448514497E+04
 0.11753602379252E+04
 0.11750313538055E+04
 0.11874347970022E+04
 0.11883807627584E+04
 0.11792179355889E+04
 0.11816866962260E+04
 0.11854882438245E+04
 0.11903553441383E+04
 0.11896138552639E+04
 0.11948185860185E+04
 0.11935303016601E+04
 0.11960670717484E+04
 0.12032762086077E+04
 0.12028922978430E+04
 0.12058638257267E+04
 0.12086118689355E+04
 0.12064840125725E+04
 0.12189275658636E+04
 0.12203334050450E+04
 0.12189881957706E+04
 0.12222127713017E+04
 0.12218395915897E+04
 0.12158137843421E+04
 0.12313504386150E+04
 0.12203675364433E+04
 0.12226609644525E+04
 0.12321560148151E+04
 0.12297710708948E+04
 0.12325521836628E+04
 0.12372220169732E+04
 0.12369991442539E+04
 0.12493667549934E+04
 0.12391254123956E+04
 0.12487979458647E+04
 0.12451069336231E+04
 0.12481201804387E+04
 0.12502053706098E+04
 0.12624420981340E+04
 0.12647715528262E+04
 0.12594500830965E+04
 0.12741789648765E+04
 0.12633210420019E+04
 0.12734850056152E+04
 0.12797608536828E+04
 0.12711855125667E+04
 0.12835656170682E+04
 0.12773505624180E+04
 0.12910100980232E+04
 0.12861747224801E+04
 0.12831722601657E+04
 0.12856209605259E+04
 0.12998363539081E+04
 0.12918952600951E+04
 0.13037176653651E+04
 0.12942158768682E+04
 0.12976846500720E+04
 0.12992265213285E+04
 0.13080804679311E+04
 0.13124826354232E+04
 0.13135923469712E+04
 0.13187111292763E+04
 0.13268251174935E+04
 0.13251934525135E+04
 0.13180327540779E+04
 0.13223551657599E+04
 0.13372812085757E+04
 0.13252228228250E+04
 0.13395500720291E+04
 0.13389007630151E+04
 0.13394203539699E+04
 0.13439099251591E+04
