 0.10813086768930E+04
 0.10813086768930E+04
 0.10813086768930E+04
 0.10813086768930E+04
 0.10813086768930E+04
 0.10813086768930E+04
 0.10813086768930E+04
 0.10813086768930E+04
 0.10813086768930E+04
 0.10813001936183E+04
 0.10814168631599E+04
 0.10812570832628E+04
 0.10811551961542E+04
 0.10812320685437E+04
 0.10810722137684E+04
 0.10811364702020E+04
 0.10811003400226E+04
 0.10812669424037E+04
 0.10812031220861E+04
 0.10810840125707E+04
 0.10811366249169E+04
 0.10812648701833E+04
 0.10812242502846E+04
 0.10809762595047E+04
 0.10809137327792E+04
 0.10811161062353E+04
 0.10811856459128E+04
 0.10810086898520E+04
 0.10808888165124E+04
 0.10811227935650E+04
 0.10814332628242E+04
 0.10807923037913E+04
 0.10818187051966E+04
 0.10818390000049E+04
 0.10813059425804E+04
 0.10823717626453E+04
 0.10815930808215E+04
 0.10814136021914E+04
 0.10762267076119E+04
 0.10819528603391E+04
 0.10810519543740E+04
 0.10823648085627E+04
 0.10815972228254E+04
 0.10766942595695E+04
 0.10780289905593E+04
 0.10780395030780E+04
 0.10777929655366E+04
 0.10764920076219E+04
 0.10820621544968E+04
 0.10778583297638E+04
 0.10818438093381E+04
 0.10792686809260E+04
 0.10767851638489E+04
 0.10760706150028E+04
 0.10763900277367E+04
 0.10799935285516E+04
 0.10794495324640E+04
 0.10818843683895E+04
 0.10814181826754E+04
 0.10773248676551E+04
 0.10799865986277E+04
 0.10786451520758E+04
 0.10801715102712E+04
 0.10775781830261E+04
 0.10771427368792E+04
 0.10780907760795E+04
 0.10791208500877E+04
 0.10868421920043E+04
 0.10810278927622E+04
 0.10890275268915E+04
 0.10832320612550E+04
 0.10846801760800E+04
 0.10809945473165E+04
 0.10835789614070E+04
 0.10775826377091E+04
 0.10812619489238E+04
 0.10823579397070E+04
 0.10788280714729E+04
 0.10851867378230E+04
 0.10845121092659E+04
 0.10825446196285E+04
 0.10805497587284E+04
 0.10834679100388E+04
 0.10867803160833E+04
 0.10802780037318E+04
 0.10832257922072E+04
 0.10834948297068E+04
 0.10865760222088E+04
 0.10839059101844E+04
 0.10822063171926E+04
 0.10835508882144E+04
 0.10765478868719E+04
 0.10846256451547E+04
 0.10783506752475E+04
 0.10772380473441E+04
 0.10871490680051E+04
 0.10800704136283E+04
 0.10844756112511E+04
 0.10803649328409E+04
 0.10787535329742E+04
 0.10786276990274E+04
 0.10821065050881E+04
 0.10798397171019E+04
 0.10791630985238E+04
 0.10843167034542E+04
 0.10773788646603E+04
 0.10868282836898E+04
 0.10872402134187E+04
 0.10878832197364E+04
 0.10789456911658E+04
 0.10793842949574E+04
 0.10799900535624E+04
 0.10833653604306E+04
 0.10858448418580E+04
 0.10863404810504E+04
 0.10801628127635E+04
 0.10895483454674E+04
 0.10888498819275E+04
 0.10779675037475E+04
 0.10895688897492E+04
 0.10880839340414E+04
 0.10785922270281E+04
 0.10784523718979E+04
 0.10822788458569E+04
 0.10826420913226E+04
 0.10894429622284E+04
 0.10905027019022E+04
 0.10824577168855E+04
 0.10803303946034E+04
 0.10839328614548E+04
 0.10865223105331E+04
 0.10790680661590E+04
 0.10805871748023E+04
 0.10901373557199E+04
 0.10858455083988E+04
 0.10811230604706E+04
 0.10813398702215E+04
 0.10846659776762E+04
 0.10778184107896E+04
 0.10890056874415E+04
 0.10828383899449E+04
 0.10857178134643E+04
 0.10843337985758E+04
 0.10908957194843E+04
 0.10872175864031E+04
 0.10794098090652E+04
 0.10872439726699E+04
 0.10849696895811E+04
 0.10811985062726E+04
 0.10867417539829E+04
 0.10916115502286E+04
 0.10877766840723E+04
 0.10858065527910E+04
 0.10927585816041E+04
 0.10853772430049E+04
 0.10921256918631E+04
 0.10932991806565E+04
 0.10947106720005E+04
 0.10843519860318E+04
 0.10953234313616E+04
 0.10881601988778E+04
 0.10927593479010E+04
 0.10857814076136E+04
 0.10895268897935E+04
 0.10904790374987E+04
 0.10886076989183E+04
 0.11001212251340E+04
 0.10999585834241E+04
 0.10973592395026E+04
 0.10896669123416E+04
 0.11010018718086E+04
 0.10892540257527E+04
 0.10948010141391E+04
 0.10953994689403E+04
 0.10958932740419E+04
 0.10993012427601E+04
 0.11057575782248E+04
 0.10986555470030E+04
 0.11062222212825E+04
 0.10985952578714E+04
 0.11074266598423E+04
 0.11117748067779E+04
 0.10989823298295E+04
 0.11082902656738E+04
 0.11034675087557E+04
 0.11059255034381E+04
 0.11080637004478E+04
 0.11150234876534E+04
 0.11151600710201E+04
 0.11159481211176E+04
 0.11088504033951E+04
 0.11141081422865E+04
 0.11091042580259E+04
 0.11128682355921E+04
 0.11147423408085E+04
 0.11250297314227E+04
 0.11149690235048E+04
 0.11215050254319E+04
 0.11211552511160E+04
 0.11210392115328E+04
 0.11238351145780E+04
 0.11292023488699E+04
 0.11225540282016E+04
 0.11248975209776E+04
 0.11382391155503E+04
 0.11300908678001E+04
 0.11305020743073E+04
 0.11437482750761E+04
 0.11428077468155E+04
 0.11443088801194E+04
 0.11471577612739E+04
 0.11477091351320E+04
 0.11408495100990E+04
 0.11452444341010E+04
 0.11544834314741E+04
 0.11517279663548E+04
 0.11498586901332E+04
 0.11563626862035E+04
 0.11525383921498E+04
 0.11640725087496E+04
 0.11557790515676E+04
 0.11569021713440E+04
 0.11655898898053E+04
 0.11631431842275E+04
 0.11643361495406E+04
 0.11634394197257E+04
 0.11753904323734E+04
 0.11785121366378E+04
 0.11806815716405E+04
 0.11722463126694E+04
 0.11711602519058E+04
 0.11790849296875E+04
 0.11751910358684E+04
 0.11833186048287E+04
 0.11859001811549E+04
 0.11971444120075E+04
 0.11884224287225E+04
 0.11937396049659E+04
 0.11913522386163E+04
 0.11959321775607E+04
 0.11975918079694E+04
 0.11935547409476E+04
 0.12111271113533E+04
 0.11978810302826E+04
 0.12083307373161E+04
 0.12113307379193E+04
 0.12213626388510E+04
 0.12131229793944E+04
 0.12098058684751E+04
 0.12264292647405E+04
 0.12164292291613E+04
 0.12320944911765E+04
 0.12210162395866E+04
 0.12256125239165E+04
 0.12298578859866E+04
 0.12255686961684E+04
 0.12316797737962E+04
 0.12394683054718E+04
 0.12357647839962E+04
 0.12393485692465E+04
 0.12386984652617E+04
 0.12447360663160E+04
 0.12492224278627E+04
 0.12453035396046E+04
 0.12485936562999E+04
 0.12522368210205E+04
 0.12617200380316E+04
 0.12606139912920E+04
 0.12626782824064E+04
 0.12738144054530E+04
 0.12659893004176E+04
 0.12746390942480E+04
 0.12825140956469E+04
 0.12830985459207E+04
 0.12714584889176E+04
 0.12885423234118E+04
 0.12778305715219E+04
 0.12831958831407E+04
 0.12975538299266E+04
 0.12875824582227E+04
 0.12919604720076E+04
 0.13008906929899E+04
 0.13090838275253E+04
 0.12934413696124E+04
 0.13133080635576E+04
 0.13032536920164E+04
 0.13161637151243E+04
 0.13052219028123E+04
 0.13072835564134E+04
 0.13147295747416E+04
 0.13264933992492E+04
 0.13194030661777E+04
 0.13277755969219E+04
 0.13264299883531E+04
 0.13378945633111E+04
 0.13343394249106E+04
 0.13309705520272E+04
 0.13348344732686E+04
 0.13429826796405E+04
 0.13489397585700E+04
