 0.10000000133514E-09
 0.10000000133514E-09
 0.10000000133514E-09
 0.10000000133514E-09
 0.10000000133514E-09
 0.10000000133514E-09
 0.10000000133514E-09
 0.10000000133514E-09
 0.10000000133514E-09
 0.10000000133514E-09
 0.10000000133514E-09
 0.10000000133514E-09
 0.10000000133514E-09
 0.10000000133514E-09
 0.10000000133514E-09
 0.10000000133514E-09
 0.10000000133514E-09
 0.10000000133514E-09
 0.10000000133514E-09
 0.10000000133514E-09
 0.10000000133514E-09
 0.10000000133514E-09
 0.10000000133514E-09
 0.10000000133514E-09
 0.10000000133514E-09
 0.10000000133514E-09
 0.10000000133514E-09
 0.10000000133514E-09
 0.10000000133514E-09
 0.10000000133514E-09
 0.10000000133514E-09
 0.16269065423410E-04
 0.16269065423410E-04
 0.29839241693457E-04
 0.29839241693457E-04
 0.51310240846848E-04
 0.65888369863587E-04
 0.83555884887214E-04
 0.10474018193408E-03
 0.12989301169464E-03
 0.15949516775900E-03
 0.19404125424144E-03
 0.23404232022737E-03
 0.28003173740717E-03
 0.33255969552174E-03
 0.39218078730761E-03
 0.45945506346513E-03
 0.53496697660481E-03
 0.61930282389170E-03
 0.71303852494995E-03
 0.81677257277952E-03
 0.93109210376195E-03
 0.10565864313824E-02
 0.11938647545240E-02
 0.13435236268185E-02
 0.15061501557135E-02
 0.16823344981855E-02
 0.18726499872209E-02
 0.20776853482515E-02
 0.22979891673380E-02
 0.25343692784785E-02
 0.27870577611754E-02
 0.30567650450306E-02
 0.33442856524613E-02
 0.36498735592657E-02
 0.39743956130267E-02
 0.43182251742594E-02
 0.46815074832348E-02
 0.50658139343972E-02
 0.54710063830067E-02
 0.58981036766306E-02
 0.63474098748112E-02
 0.68192671385314E-02
 0.73149674365486E-02
 0.78346771714419E-02
 0.83787429564039E-02
 0.89486600242353E-02
 0.95450379829681E-02
 0.10166063686341E-01
 0.10815957521196E-01
 0.11494613791687E-01
 0.12201312600481E-01
 0.12936235716971E-01
 0.13702482768397E-01
 0.14500614098406E-01
 0.15329327398550E-01
 0.16190556621816E-01
 0.17086814433679E-01
 0.18016600177708E-01
 0.18983366703492E-01
 0.19983836269853E-01
 0.21022655471311E-01
 0.22100098089142E-01
 0.23219173141709E-01
 0.24376949043351E-01
 0.25574553241039E-01
 0.26820618630771E-01
 0.28106669872024E-01
 0.29440066022304E-01
 0.30821056243961E-01
 0.32253944837883E-01
 0.33733749683248E-01
 0.35265395747917E-01
 0.36853805222239E-01
 0.38498552445643E-01
 0.40201025711815E-01
 0.41960702724254E-01
 0.43790135356396E-01
 0.45681217600504E-01
 0.47635946714287E-01
 0.49659641877355E-01
 0.51761259300055E-01
 0.53935428673634E-01
 0.56191868138998E-01
 0.58533473183252E-01
 0.60959043206561E-01
 0.63471346771372E-01
 0.66079960560858E-01
 0.68791917657646E-01
 0.71601777253330E-01
 0.74520327103460E-01
 0.77553208353875E-01
 0.80708944949553E-01
 0.83993229007577E-01
 0.87404511459273E-01
 0.90951239903859E-01
 0.94643716505240E-01
 0.98502606861049E-01
 0.10252286117131E+00
 0.10670641660927E+00
 0.11107609967598E+00
 0.11564884003830E+00
 0.12040469346705E+00
 0.12538671889186E+00
 0.13060203284249E+00
 0.13604129326946E+00
 0.14175094213212E+00
 0.14772013471465E+00
 0.15396970751142E+00
 0.16049298583870E+00
 0.16730871359151E+00
 0.17445797049936E+00
 0.18191234997584E+00
 0.18968315104799E+00
 0.19778004858524E+00
 0.20618130408818E+00
 0.21489576588875E+00
 0.22389009261609E+00
 0.23314878132176E+00
 0.24264155588964E+00
 0.25227735415771E+00
 0.26206676412172E+00
 0.27194207672657E+00
 0.28179856518581E+00
 0.29161350466734E+00
 0.30129900031486E+00
 0.31081972173511E+00
 0.32011773987870E+00
 0.32917839678072E+00
 0.33796286221023E+00
 0.34646974618649E+00
 0.35471033928618E+00
 0.36268534753972E+00
 0.37041155746900E+00
 0.37790139965547E+00
 0.38517970250841E+00
 0.39225858266904E+00
 0.39915423571648E+00
 0.40588056174482E+00
 0.41244909528785E+00
 0.41887032401406E+00
 0.42515418764552E+00
 0.43130820952684E+00
 0.43733563244237E+00
 0.44324727886113E+00
 0.44904539562332E+00
 0.45473322844717E+00
 0.46031723515084E+00
 0.46579930940896E+00
 0.47118404133882E+00
 0.47647129276331E+00
 0.48166713478220E+00
 0.48677242845193E+00
 0.49179090110680E+00
 0.49672322787789E+00
 0.50157291264141E+00
 0.50634058739386E+00
 0.51102989289142E+00
 0.51564159870161E+00
 0.52017830412778E+00
 0.52464121998446E+00
 0.52903302008977E+00
 0.53335453476170E+00
 0.53760755877150E+00
 0.54179391549815E+00
 0.54591499448747E+00
 0.54997232830779E+00
 0.55396782229674E+00
 0.55790284341749E+00
 0.56177811761617E+00
 0.56559547463323E+00
 0.56935630612950E+00
 0.57306191974667E+00
 0.57671334148072E+00
 0.58031215388844E+00
 0.58385901589512E+00
 0.58735564706327E+00
 0.59080264321155E+00
 0.59420156947381E+00
 0.59755305396864E+00
 0.60085852769204E+00
 0.60411886884784E+00
 0.60733510908568E+00
 0.61050765433189E+00
 0.61363808225904E+00
 0.61672695449955E+00
 0.61977542292742E+00
 0.62278401746869E+00
 0.62575388032167E+00
 0.62868568315519E+00
 0.63157985723956E+00
 0.63443761890735E+00
 0.63725967218447E+00
 0.64004654924883E+00
 0.64279893220889E+00
 0.64551785403828E+00
 0.64820341700244E+00
 0.65085688749997E+00
 0.65347822428852E+00
 0.65606858215361E+00
 0.65862825765616E+00
 0.66115833912907E+00
 0.66365859393176E+00
 0.66613022844733E+00
 0.66857344812591E+00
 0.67098875066114E+00
 0.67337670933916E+00
 0.67573787697385E+00
 0.67807332169775E+00
 0.68038230278165E+00
 0.68266620171616E+00
 0.68492495503565E+00
 0.68715942734719E+00
 0.68936968766665E+00
 0.69155647004113E+00
 0.69371985935740E+00
 0.69586089296964E+00
 0.69797927814523E+00
 0.70007547559289E+00
 0.70215007657676E+00
 0.70420323366365E+00
 0.70623557414945E+00
 0.70824722362728E+00
 0.71023874510004E+00
 0.71221016595305E+00
 0.71416206144406E+00
 0.71609458972624E+00
 0.71800828669069E+00
 0.71990317877878E+00
 0.72177975670490E+00
 0.72363812967536E+00
 0.72547886906297E+00
 0.72730198100533E+00
 0.72910769118714E+00
 0.73089656796487E+00
 0.73266870106262E+00
 0.73442434179027E+00
 0.73616376866816E+00
 0.73788706291333E+00
 0.73959473843851E+00
 0.74128688886344E+00
 0.74296354731569E+00
 0.74462538670137E+00
 0.74627225579847E+00
 0.74790449983204E+00
 0.74952238672533E+00
 0.75112609701330E+00
 0.75271551758783E+00
 0.75429152711756E+00
 0.75585373785992E+00
 0.75740247202236E+00
 0.75893797267814E+00
 0.76046050749844E+00
 0.76196993582892E+00
 0.76346680869634E+00
 0.76495113568742E+00
 0.76642322753948E+00
 0.76788287639889E+00
 0.76933069524269E+00
 0.77076642972304E+00
 0.77219074606092E+00
 0.77360328475735E+00
 0.77500459105223E+00
 0.77639435716300E+00
 0.77777316950200E+00
 0.77914101617147E+00
 0.78049808178924E+00
 0.78184441489405E+00
 0.78318018530700E+00
 0.78450554252131E+00
