 0.10813086768930E+04
 0.10813086768930E+04
 0.10813086768930E+04
 0.10813086768930E+04
 0.10813086768930E+04
 0.10813086768930E+04
 0.10813086768930E+04
 0.10813086768930E+04
 0.10813086768930E+04
 0.10813001936183E+04
 0.10814168631599E+04
 0.10812570832628E+04
 0.10811551961542E+04
 0.10812320685437E+04
 0.10810722137684E+04
 0.10811364702020E+04
 0.10811003400226E+04
 0.10812669424037E+04
 0.10812031220861E+04
 0.10810840125707E+04
 0.10811366249169E+04
 0.10812648701833E+04
 0.10812242502846E+04
 0.10809762595047E+04
 0.10809137327792E+04
 0.10811161062353E+04
 0.10811856459128E+04
 0.10810086898520E+04
 0.10808888165124E+04
 0.10811093787346E+04
 0.10814421086992E+04
 0.10808854835795E+04
 0.10818448342434E+04
 0.10820426731099E+04
 0.10813049243362E+04
 0.10821126685445E+04
 0.10816244407859E+04
 0.10816656777435E+04
 0.10765052211748E+04
 0.10816167573562E+04
 0.10808909873154E+04
 0.10760269159991E+04
 0.10814829690333E+04
 0.10765865527229E+04
 0.10779497207736E+04
 0.10781912478875E+04
 0.10778489292980E+04
 0.10764537001008E+04
 0.10819885978606E+04
 0.10777276178441E+04
 0.10816574951980E+04
 0.10793474344169E+04
 0.10768508388586E+04
 0.10761977333534E+04
 0.10761886331249E+04
 0.10798907452045E+04
 0.10793420791484E+04
 0.10817858535861E+04
 0.10814904925827E+04
 0.10770466759677E+04
 0.10798500658337E+04
 0.10785753577665E+04
 0.10806163124035E+04
 0.10777384249796E+04
 0.10769848226732E+04
 0.10784959600426E+04
 0.10794615169624E+04
 0.10867560739311E+04
 0.10807726291881E+04
 0.10888411153070E+04
 0.10832579735044E+04
 0.10844136279193E+04
 0.10810815503757E+04
 0.10831455919034E+04
 0.10776704225394E+04
 0.10814959765416E+04
 0.10760076594479E+04
 0.10788174582598E+04
 0.10857875393478E+04
 0.10845110948689E+04
 0.10830540449240E+04
 0.10806294232523E+04
 0.10843224214794E+04
 0.10871049433927E+04
 0.10796024552754E+04
 0.10827357206906E+04
 0.10831343440063E+04
 0.10860997192169E+04
 0.10850117322724E+04
 0.10829451827969E+04
 0.10835038398295E+04
 0.10764393546799E+04
 0.10845049667842E+04
 0.10792546325843E+04
 0.10785910402307E+04
 0.10870392404296E+04
 0.10800800426667E+04
 0.10845071643105E+04
 0.10808803948306E+04
 0.10788747986547E+04
 0.10792097852617E+04
 0.10812712586960E+04
 0.10807931711399E+04
 0.10780151446396E+04
 0.10837509816757E+04
 0.10772112552897E+04
 0.10840952538287E+04
 0.10765827773615E+04
 0.10881873161653E+04
 0.10807882017566E+04
 0.10786943013900E+04
 0.10805410540706E+04
 0.10835642903831E+04
 0.10876056323388E+04
 0.10849770595755E+04
 0.10813171051074E+04
 0.10895998380454E+04
 0.10901172129876E+04
 0.10773799144598E+04
 0.10782275559122E+04
 0.10869105972758E+04
 0.10767676533827E+04
 0.10888168732111E+04
 0.10834982457097E+04
 0.10827110375405E+04
 0.10885849952443E+04
 0.10794184122958E+04
 0.10821020354428E+04
 0.10778536203443E+04
 0.10802932469144E+04
 0.10757982614177E+04
 0.10804870918974E+04
 0.10817902801802E+04
 0.10884214299862E+04
 0.10852516322760E+04
 0.10825002659379E+04
 0.10820014110073E+04
 0.10825430569011E+04
 0.10779780265747E+04
 0.10872564242390E+04
 0.10788560651397E+04
 0.10792983536789E+04
 0.10763540663450E+04
 0.10751709032761E+04
 0.10871511214856E+04
 0.10752076776662E+04
 0.10851811125566E+04
 0.10806613898543E+04
 0.10882682706461E+04
 0.10770881930836E+04
 0.10810625613836E+04
 0.10807782442137E+04
 0.10796495507159E+04
 0.10784252274650E+04
 0.10838382316392E+04
 0.10821775773790E+04
 0.10868035017120E+04
 0.10788401553371E+04
 0.10788977263067E+04
 0.10822660288643E+04
 0.10876808958282E+04
 0.10875768812296E+04
 0.10831413494027E+04
 0.10891394692809E+04
 0.10853090775619E+04
 0.10820850936376E+04
 0.10870446478764E+04
 0.10893585574924E+04
 0.10838801896294E+04
 0.10880782826812E+04
 0.10931599790856E+04
 0.10888387449669E+04
 0.10896412383607E+04
 0.10895568711973E+04
 0.10944197882212E+04
 0.10968383491138E+04
 0.10905071983802E+04
 0.10891617129600E+04
 0.11025962124696E+04
 0.10964462937905E+04
 0.10920925410758E+04
 0.11053965552390E+04
 0.10932881257861E+04
 0.11024818022026E+04
 0.11054512600203E+04
 0.10967641099064E+04
 0.11017505531541E+04
 0.11000392775491E+04
 0.11056625621731E+04
 0.11005180119782E+04
 0.11093826942340E+04
 0.11047136193621E+04
 0.11129348728615E+04
 0.11090017930460E+04
 0.11060899418328E+04
 0.11155995574483E+04
 0.11084392385342E+04
 0.11226666337110E+04
 0.11259596072151E+04
 0.11168004233698E+04
 0.11146802137927E+04
 0.11274983348223E+04
 0.11253459162359E+04
 0.11189177114503E+04
 0.11307263729844E+04
 0.11362870509101E+04
 0.11287276075857E+04
 0.11235421536913E+04
 0.11293289582018E+04
 0.11395200043460E+04
 0.11286637279130E+04
 0.11394148925694E+04
 0.11369261862995E+04
 0.11380544547072E+04
 0.11394476381491E+04
 0.11388740178679E+04
 0.11489948704240E+04
 0.11406028964497E+04
 0.11569252505172E+04
 0.11479605778526E+04
 0.11576786234037E+04
 0.11593475347185E+04
 0.11560501107876E+04
 0.11554774186637E+04
 0.11589222868016E+04
 0.11590392418236E+04
 0.11650207104315E+04
 0.11662398972517E+04
 0.11667613444974E+04
 0.11687735521732E+04
 0.11669757703740E+04
 0.11690106166432E+04
 0.11706930596359E+04
 0.11729325060922E+04
 0.11819354390841E+04
 0.11900506504914E+04
 0.11907986688935E+04
 0.11857621577237E+04
 0.11834249225979E+04
 0.11840138820085E+04
 0.11971393532920E+04
 0.12009781346443E+04
 0.11986303915113E+04
 0.11975016290410E+04
 0.11961050830722E+04
 0.11980195080106E+04
 0.12092936995762E+04
 0.12149068476127E+04
 0.12170520446790E+04
 0.12203247569089E+04
 0.12191051294786E+04
 0.12166928004233E+04
 0.12276264831059E+04
 0.12276555427897E+04
 0.12318377075997E+04
 0.12222197713051E+04
 0.12257301871264E+04
 0.12252592642492E+04
 0.12281867206033E+04
 0.12444833499210E+04
 0.12451793971368E+04
 0.12478940666386E+04
 0.12482209043905E+04
 0.12527870150310E+04
 0.12445307597288E+04
 0.12605846393398E+04
 0.12605742356504E+04
 0.12589598094321E+04
 0.12624473420747E+04
 0.12574705479049E+04
 0.12670965459150E+04
 0.12695605048787E+04
 0.12686860703589E+04
 0.12709695968893E+04
 0.12799758888374E+04
 0.12761270985077E+04
 0.12777874667363E+04
 0.12893055960370E+04
 0.12769294940022E+04
 0.12949667423882E+04
 0.12994093752465E+04
 0.12890796332418E+04
 0.12893160204179E+04
 0.12946852772568E+04
 0.12915815948821E+04
 0.13073983304344E+04
 0.13118574212200E+04
 0.13124155336579E+04
 0.13034474309792E+04
 0.13057365691893E+04
 0.13171914978745E+04
 0.13213467247779E+04
 0.13186049661172E+04
 0.13252804950693E+04
 0.13341443396716E+04
 0.13333912478144E+04
 0.13247182280024E+04
 0.13307940757207E+04
 0.13450456743947E+04
 0.13501179429182E+04
