 0.10189891284960E+00
 0.10189891284961E+00
 0.10189891284978E+00
 0.10189891285078E+00
 0.10189891285480E+00
 0.10189891286596E+00
 0.10189891261479E+00
 0.10189891145553E+00
 0.10189890729664E+00
 0.10189889613229E+00
 0.10189887143472E+00
 0.10189882426982E+00
 0.10189874225138E+00
 0.10189861152783E+00
 0.10189841759497E+00
 0.10189814120375E+00
 0.10189776652615E+00
 0.10189727642781E+00
 0.10189665366925E+00
 0.10189588105575E+00
 0.10189493460147E+00
 0.10189381547665E+00
 0.10189249783608E+00
 0.10189096967231E+00
 0.10188921244067E+00
 0.10188721281541E+00
 0.10188494891242E+00
 0.10188243251852E+00
 0.10187963407745E+00
 0.10187652943651E+00
 0.10187308522139E+00
 0.10186932402755E+00
 0.10186519117306E+00
 0.10186065190148E+00
 0.10185574819263E+00
 0.10185039840197E+00
 0.10184460564187E+00
 0.10183830661259E+00
 0.10183154870321E+00
 0.10182433246391E+00
 0.10181646920363E+00
 0.10180811566912E+00
 0.10179925112847E+00
 0.10178984373919E+00
 0.10177982669570E+00
 0.10176930863215E+00
 0.10175838923181E+00
 0.10174702038701E+00
 0.10173518557490E+00
 0.10172297814228E+00
 0.10171055592973E+00
 0.10169788018534E+00
 0.10168514027642E+00
 0.10167235411067E+00
 0.10165958706405E+00
 0.10164705320824E+00
 0.10163488526692E+00
 0.10162304047393E+00
 0.10161187169870E+00
 0.10160161873968E+00
 0.10159174439065E+00
 0.10158342597254E+00
 0.10157626970730E+00
 0.10157015918535E+00
 0.10156601858917E+00
 0.10156303897592E+00
 0.10156220981581E+00
 0.10156401547578E+00
 0.10156751851595E+00
 0.10157380417241E+00
 0.10158207331346E+00
 0.10159336524523E+00
 0.10160824254332E+00
 0.10162524612358E+00
 0.10164629241785E+00
 0.10167033403382E+00
 0.10169819772832E+00
 0.10172949900212E+00
 0.10176565987966E+00
 0.10180515653558E+00
 0.10184925703062E+00
 0.10189788770009E+00
 0.10195128371604E+00
 0.10200937698931E+00
 0.10207191105482E+00
 0.10214007891347E+00
 0.10221359642847E+00
 0.10229210353069E+00
 0.10237612859089E+00
 0.10246571294522E+00
 0.10256152398855E+00
 0.10266319997627E+00
 0.10277020944785E+00
 0.10288292974437E+00
 0.10300179340201E+00
 0.10312615289614E+00
 0.10325522199624E+00
 0.10338924174305E+00
 0.10352675664861E+00
 0.10366680887140E+00
 0.10380733089962E+00
 0.10394534388407E+00
 0.10407619523153E+00
 0.10419217770806E+00
 0.10428033704588E+00
 0.10431751434451E+00
 0.10425721047382E+00
 0.10398939288768E+00
 0.10329622464585E+00
 0.10179321944730E+00
 0.99333442547477E-01
 0.96540371895729E-01
 0.93974303611284E-01
 0.91764026343914E-01
 0.89893276597207E-01
 0.88322185109860E-01
 0.86972555243541E-01
 0.85799878359256E-01
 0.84766378997503E-01
 0.83850054760082E-01
 0.83031879688945E-01
 0.82296947915560E-01
 0.81624146149527E-01
 0.81012841923478E-01
 0.80460603108949E-01
 0.79958370101109E-01
 0.79500386772815E-01
 0.79077527836729E-01
 0.78693276203047E-01
 0.78345407081040E-01
 0.78028731613643E-01
 0.77739802879445E-01
 0.77482045336764E-01
 0.77249020936128E-01
 0.77039466610858E-01
 0.76856201698253E-01
 0.76692896339266E-01
 0.76551377669785E-01
 0.76430392837056E-01
 0.76329383152645E-01
 0.76247082010626E-01
 0.76182030707516E-01
 0.76134101075225E-01
 0.76102649160980E-01
 0.76086760828483E-01
 0.76086275216631E-01
 0.76100217304919E-01
 0.76128334632902E-01
 0.76170103378274E-01
 0.76225235530021E-01
 0.76292597594943E-01
 0.76372589679627E-01
 0.76465305843545E-01
 0.76568928527215E-01
 0.76684322505594E-01
 0.76810402861109E-01
 0.76947415034569E-01
 0.77094400530424E-01
 0.77252367216591E-01
 0.77419477798826E-01
 0.77596036571574E-01
 0.77782659363083E-01
 0.77978458735274E-01
 0.78183393933213E-01
 0.78396248758209E-01
 0.78618509849804E-01
 0.78849241238409E-01
 0.79087593017760E-01
 0.79334828286160E-01
 0.79589745766136E-01
 0.79851220764059E-01
 0.80122368127704E-01
 0.80400064009336E-01
 0.80683512760428E-01
 0.80975993408067E-01
 0.81275993296251E-01
 0.81580216410238E-01
 0.81893726412383E-01
 0.82212623697929E-01
 0.82540637308944E-01
 0.82869995320888E-01
 0.83208856786844E-01
 0.83552753466643E-01
 0.83906553231712E-01
 0.84262259677968E-01
 0.84627240811840E-01
 0.84994192370043E-01
 0.85369186264963E-01
 0.85749033424998E-01
 0.86136150641524E-01
 0.86526795132324E-01
 0.86925431908029E-01
 0.87329593810564E-01
 0.87737909639951E-01
 0.88151617407512E-01
 0.88567426757538E-01
 0.88990549758974E-01
 0.89421045120819E-01
 0.89855458548448E-01
 0.90292414260699E-01
 0.90737063863859E-01
 0.91183422544940E-01
 0.91639199260726E-01
 0.92095251975119E-01
 0.92560933764833E-01
 0.93025428188017E-01
 0.93498347743564E-01
 0.93976244310339E-01
 0.94456809932397E-01
 0.94940984136553E-01
 0.95432267539331E-01
 0.95927034544280E-01
 0.96429270377189E-01
 0.96930133742537E-01
 0.97437380204927E-01
 0.97949060287625E-01
 0.98464786008167E-01
 0.98986550597031E-01
 0.99507048129301E-01
 0.10003726648599E+00
 0.10056819487060E+00
 0.10110662746604E+00
 0.10164954302923E+00
 0.10219257799153E+00
 0.10274316428021E+00
 0.10329352093333E+00
 0.10384942740152E+00
 0.10440912847162E+00
 0.10497511037602E+00
 0.10554152742683E+00
 0.10611047963261E+00
 0.10668707239724E+00
 0.10726666570091E+00
 0.10784814083926E+00
 0.10843739670237E+00
 0.10902465550586E+00
 0.10961804260331E+00
 0.11021300939673E+00
 0.11081778111381E+00
 0.11142047028017E+00
 0.11202618725960E+00
 0.11263940393818E+00
 0.11325124915821E+00
 0.11386970226204E+00
 0.11449248833099E+00
 0.11511455250995E+00
 0.11574416621696E+00
 0.11637627216650E+00
 0.11700911613640E+00
 0.11764968671947E+00
 0.11828673316925E+00
 0.11893554494776E+00
 0.11958030611085E+00
 0.12023293530549E+00
 0.12088770550614E+00
 0.12154302730202E+00
 0.12220616024796E+00
 0.12287203746033E+00
 0.12353267091922E+00
 0.12420753599809E+00
 0.12487814078200E+00
 0.12555723655567E+00
 0.12623704671552E+00
 0.12691674246705E+00
 0.12760342073089E+00
 0.12829201167812E+00
 0.12898517947893E+00
 0.12968229672901E+00
 0.13037485572005E+00
 0.13107717490897E+00
 0.13178176250187E+00
 0.13248495130777E+00
 0.13319633567005E+00
 0.13391117136551E+00
 0.13462509000412E+00
 0.13534434195160E+00
 0.13606672030292E+00
 0.13678418367052E+00
 0.13751524154908E+00
 0.13824574864833E+00
 0.13897741682159E+00
 0.13971276691124E+00
 0.14045381061596E+00
 0.14119196679009E+00
 0.14193557694970E+00
 0.14268354468918E+00
 0.14342910247210E+00
 0.14418072600629E+00
 0.14493398760015E+00
 0.14569183467723E+00
 0.14645538390020E+00
 0.14721245640195E+00
 0.14798232607364E+00
 0.14874852332686E+00
 0.14951651779002E+00
 0.15029383933047E+00
 0.15106879983894E+00
 0.15184673694933E+00
 0.15262839465724E+00
 0.15341301569551E+00
