 0.16432730420240E+00
 0.16432730420236E+00
 0.16432730420183E+00
 0.16432730419992E+00
 0.16432730418737E+00
 0.16432730411556E+00
 0.16432730225332E+00
 0.16432729422964E+00
 0.16432726668586E+00
 0.16432719381834E+00
 0.16432703280102E+00
 0.16432672136132E+00
 0.16432618676871E+00
 0.16432532434233E+00
 0.16432404580192E+00
 0.16432220009804E+00
 0.16431968649075E+00
 0.16431637669956E+00
 0.16431213382491E+00
 0.16430683271295E+00
 0.16430025887556E+00
 0.16429244501789E+00
 0.16428316855965E+00
 0.16427230779772E+00
 0.16425971455754E+00
 0.16424527551974E+00
 0.16422878755362E+00
 0.16421032139729E+00
 0.16418966200139E+00
 0.16416658537752E+00
 0.16414084390720E+00
 0.16411260629225E+00
 0.16408145453005E+00
 0.16404712288203E+00
 0.16400996809683E+00
 0.16396936982545E+00
 0.16392535936939E+00
 0.16387748264643E+00
 0.16382605661713E+00
 0.16377109513436E+00
 0.16371113335429E+00
 0.16364732698082E+00
 0.16357939951013E+00
 0.16350692239454E+00
 0.16342921860120E+00
 0.16334698102481E+00
 0.16326061212007E+00
 0.16316938427430E+00
 0.16307282717330E+00
 0.16297107812866E+00
 0.16286484932034E+00
 0.16275322820566E+00
 0.16263678759723E+00
 0.16251513715299E+00
 0.16238783691636E+00
 0.16225546269530E+00
 0.16211827739962E+00
 0.16197479831484E+00
 0.16182671281838E+00
 0.16167444505327E+00
 0.16151301101716E+00
 0.16134984276334E+00
 0.16118103341797E+00
 0.16100414377744E+00
 0.16082480012468E+00
 0.16063557489781E+00
 0.16044272761136E+00
 0.16024835432785E+00
 0.16004373490577E+00
 0.15983606127795E+00
 0.15961748957928E+00
 0.15939465447500E+00
 0.15917053476303E+00
 0.15893192447579E+00
 0.15869220524966E+00
 0.15844221381001E+00
 0.15818619590581E+00
 0.15791960169986E+00
 0.15765320558172E+00
 0.15737148419426E+00
 0.15708410740333E+00
 0.15678880489666E+00
 0.15648600766169E+00
 0.15617299095650E+00
 0.15584363455732E+00
 0.15551058945387E+00
 0.15516752451705E+00
 0.15480811833286E+00
 0.15443795989001E+00
 0.15405240366424E+00
 0.15366252544970E+00
 0.15325940592259E+00
 0.15283408141382E+00
 0.15239108538236E+00
 0.15194284222456E+00
 0.15148044682678E+00
 0.15098708390722E+00
 0.15048592318095E+00
 0.14996032351176E+00
 0.14941729481044E+00
 0.14884540365314E+00
 0.14825882192378E+00
 0.14764861102310E+00
 0.14700711002099E+00
 0.14633303850093E+00
 0.14563652388142E+00
 0.14491667385968E+00
 0.14414743397463E+00
 0.14334845114798E+00
 0.14252074056085E+00
 0.14165675342727E+00
 0.14074172639859E+00
 0.13978389992941E+00
 0.13877407151628E+00
 0.13770405620288E+00
 0.13659015610837E+00
 0.13541625244145E+00
 0.13417517059484E+00
 0.13285829556295E+00
 0.13146941316147E+00
 0.13000449112326E+00
 0.12845797662112E+00
 0.12679671198718E+00
 0.12503336338516E+00
 0.12317371887466E+00
 0.12120594030328E+00
 0.11911752923030E+00
 0.11687424835053E+00
 0.11449658749099E+00
 0.11199187956943E+00
 0.10933388208439E+00
 0.10650699935728E+00
 0.10355507147676E+00
 0.10043786568867E+00
 0.97154160333200E-01
 0.93761076297609E-01
 0.90192000788128E-01
 0.86501577296801E-01
 0.82693947645675E-01
 0.78793483507764E-01
 0.74819029179558E-01
 0.70756982101669E-01
 0.66647629631918E-01
 0.62532720899387E-01
 0.58419787311476E-01
 0.54375037413459E-01
 0.50396490675933E-01
 0.46554364000442E-01
 0.42853833491696E-01
 0.39325479700590E-01
 0.36048580957524E-01
 0.32970136813651E-01
 0.30105028241365E-01
 0.27500582217860E-01
 0.25111756439467E-01
 0.22954113077306E-01
 0.20997422882337E-01
 0.19236099544030E-01
 0.17640553528511E-01
 0.16212211096093E-01
 0.14927478125785E-01
 0.13764659949640E-01
 0.12717137870989E-01
 0.11773035062417E-01
 0.10922350603682E-01
 0.10149483298161E-01
 0.94492142848200E-02
 0.88129472663799E-02
 0.82328802420154E-02
 0.77044349017346E-02
 0.72235019274208E-02
 0.67806249636749E-02
 0.63747592124043E-02
 0.60045792583883E-02
 0.56612755267185E-02
 0.53442599282118E-02
 0.50544322621832E-02
 0.47839986290969E-02
 0.45342771759791E-02
 0.43006224809672E-02
 0.40871624847830E-02
 0.38860005518303E-02
 0.36996564523018E-02
 0.35233011265182E-02
 0.33609153295690E-02
 0.32070811378601E-02
 0.30649120662957E-02
 0.29303174583545E-02
 0.28044123165836E-02
 0.26853059734205E-02
 0.25740108338965E-02
 0.24681464574490E-02
 0.23684477023739E-02
 0.22745027897555E-02
 0.21860440701309E-02
 0.21026136814532E-02
 0.20232777937734E-02
 0.19477497003008E-02
 0.18762427914127E-02
 0.18087716346020E-02
