 0.25955908804632E+10
 0.25957108867719E+10
 0.25959108782898E+10
 0.25961908750767E+10
 0.25965508759658E+10
 0.25969908781553E+10
 0.25975108684409E+10
 0.25981108744504E+10
 0.25987908512540E+10
 0.25995508450152E+10
 0.26003908398451E+10
 0.26013108301255E+10
 0.26023108280701E+10
 0.26033908251149E+10
 0.26045508061127E+10
 0.26057908192925E+10
 0.26071108291371E+10
 0.26085108605339E+10
 0.26099908609988E+10
 0.26115509314451E+10
 0.26131909820362E+10
 0.26149110656673E+10
 0.26167111744283E+10
 0.26185913483450E+10
 0.26205515612086E+10
 0.26225918207984E+10
 0.26247121281162E+10
 0.26269125236558E+10
 0.26291930112474E+10
 0.26315536344479E+10
 0.26339942174571E+10
 0.26365149708392E+10
 0.26391158648100E+10
 0.26417967511008E+10
 0.26445578899300E+10
 0.26473989940715E+10
 0.26503200543952E+10
 0.26533213078480E+10
 0.26564024865431E+10
 0.26595638503313E+10
 0.26628050296535E+10
 0.26661261196841E+10
 0.26695271023806E+10
 0.26730078869912E+10
 0.26765684639864E+10
 0.26802087216109E+10
 0.26839285106808E+10
 0.26877277299879E+10
 0.26916063225599E+10
 0.26955642242077E+10
 0.26996010403634E+10
 0.27037169099461E+10
 0.27079114522507E+10
 0.27121846194570E+10
 0.27165361068527E+10
 0.27209656461990E+10
 0.27254729803866E+10
 0.27300580772509E+10
 0.27347204132219E+10
 0.27394592376897E+10
 0.27442754159870E+10
 0.27491670569595E+10
 0.27541347413439E+10
 0.27591777214635E+10
 0.27642958955385E+10
 0.27694881758752E+10
 0.27747541316886E+10
 0.27800933264444E+10
 0.27855058591238E+10
 0.27909899319607E+10
 0.27965448371961E+10
 0.28021699630385E+10
 0.28078652075931E+10
 0.28136302887568E+10
 0.28194628504310E+10
 0.28253631445954E+10
 0.28313289967101E+10
 0.28373615448961E+10
 0.28434591864751E+10
 0.28496174652049E+10
 0.28558398849981E+10
 0.28621234075054E+10
 0.28684655608624E+10
 0.28748669584342E+10
 0.28813250848973E+10
 0.28878379345462E+10
 0.28944075800421E+10
 0.29010292841379E+10
 0.29077024987516E+10
 0.29144211702070E+10
 0.29211908949850E+10
 0.29280046000471E+10
 0.29348630338393E+10
 0.29417624843108E+10
 0.29487046644598E+10
 0.29556860645776E+10
 0.29626928676086E+10
 0.29697386611539E+10
 0.29768131094721E+10
 0.29839104054878E+10
 0.29910381222783E+10
 0.29981832296998E+10
 0.30053487272860E+10
 0.30125248436251E+10
 0.30197138294665E+10
 0.30269100274662E+10
 0.30341000462911E+10
 0.30412989281193E+10
 0.30484805217119E+10
 0.30556605186888E+10
 0.30628175938121E+10
 0.30699608439078E+10
 0.30770662793157E+10
 0.30841411208659E+10
 0.30911601674793E+10
 0.30981495828753E+10
 0.31050728415474E+10
 0.31119328597595E+10
 0.31187230886529E+10
 0.31254299439098E+10
 0.31320460305410E+10
 0.31385749749811E+10
 0.31449978698495E+10
 0.31513036392642E+10
 0.31575019832227E+10
 0.31635831439789E+10
 0.31695497998952E+10
 0.31753960298002E+10
 0.31811282696386E+10
 0.31867819525525E+10
 0.31923485298042E+10
 0.31978677195693E+10
 0.32033632770408E+10
 0.32088760737263E+10
 0.32144251287529E+10
 0.32200693462296E+10
 0.32257986342854E+10
 0.32316926493195E+10
 0.32377719858956E+10
 0.32440520641426E+10
 0.32505624351997E+10
 0.32573266625324E+10
 0.32643544077530E+10
 0.32716363210107E+10
 0.32791879722451E+10
 0.32870187538888E+10
 0.32951114536700E+10
 0.33034451521548E+10
 0.33120010349398E+10
 0.33207846296630E+10
 0.33297573810784E+10
 0.33389121589876E+10
 0.33482464003200E+10
 0.33577086953728E+10
 0.33673409230723E+10
 0.33770791008456E+10
 0.33869750368506E+10
 0.33970005542257E+10
 0.34071624851020E+10
 0.34174550775445E+10
 0.34278762568539E+10
 0.34384365687622E+10
 0.34491218132247E+10
 0.34599440119990E+10
 0.34708875678745E+10
 0.34819769912542E+10
 0.34931757009465E+10
 0.35045155438720E+10
 0.35159647267211E+10
 0.35275425185851E+10
 0.35392466653130E+10
 0.35510528054045E+10
 0.35630016731172E+10
 0.35750487422445E+10
 0.35871962267971E+10
 0.35994845371156E+10
 0.36118634149228E+10
 0.36243550644555E+10
 0.36369713098922E+10
 0.36496877796559E+10
 0.36625016542276E+10
 0.36754244818773E+10
 0.36884447778421E+10
 0.37015766495073E+10
 0.37148072037049E+10
 0.37281506153851E+10
 0.37415757119099E+10
 0.37551005139180E+10
 0.37687327922998E+10
 0.37824737089097E+10
 0.37962865147689E+10
 0.38102127886959E+10
 0.38242342421535E+10
 0.38383430208563E+10
 0.38525513039258E+10
 0.38668566722019E+10
 0.38812484923885E+10
 0.38957374336755E+10
 0.39103088361851E+10
 0.39249942997031E+10
