 0.13708380095672E+03
 0.13708380095668E+03
 0.13708380095628E+03
 0.13708380104278E+03
 0.13708380419564E+03
 0.13708383395743E+03
 0.13708396560561E+03
 0.13708433276320E+03
 0.13708509673953E+03
 0.13708640656966E+03
 0.13708837510285E+03
 0.13709107221530E+03
 0.13709452878151E+03
 0.13709874545808E+03
 0.13710369749196E+03
 0.13710934226649E+03
 0.13711562574329E+03
 0.13712248251882E+03
 0.13712984302833E+03
 0.13713763313488E+03
 0.13710579150241E+03
 0.13710386046063E+03
 0.13710161989287E+03
 0.13709906004672E+03
 0.13709617787125E+03
 0.13709297383670E+03
 0.13708945569318E+03
 0.13708563124588E+03
 0.13708151957379E+03
 0.13707714357040E+03
 0.13707253173532E+03
 0.13706770915530E+03
 0.13706271538047E+03
 0.13705759033346E+03
 0.13705236391507E+03
 0.13704708839937E+03
 0.13704180479968E+03
 0.13703656377793E+03
 0.13703140578693E+03
 0.13702637460209E+03
 0.13702154411626E+03
 0.13701694157248E+03
 0.13701262150265E+03
 0.13700864369536E+03
 0.13700507268189E+03
 0.13700195429266E+03
 0.13699933999602E+03
 0.13699730709951E+03
 0.13699593279973E+03
 0.13699528845659E+03
 0.13699544530256E+03
 0.13699650589242E+03
 0.13699855888978E+03
 0.13700171316423E+03
 0.13700609993077E+03
 0.13701183177806E+03
 0.13701904819524E+03
 0.13702792385512E+03
 0.13703859317857E+03
 0.13705129882373E+03
 0.13706621902543E+03
 0.13708347178167E+03
 0.13710336541331E+03
 0.13712619996731E+03
 0.13715212221537E+03
 0.13718159545060E+03
 0.13721477738858E+03
 0.13725192735187E+03
 0.13729364403579E+03
 0.13734009481917E+03
 0.13739192214311E+03
 0.13744935881946E+03
 0.13751271682689E+03
 0.13758294227486E+03
 0.13766010075730E+03
 0.13774504026831E+03
 0.13783821629216E+03
 0.13794044747546E+03
 0.13805163939795E+03
 0.13817359539872E+03
 0.13830638874937E+03
 0.13845094829930E+03
 0.13860788952351E+03
 0.13877840713058E+03
 0.13896408543029E+03
 0.13916461244012E+03
 0.13938171959168E+03
 0.13961713778474E+03
 0.13987159258880E+03
 0.14014690930831E+03
 0.14044281115618E+03
 0.14076236670745E+03
 0.14110811932096E+03
 0.14148138014958E+03
 0.14188198685095E+03
 0.14231285125350E+03
 0.14278035982502E+03
 0.14328180567987E+03
 0.14382292912955E+03
 0.14440563778106E+03
 0.14503559919389E+03
 0.14571230525293E+03
 0.14644188055226E+03
 0.14723144960020E+03
 0.14808580603577E+03
 0.14900664483899E+03
 0.14999919827624E+03
 0.15108182108511E+03
 0.15225213762184E+03
 0.15351644884001E+03
 0.15488903375549E+03
 0.15638739763870E+03
 0.15801889633178E+03
 0.15980292151914E+03
 0.16176133463382E+03
 0.16390029805056E+03
 0.16624985634111E+03
 0.16884403195238E+03
 0.17172050700250E+03
 0.17490894281609E+03
 0.17845425238416E+03
 0.18241499043170E+03
 0.18689671089677E+03
 0.19196757991236E+03
 0.19770428007279E+03
 0.20424376204830E+03
 0.21175813233183E+03
 0.22055212032937E+03
 0.23081913893630E+03
 0.24286746838885E+03
 0.25722144683768E+03
 0.27457550045163E+03
 0.29545680880590E+03
 0.32110502205396E+03
 0.35295492954933E+03
 0.39229612608518E+03
 0.44223598095977E+03
 0.50582638485123E+03
 0.58816757861470E+03
 0.69721511815025E+03
 0.84770268838560E+03
 0.10723870415251E+04
 0.14560805697950E+04
 0.23823362088450E+04
                  NaN
                  NaN
                  NaN
                  NaN
                  NaN
                  NaN
                  NaN
                  NaN
                  NaN
                  NaN
                  NaN
                  NaN
                  NaN
                  NaN
                  NaN
                  NaN
                  NaN
                  NaN
                  NaN
                  NaN
                  NaN
                  NaN
                  NaN
                  NaN
                  NaN
                  NaN
                  NaN
                  NaN
                  NaN
                  NaN
                  NaN
                  NaN
                  NaN
                  NaN
 0.62387989418517E+05
 0.14982562156170E+05
 0.11076202259209E+05
 0.93377049897758E+04
 0.83356068183102E+04
 0.76686496222254E+04
 0.72037552774594E+04
 0.68564115056464E+04
 0.65957943483803E+04
 0.63916314815613E+04
 0.62317867887454E+04
 0.61048833760781E+04
 0.60053567872105E+04
 0.59262395818678E+04
 0.58650635822124E+04
 0.58190017635153E+04
 0.57860067211319E+04
 0.57641287074294E+04
 0.57512693184080E+04
 0.57463575475376E+04
 0.57490642986860E+04
 0.57588513976492E+04
 0.57742533152455E+04
 0.57957751878844E+04
 0.58213766270617E+04
 0.58526982657825E+04
 0.58875544392538E+04
 0.59275987813130E+04
 0.59708511543096E+04
 0.60178486318191E+04
 0.60686518342623E+04
 0.61231039804730E+04
 0.61804384865572E+04
 0.62411965175171E+04
 0.63047311709646E+04
 0.63719608990985E+04
 0.64422764921695E+04
 0.65152784550961E+04
 0.65913672195617E+04
 0.66702879085135E+04
 0.67526169705195E+04
 0.68373978367481E+04
 0.69255558082397E+04
 0.70161158134930E+04
 0.71094837504253E+04
 0.72064972175588E+04
 0.73061675483701E+04
 0.74093841142056E+04
 0.75154927742200E+04
 0.76252272997555E+04
 0.77375741887951E+04
 0.78535543457960E+04
 0.79732471223962E+04
 0.80956678886996E+04
 0.82220937768435E+04
 0.83521387719372E+04
 0.84852249864754E+04
 0.86236461506508E+04
 0.87652559508160E+04
 0.89113354879996E+04
 0.90606824456189E+04
 0.92153403624046E+04
 0.93751362484654E+04
 0.95382150434437E+04
 0.97072762601854E+04
 0.98811630939941E+04
 0.10060031268451E+05
 0.10245361077606E+05
 0.10435373286159E+05
 0.10631812824107E+05
 0.10835017474300E+05
 0.11044091737954E+05
 0.11261246901181E+05
 0.11483955791427E+05
 0.11716476835018E+05
 0.11956011470884E+05
 0.12204115756965E+05
 0.12461302946123E+05
 0.12727907796225E+05
 0.13004076534093E+05
 0.13293664280407E+05
 0.13591111299033E+05
 0.13903591729068E+05
 0.14225718437207E+05
 0.14564855134869E+05
 0.14918024548243E+05
 0.15288984968562E+05
 0.15674692780895E+05
 0.16079464828734E+05
 0.16505574091906E+05
 0.16955111035592E+05
 0.17426741120277E+05
 0.17925040013138E+05
 0.18455775003156E+05
 0.19012136246208E+05
 0.19605596527388E+05
 0.20242709290699E+05
 0.20923068808489E+05
 0.21652081851659E+05
 0.22444610222821E+05
 0.23288790152768E+05
 0.24217487065360E+05
 0.25225870640794E+05
 0.26343593657479E+05
 0.27577288224925E+05
 0.28960597198357E+05
 0.30514574068077E+05
 0.32286592358056E+05
 0.34362517451407E+05
 0.36781864838475E+05
 0.39715099148015E+05
 0.43329309707063E+05
 0.47920486946620E+05
 0.54278146342511E+05
 0.63552702736933E+05
 0.79429425126604E+05
 0.11789809469016E+06
                  NaN
                  NaN
                  NaN
                  NaN
                  NaN
