 0.16431646807701E+00
 0.16431646807697E+00
 0.16431646807651E+00
 0.16431646810801E+00
 0.16431646927819E+00
 0.16431648034875E+00
 0.16431652778923E+00
 0.16431665760741E+00
 0.16431691794218E+00
 0.16431734131408E+00
 0.16431793132732E+00
 0.16431865791848E+00
 0.16431946793289E+00
 0.16432026598971E+00
 0.16432096554651E+00
 0.16432141105544E+00
 0.16432149318751E+00
 0.16432107138527E+00
 0.16431999377787E+00
 0.16431811841187E+00
 0.16430024803421E+00
 0.16429243419259E+00
 0.16428315773244E+00
 0.16427229702376E+00
 0.16425970387957E+00
 0.16424526484265E+00
 0.16422877683854E+00
 0.16421031111697E+00
 0.16418965152949E+00
 0.16416657505745E+00
 0.16414083433966E+00
 0.16411259695906E+00
 0.16408144532709E+00
 0.16404711468029E+00
 0.16400996057012E+00
 0.16396936126906E+00
 0.16392535407018E+00
 0.16387747866865E+00
 0.16382605387951E+00
 0.16377109485546E+00
 0.16371113605066E+00
 0.16364732825005E+00
 0.16357940974464E+00
 0.16350694202388E+00
 0.16342924197657E+00
 0.16334701201665E+00
 0.16326065784440E+00
 0.16316945292624E+00
 0.16307290548810E+00
 0.16297118894977E+00
 0.16286500065140E+00
 0.16275337921956E+00
 0.16263703202322E+00
 0.16251544985700E+00
 0.16238820727764E+00
 0.16225594444757E+00
 0.16211886243911E+00
 0.16197558364863E+00
 0.16182762681544E+00
 0.16167560279107E+00
 0.16151446725849E+00
 0.16135160163232E+00
 0.16118309452478E+00
 0.16100671023413E+00
 0.16082786592699E+00
 0.16063931560231E+00
 0.16044714864837E+00
 0.16025357881865E+00
 0.16005003436370E+00
 0.15984353204069E+00
 0.15962636491162E+00
 0.15940496961892E+00
 0.15918261708417E+00
 0.15894597432885E+00
 0.15870876579718E+00
 0.15846135660795E+00
 0.15820845387615E+00
 0.15794530320336E+00
 0.15768278368853E+00
 0.15740559146236E+00
 0.15712326802660E+00
 0.15683377515971E+00
 0.15653729141862E+00
 0.15623159328040E+00
 0.15591027864346E+00
 0.15558663497669E+00
 0.15525395088004E+00
 0.15490567439922E+00
 0.15454842147049E+00
 0.15417697641178E+00
 0.15380314792393E+00
 0.15341774525981E+00
 0.15301221262037E+00
 0.15259115468272E+00
 0.15216741130129E+00
 0.15173183324606E+00
 0.15126858362224E+00
 0.15080060462789E+00
 0.15031211202601E+00
 0.14980960497777E+00
 0.14928344328386E+00
 0.14874678128888E+00
 0.14819196116972E+00
 0.14761146571164E+00
 0.14700578553243E+00
 0.14638420409575E+00
 0.14574731062323E+00
 0.14507018213542E+00
 0.14437332054086E+00
 0.14365812235179E+00
 0.14291867571506E+00
 0.14214172727948E+00
 0.14133716696673E+00
 0.14049721481991E+00
 0.13961628006232E+00
 0.13871130964416E+00
 0.13776799058726E+00
 0.13678485240021E+00
 0.13575374907590E+00
 0.13468173381741E+00
 0.13356874543495E+00
 0.13241245624625E+00
 0.13118493931577E+00
 0.12990181325600E+00
 0.12857320981991E+00
 0.12719145517912E+00
 0.12574697202838E+00
 0.12421082818355E+00
 0.12260742074183E+00
 0.12093930264607E+00
 0.11918501276217E+00
 0.11732675574197E+00
 0.11539890325909E+00
 0.11335891092224E+00
 0.11119869443323E+00
 0.10895485687658E+00
 0.10655911468516E+00
 0.10404304355324E+00
 0.10141081151916E+00
 0.98616591616738E-01
 0.95682368621043E-01
 0.92617982697870E-01
 0.89378050927470E-01
 0.85989538993671E-01
 0.82431835594246E-01
 0.78743294017619E-01
 0.74887920444242E-01
 0.70922740550183E-01
 0.66834853895703E-01
 0.62657028812758E-01
 0.58494259883241E-01
 0.54301458147415E-01
 0.50134945461918E-01
 0.46110863602439E-01
 0.42217953293873E-01
 0.38538569226669E-01
 0.35080846636280E-01
 0.31882518442210E-01
 0.28931669582766E-01
 0.26259507787721E-01
 0.23841034571056E-01
 0.21657934239254E-01
 0.19699210107317E-01
 0.17949228987249E-01
 0.16390721632342E-01
 0.14993219404638E-01
 0.13745430551741E-01
 0.12629444406778E-01
 0.11629012104632E-01
 0.10731443422572E-01
 0.99292578566268E-02
 0.92007688315030E-02
 0.85445212531311E-02
 0.79563439104769E-02
 0.74182982419689E-02
 0.69292604778383E-02
 0.64886421058550E-02
 0.60827289653159E-02
 0.57133100628894E-02
 0.53720744365381E-02
 0.50643051574642E-02
 0.47773411627440E-02
 0.45147471285448E-02
 0.42692574439235E-02
 0.40450024494710E-02
 0.38354326904793E-02
 0.36432330251018E-02
 0.34632282792055E-02
 0.32959748681338E-02
 0.31394443437934E-02
 0.29940854594103E-02
 0.28572680269485E-02
 0.27292966393650E-02
 0.26096635205008E-02
 0.24975171727681E-02
 0.23927269089383E-02
 0.22935334678542E-02
 0.21997959307494E-02
 0.21115078458733E-02
 0.20287018288829E-02
 0.19501430234290E-02
 0.18761850583746E-02
 0.18055162027768E-02
 0.17392467186465E-02
 0.16756999710882E-02
 0.16161290114778E-02
 0.15590666991152E-02
 0.15048378510515E-02
 0.14533599509956E-02
 0.14044279728384E-02
 0.13576661791262E-02
 0.13131135681324E-02
 0.12703731405591E-02
 0.12299056966316E-02
 0.11911883791353E-02
 0.11541697044349E-02
 0.11186834057795E-02
 0.10847284976786E-02
 0.10523513125731E-02
 0.10211367311176E-02
 0.99134116419615E-03
 0.96261198522007E-03
 0.93495283631231E-03
 0.90862189568135E-03
 0.88318155497728E-03
 0.85889468478288E-03
 0.83546635810480E-03
 0.81292660815511E-03
 0.79114531386878E-03
 0.77027156259073E-03
 0.75021699925618E-03
 0.73074605267705E-03
 0.71200878307758E-03
 0.69397338436722E-03
 0.67645343008854E-03
 0.65973004832371E-03
 0.64349904843303E-03
 0.62786316707387E-03
 0.61261155204320E-03
 0.59797174668233E-03
 0.58385685980566E-03
 0.57011555504208E-03
 0.55689071191415E-03
 0.54404514091068E-03
 0.53159930838368E-03
 0.51961543449443E-03
 0.50790554324579E-03
 0.49661142907287E-03
 0.48566148209946E-03
 0.47499590536772E-03
 0.46477338381331E-03
 0.45469772768283E-03
 0.44504086079310E-03
 0.43563126665971E-03
 0.42644841236790E-03
 0.41760811770425E-03
 0.40895089647284E-03
 0.40055249326972E-03
 0.39246426000525E-03
 0.38448935467812E-03
 0.37684397866864E-03
 0.36929431853462E-03
 0.36202260676128E-03
 0.35493385636157E-03
 0.34804678649570E-03
 0.34131612863479E-03
 0.33477784878951E-03
 0.32838536973752E-03
 0.32219217484034E-03
 0.31615738877522E-03
 0.31027449871151E-03
 0.30453989511637E-03
 0.29892307774102E-03
 0.29345746735229E-03
 0.28815202925714E-03
 0.28295796483504E-03
 0.27789080877530E-03
 0.27298021493965E-03
 0.26814057894441E-03
 0.26342140863240E-03
 0.25884041143568E-03
 0.25436667056061E-03
 0.24998010728809E-03
 0.24571507818296E-03
 0.24154307015964E-03
 0.23744874081478E-03
 0.23348093313973E-03
 0.22958042520840E-03
 0.22578423171397E-03
 0.22207650466267E-03
 0.21841662211278E-03
 0.21488775181973E-03
 0.21139459900938E-03
 0.20800139671318E-03
 0.20467772905536E-03
 0.20141612890389E-03
 0.19823499760804E-03
 0.19511453334952E-03
 0.19205305435316E-03
 0.18907353548454E-03
