 0.16432730420240E+00
 0.16432730420236E+00
 0.16432730420183E+00
 0.16432730419992E+00
 0.16432730418737E+00
 0.16432730411556E+00
 0.16432730225332E+00
 0.16432729422964E+00
 0.16432726668586E+00
 0.16432719381809E+00
 0.16432703280106E+00
 0.16432672136110E+00
 0.16432618676616E+00
 0.16432532434866E+00
 0.16432404581006E+00
 0.16432220006377E+00
 0.16431968648673E+00
 0.16431637670267E+00
 0.16431213381135E+00
 0.16430683277836E+00
 0.16430025882980E+00
 0.16429244503394E+00
 0.16428316836657E+00
 0.16427230789677E+00
 0.16425971479336E+00
 0.16424527520428E+00
 0.16422878703961E+00
 0.16421032010553E+00
 0.16418965831526E+00
 0.16416657810032E+00
 0.16414083063840E+00
 0.16411258057526E+00
 0.16408140976356E+00
 0.16404704607482E+00
 0.16400984016120E+00
 0.16396916550773E+00
 0.16392504025009E+00
 0.16387699761026E+00
 0.16382533103434E+00
 0.16377003022962E+00
 0.16370961794977E+00
 0.16364518011236E+00
 0.16357642762662E+00
 0.16350288663985E+00
 0.16342380896787E+00
 0.16333982151714E+00
 0.16325127124377E+00
 0.16315734930744E+00
 0.16305747308748E+00
 0.16295170859571E+00
 0.16284065787570E+00
 0.16272325757538E+00
 0.16260005307089E+00
 0.16247047332830E+00
 0.16233392621190E+00
 0.16219085263231E+00
 0.16204131706256E+00
 0.16188383525319E+00
 0.16171976797580E+00
 0.16154957491536E+00
 0.16136791580372E+00
 0.16118215891864E+00
 0.16098807915139E+00
 0.16078328942316E+00
 0.16057294514869E+00
 0.16034952661694E+00
 0.16011925582762E+00
 0.15988371379828E+00
 0.15963424897781E+00
 0.15937776666162E+00
 0.15910606932725E+00
 0.15882529408214E+00
 0.15853877993851E+00
 0.15823253640291E+00
 0.15792007362747E+00
 0.15759137287627E+00
 0.15725096782342E+00
 0.15689338475083E+00
 0.15652988394206E+00
 0.15614365518759E+00
 0.15574440800873E+00
 0.15532956481393E+00
 0.15489919383638E+00
 0.15444995629129E+00
 0.15397444565515E+00
 0.15348613866608E+00
 0.15297767630506E+00
 0.15244205029212E+00
 0.15188377256394E+00
 0.15129815372083E+00
 0.15069584872853E+00
 0.15006712885362E+00
 0.14940141842341E+00
 0.14870260682786E+00
 0.14798362340639E+00
 0.14723390719365E+00
 0.14643395858041E+00
 0.14560875528819E+00
 0.14473930628642E+00
 0.14383088712586E+00
 0.14287082187877E+00
 0.14187347776166E+00
 0.14082828549007E+00
 0.13972309131086E+00
 0.13855786428186E+00
 0.13734084312226E+00
 0.13607148276119E+00
 0.13471391163017E+00
 0.13329399225966E+00
 0.13180968930415E+00
 0.13024964399680E+00
 0.12859389223599E+00
 0.12685189746979E+00
 0.12500588774685E+00
 0.12304635670076E+00
 0.12099441754894E+00
 0.11882038806834E+00
 0.11651691940867E+00
 0.11406691072341E+00
 0.11147299650937E+00
 0.10872802324111E+00
 0.10581975259945E+00
 0.10269540579328E+00
 0.99369377601075E-01
 0.95853360674398E-01
 0.92128866244160E-01
 0.88176462658414E-01
 0.83946559428797E-01
 0.79497558327195E-01
 0.74861752487082E-01
 0.70059689095579E-01
 0.65123151302922E-01
 0.60225884546362E-01
 0.55395346966754E-01
 0.50739998000555E-01
 0.46409462469249E-01
 0.42363690327228E-01
 0.38680054116460E-01
 0.35347150506696E-01
 0.32361431685025E-01
 0.29684380276974E-01
 0.27269759216837E-01
 0.25099836297899E-01
 0.23153743456245E-01
 0.21394517053957E-01
 0.19815804850489E-01
 0.18379738251091E-01
 0.17083090756285E-01
 0.15899791172626E-01
 0.14820626138815E-01
 0.13848823882372E-01
 0.12952890752558E-01
 0.12125614844134E-01
 0.11374883259900E-01
 0.10681254949937E-01
 0.10045705315351E-01
 0.94586750713724E-02
 0.89177188834181E-02
 0.84153198112369E-02
 0.79515280964746E-02
 0.75224110648985E-02
 0.71221139254878E-02
 0.67497065636547E-02
 0.64030119071290E-02
 0.60814265066027E-02
 0.57798044726607E-02
 0.54981525480981E-02
 0.52346361645471E-02
 0.49874861265758E-02
 0.47560891316440E-02
 0.45399253473700E-02
 0.43350726574215E-02
 0.41430000306579E-02
 0.39635315844851E-02
 0.37931996205454E-02
 0.36321601701071E-02
 0.34819478304494E-02
 0.33386956165276E-02
 0.32039339405783E-02
 0.30752074644529E-02
 0.29555593984772E-02
 0.28408374407507E-02
 0.27325893543858E-02
 0.26284939265423E-02
 0.25311044069063E-02
 0.24375862372379E-02
 0.23497618500366E-02
 0.22655193016295E-02
 0.21855747505023E-02
 0.21091095330434E-02
 0.20364585421781E-02
 0.19668475635498E-02
 0.19003099433810E-02
 0.18369934220849E-02
 0.17766414726321E-02
 0.17192545427436E-02
 0.16640627185245E-02
 0.16108842647742E-02
 0.15602718058742E-02
 0.15119766452370E-02
 0.14654327835346E-02
 0.14211199929419E-02
 0.13781055887183E-02
 0.13373186618675E-02
 0.12976610709970E-02
 0.12600560941798E-02
 0.12236696332845E-02
 0.11886677936465E-02
 0.11550517675504E-02
 0.11228241118233E-02
 0.10916008308483E-02
 0.10616437340371E-02
 0.10325942787343E-02
 0.10048307455431E-02
 0.97808799840588E-03
 0.95222587361850E-03
 0.92728780838281E-03
 0.90315131019698E-03
 0.88006720898366E-03
 0.85755300156021E-03
 0.83594558646781E-03
 0.81493770057444E-03
 0.79459885881949E-03
 0.77508299136799E-03
 0.75608949481763E-03
 0.73786803276100E-03
 0.72017270818311E-03
 0.70307026858776E-03
 0.68639695584822E-03
 0.67036933161263E-03
 0.65488455632818E-03
 0.63970616166028E-03
 0.62512016257038E-03
 0.61097725378287E-03
 0.59711613148555E-03
 0.58388804900374E-03
 0.57094243263311E-03
 0.55845168815989E-03
 0.54615804465280E-03
 0.53436510215060E-03
 0.52293305679633E-03
 0.51173132666661E-03
 0.50094323958609E-03
 0.49042034225588E-03
 0.48016271426309E-03
 0.47026792081259E-03
 0.46056112311035E-03
 0.45114322095187E-03
 0.44201475364327E-03
 0.43308459873414E-03
 0.42448542543985E-03
 0.41599675126513E-03
 0.40782677754942E-03
 0.39984104990411E-03
 0.39204612509349E-03
 0.38448449809061E-03
 0.37708122609344E-03
 0.36988618935284E-03
 0.36291577604421E-03
 0.35603595835247E-03
 0.34942021574479E-03
 0.34288066451762E-03
 0.33655573030250E-03
 0.33040505929740E-03
 0.32438920446386E-03
 0.31849275804112E-03
 0.31274780665814E-03
 0.30715284041344E-03
 0.30170097979624E-03
 0.29636261663159E-03
 0.29115165757346E-03
 0.28608884402852E-03
 0.28109536707289E-03
 0.27622119270534E-03
 0.27150458088233E-03
 0.26686259533853E-03
 0.26232346141338E-03
 0.25794051979860E-03
 0.25358234293391E-03
 0.24934914171541E-03
 0.24521433425979E-03
 0.24117766110183E-03
 0.23721298414058E-03
 0.23335608367853E-03
 0.22956785175303E-03
 0.22586095617203E-03
 0.22224809813736E-03
 0.21871270979370E-03
 0.21525585913272E-03
 0.21186541100938E-03
 0.20851117453062E-03
 0.20528510258270E-03
 0.20208851907630E-03
 0.19896832143403E-03
 0.19592740720189E-03
 0.19290938632639E-03
 0.18999218394532E-03
 0.18711111112136E-03
 0.18429417425537E-03
 0.18153659167104E-03
