 0.83176571363982E+02
 0.83176571363993E+02
 0.83176571364246E+02
 0.83176571419259E+02
 0.83176573347217E+02
 0.83176591494077E+02
 0.83176671867343E+02
 0.83176896760619E+02
 0.83177367131976E+02
 0.83178179585746E+02
 0.83179412468728E+02
 0.83181122434659E+02
 0.83183345318102E+02
 0.83186103500024E+02
 0.83189404507122E+02
 0.83193251400966E+02
 0.83197635365871E+02
 0.83202544242804E+02
 0.83207962298343E+02
 0.83213869144598E+02
 0.83195984916718E+02
 0.83196517299026E+02
 0.83197154035561E+02
 0.83197905677357E+02
 0.83198783677502E+02
 0.83199797405691E+02
 0.83200963995761E+02
 0.83202280286120E+02
 0.83203762666630E+02
 0.83205430735664E+02
 0.83207304315480E+02
 0.83209373961292E+02
 0.83211672735558E+02
 0.83214223933909E+02
 0.83217003328232E+02
 0.83220059970999E+02
 0.83223396444571E+02
 0.83227048558759E+02
 0.83231000985724E+02
 0.83235256136279E+02
 0.83239926008856E+02
 0.83244934675266E+02
 0.83250308472961E+02
 0.83256088274124E+02
 0.83262332103684E+02
 0.83269001470533E+02
 0.83276079091749E+02
 0.83283629711256E+02
 0.83291704165549E+02
 0.83300308121842E+02
 0.83309408585761E+02
 0.83319093489027E+02
 0.83329339663701E+02
 0.83340196229268E+02
 0.83351727995463E+02
 0.83363919410257E+02
 0.83376787555502E+02
 0.83390452349788E+02
 0.83404842955516E+02
 0.83419953589891E+02
 0.83436188000200E+02
 0.83453053756783E+02
 0.83470877397718E+02
 0.83489865806467E+02
 0.83509689613963E+02
 0.83530916657771E+02
 0.83553143631769E+02
 0.83576301308240E+02
 0.83601056128246E+02
 0.83626952928522E+02
 0.83654637014754E+02
 0.83683720057936E+02
 0.83714007480498E+02
 0.83746580645755E+02
 0.83780517219308E+02
 0.83816609288554E+02
 0.83854596526748E+02
 0.83894966213503E+02
 0.83936915429804E+02
 0.83981825731757E+02
 0.84029035021417E+02
 0.84078821797195E+02
 0.84131257256400E+02
 0.84186707418756E+02
 0.84245890386991E+02
 0.84307800737736E+02
 0.84373151637133E+02
 0.84442645381373E+02
 0.84516034439717E+02
 0.84593845304102E+02
 0.84675292235228E+02
 0.84761373566326E+02
 0.84853181207411E+02
 0.84950545323924E+02
 0.85052472874483E+02
 0.85160059738917E+02
 0.85275433597758E+02
 0.85396367959945E+02
 0.85524954921463E+02
 0.85660929158122E+02
 0.85805891457266E+02
 0.85958584609916E+02
 0.86120437500466E+02
 0.86293143483844E+02
 0.86477112922400E+02
 0.86671829574555E+02
 0.86877697406718E+02
 0.87099602906356E+02
 0.87334923500096E+02
 0.87584469147080E+02
 0.87850300320680E+02
 0.88135831325740E+02
 0.88440626225809E+02
 0.88768143405665E+02
 0.89120893335352E+02
 0.89497001759229E+02
 0.89902195244103E+02
 0.90339327436284E+02
 0.90813108411378E+02
 0.91325279618383E+02
 0.91879622211507E+02
 0.92481279554863E+02
 0.93143768530310E+02
 0.93869261781043E+02
 0.94660608561110E+02
 0.95527681424998E+02
 0.96482326588509E+02
 0.97546087067479E+02
 0.98720203635466E+02
 0.10000061879307E+03
 0.10140586251419E+03
 0.10294183677112E+03
 0.10457186932628E+03
 0.10630168082804E+03
 0.10810701919927E+03
 0.10993641083273E+03
 0.11180997248087E+03
 0.11369197841843E+03
 0.11558068634910E+03
 0.11746488454364E+03
 0.11935134131180E+03
 0.12125512346747E+03
 0.12317079079632E+03
 0.12509345553558E+03
 0.12703661491369E+03
 0.12898265247289E+03
 0.13095469233015E+03
 0.13293419315807E+03
 0.13493830467305E+03
 0.13696227256210E+03
 0.13897494985029E+03
 0.14101938089831E+03
 0.14309662853224E+03
 0.14516636921060E+03
 0.14726157653904E+03
 0.14936094555745E+03
 0.15147743926506E+03
 0.15360250039653E+03
 0.15574933163983E+03
 0.15790185833273E+03
 0.16006107463301E+03
 0.16224157033729E+03
 0.16443493526520E+03
 0.16663964479326E+03
 0.16884447138967E+03
 0.17107088533147E+03
 0.17330677143126E+03
 0.17555381663695E+03
 0.17781498987312E+03
 0.18008399754807E+03
 0.18235291576474E+03
 0.18465192142977E+03
 0.18695526980585E+03
 0.18925209311161E+03
 0.19157566013739E+03
 0.19391599208067E+03
 0.19623947900158E+03
 0.19859473446450E+03
 0.20094881566822E+03
 0.20333555650918E+03
 0.20568919545237E+03
 0.20807949172314E+03
 0.21046795002543E+03
 0.21289790885684E+03
 0.21530299630765E+03
 0.21774265148028E+03
 0.22016254119357E+03
 0.22261093502642E+03
 0.22506123834799E+03
 0.22753075345915E+03
 0.23000214518087E+03
 0.23249427418822E+03
 0.23500043843630E+03
 0.23750824278890E+03
 0.24002005189695E+03
 0.24252816430004E+03
 0.24505902544423E+03
 0.24761689366841E+03
 0.25017009018491E+03
 0.25272333442913E+03
 0.25530006974410E+03
 0.25786879389424E+03
 0.26047709874309E+03
 0.26306498301986E+03
 0.26569461948363E+03
 0.26830160879164E+03
 0.27093552851249E+03
 0.27358112902220E+03
 0.27623313436197E+03
 0.27888573593342E+03
 0.28156515550690E+03
 0.28424540351418E+03
 0.28695333934058E+03
 0.28965023941352E+03
 0.29235479763435E+03
 0.29507683568175E+03
 0.29780795793745E+03
 0.30055722723620E+03
 0.30329181818031E+03
 0.30606294148058E+03
 0.30882704239057E+03
 0.31161796810602E+03
 0.31442400060302E+03
 0.31721991456979E+03
 0.32004318493008E+03
 0.32285389679664E+03
 0.32568419950816E+03
 0.32852037583669E+03
 0.33138579915367E+03
 0.33424089285013E+03
 0.33709826841281E+03
 0.33999786907999E+03
 0.34288374711681E+03
 0.34577995172040E+03
 0.34871657657242E+03
 0.35161750203881E+03
 0.35455261847179E+03
 0.35748129668904E+03
 0.36045998065657E+03
 0.36341454193365E+03
 0.36637381415989E+03
 0.36936825639909E+03
 0.37234754652552E+03
 0.37534747231978E+03
 0.37836603976881E+03
 0.38137183076527E+03
 0.38441340795111E+03
 0.38745820237158E+03
 0.39050239427131E+03
 0.39357264876382E+03
 0.39662163200113E+03
 0.39972246672913E+03
 0.40279923873895E+03
 0.40589709678844E+03
 0.40901194087333E+03
 0.41212436105217E+03
 0.41526154223640E+03
 0.41840090562405E+03
 0.42153194368030E+03
 0.42471090350918E+03
 0.42785779503711E+03
 0.43105647460165E+03
 0.43423963882324E+03
 0.43742305598497E+03
 0.44062409768619E+03
 0.44384910032127E+03
 0.44707908480620E+03
 0.45031211165967E+03
 0.45354921935689E+03
 0.45680519558419E+03
 0.46006991376292E+03
 0.46332787034361E+03
 0.46662656604860E+03
 0.46993284186461E+03
 0.47321798273973E+03
 0.47653567359912E+03
 0.47986499873323E+03
 0.48316454992009E+03
 0.48652864447082E+03
 0.48988151886002E+03
 0.49324048374297E+03
 0.49660339108346E+03
 0.49998969907109E+03
 0.50336734741198E+03
 0.50676756228304E+03
 0.51017770975196E+03
 0.51358411830761E+03
 0.51699929968626E+03
 0.52042025737297E+03
 0.52385687063108E+03
 0.52733846948844E+03
 0.53076942772474E+03
 0.53424908118044E+03
 0.53772709229511E+03
 0.54119725449288E+03
 0.54472149440727E+03
 0.54820912001677E+03
 0.55173325864330E+03
 0.55525925020726E+03
 0.55879072229691E+03
