 0.51033030801949E+03
 0.51033030801932E+03
 0.51033030801738E+03
 0.51033030806993E+03
 0.51033030954641E+03
 0.51033031525878E+03
 0.51033028379629E+03
 0.51032998622612E+03
 0.51032880070411E+03
 0.51032557666431E+03
 0.51031863191645E+03
 0.51030585479711E+03
 0.51028490316588E+03
 0.51025330867632E+03
 0.51020873719425E+03
 0.51014888618010E+03
 0.51007185863790E+03
 0.50997595622436E+03
 0.50985976882776E+03
 0.50972220153886E+03
 0.50952771741556E+03
 0.50933596218823E+03
 0.50912046836607E+03
 0.50888114308406E+03
 0.50861805704338E+03
 0.50833152281371E+03
 0.50802180607874E+03
 0.50768994471427E+03
 0.50733648620923E+03
 0.50696203896742E+03
 0.50656728531017E+03
 0.50615392413092E+03
 0.50572240787542E+03
 0.50527356028641E+03
 0.50480967572740E+03
 0.50433083882337E+03
 0.50383860229629E+03
 0.50333339186226E+03
 0.50281735089391E+03
 0.50229187040886E+03
 0.50175501688221E+03
 0.50121057365833E+03
 0.50065912518299E+03
 0.50010072473460E+03
 0.49953490249259E+03
 0.49896405515697E+03
 0.49838982671850E+03
 0.49781135595447E+03
 0.49722814595915E+03
 0.49664105081933E+03
 0.49605203557000E+03
 0.49545935476192E+03
 0.49486463496497E+03
 0.49426719343337E+03
 0.49366609908296E+03
 0.49306288651362E+03
 0.49245778499051E+03
 0.49184797206666E+03
 0.49123661234273E+03
 0.49062464296778E+03
 0.49000177705268E+03
 0.48938283705780E+03
 0.48875975116966E+03
 0.48812757588130E+03
 0.48749726152192E+03
 0.48685370029494E+03
 0.48620912764697E+03
 0.48556813716673E+03
 0.48491259140153E+03
 0.48425707825618E+03
 0.48358500489746E+03
 0.48290983668671E+03
 0.48223814355110E+03
 0.48154253630900E+03
 0.48085086465262E+03
 0.48014328880207E+03
 0.47942962041936E+03
 0.47870019136293E+03
 0.47797666575791E+03
 0.47722802278797E+03
 0.47647468808323E+03
 0.47571119715943E+03
 0.47493936272839E+03
 0.47415420196961E+03
 0.47334347951617E+03
 0.47253366419964E+03
 0.47171131405600E+03
 0.47086579261721E+03
 0.47000838331399E+03
 0.46913072050604E+03
 0.46825438803271E+03
 0.46736430962121E+03
 0.46644362976170E+03
 0.46550181268163E+03
 0.46456455478477E+03
 0.46361368055980E+03
 0.46262227502465E+03
 0.46163257099977E+03
 0.46061606132238E+03
 0.45958693394957E+03
 0.45852677060352E+03
 0.45746216115837E+03
 0.45638031697824E+03
 0.45526785316910E+03
 0.45412696113222E+03
 0.45297627743883E+03
 0.45181907427133E+03
 0.45061038807913E+03
 0.44938935503658E+03
 0.44816123759727E+03
 0.44691673985510E+03
 0.44563341860512E+03
 0.44433315336170E+03
 0.44300285564104E+03
 0.44163590477432E+03
 0.44026615717216E+03
 0.43887257091717E+03
 0.43745327005461E+03
 0.43600319920332E+03
 0.43453452435338E+03
 0.43305684154292E+03
 0.43156982161199E+03
 0.43003802733913E+03
 0.42849622275041E+03
 0.42697324513309E+03
 0.42546508145133E+03
 0.42398063560176E+03
 0.42249555264843E+03
 0.42107458527319E+03
 0.41975569671695E+03
 0.41855224057441E+03
 0.41750680609849E+03
 0.41678936959777E+03
 0.41627564483131E+03
 0.41629628406481E+03
 0.41696029648034E+03
 0.41846410301316E+03
 0.42109981595281E+03
 0.42520109041779E+03
 0.43113574460609E+03
 0.43928922933812E+03
 0.45009962542206E+03
 0.46387768064737E+03
 0.48079143078499E+03
 0.50097099005496E+03
 0.52415797307157E+03
 0.55030976469946E+03
 0.57881880243136E+03
 0.60941614642863E+03
 0.64166064875249E+03
 0.67458526509082E+03
 0.70838964083922E+03
 0.74276268015016E+03
 0.77684008701245E+03
 0.81094353741651E+03
 0.84459109213935E+03
 0.87792860753093E+03
 0.91075919707325E+03
 0.94333760397554E+03
 0.97538898245360E+03
 0.10070604473061E+04
 0.10385083704593E+04
 0.10697545517262E+04
 0.11007597987698E+04
 0.11315715862008E+04
 0.11623685240917E+04
 0.11931438976014E+04
 0.12239187476617E+04
 0.12548338132205E+04
 0.12858098899223E+04
 0.13168243795307E+04
 0.13482276478931E+04
 0.13797696246865E+04
 0.14114123773283E+04
 0.14434765602347E+04
 0.14758744553530E+04
 0.15083961044121E+04
 0.15414273521513E+04
 0.15747191473969E+04
 0.16085720223680E+04
 0.16424697068327E+04
 0.16769969320218E+04
 0.17118478268732E+04
 0.17473909112764E+04
 0.17831294959361E+04
 0.18195211441473E+04
 0.18561290961907E+04
 0.18934049128590E+04
 0.19310996155847E+04
 0.19694028047403E+04
 0.20081156873854E+04
 0.20475233100928E+04
 0.20874437337853E+04
 0.21278744342363E+04
 0.21688415869463E+04
 0.22103114559800E+04
 0.22524159072238E+04
 0.22952308009891E+04
 0.23386153417740E+04
 0.23825086201048E+04
 0.24271293420399E+04
 0.24722804562058E+04
 0.25182980132110E+04
 0.25647436760521E+04
 0.26121262850506E+04
 0.26598863023682E+04
 0.27085430064076E+04
 0.27579217252989E+04
 0.28079654072207E+04
 0.28586833503127E+04
 0.29102793420151E+04
 0.29625763969291E+04
 0.30157778568354E+04
 0.30695425540339E+04
 0.31241702900424E+04
 0.31796631803608E+04
 0.32359433158651E+04
 0.32931245875269E+04
 0.33510269729164E+04
 0.34099462708033E+04
 0.34696366755900E+04
 0.35303796508054E+04
 0.35920482373038E+04
 0.36545317293923E+04
 0.37180519043303E+04
 0.37824328993351E+04
 0.38478369568089E+04
 0.39142489223365E+04
 0.39817512530941E+04
 0.40502364405141E+04
 0.41196729725792E+04
 0.41904162792196E+04
 0.42621806183573E+04
 0.43350324947355E+04
 0.44091420705689E+04
 0.44842541541582E+04
 0.45606446706455E+04
 0.46381796509058E+04
 0.47171279475192E+04
 0.47972222471348E+04
 0.48785664295138E+04
 0.49613428033278E+04
 0.50453447085421E+04
 0.51307858653914E+04
 0.52176822803669E+04
 0.53058876457252E+04
 0.53956743100490E+04
 0.54869258340693E+04
 0.55797027826505E+04
 0.56740686833125E+04
 0.57699500458659E+04
 0.58675792276837E+04
 0.59667967406896E+04
 0.60677759183044E+04
 0.61705267366572E+04
 0.62750240725224E+04
 0.63814249143720E+04
 0.64896949799445E+04
 0.65998512937497E+04
 0.67120675622370E+04
 0.68262437826745E+04
 0.69425761893816E+04
 0.70610056010691E+04
 0.71816489723196E+04
 0.73045494811208E+04
 0.74297566620125E+04
 0.75573520393124E+04
 0.76874060763269E+04
 0.78199691274731E+04
 0.79551057127758E+04
 0.80929397146069E+04
 0.82335081404305E+04
 0.83768445943125E+04
 0.85231521739092E+04
 0.86724831691410E+04
 0.88249004548094E+04
 0.89804397893076E+04
 0.91394417151889E+04
 0.93016633602015E+04
 0.94674564063013E+04
 0.96369416404509E+04
 0.98101193776357E+04
 0.99872260152119E+04
 0.10168416517044E+05
 0.10353791842519E+05
 0.10543339488970E+05
 0.10737716002043E+05
 0.10936562505470E+05
 0.11140434619168E+05
 0.11349145074451E+05
 0.11562985122261E+05
 0.11782772270327E+05
