 0.30966386294506E+03
 0.30966386294510E+03
 0.30966386294574E+03
 0.30966386298241E+03
 0.30966386388633E+03
 0.30966386761272E+03
 0.30966385083566E+03
 0.30966367797331E+03
 0.30966298400405E+03
 0.30966109445740E+03
 0.30965702590182E+03
 0.30964955004354E+03
 0.30963730736201E+03
 0.30961887988870E+03
 0.30959291451941E+03
 0.30955819087785E+03
 0.30951355401947E+03
 0.30945811550784E+03
 0.30939117413696E+03
 0.30931206276499E+03
 0.30919927208351E+03
 0.30908917530114E+03
 0.30896579418746E+03
 0.30882910767374E+03
 0.30867916414552E+03
 0.30851625808936E+03
 0.30834060354837E+03
 0.30815250442854E+03
 0.30795260474327E+03
 0.30774128505471E+03
 0.30751898781492E+03
 0.30728639091298E+03
 0.30704413509816E+03
 0.30679266282654E+03
 0.30653279250654E+03
 0.30626482262907E+03
 0.30599015035872E+03
 0.30570831923611E+03
 0.30542053229735E+03
 0.30512763026260E+03
 0.30482960921791E+03
 0.30452724964483E+03
 0.30422179380565E+03
 0.30391187141992E+03
 0.30359942294654E+03
 0.30328379389317E+03
 0.30296584689182E+03
 0.30264581943217E+03
 0.30232388889867E+03
 0.30199950007586E+03
 0.30167401547348E+03
 0.30134676941833E+03
 0.30101800819675E+03
 0.30068826353959E+03
 0.30035432231316E+03
 0.30002041948540E+03
 0.29968488961069E+03
 0.29934816427670E+03
 0.29900761640845E+03
 0.29866377696393E+03
 0.29831895323091E+03
 0.29797093062745E+03
 0.29761965439866E+03
 0.29726417971952E+03
 0.29690606032672E+03
 0.29654339526744E+03
 0.29617320472291E+03
 0.29580415926603E+03
 0.29542087444149E+03
 0.29504140148553E+03
 0.29464722245877E+03
 0.29425136975560E+03
 0.29384095353443E+03
 0.29342974412319E+03
 0.29300989385518E+03
 0.29257922767874E+03
 0.29213951069302E+03
 0.29168922319754E+03
 0.29122597499957E+03
 0.29075964880799E+03
 0.29027038466433E+03
 0.28977161560611E+03
 0.28926634290083E+03
 0.28874037204916E+03
 0.28819902577181E+03
 0.28763888654136E+03
 0.28706902052989E+03
 0.28648052510888E+03
 0.28586622641918E+03
 0.28524047074192E+03
 0.28459580508863E+03
 0.28391905380387E+03
 0.28323362017602E+03
 0.28251935589458E+03
 0.28177839606586E+03
 0.28100754746251E+03
 0.28021744874446E+03
 0.27939638730913E+03
 0.27854622569072E+03
 0.27766430201337E+03
 0.27674837918040E+03
 0.27580261646909E+03
 0.27482182783793E+03
 0.27379662257206E+03
 0.27273671267837E+03
 0.27163798625462E+03
 0.27049663270121E+03
 0.26930585557448E+03
 0.26805975814500E+03
 0.26678007153936E+03
 0.26543564766604E+03
 0.26403497885202E+03
 0.26258158609877E+03
 0.26105928472722E+03
 0.25946948843931E+03
 0.25783950053357E+03
 0.25609048467198E+03
 0.25428633328001E+03
 0.25240293152881E+03
 0.25043776376766E+03
 0.24837159446628E+03
 0.24621715647382E+03
 0.24394483190976E+03
 0.24159409646140E+03
 0.23909506359826E+03
 0.23651254553465E+03
 0.23379261902006E+03
 0.23089421313112E+03
 0.22786016663187E+03
 0.22471177791939E+03
 0.22137196566398E+03
 0.21787552142433E+03
 0.21424590205158E+03
 0.21037602779215E+03
 0.20633652845886E+03
 0.20213793696904E+03
 0.19774964877054E+03
 0.19311097033044E+03
 0.18839986452399E+03
 0.18355142248065E+03
 0.17854063889314E+03
 0.17348946854841E+03
 0.16843487400485E+03
 0.16346657284471E+03
 0.15860721498282E+03
 0.15404348560754E+03
 0.14987773444890E+03
 0.14610828279197E+03
 0.14286765022954E+03
 0.14019770310706E+03
 0.13815735672783E+03
 0.13666633009433E+03
 0.13574662620104E+03
 0.13532671544484E+03
 0.13536210757861E+03
 0.13579211779967E+03
 0.13656733653849E+03
 0.13763365933197E+03
 0.13894442337827E+03
 0.14047374102236E+03
 0.14216785148673E+03
 0.14400569522913E+03
 0.14597238810817E+03
 0.14803203878084E+03
 0.15017830066366E+03
 0.15241052935930E+03
 0.15467441537463E+03
 0.15701081188900E+03
 0.15938208772262E+03
 0.16179864409484E+03
 0.16423599123404E+03
 0.16672298165415E+03
 0.16919868172320E+03
 0.17171878070226E+03
 0.17424106329413E+03
 0.17679769094666E+03
 0.17936291537707E+03
 0.18194402921429E+03
 0.18452386224630E+03
 0.18710784754913E+03
 0.18971310119659E+03
 0.19233532460786E+03
 0.19496126862260E+03
 0.19758627140546E+03
 0.20021333199921E+03
 0.20286560517201E+03
 0.20551956596088E+03
 0.20817517461846E+03
 0.21082494652829E+03
 0.21350104183330E+03
 0.21616758567453E+03
 0.21885000770181E+03
 0.22155136011595E+03
 0.22423692721807E+03
 0.22693319481097E+03
 0.22964014751617E+03
 0.23235128899108E+03
 0.23506129901111E+03
 0.23778591693082E+03
 0.24052203245127E+03
