 0.16433157382286E+00
 0.16433157382282E+00
 0.16433157382234E+00
 0.16433157385039E+00
 0.16433157499028E+00
 0.16433158598202E+00
 0.16433163381055E+00
 0.16433176347566E+00
 0.16433202387892E+00
 0.16433244808573E+00
 0.16433303974013E+00
 0.16433376874131E+00
 0.16433458086017E+00
 0.16433538244309E+00
 0.16433606600439E+00
 0.16433653344867E+00
 0.16433660085300E+00
 0.16433615987217E+00
 0.16433510430526E+00
 0.16433321802924E+00
 0.16431527440329E+00
 0.16430741461808E+00
 0.16429812649658E+00
 0.16428726757486E+00
 0.16427465879503E+00
 0.16426024944733E+00
 0.16424384544258E+00
 0.16422525945616E+00
 0.16420453651105E+00
 0.16418145294141E+00
 0.16415577791693E+00
 0.16412745636740E+00
 0.16409636557077E+00
 0.16406219144816E+00
 0.16402493827601E+00
 0.16398414723035E+00
 0.16394032884452E+00
 0.16389237206991E+00
 0.16384065803241E+00
 0.16378526263678E+00
 0.16372556017810E+00
 0.16366164689132E+00
 0.16359407936231E+00
 0.16352112836567E+00
 0.16344406692585E+00
 0.16336189343005E+00
 0.16327503343246E+00
 0.16318338004796E+00
 0.16308684313053E+00
 0.16298469412179E+00
 0.16287801516776E+00
 0.16276607949097E+00
 0.16264903084751E+00
 0.16252733543751E+00
 0.16239800199587E+00
 0.16226500826223E+00
 0.16212687563900E+00
 0.16198411524919E+00
 0.16183439303741E+00
 0.16167834247008E+00
 0.16151832498995E+00
 0.16135242629953E+00
 0.16118084391292E+00
 0.16100287459363E+00
 0.16082026409733E+00
 0.16063143591422E+00
 0.16043381302650E+00
 0.16023594258552E+00
 0.16002343058180E+00
 0.15981378375784E+00
 0.15958958101275E+00
 0.15936360693681E+00
 0.15912379174941E+00
 0.15888363770150E+00
 0.15863592558200E+00
 0.15837885461404E+00
 0.15811444727417E+00
 0.15784152419229E+00
 0.15755806238857E+00
 0.15727395498487E+00
 0.15697028071831E+00
 0.15666031907690E+00
 0.15634731834065E+00
 0.15601781987089E+00
 0.15567727774526E+00
 0.15532271798937E+00
 0.15496315779192E+00
 0.15459033694110E+00
 0.15419758740901E+00
 0.15379911907403E+00
 0.15338799488550E+00
 0.15295182106768E+00
 0.15251350300552E+00
 0.15205388008497E+00
 0.15157537383523E+00
 0.15107525937094E+00
 0.15056404094210E+00
 0.15003081327614E+00
 0.14947772225537E+00
 0.14890256425857E+00
 0.14830357772886E+00
 0.14768513754051E+00
 0.14704259706154E+00
 0.14636754069229E+00
 0.14566952708776E+00
 0.14494520754544E+00
 0.14419129354162E+00
 0.14340191679727E+00
 0.14257222291926E+00
 0.14172294772781E+00
 0.14082546715272E+00
 0.13988853611217E+00
 0.13891588772182E+00
 0.13789328748683E+00
 0.13682275707111E+00
 0.13572995441125E+00
 0.13454365930550E+00
 0.13332317023182E+00
 0.13204701933346E+00
 0.13071397580287E+00
 0.12930783836818E+00
 0.12784071704035E+00
 0.12628733155236E+00
 0.12468359525908E+00
 0.12296882288582E+00
 0.12120061658954E+00
 0.11933291477726E+00
 0.11733077640952E+00
 0.11523209976969E+00
 0.11305525407845E+00
 0.11073389161009E+00
 0.10829733623165E+00
 0.10576380097242E+00
 0.10304086388785E+00
 0.10018446106376E+00
 0.97198085485335E-01
 0.94048366310552E-01
 0.90680758709065E-01
 0.87214632142112E-01
 0.83593619452001E-01
 0.79767462209173E-01
 0.75812014312428E-01
 0.71724615895951E-01
 0.67544367274683E-01
 0.63241463446524E-01
 0.58945379777318E-01
 0.54718212269428E-01
 0.50508790325388E-01
 0.46434887249504E-01
 0.42534051835510E-01
 0.38926271648241E-01
 0.35492242376200E-01
 0.32377113291586E-01
 0.29496949146409E-01
 0.26879876309169E-01
 0.24523651124912E-01
 0.22387323633684E-01
 0.20467282204491E-01
 0.18744237513814E-01
 0.17185844697917E-01
 0.15794476426118E-01
 0.14544546622994E-01
 0.13415692385677E-01
 0.12403003961028E-01
 0.11488376338696E-01
 0.10656529851772E-01
 0.99126910413937E-02
 0.92313181323803E-02
 0.86142411935651E-02
 0.80503308690560E-02
 0.75380814851514E-02
 0.70656014648286E-02
 0.66389019913371E-02
 0.62434701090872E-02
 0.58822133335789E-02
 0.55470671039287E-02
 0.52386264919175E-02
 0.49532949922939E-02
 0.46905075225122E-02
 0.44474153507113E-02
 0.42206346299799E-02
 0.40091276987435E-02
 0.38125504176170E-02
 0.36298583748716E-02
 0.34595841062542E-02
 0.32992663794407E-02
 0.31495008597996E-02
 0.30093944426303E-02
 0.28785121674928E-02
 0.27545945323154E-02
 0.26387441563892E-02
 0.25292508975604E-02
 0.24255687284249E-02
 0.23285621402149E-02
 0.22367801116527E-02
 0.21498676780662E-02
 0.20676975039811E-02
 0.19900909689704E-02
 0.19162967663957E-02
 0.18461633357795E-02
