 0.35172473832405E+01
 0.35172473832405E+01
 0.35172473832405E+01
 0.35172473832405E+01
 0.35172473832405E+01
 0.35172473832405E+01
 0.35172473832405E+01
 0.35172473832405E+01
 0.35172473832405E+01
 0.35172473355199E+01
 0.35172494853538E+01
 0.35172464520117E+01
 0.35172442927179E+01
 0.35172457325827E+01
 0.35172428048518E+01
 0.35172440253569E+01
 0.35172432470528E+01
 0.35172466664678E+01
 0.35172454076261E+01
 0.35172431366911E+01
 0.35172443199566E+01
 0.35172464710992E+01
 0.35172457069793E+01
 0.35172407318903E+01
 0.35172393752262E+01
 0.35172432845318E+01
 0.35172447656780E+01
 0.35172416609498E+01
 0.35172388201837E+01
 0.35172436700012E+01
 0.35172499914145E+01
 0.35172367060990E+01
 0.35172558795644E+01
 0.35172566132026E+01
 0.35172468180438E+01
 0.35172649217498E+01
 0.35172557791967E+01
 0.35172505584118E+01
 0.35172738051344E+01
 0.35172562168188E+01
 0.35172396309186E+01
 0.35172694774723E+01
 0.35172491783165E+01
 0.35172739552663E+01
 0.35172908578252E+01
 0.35172917654512E+01
 0.35172915151208E+01
 0.35172767046475E+01
 0.35172596182033E+01
 0.35172906179653E+01
 0.35172579207933E+01
 0.35172993918640E+01
 0.35172782956678E+01
 0.35172717240892E+01
 0.35172711024199E+01
 0.35173014051814E+01
 0.35172165648444E+01
 0.35172578269608E+01
 0.35172988942164E+01
 0.35172858498592E+01
 0.35173011393685E+01
 0.35172960147779E+01
 0.35172256861527E+01
 0.35172884247182E+01
 0.35171981131599E+01
 0.35172931664590E+01
 0.35172978183078E+01
 0.35171576745545E+01
 0.35173012642100E+01
 0.35171962925431E+01
 0.35172872082192E+01
 0.35172665814464E+01
 0.35172452953590E+01
 0.35172820471964E+01
 0.35171994763847E+01
 0.35172988850913E+01
 0.35172619222113E+01
 0.35172084450208E+01
 0.35171933220795E+01
 0.35171924903245E+01
 0.35172158651214E+01
 0.35172385015636E+01
 0.35172751550540E+01
 0.35172202157226E+01
 0.35172230600649E+01
 0.35172835936563E+01
 0.35172039795146E+01
 0.35171508836152E+01
 0.35171955707317E+01
 0.35172059801097E+01
 0.35172614210139E+01
 0.35172664483016E+01
 0.35171876378378E+01
 0.35172788215078E+01
 0.35171933025784E+01
 0.35172107612269E+01
 0.35171980053236E+01
 0.35171934282764E+01
 0.35172831844910E+01
 0.35172823309031E+01
 0.35171932984311E+01
 0.35172063083867E+01
 0.35172131922334E+01
 0.35172076595111E+01
 0.35172632464108E+01
 0.35172730826969E+01
 0.35172453555268E+01
 0.35171532260157E+01
 0.35171417573623E+01
 0.35172228350044E+01
 0.35173070630786E+01
 0.35172355139584E+01
 0.35173138510714E+01
 0.35172447785984E+01
 0.35172656010561E+01
 0.35172653913456E+01
 0.35172567280216E+01
 0.35172920444480E+01
 0.35173003032628E+01
 0.35173433336810E+01
 0.35173428850896E+01
 0.35173940289497E+01
 0.35174357910240E+01
 0.35175213492414E+01
 0.35175839058989E+01
 0.35175228846870E+01
 0.35176238242790E+01
 0.35176636644231E+01
 0.35177989126238E+01
 0.35178659842452E+01
 0.35178299408939E+01
 0.35179259750160E+01
 0.35180255924692E+01
 0.35180699573927E+01
 0.35181136410685E+01
 0.35182653356190E+01
 0.35184327878132E+01
 0.35184387450673E+01
 0.35185979124536E+01
 0.35186319663016E+01
 0.35187134730714E+01
 0.35188108734241E+01
 0.35189799376736E+01
 0.35190525809027E+01
 0.35190671913909E+01
 0.35191768557051E+01
 0.35192017307236E+01
 0.35192719386152E+01
 0.35193414175365E+01
 0.35193571841462E+01
 0.35194086114107E+01
 0.35193946493725E+01
 0.35195500830808E+01
 0.35195866639917E+01
 0.35195201340082E+01
 0.35195974852353E+01
 0.35194774988869E+01
 0.35194843910981E+01
 0.35194397914997E+01
 0.35193178420493E+01
 0.35193052528744E+01
 0.35192211835677E+01
 0.35191859173203E+01
 0.35190696719366E+01
 0.35189479251449E+01
 0.35188108260405E+01
 0.35186517545186E+01
 0.35184736514814E+01
 0.35183664616886E+01
 0.35180470561019E+01
 0.35178332824129E+01
 0.35176314436960E+01
 0.35173656856624E+01
 0.35171606060783E+01
 0.35167819665278E+01
 0.35165367991284E+01
 0.35160533022618E+01
 0.35157017587920E+01
 0.35154562550108E+01
 0.35149951018869E+01
 0.35145287968033E+01
 0.35140490167272E+01
 0.35136395136126E+01
 0.35130448055683E+01
 0.35125388618926E+01
 0.35119529142251E+01
 0.35115542857203E+01
 0.35109302493554E+01
 0.35102123289162E+01
 0.35095150344937E+01
 0.35088519662727E+01
 0.35081939891699E+01
 0.35074489278979E+01
 0.35066859644190E+01
 0.35059231452800E+01
 0.35050493539139E+01
 0.35044051280373E+01
 0.35034127922359E+01
 0.35026518980343E+01
 0.35016866244841E+01
