 0.25955908804632E+10
 0.25957108867719E+10
 0.25959108782898E+10
 0.25961908750767E+10
 0.25965508759658E+10
 0.25969908781553E+10
 0.25975108684409E+10
 0.25981108744504E+10
 0.25987908512540E+10
 0.25995508450152E+10
 0.26003908398451E+10
 0.26013108319046E+10
 0.26023108263104E+10
 0.26033908228142E+10
 0.26045508258786E+10
 0.26057908327588E+10
 0.26071108238553E+10
 0.26085108369469E+10
 0.26099908703031E+10
 0.26115509209765E+10
 0.26131909790232E+10
 0.26149110565552E+10
 0.26167111631556E+10
 0.26185913432580E+10
 0.26205515608453E+10
 0.26225918268400E+10
 0.26247121225858E+10
 0.26269125335766E+10
 0.26291930229502E+10
 0.26315536272901E+10
 0.26339942092022E+10
 0.26365149652525E+10
 0.26391158598766E+10
 0.26417967460130E+10
 0.26445579005257E+10
 0.26473989802893E+10
 0.26503200674364E+10
 0.26533212931413E+10
 0.26564025023728E+10
 0.26595638248220E+10
 0.26628050011267E+10
 0.26661261021501E+10
 0.26695270639044E+10
 0.26730078175340E+10
 0.26765683639895E+10
 0.26802085609576E+10
 0.26839282941878E+10
 0.26877273877611E+10
 0.26916058565784E+10
 0.26955635379507E+10
 0.26996000739964E+10
 0.27037155819373E+10
 0.27079096319748E+10
 0.27121821483118E+10
 0.27165328179988E+10
 0.27209612834243E+10
 0.27254673204844E+10
 0.27300507151087E+10
 0.27347108898689E+10
 0.27394471758924E+10
 0.27442601329059E+10
 0.27491479065858E+10
 0.27541109071142E+10
 0.27591481686760E+10
 0.27642595458158E+10
 0.27694437659518E+10
 0.27747001868464E+10
 0.27800280125814E+10
 0.27854273659656E+10
 0.27908961212358E+10
 0.27964331482542E+10
 0.28020378332867E+10
 0.28077094903001E+10
 0.28134475530504E+10
 0.28192493139575E+10
 0.28251145332226E+10
 0.28310406491647E+10
 0.28370282330791E+10
 0.28430755136668E+10
 0.28491770336658E+10
 0.28553359368645E+10
 0.28615486752154E+10
 0.28678120618007E+10
 0.28741259379750E+10
 0.28804869389091E+10
 0.28868926565190E+10
 0.28933442723768E+10
 0.28998358151583E+10
 0.29063658058856E+10
 0.29129279552877E+10
 0.29195266939412E+10
 0.29261536540660E+10
 0.29328080547157E+10
 0.29394854922236E+10
 0.29461869087632E+10
 0.29529074664799E+10
 0.29596304671437E+10
 0.29663704875747E+10
 0.29731142626433E+10
 0.29798548843503E+10
 0.29865979737733E+10
 0.29933299977030E+10
 0.30000521247530E+10
 0.30067518372958E+10
 0.30134297160203E+10
 0.30200793702663E+10
 0.30266874170287E+10
 0.30332610062876E+10
 0.30397786497337E+10
 0.30462542010756E+10
 0.30526619280745E+10
 0.30590103462318E+10
 0.30652747527537E+10
 0.30714611846271E+10
 0.30775426495571E+10
 0.30835486689924E+10
 0.30894439151936E+10
 0.30952304847698E+10
 0.31009039274497E+10
 0.31064601392785E+10
 0.31118953590942E+10
 0.31172225092749E+10
 0.31224281166083E+10
 0.31275177100359E+10
 0.31325220043345E+10
 0.31374491494746E+10
 0.31423188352372E+10
 0.31471406427020E+10
 0.31519513312068E+10
 0.31568076771674E+10
 0.31617183331014E+10
 0.31667313471631E+10
 0.31718886386778E+10
 0.31772292883603E+10
 0.31827768758170E+10
 0.31885830892103E+10
 0.31946335660737E+10
 0.32009920576187E+10
 0.32076669448053E+10
 0.32146567973137E+10
 0.32219646186988E+10
 0.32295964075262E+10
 0.32375335637906E+10
 0.32457376819395E+10
 0.32541995449455E+10
 0.32629030804195E+10
 0.32718164387053E+10
 0.32809046155047E+10
 0.32901484434393E+10
 0.32995551523895E+10
 0.33090920633300E+10
 0.33187649635770E+10
 0.33285814827705E+10
 0.33384978404501E+10
 0.33485662741875E+10
 0.33587268556030E+10
 0.33690356127329E+10
 0.33794665887549E+10
 0.33900269298124E+10
 0.34007116975919E+10
 0.34115180233473E+10
 0.34224557770426E+10
 0.34335108887725E+10
 0.34446942773181E+10
 0.34559894917929E+10
 0.34674220290250E+10
 0.34789547700263E+10
 0.34906185034887E+10
 0.35023827846760E+10
 0.35142664133169E+10
 0.35262665401036E+10
 0.35383609938224E+10
 0.35505891682367E+10
 0.35629070842178E+10
 0.35753175793439E+10
 0.35878612608796E+10
 0.36004881164531E+10
 0.36132211739125E+10
 0.36260709085102E+10
 0.36390152371523E+10
 0.36520504286428E+10
 0.36651892849529E+10
 0.36784179774368E+10
 0.36917533630703E+10
 0.37051835330234E+10
 0.37187198215408E+10
 0.37323335024445E+10
 0.37460418763943E+10
 0.37598528520088E+10
 0.37737681583212E+10
 0.37877521158538E+10
 0.38018445899175E+10
 0.38160275147080E+10
 0.38302951234684E+10
 0.38446586143706E+10
 0.38591149088267E+10
 0.38736539417745E+10
 0.38882872251861E+10
 0.39029998900868E+10
 0.39178232284962E+10
