 0.11312761337694E+03
 0.11312761337693E+03
 0.11312761337676E+03
 0.11312761338642E+03
 0.11312761377878E+03
 0.11312761756219E+03
 0.11312763402502E+03
 0.11312767865658E+03
 0.11312776828807E+03
 0.11312791430323E+03
 0.11312811795111E+03
 0.11312836887617E+03
 0.11312864840952E+03
 0.11312892431519E+03
 0.11312915959862E+03
 0.11312932046589E+03
 0.11312934365855E+03
 0.11312919173695E+03
 0.11312882784032E+03
 0.11312817742369E+03
 0.11312199711126E+03
 0.11311928376026E+03
 0.11311606964565E+03
 0.11311229816823E+03
 0.11310789615556E+03
 0.11310282619510E+03
 0.11309699383260E+03
 0.11309029466704E+03
 0.11308269002918E+03
 0.11307403141206E+03
 0.11306414833359E+03
 0.11305291058667E+03
 0.11304013606140E+03
 0.11302555847686E+03
 0.11300899427482E+03
 0.11299007479575E+03
 0.11296874469517E+03
 0.11294437155959E+03
 0.11291681613568E+03
 0.11288581469807E+03
 0.11285086680341E+03
 0.11281169501099E+03
 0.11276812069054E+03
 0.11271938401213E+03
 0.11266554574957E+03
 0.11260597719745E+03
 0.11254054327745E+03
 0.11246893098553E+03
 0.11239087078784E+03
 0.11230584967902E+03
 0.11221399812739E+03
 0.11211486429175E+03
 0.11200822925227E+03
 0.11189416196968E+03
 0.11177122041962E+03
 0.11164076304338E+03
 0.11150201638881E+03
 0.11135493721638E+03
 0.11119846627915E+03
 0.11103247604971E+03
 0.11085785600478E+03
 0.11067336900298E+03
 0.11047894415339E+03
 0.11027394208768E+03
 0.11005852669797E+03
 0.10983204312230E+03
 0.10959264662376E+03
 0.10934379799294E+03
 0.10907862412283E+03
 0.10880425604289E+03
 0.10851247460747E+03
 0.10820833291623E+03
 0.10788562701628E+03
 0.10755004506978E+03
 0.10719708410743E+03
 0.10682515633196E+03
 0.10643441381261E+03
 0.10602272684912E+03
 0.10558855427659E+03
 0.10513565548685E+03
 0.10465210313103E+03
 0.10414332001811E+03
 0.10361076411721E+03
 0.10304298477369E+03
 0.10244156810330E+03
 0.10180220693937E+03
 0.10112698538858E+03
 0.10040778776451E+03
 0.99635083607617E+02
 0.98814438090517E+02
 0.97934026681341E+02
 0.96975908652695E+02
 0.95950274749458E+02
 0.94827618100141E+02
 0.93589906365194E+02
 0.92210150079542E+02
 0.90658621747306E+02
 0.88856248348781E+02
 0.86656207861811E+02
