 0.64711256650257E-04
 0.64709709756573E-04
 0.64707129886363E-04
 0.64703514147858E-04
 0.64698860348324E-04
 0.64693165780641E-04
 0.64686422252676E-04
 0.64678622214239E-04
 0.64669762300372E-04
 0.64659830620664E-04
 0.64648820315261E-04
 0.64636722898263E-04
 0.64623530990631E-04
 0.64609231006603E-04
 0.64593817308992E-04
 0.64577278994146E-04
 0.64559602471286E-04
 0.64540779647053E-04
 0.64520798701420E-04
 0.64499645329180E-04
 0.64477301263973E-04
 0.64453754549187E-04
 0.64428986946804E-04
 0.64402980676885E-04
 0.64375706698032E-04
 0.64347147763346E-04
 0.64317271649998E-04
 0.64286050145694E-04
 0.64253460424181E-04
 0.64219465670390E-04
 0.64184031754492E-04
 0.64147127778406E-04
 0.64108726465702E-04
 0.64068785388733E-04
 0.64027285751436E-04
 0.63984184360390E-04
 0.63939485706920E-04
 0.63893132311454E-04
 0.63845126096763E-04
 0.63795465559901E-04
 0.63744122164452E-04
 0.63691103576650E-04
 0.63636453185915E-04
 0.63580090908315E-04
 0.63522098445461E-04
 0.63462454508436E-04
 0.63401207136551E-04
 0.63338382006450E-04
 0.63274014415025E-04
 0.63208107959727E-04
 0.63140759798709E-04
 0.63071985346113E-04
 0.63001832368356E-04
 0.62930386557948E-04
 0.62857573229010E-04
 0.62783606979311E-04
 0.62708495080446E-04
 0.62632307606540E-04
 0.62555024208187E-04
 0.62476718977995E-04
 0.62397555515399E-04
 0.62317510327069E-04
 0.62236665204919E-04
 0.62155042706151E-04
 0.62072757544284E-04
 0.61989822877667E-04
 0.61906175106479E-04
 0.61822206897103E-04
 0.61737417609855E-04
 0.61652516047804E-04
 0.61566883320183E-04
 0.61481040146420E-04
 0.61394576097505E-04
 0.61307991737847E-04
 0.61221068410609E-04
 0.61133765767809E-04
 0.61046167700467E-04
 0.60958239767436E-04
 0.60869885323074E-04
 0.60781406676993E-04
 0.60692209024971E-04
 0.60602692407542E-04
 0.60512793472846E-04
 0.60422177000008E-04
 0.60330822725219E-04
 0.60238557060783E-04
 0.60145548760024E-04
 0.60051315180040E-04
 0.59955496848472E-04
 0.59858219133600E-04
 0.59759015005395E-04
 0.59656999315373E-04
 0.59552534869808E-04
 0.59444242320376E-04
 0.59331410740019E-04
 0.59212771694569E-04
 0.59087102010416E-04
 0.58951535259542E-04
 0.58801830084244E-04
