 0.10795098908076E+04
 0.10795098908076E+04
 0.10795098908076E+04
 0.10795098908076E+04
 0.10795098908076E+04
 0.10795098908076E+04
 0.10795098908076E+04
 0.10795098908076E+04
 0.10795098908076E+04
 0.10795204695579E+04
 0.10793534522789E+04
 0.10796090611243E+04
 0.10796546482137E+04
 0.10795797082771E+04
 0.10795000585310E+04
 0.10793813043206E+04
 0.10797916670243E+04
 0.10796270542626E+04
 0.10796416469556E+04
 0.10795161055014E+04
 0.10795252118518E+04
 0.10797506805587E+04
 0.10795230573106E+04
 0.10795441720300E+04
 0.10795841820285E+04
 0.10796220596598E+04
 0.10795691180016E+04
 0.10797945416453E+04
 0.10792374624040E+04
 0.10798656231358E+04
 0.10798776796287E+04
 0.10800485766013E+04
 0.10796575771765E+04
 0.10806370886089E+04
 0.10793132869789E+04
 0.10802347174211E+04
 0.10798514017395E+04
 0.10799155815584E+04
 0.10808562743860E+04
 0.10798170810505E+04
 0.10808128933642E+04
 0.10808693617838E+04
 0.10796148406574E+04
 0.10811173336964E+04
 0.10801496673119E+04
 0.10802852356351E+04
 0.10798979864407E+04
 0.10795886858154E+04
 0.10782904784033E+04
 0.10772102004262E+04
 0.10795198989348E+04
 0.10803619739224E+04
 0.10811675427006E+04
 0.10816511271376E+04
 0.10774446979982E+04
 0.10779054270778E+04
 0.10778408847199E+04
 0.10797812100277E+04
 0.10814799435171E+04
 0.10823236675536E+04
 0.10788329482048E+04
 0.10826177405223E+04
 0.10855064274055E+04
 0.10801002034723E+04
 0.10807719492564E+04
 0.10782183620103E+04
 0.10824713132844E+04
 0.10763302487792E+04
 0.10887981025167E+04
 0.10761905157625E+04
 0.10784929655181E+04
 0.10789442616240E+04
 0.10800503704944E+04
 0.10857467578879E+04
 0.10883143221613E+04
 0.10863581097064E+04
 0.10846047947146E+04
 0.10833302815989E+04
 0.10847808879454E+04
 0.10818993487847E+04
 0.10867350596619E+04
 0.10800061619347E+04
 0.10828992588010E+04
 0.10864227676926E+04
 0.10888420734710E+04
 0.10864624448725E+04
 0.10868176256059E+04
 0.10771510877693E+04
 0.10780194700295E+04
 0.10820306523665E+04
 0.10868307014784E+04
 0.10828799730195E+04
 0.10862264741367E+04
 0.10823322942135E+04
 0.10880617488014E+04
 0.10812882341753E+04
 0.10819277322263E+04
 0.10866053277308E+04
 0.10899461486899E+04
