 0.10000000133514E-09
 0.10000000133514E-09
 0.10000000133514E-09
 0.10000000133514E-09
 0.10000000133514E-09
 0.10000000133514E-09
 0.10000000133514E-09
 0.10000000133514E-09
 0.10000000133514E-09
 0.10000000133514E-09
 0.10000000133514E-09
 0.10000000133514E-09
 0.10000000133514E-09
 0.40697963253728E-07
 0.40697963253728E-07
 0.84897980505131E-06
 0.21904856406700E-05
 0.42064430757472E-05
 0.75450722158164E-05
 0.12779738573123E-04
 0.20642613153140E-04
 0.31957484250269E-04
 0.47717845017570E-04
 0.69051924784467E-04
 0.97217334708038E-04
 0.13359471960418E-03
 0.17968340914669E-03
 0.23709211734533E-03
 0.30752791882868E-03
 0.39279766564125E-03
 0.49480470394261E-03
 0.61553416425303E-03
 0.75706163573168E-03
 0.92157751564296E-03
 0.11113155841307E-02
 0.13286964228364E-02
 0.15857851612451E-02
 0.18670143464385E-02
 0.21836294751649E-02
 0.25387386283825E-02
 0.29346628748901E-02
 0.33746482044457E-02
 0.38614507201333E-02
 0.43984585521720E-02
 0.49888959410707E-02
 0.56361691447310E-02
 0.63425155213563E-02
 0.71116101582989E-02
 0.79467608451728E-02
 0.88513472051982E-02
 0.98280372003509E-02
 0.10879465521115E-01
 0.12009356400999E-01
 0.13222825440879E-01
 0.14518574730366E-01
 0.15902080477427E-01
 0.17375899979617E-01
 0.18943327588081E-01
 0.20608818212952E-01
 0.22373996837831E-01
 0.24239555500518E-01
 0.26208060101574E-01
 0.28288170129763E-01
 0.30483442351679E-01
 0.32791863633474E-01
 0.35220436235818E-01
 0.37779004522452E-01
 0.40457985215063E-01
 0.43275062738570E-01
 0.46222187357348E-01
 0.49322861412325E-01
 0.52568982705546E-01
 0.55982418572882E-01
 0.59548101989133E-01
 0.63289763731666E-01
 0.67216259646751E-01
 0.71340086754623E-01
 0.75687468313675E-01
 0.80261336939659E-01
 0.85074045382699E-01
 0.90215141036042E-01
 0.95693327898566E-01
 0.10156888516708E+00
 0.10800707515629E+00
 0.11528695615844E+00
