 0.34789878279465E+03
 0.34789878498954E+03
 0.34789879516805E+03
 0.34789882399173E+03
 0.34789888833281E+03
 0.34789901844544E+03
 0.34789926911646E+03
 0.34789971834540E+03
 0.34790045074983E+03
 0.34790153428356E+03
 0.34790300890194E+03
 0.34790487228833E+03
 0.34790711089331E+03
 0.34790965286420E+03
 0.34791243565497E+03
 0.34791542464726E+03
 0.34791844464037E+03
 0.34792147685271E+03
 0.34792451950266E+03
 0.34792735167056E+03
 0.34791386462843E+03
 0.34791184880827E+03
 0.34790909200810E+03
 0.34790533783787E+03
 0.34790016929300E+03
 0.34789328806888E+03
 0.34788397718989E+03
 0.34787138696867E+03
 0.34785489349456E+03
 0.34783319945245E+03
 0.34780479885358E+03
 0.34776833003708E+03
 0.34772215843040E+03
 0.34766412793401E+03
 0.34759264845908E+03
 0.34750511757831E+03
 0.34740053632684E+03
 0.34727559404521E+03
 0.34712925789964E+03
 0.34696009427130E+03
 0.34676569641411E+03
 0.34654508753927E+03
 0.34629840049138E+03
 0.34602167240050E+03
 0.34571667122202E+03
 0.34538137501789E+03
 0.34501621255174E+03
 0.34462115111566E+03
 0.34419621363302E+03
 0.34373999740724E+03
 0.34325497742034E+03
 0.34274004528121E+03
 0.34219535854390E+03
 0.34162213315631E+03
 0.34101453472184E+03
 0.34038027303579E+03
 0.33971595668092E+03
 0.33902233232084E+03
 0.33829399932361E+03
 0.33753121036095E+03
 0.33673811960049E+03
 0.33590904049984E+03
 0.33504275138316E+03
 0.33413576193379E+03
 0.33318903946394E+03
 0.33219718574480E+03
 0.33115078895017E+03
 0.33006568462676E+03
 0.32890568227127E+03
 0.32770467249488E+03
 0.32641820364415E+03
 0.32506884224845E+03
 0.32362003641927E+03
 0.32209634911466E+03
 0.32046843244454E+03
 0.31872093143274E+03
 0.31684249494077E+03
 0.31480763961532E+03
 0.31259010246969E+03
 0.31018660875149E+03
 0.30749150453596E+03
 0.30448481059030E+03
 0.30108850342900E+03
 0.29709382420746E+03
 0.29215889358739E+03
