 0.68078073132365E+03
 0.68078073132365E+03
 0.68078073132365E+03
 0.68078073132365E+03
 0.68078073132365E+03
 0.68078077442978E+03
 0.68078114837779E+03
 0.68077935927660E+03
 0.68077870938202E+03
 0.68078667953001E+03
 0.68065784775778E+03
 0.68085097818366E+03
 0.68089076619930E+03
 0.68082913945398E+03
 0.68076670205368E+03
 0.68067849202368E+03
 0.68099516790277E+03
 0.68086864204391E+03
 0.68086994548749E+03
 0.68078387818848E+03
 0.68079163485065E+03
 0.68096991851052E+03
 0.68079442302244E+03
 0.68080714996353E+03
 0.68082284355498E+03
 0.68089710500143E+03
 0.68088930067165E+03
 0.68080477675829E+03
 0.68075200517006E+03
 0.68110668976742E+03
 0.68096414403451E+03
 0.68104670343536E+03
 0.68085335974944E+03
 0.68144713696224E+03
 0.68064524167288E+03
 0.68141565181096E+03
 0.68101257886172E+03
 0.68109199924955E+03
 0.68171337313644E+03
 0.68104869193694E+03
 0.68184432842972E+03
 0.68185960922140E+03
 0.68077342566578E+03
 0.67938477229877E+03
 0.68108764307216E+03
 0.68142724991742E+03
 0.68115693864648E+03
 0.68093787142729E+03
 0.67481464360595E+03
 0.67370837132606E+03
 0.67535137220842E+03
 0.68147575417949E+03
 0.67936345228696E+03
 0.67214525256863E+03
 0.67420654153169E+03
 0.67445362675851E+03
 0.67421338835311E+03
 0.68127754820271E+03
 0.67224469359689E+03
 0.67286764281777E+03
 0.68047709484017E+03
 0.67784221289601E+03
 0.68025834062300E+03
 0.67599601939076E+03
 0.68163674070705E+03
 0.67468759604793E+03
 0.67778232506556E+03
 0.67328252434146E+03
 0.67267103098150E+03
 0.67853313501284E+03
 0.67508890045422E+03
 0.68045840343141E+03
 0.67600816886333E+03
 0.68058146905094E+03
 0.67240538230802E+03
 0.68091783983256E+03
 0.67937538256642E+03
 0.67312521267962E+03
 0.67991710701700E+03
 0.67818589371935E+03
 0.68085886534183E+03
 0.67550390126767E+03
 0.67333517471034E+03
 0.68126628768527E+03
 0.67825090376047E+03
 0.68024793619070E+03
 0.67616279318848E+03
 0.67919928606565E+03
 0.67900375423035E+03
 0.68267396312788E+03
 0.67737886774766E+03
 0.68701750812027E+03
 0.68012417381917E+03
 0.67795470990799E+03
 0.68203891997920E+03
 0.68889595681983E+03
 0.68741109033554E+03
 0.68094286726470E+03
 0.68453828790732E+03
 0.68513659538342E+03
 0.68746791391721E+03
 0.68255973668838E+03
 0.69085685800191E+03
 0.68765464417722E+03
 0.69041949746125E+03
 0.68727814057863E+03
 0.69217961623478E+03
 0.69530835351859E+03
 0.69818336689494E+03
 0.69510668599606E+03
 0.69483233989537E+03
 0.69308957391987E+03
 0.69922628278675E+03
 0.69847787486026E+03
 0.69814161111517E+03
 0.69781850506711E+03
 0.69670144002703E+03
 0.70637199088842E+03
 0.70006582037030E+03
 0.70538096472989E+03
 0.70843093375986E+03
 0.71088589617781E+03
 0.70913415970054E+03
 0.70967325237791E+03
 0.71242302698045E+03
 0.71253231685076E+03
 0.71003781295639E+03
 0.71712552435781E+03
 0.71411485853279E+03
 0.72380874808515E+03
 0.72001175584479E+03
 0.72247068875009E+03
 0.72722576026020E+03
 0.72531472412000E+03
 0.73098461722376E+03
 0.72795153687580E+03
 0.72854632539836E+03
 0.73226474161369E+03
 0.73359404186388E+03
 0.74036377776257E+03
 0.73396862632396E+03
 0.74190051100598E+03
 0.73532236053299E+03
 0.73981928489534E+03
 0.74651996980713E+03
 0.74968249844979E+03
 0.74686464239240E+03
 0.74958128272381E+03
 0.75334196489983E+03
 0.75579612893879E+03
 0.75065103201334E+03
 0.75202563934012E+03
 0.75544177526188E+03
 0.75643509147020E+03
 0.76325352746666E+03
 0.76227583604995E+03
 0.76956559679632E+03
 0.76723553052713E+03
 0.77009867997727E+03
 0.76620082345046E+03
 0.76986687811740E+03
 0.77740632551783E+03
 0.78060959284576E+03
 0.77692350068998E+03
 0.77751168609881E+03
 0.77970025539322E+03
 0.79130109251455E+03
 0.78453637408226E+03
 0.78772615501331E+03
 0.79799325226311E+03
 0.79995620074697E+03
 0.79545623388201E+03
 0.79371216087366E+03
 0.80090411662742E+03
 0.80539553599581E+03
 0.80316203897827E+03
 0.81057292882686E+03
 0.80425062850856E+03
 0.81686243465845E+03
 0.81733161466073E+03
 0.81150613813554E+03
 0.81599826258954E+03
 0.82429396771228E+03
 0.82231850508687E+03
 0.82711601707180E+03
 0.82796292021453E+03
 0.82764747933400E+03
 0.82916829994774E+03
 0.83982643490724E+03
 0.83241094226110E+03
 0.83815423728741E+03
 0.84175592461695E+03
 0.84726917493408E+03
 0.84506670884071E+03
 0.84432742065317E+03
 0.84615273574851E+03
 0.85016979333171E+03
 0.85618916748754E+03
 0.85704794369953E+03
 0.86596513450799E+03
