 0.25955948765236E+10
 0.25957148730912E+10
 0.25959148576897E+10
 0.25961948734867E+10
 0.25965548504590E+10
 0.25969948552159E+10
 0.25975148633276E+10
 0.25981148473157E+10
 0.25987948407824E+10
 0.25995548376198E+10
 0.26003948332224E+10
 0.26013148405619E+10
 0.26023148236811E+10
 0.26033948163565E+10
 0.26045548135576E+10
 0.26057948198064E+10
 0.26071148238429E+10
 0.26085148549852E+10
 0.26099948688341E+10
 0.26115549154558E+10
 0.26131949906480E+10
 0.26149150813676E+10
 0.26167152090748E+10
 0.26185953605060E+10
 0.26205555649013E+10
 0.26225958189687E+10
 0.26247161582266E+10
 0.26269165896979E+10
 0.26291970501665E+10
 0.26315575812578E+10
 0.26339982595248E+10
 0.26365189693757E+10
 0.26391198476527E+10
 0.26418007938990E+10
 0.26445617967909E+10
 0.26474029665428E+10
 0.26503240965346E+10
 0.26533253135336E+10
 0.26564065517070E+10
 0.26595677688732E+10
 0.26628089986200E+10
 0.26661301984785E+10
 0.26695310334924E+10
 0.26730120417778E+10
 0.26765725611855E+10
 0.26802128225816E+10
 0.26839327285756E+10
 0.26877320512224E+10
 0.26916108754114E+10
 0.26955690154535E+10
 0.26996061098109E+10
 0.27037222343386E+10
 0.27079171950832E+10
 0.27121909567061E+10
 0.27165431282435E+10
 0.27209736490394E+10
 0.27254820646597E+10
 0.27300684106488E+10
 0.27347323161001E+10
 0.27394735164310E+10
 0.27442920316535E+10
 0.27491870982611E+10
 0.27541582906845E+10
 0.27592058571706E+10
 0.27643286677240E+10
 0.27695268243941E+10
 0.27747999602097E+10
 0.27801484099873E+10
 0.27855701565923E+10
 0.27910652778468E+10
 0.27966336117311E+10
 0.28022749423388E+10
 0.28079885239551E+10
 0.28137721155937E+10
 0.28196276398041E+10
 0.28255528104348E+10
 0.28315493538682E+10
 0.28376148685029E+10
 0.28437470743798E+10
 0.28499496696069E+10
 0.28562185224741E+10
 0.28625509384614E+10
 0.28689530176315E+10
 0.28754186653525E+10
 0.28819476113838E+10
 0.28885437280611E+10
 0.28951985467821E+10
 0.29019190207864E+10
 0.29086973804771E+10
 0.29155369657464E+10
 0.29224356564165E+10
 0.29293950466302E+10
 0.29364104441647E+10
 0.29434793004502E+10
 0.29506072800585E+10
 0.29577933773153E+10
 0.29650272332507E+10
 0.29723148176416E+10
 0.29796546407519E+10
 0.29870447346373E+10
 0.29944835128076E+10
 0.30019730389590E+10
 0.30095048343569E+10
 0.30170861014325E+10
 0.30247078355339E+10
 0.30323773090408E+10
 0.30400798657884E+10
 0.30478252570989E+10
 0.30556174173492E+10
 0.30634471568560E+10
 0.30713003245364E+10
 0.30791869298950E+10
 0.30871191308203E+10
 0.30950740942464E+10
 0.31030546738458E+10
 0.31110683024590E+10
 0.31190965772273E+10
 0.31271619712153E+10
 0.31352310215897E+10
 0.31433256115281E+10
 0.31514391059455E+10
 0.31595657413574E+10
 0.31676985722745E+10
 0.31758494602073E+10
 0.31839980549292E+10
 0.31921298299894E+10
 0.32002934033629E+10
 0.32084359980664E+10
 0.32165665370080E+10
 0.32247093163779E+10
 0.32328386776209E+10
 0.32409283555906E+10
 0.32490059611486E+10
 0.32570507651393E+10
 0.32650961571521E+10
 0.32730841753097E+10
 0.32810593279568E+10
 0.32889820443065E+10
 0.32968724865397E+10
 0.33047352854027E+10
 0.33125431602110E+10
 0.33202994310078E+10
 0.33280410745419E+10
 0.33357262278079E+10
 0.33433686046026E+10
 0.33509840588467E+10
 0.33585921242589E+10
 0.33661643871936E+10
 0.33737509691537E+10
 0.33813501119086E+10
 0.33890148705390E+10
 0.33967229827156E+10
 0.34045346249728E+10
 0.34124295735856E+10
 0.34204626929146E+10
 0.34286669631261E+10
 0.34370320420858E+10
 0.34455887098462E+10
 0.34543302456485E+10
 0.34632585885126E+10
 0.34723746427962E+10
 0.34816801111743E+10
 0.34911673838205E+10
 0.35007969191941E+10
 0.35106240589279E+10
 0.35206188256678E+10
 0.35307578558066E+10
 0.35410667396183E+10
 0.35515284631461E+10
 0.35621369259668E+10
 0.35729015735157E+10
 0.35838201362344E+10
 0.35948863574254E+10
 0.36061041314955E+10
 0.36174672931292E+10
 0.36289600145099E+10
 0.36405933327867E+10
 0.36523746108662E+10
 0.36642824321023E+10
 0.36763164128817E+10
 0.36884738053699E+10
 0.37007864567775E+10
 0.37132081116081E+10
 0.37257396146948E+10
 0.37384164795065E+10
 0.37511969436747E+10
 0.37641043670638E+10
 0.37771199987629E+10
 0.37902447347571E+10
 0.38035100052525E+10
 0.38168643421384E+10
 0.38303349063035E+10
 0.38439242977666E+10
 0.38576051757126E+10
 0.38713994821202E+10
 0.38853033706629E+10
 0.38993085244211E+10
 0.39134268660532E+10
 0.39276386726800E+10
 0.39419582246990E+10
