 0.51033030801949E+03
 0.51033030801932E+03
 0.51033030801738E+03
 0.51033030806993E+03
 0.51033030954641E+03
 0.51033031525878E+03
 0.51033028379629E+03
 0.51032998622612E+03
 0.51032880070411E+03
 0.51032557666432E+03
 0.51031863191710E+03
 0.51030585480028E+03
 0.51028490316612E+03
 0.51025330867994E+03
 0.51020873719705E+03
 0.51014888615786E+03
 0.51007185867022E+03
 0.50997595627783E+03
 0.50985976880425E+03
 0.50972220157336E+03
 0.50952771730706E+03
 0.50933596233197E+03
 0.50912046795906E+03
 0.50888114352396E+03
 0.50861805724695E+03
 0.50833152299623E+03
 0.50802180665602E+03
 0.50768994624456E+03
 0.50733648922275E+03
 0.50696204460221E+03
 0.50656729621220E+03
 0.50615394562680E+03
 0.50572244446334E+03
 0.50527363157271E+03
 0.50480979435212E+03
 0.50433103319888E+03
 0.50383890112255E+03
 0.50333387231351E+03
 0.50281807600748E+03
 0.50229294504284E+03
 0.50175658650237E+03
 0.50121277818212E+03
 0.50066219951714E+03
 0.50010495241805E+03
 0.49954060488373E+03
 0.49897159857351E+03
 0.49839975214601E+03
 0.49782414484163E+03
 0.49724440126049E+03
 0.49666157857568E+03
 0.49607762120668E+03
 0.49549087728153E+03
 0.49490325325844E+03
 0.49431393206291E+03
 0.49372228475382E+03
 0.49312978810452E+03
 0.49253687247791E+03
 0.49194076612479E+03
 0.49134482228892E+03
 0.49075020319049E+03
 0.49014617080708E+03
 0.48954815360328E+03
 0.48894796945470E+03
 0.48834064971629E+03
 0.48773736816901E+03
 0.48712296320468E+03
 0.48651008062866E+03
 0.48590296965256E+03
 0.48528328492173E+03
 0.48466596943218E+03
 0.48403494490021E+03
 0.48340304966944E+03
 0.48277691053988E+03
 0.48212961986012E+03
 0.48148844844031E+03
 0.48083352320542E+03
 0.48017514949468E+03
 0.47950416050550E+03
 0.47884094517382E+03
 0.47815567962309E+03
 0.47746754603979E+03
 0.47677250741091E+03
 0.47607124291932E+03
 0.47535949328630E+03
 0.47462530076715E+03
 0.47389340152845E+03
 0.47315324773553E+03
 0.47239187400895E+03
 0.47162150271135E+03
 0.47083420099360E+03
 0.47005120769796E+03
 0.46925747783221E+03
 0.46843652209433E+03
 0.46759760817005E+03
 0.46676604122886E+03
 0.46592486501365E+03
 0.46504726968583E+03
 0.46417476744534E+03
 0.46327985552897E+03
 0.46237660014243E+03
 0.46144744407546E+03
 0.46051821229819E+03
 0.45957694850257E+03
 0.45861037495060E+03
 0.45762198379684E+03
 0.45663068360465E+03
 0.45563910748512E+03
 0.45460421829415E+03
 0.45356649010192E+03
 0.45252889197849E+03
 0.45148369297343E+03
 0.45041363719379E+03
 0.44933850269712E+03
 0.44824658441368E+03
 0.44713559908551E+03
 0.44604120966800E+03
 0.44493911438323E+03
 0.44383862087964E+03
 0.44273524186134E+03
 0.44164852756934E+03
 0.44058832281164E+03
 0.43956482876417E+03
 0.43855599739476E+03
 0.43760655030071E+03
 0.43675547486823E+03
 0.43602339015460E+03
 0.43544352362276E+03
 0.43503833997299E+03
 0.43491441564325E+03
 0.43516400655286E+03
 0.43590468553116E+03
 0.43737638255372E+03
 0.43962030528101E+03
 0.44319355067746E+03
 0.44845236989366E+03
 0.45593570463383E+03
 0.46648063657060E+03
 0.48094658582241E+03
 0.50037681832234E+03
 0.52585198905085E+03
 0.55850182394552E+03
 0.59976363533986E+03
 0.65067433682497E+03
 0.71203595486821E+03
 0.78510428181859E+03
 0.86995738749544E+03
 0.96787487284713E+03
 0.10778670235719E+04
 0.12002420716343E+04
 0.13333795130736E+04
 0.14718531499070E+04
 0.16151664719524E+04
 0.17586642934378E+04
 0.18933366312033E+04
 0.20174601524198E+04
 0.21249535280364E+04
 0.22148499236070E+04
 0.22863740894372E+04
 0.23415247522349E+04
 0.23816648929515E+04
 0.24099517696097E+04
 0.24298220618007E+04
 0.24432909302916E+04
 0.24523797679113E+04
 0.24587318086500E+04
 0.24639873878328E+04
 0.24688757793866E+04
 0.24740918719132E+04
 0.24802093658249E+04
 0.24874641407549E+04
 0.24959560437993E+04
 0.25061388144828E+04
 0.25178496864194E+04
 0.25310276432438E+04
 0.25459548754092E+04
 0.25625306906017E+04
 0.25804984428605E+04
 0.26001401022983E+04
 0.26211939559106E+04
 0.26438544019950E+04
 0.26676777778901E+04
 0.26930493399920E+04
 0.27196733436876E+04
 0.27477966960555E+04
 0.27769870287771E+04
 0.28075812019834E+04
 0.28392104326362E+04
 0.28721424955283E+04
 0.29061910202811E+04
 0.29414414564037E+04
 0.29777616509674E+04
 0.30152785709443E+04
 0.30538769719697E+04
 0.30935547056523E+04
 0.31342630296968E+04
 0.31760084810734E+04
 0.32188712336101E+04
 0.32628351138829E+04
 0.33078369424968E+04
 0.33538354595379E+04
 0.34009525976018E+04
 0.34490549210977E+04
 0.34983147952568E+04
 0.35485459277596E+04
 0.35999390789915E+04
 0.36523018565536E+04
 0.37058002931699E+04
 0.37603963871067E+04
 0.38160711368045E+04
 0.38728176541462E+04
 0.39307276679527E+04
 0.39897516410133E+04
 0.40499579313525E+04
 0.41112336076087E+04
 0.41737094496592E+04
 0.42373726708151E+04
 0.43022303299149E+04
 0.43683143125949E+04
 0.44355990393081E+04
 0.45041686747700E+04
 0.45739834576127E+04
 0.46451169320096E+04
 0.47175676623320E+04
 0.47913262095364E+04
 0.48664593608960E+04
 0.49429554141856E+04
 0.50208742485991E+04
 0.51002121782835E+04
 0.51810288330241E+04
 0.52633331497055E+04
 0.53471549139119E+04
 0.54325254493776E+04
 0.55194678071277E+04
 0.56080685957326E+04
 0.56982740342618E+04
 0.57902118554764E+04
 0.58838288072382E+04
 0.59792750468023E+04
 0.60764534124993E+04
 0.61755499621248E+04
 0.62765342222576E+04
 0.63793878652875E+04
 0.64843358702730E+04
 0.65912753441890E+04
 0.67002272924386E+04
 0.68114126776153E+04
 0.69247852874073E+04
 0.70404255083361E+04
 0.71583377850821E+04
 0.72786351212969E+04
 0.74015279101896E+04
 0.75267065824389E+04
 0.76547340157130E+04
 0.77852200781742E+04
 0.79185910725560E+04
 0.80548050998417E+04
 0.81937909915060E+04
 0.83359308156222E+04
 0.84813427884351E+04
 0.86296145828584E+04
 0.87814732174339E+04
 0.89365498866058E+04
 0.90952010933621E+04
 0.92577903238883E+04
 0.94241384496801E+04
 0.95943058977860E+04
 0.97683487430208E+04
 0.99469965307877E+04
 0.10130046289658E+05
 0.10317464554488E+05
 0.10509820219555E+05
 0.10707368557919E+05
 0.10909343697781E+05
 0.11116785318167E+05
 0.11330377360768E+05
 0.11549799369034E+05
 0.11774992420847E+05
 0.12007322103885E+05
 0.12245369362575E+05
 0.12490629797810E+05
 0.12743693167349E+05
 0.13004143162978E+05
 0.13273211798888E+05
 0.13550646767121E+05
 0.13836552923837E+05
 0.14132244362530E+05
 0.14439363400531E+05
 0.14755890817311E+05
 0.15085053243409E+05
 0.15425014430392E+05
 0.15777133434171E+05
 0.16145685731982E+05
 0.16525455321161E+05
 0.16923963379413E+05
 0.17336668332493E+05
 0.17768071135448E+05
 0.18219964013515E+05
 0.18691253581980E+05
 0.19186083477979E+05
 0.19704083577583E+05
