 0.25955908804632E+10
 0.25957108867719E+10
 0.25959108782898E+10
 0.25961908750767E+10
 0.25965508759658E+10
 0.25969908781553E+10
 0.25975108684409E+10
 0.25981108744504E+10
 0.25987908512540E+10
 0.25995508476917E+10
 0.26003908430600E+10
 0.26013108352880E+10
 0.26023108217798E+10
 0.26033908214694E+10
 0.26045508158258E+10
 0.26057908233063E+10
 0.26071108298795E+10
 0.26085108471637E+10
 0.26099908764865E+10
 0.26115509227192E+10
 0.26131909720071E+10
 0.26149110728777E+10
 0.26167111950145E+10
 0.26185913523283E+10
 0.26205515534195E+10
 0.26225918178068E+10
 0.26247121323452E+10
 0.26269125369496E+10
 0.26291930185932E+10
 0.26315536198378E+10
 0.26339942203262E+10
 0.26365149706025E+10
 0.26391158437034E+10
 0.26417967363862E+10
 0.26445578681469E+10
 0.26473989344120E+10
 0.26503199802686E+10
 0.26533211741116E+10
 0.26564022884490E+10
 0.26595635234124E+10
 0.26628045400121E+10
 0.26661254170047E+10
 0.26695260255876E+10
 0.26730063428130E+10
 0.26765662727361E+10
 0.26802056203836E+10
 0.26839242131856E+10
 0.26877218657020E+10
 0.26915984225836E+10
 0.26955536637177E+10
 0.26995870944499E+10
 0.27036986913922E+10
 0.27078878993585E+10
 0.27121544719506E+10
 0.27164978615461E+10
 0.27209174958154E+10
 0.27254128957420E+10
 0.27299836163477E+10
 0.27346287781898E+10
 0.27393473640631E+10
 0.27441394451045E+10
 0.27490031072206E+10
 0.27539381504178E+10
 0.27589433793601E+10
 0.27640180989314E+10
 0.27691604099602E+10
 0.27743693513021E+10
 0.27796439463332E+10
 0.27849831577311E+10
 0.27903847389132E+10
 0.27958467493899E+10
 0.28013681539100E+10
 0.28069479896060E+10
 0.28125843881827E+10
 0.28182749331577E+10
 0.28240179093174E+10
 0.28298108816132E+10
 0.28356532888166E+10
 0.28415435180269E+10
 0.28474746026812E+10
 0.28534496541946E+10
 0.28594644411366E+10
 0.28655156571059E+10
 0.28716024163977E+10
 0.28777198504563E+10
 0.28838668830498E+10
 0.28900432671177E+10
 0.28962429851388E+10
 0.29024637556967E+10
 0.29086988797204E+10
 0.29149542191809E+10
 0.29212202959601E+10
 0.29274950157321E+10
 0.29337746186461E+10
 0.29400624571567E+10
 0.29463531972539E+10
 0.29526260836399E+10
 0.29589016414331E+10
 0.29651642619398E+10
 0.29714091644347E+10
 0.29776397623971E+10
 0.29838490331348E+10
 0.29900365048277E+10
 0.29961886518995E+10
 0.30023088600071E+10
 0.30083951950280E+10
 0.30144375929865E+10
 0.30204364851613E+10
 0.30263816136672E+10
 0.30322911028750E+10
 0.30381395952410E+10
 0.30439350283524E+10
 0.30496614862824E+10
 0.30553248482515E+10
 0.30609020491368E+10
 0.30664353861838E+10
 0.30718862566862E+10
 0.30772634827673E+10
 0.30825634045321E+10
 0.30877873548153E+10
 0.30929368444662E+10
 0.30980253032900E+10
 0.31030272572013E+10
 0.31079552136434E+10
 0.31128407785615E+10
 0.31176821107864E+10
 0.31224891615060E+10
 0.31272466223128E+10
 0.31319971567296E+10
 0.31367858622198E+10
 0.31416042156827E+10
 0.31464987181095E+10
 0.31515147362616E+10
 0.31566963812385E+10
 0.31620745790239E+10
 0.31677438060275E+10
 0.31736924983788E+10
 0.31800210335659E+10
 0.31867573554879E+10
 0.31939049522949E+10
 0.32014598809362E+10
 0.32094006366637E+10
 0.32176815506728E+10
 0.32262381810551E+10
 0.32350378040198E+10
 0.32440521798508E+10
 0.32532456804258E+10
 0.32625897258439E+10
 0.32720705083751E+10
 0.32817043277747E+10
 0.32914673028276E+10
 0.33013689506026E+10
 0.33114190081298E+10
 0.33215791744626E+10
 0.33318982625441E+10
 0.33423179899103E+10
 0.33528919460349E+10
 0.33635921825048E+10
 0.33744255326557E+10
 0.33853846111876E+10
 0.33964645754092E+10
 0.34076754967291E+10
 0.34190027725023E+10
 0.34304545397156E+10
 0.34420154325860E+10
 0.34537102810026E+10
 0.34655001876129E+10
 0.34774180247100E+10
 0.34894317349079E+10
 0.35015595306355E+10
 0.35137991543160E+10
 0.35261294256679E+10
 0.35385883235861E+10
 0.35511317887065E+10
 0.35637640492222E+10
 0.35765259139054E+10
 0.35893651219593E+10
 0.36023068309070E+10
 0.36153610982641E+10
 0.36285064569835E+10
 0.36417375950927E+10
 0.36550686095434E+10
 0.36684863213363E+10
 0.36820085114478E+10
 0.36956191522093E+10
 0.37093347821723E+10
 0.37231226757786E+10
 0.37370023714967E+10
 0.37509815027127E+10
 0.37650627675852E+10
 0.37792087305638E+10
 0.37934594592937E+10
 0.38077986287111E+10
 0.38222198640196E+10
 0.38367326651663E+10
 0.38513361108188E+10
 0.38660201034707E+10
 0.38807954339021E+10
 0.38956477359418E+10
 0.39106078847799E+10
 0.39256388501171E+10
 0.39407516592227E+10
 0.39559669192073E+10
 0.39712576290104E+10
 0.39866400351053E+10
 0.40021035646737E+10
 0.40176542588874E+10
 0.40332871238599E+10
 0.40490023916046E+10
 0.40648131642143E+10
 0.40807035625167E+10
 0.40966735667680E+10
 0.41127356083132E+10
 0.41288737151584E+10
 0.41451086815690E+10
 0.41614145067875E+10
 0.41778071710706E+10
 0.41942882885846E+10
 0.42108445224215E+10
 0.42274951188977E+10
 0.42442273969059E+10
 0.42610356955039E+10
 0.42779341557168E+10
 0.42949128163855E+10
 0.43119843212213E+10
 0.43291307418536E+10
 0.43463584549463E+10
 0.43636691223186E+10
 0.43810661204344E+10
 0.43985549624439E+10
 0.44161219616671E+10
 0.44337675180296E+10
 0.44515040061443E+10
 0.44693104763766E+10
 0.44872125951314E+10
 0.45051943661686E+10
 0.45232602745441E+10
 0.45413993793041E+10
 0.45596251537077E+10
 0.45779442510249E+10
 0.45963383260772E+10
 0.46148223850953E+10
 0.46333761549676E+10
 0.46520250197928E+10
 0.46707494782488E+10
 0.46895622393209E+10
 0.47084611671490E+10
 0.47274320226337E+10
 0.47464815686737E+10
 0.47656314731351E+10
 0.47848572594703E+10
 0.48041618862975E+10
 0.48235494880214E+10
 0.48430224634453E+10
 0.48625826608691E+10
 0.48822110854619E+10
 0.49019378115077E+10
 0.49217416589046E+10
 0.49416259682644E+10
 0.49615949366978E+10
 0.49816463207603E+10
 0.50017806340625E+10
 0.50219997492127E+10
 0.50422973968275E+10
 0.50626718518069E+10
 0.50831421090308E+10
 0.51036878104039E+10
 0.51243243202923E+10
 0.51450362311700E+10
 0.51658335612550E+10
 0.51867038248832E+10
 0.52076633294103E+10
 0.52287089899030E+10
 0.52498320401596E+10
 0.52710399078449E+10
 0.52923275212159E+10
 0.53137032600724E+10
 0.53351606057475E+10
 0.53566999130592E+10
 0.53783186190880E+10
 0.54000289806258E+10
 0.54218131440368E+10
 0.54436758222599E+10
 0.54656338763276E+10
 0.54876719554884E+10
 0.55097872708644E+10
 0.55319835677941E+10
 0.55542652668386E+10
 0.55766334617165E+10
 0.55990800014936E+10
 0.56216055857211E+10
 0.56442165082258E+10
 0.56669206097362E+10
 0.56896845056751E+10
 0.57125585551604E+10
 0.57354933204590E+10
 0.57585193372769E+10
 0.57816283228748E+10
 0.58048154897452E+10
 0.58280883711234E+10
