 0.98444459134164E+00
 0.98444459134164E+00
 0.98444459134164E+00
 0.98444459134164E+00
 0.98444459134164E+00
 0.98444459134164E+00
 0.98444459134164E+00
 0.98444459134164E+00
 0.98444459134164E+00
 0.98444459763444E+00
 0.98444429401300E+00
 0.98444472865203E+00
 0.98444477837906E+00
 0.98444469753260E+00
 0.98444461697639E+00
 0.98444436305912E+00
 0.98444495910910E+00
 0.98444473861220E+00
 0.98444478790643E+00
 0.98444462091361E+00
 0.98444462345588E+00
 0.98444493245485E+00
 0.98444461565233E+00
 0.98444462952320E+00
 0.98444470506063E+00
 0.98444481443056E+00
 0.98444481757877E+00
 0.98444458690814E+00
 0.98444450047068E+00
 0.98444516456467E+00
 0.98444486522438E+00
 0.98444494981292E+00
 0.98444481778105E+00
 0.98445165634130E+00
 0.98444378249798E+00
 0.98444646916814E+00
 0.98444496183293E+00
 0.98444740164851E+00
 0.98445503164276E+00
 0.98444462263428E+00
 0.98445780291292E+00
 0.98445704374553E+00
 0.98444425328708E+00
 0.98445801893350E+00
 0.98444947187431E+00
 0.98444759034579E+00
 0.98444476595672E+00
 0.98444460382031E+00
 0.98448821968453E+00
 0.98448157397181E+00
 0.98449124411577E+00
 0.98445136391062E+00
 0.98445671319066E+00
 0.98446539381170E+00
 0.98448545953269E+00
 0.98448658229780E+00
 0.98448545809019E+00
 0.98444710774098E+00
 0.98446784143058E+00
 0.98447404790259E+00
 0.98444311545030E+00
 0.98448744894375E+00
 0.98446524945327E+00
 0.98449217947472E+00
 0.98445589861575E+00
 0.98448819121053E+00
 0.98448808349296E+00
 0.98447855618672E+00
 0.98442637233455E+00
 0.98443150764272E+00
 0.98448933266351E+00
 0.98444353000902E+00
 0.98444922153747E+00
 0.98446347035747E+00
 0.98443095465036E+00
 0.98445487719087E+00
 0.98447687124101E+00
 0.98444623495378E+00
 0.98447044239050E+00
 0.98448625225487E+00
 0.98445602550508E+00
 0.98448788531205E+00
 0.98444073720708E+00
 0.98445331413563E+00
 0.98442751944301E+00
 0.98445702950471E+00
 0.98440704559755E+00
 0.98443202440183E+00
 0.98442467216095E+00
 0.98446040763877E+00
 0.98441402662749E+00
 0.98448378430147E+00
 0.98440273746720E+00
 0.98444138919762E+00
 0.98442863944572E+00
 0.98447712070186E+00
 0.98444152446351E+00
 0.98439670043494E+00
 0.98443425062903E+00
 0.98447323624897E+00
 0.98447650314147E+00
 0.98445088379636E+00
 0.98444603766665E+00
 0.98443144620661E+00
 0.98443475954944E+00
 0.98444065146063E+00
 0.98441161926426E+00
 0.98444041336351E+00
 0.98443913615788E+00
 0.98443370965459E+00
 0.98443708959639E+00
 0.98441527122414E+00
 0.98446729311936E+00
 0.98444723320986E+00
 0.98446042230984E+00
 0.98447742406580E+00
 0.98444654509499E+00
 0.98445005846453E+00
 0.98445407330063E+00
 0.98448001818685E+00
 0.98450264091516E+00
 0.98451884894586E+00
 0.98446646958894E+00
 0.98452037322067E+00
 0.98449989450545E+00
 0.98450613815332E+00
 0.98454866361273E+00
 0.98448898094819E+00
 0.98456334352380E+00
 0.98459263733065E+00
 0.98456481747012E+00
 0.98459383993165E+00
 0.98463055615839E+00
 0.98459235769086E+00
 0.98468082000949E+00
 0.98462883208841E+00
 0.98467498930258E+00
 0.98468818602163E+00
 0.98472674294149E+00
 0.98480970956827E+00
 0.98481113118650E+00
 0.98480328409526E+00
 0.98480021600021E+00
 0.98483557210440E+00
 0.98486389049116E+00
 0.98489284446044E+00
 0.98492189961965E+00
 0.98493020658053E+00
 0.98494154616825E+00
 0.98491467876230E+00
 0.98499896353852E+00
 0.98494113893070E+00
 0.98497676746280E+00
 0.98497856465421E+00
 0.98488303061024E+00
 0.98486972005428E+00
 0.98485952535993E+00
 0.98481594629652E+00
 0.98478629331960E+00
 0.98473860645202E+00
 0.98472647643165E+00
 0.98461901977895E+00
 0.98456774893117E+00
 0.98449869228125E+00
 0.98445952109644E+00
 0.98429869473226E+00
 0.98424892214215E+00
 0.98415489470226E+00
 0.98396154583188E+00
 0.98392407435671E+00
 0.98378183932669E+00
 0.98363516784324E+00
 0.98345521790521E+00
 0.98325521654494E+00
 0.98309447989470E+00
 0.98290296365298E+00
 0.98275298043224E+00
 0.98252572067691E+00
 0.98232129684563E+00
 0.98203835604453E+00
 0.98180391946754E+00
 0.98151368367412E+00
 0.98128286085030E+00
 0.98094674760261E+00
 0.98062527051416E+00
 0.98034882484572E+00
 0.98004710150181E+00
 0.97973779235679E+00
 0.97932499791218E+00
 0.97891249060714E+00
 0.97856720835179E+00
 0.97814464711951E+00
 0.97784349351938E+00
 0.97736086069460E+00
 0.97692011979305E+00
 0.97654054454470E+00
 0.97599950547644E+00
 0.97556525881807E+00
 0.97505336001344E+00
 0.97451314041456E+00
