 0.10795098908076E+04
 0.10795098908076E+04
 0.10795098908076E+04
 0.10795098908076E+04
 0.10795098908076E+04
 0.10795098908076E+04
 0.10795098908076E+04
 0.10795098908076E+04
 0.10795098908076E+04
 0.10795204695579E+04
 0.10793534522789E+04
 0.10796090611243E+04
 0.10796546482137E+04
 0.10795797082771E+04
 0.10795000585310E+04
 0.10793813043206E+04
 0.10797916670243E+04
 0.10796270542626E+04
 0.10796416469556E+04
 0.10795161055014E+04
 0.10795252118518E+04
 0.10797506805587E+04
 0.10795230573106E+04
 0.10795441720300E+04
 0.10795805835280E+04
 0.10796668978026E+04
 0.10796564894077E+04
 0.10795385905490E+04
 0.10794742540924E+04
 0.10799350942607E+04
 0.10797605535451E+04
 0.10798503345498E+04
 0.10797034026447E+04
 0.10804244050424E+04
 0.10791448699051E+04
 0.10800453750469E+04
 0.10798320131082E+04
 0.10801095455244E+04
 0.10807104223793E+04
 0.10797017147143E+04
 0.10809481476584E+04
 0.10808747170835E+04
 0.10793812769323E+04
 0.10809562776261E+04
 0.10802587474812E+04
 0.10801264590421E+04
 0.10798420217852E+04
 0.10796932723979E+04
 0.10782456360052E+04
 0.10770320215681E+04
 0.10793324652665E+04
 0.10804334100091E+04
 0.10808504323721E+04
 0.10816029715548E+04
 0.10777384409356E+04
 0.10780015930967E+04
 0.10777338860184E+04
 0.10800895019649E+04
 0.10818501517701E+04
 0.10760896661786E+04
 0.10789889722522E+04
 0.10824589736399E+04
 0.10854946890817E+04
 0.10802433423652E+04
 0.10807748646254E+04
 0.10781664702123E+04
 0.10821951210706E+04
 0.10764514905898E+04
 0.10884209675943E+04
 0.10765026608474E+04
 0.10786668355840E+04
 0.10789589823444E+04
 0.10794890838133E+04
 0.10855392320434E+04
 0.10880895048062E+04
 0.10863277274365E+04
 0.10840863772014E+04
 0.10824175621005E+04
 0.10847046405410E+04
 0.10827757004307E+04
 0.10861436752584E+04
 0.10791273163221E+04
 0.10835098920188E+04
 0.10864290406296E+04
 0.10764838399314E+04
 0.10858718405042E+04
 0.10867474236262E+04
 0.10772106791148E+04
 0.10765535755279E+04
 0.10817018944481E+04
 0.10882457567136E+04
 0.10810090542424E+04
 0.10869299737657E+04
 0.10823550959352E+04
 0.10878463795234E+04
 0.10826517455587E+04
 0.10811820740355E+04
 0.10872228777085E+04
 0.10777692652946E+04
 0.10775882800004E+04
 0.10820538320983E+04
 0.10814681062640E+04
 0.10862026164846E+04
 0.10829994150274E+04
 0.10869887714587E+04
 0.10805767423394E+04
 0.10886747063604E+04
 0.10796780323771E+04
 0.10805691450821E+04
 0.10785955533675E+04
 0.10778705708504E+04
 0.10888133452751E+04
 0.10758946791803E+04
 0.10802660082655E+04
 0.10816322697240E+04
 0.10757847931111E+04
 0.10778811692519E+04
 0.10799655831940E+04
 0.10829142365161E+04
 0.10856175504466E+04
 0.10772513916392E+04
 0.10794459308279E+04
 0.10894731350948E+04
 0.10762964518678E+04
 0.10797657096772E+04
 0.10831883631721E+04
 0.10757198875264E+04
 0.10869809459000E+04
 0.10845299340104E+04
 0.10776771796149E+04
 0.10872906196081E+04
 0.10812353881083E+04
 0.10851055268483E+04
 0.10860794103521E+04
 0.10823749607005E+04
 0.10867004148483E+04
 0.10847082764142E+04
 0.10885478248760E+04
 0.10776361073151E+04
 0.10822174076603E+04
 0.10855999552589E+04
 0.10780264726774E+04
 0.10876942441169E+04
 0.10887072017582E+04
 0.10859948899054E+04
 0.10849337956519E+04
 0.10794817321378E+04
 0.10799680364262E+04
 0.10886068581404E+04
 0.10776135009715E+04
 0.10807171979457E+04
 0.10848616256985E+04
 0.10868801536236E+04
 0.10840287800499E+04
 0.10787355525064E+04
 0.10794653209465E+04
 0.10810252064687E+04
 0.10802407611724E+04
 0.10824967895006E+04
 0.10824756993077E+04
 0.10907416978054E+04
 0.10917258936373E+04
 0.10898816397099E+04
 0.10877230846326E+04
 0.10865128749929E+04
 0.10849246606246E+04
 0.10850303263794E+04
 0.10873892990542E+04
 0.10860121240600E+04
 0.10941715015705E+04
 0.10966520851116E+04
 0.10962070551770E+04
 0.10895909887226E+04
 0.10922002998946E+04
 0.10907507895206E+04
 0.10962745057238E+04
 0.10978647914739E+04
 0.11039066218261E+04
 0.11009853785552E+04
 0.11015284481474E+04
 0.10958134214640E+04
 0.10961816642018E+04
 0.11020490815312E+04
 0.10977804271954E+04
 0.11013476043009E+04
 0.11027550252899E+04
 0.11029185949578E+04
 0.11107359846086E+04
 0.11042363400231E+04
 0.11019572353975E+04
 0.11082614788770E+04
 0.11047154122898E+04
 0.11185255739745E+04
 0.11104685170614E+04
 0.11194770627600E+04
 0.11235193117239E+04
 0.11095756811765E+04
 0.11220932523242E+04
 0.11225274784603E+04
 0.11260772730659E+04
