 0.16433157382286E+00
 0.16433157382282E+00
 0.16433157382234E+00
 0.16433157385039E+00
 0.16433157499028E+00
 0.16433158598202E+00
 0.16433163381055E+00
 0.16433176347566E+00
 0.16433202387892E+00
 0.16433244808572E+00
 0.16433303974013E+00
 0.16433376874164E+00
 0.16433458085972E+00
 0.16433538244398E+00
 0.16433606599995E+00
 0.16433653344446E+00
 0.16433660085651E+00
 0.16433615988803E+00
 0.16433510432558E+00
 0.16433321803275E+00
 0.16431527429018E+00
 0.16430741463967E+00
 0.16429812651672E+00
 0.16428726756296E+00
 0.16427465897242E+00
 0.16426024938805E+00
 0.16424384537242E+00
 0.16422525928838E+00
 0.16420453635813E+00
 0.16418145193032E+00
 0.16415577707043E+00
 0.16412745454907E+00
 0.16409636226789E+00
 0.16406218430099E+00
 0.16402492642841E+00
 0.16398412935459E+00
 0.16394030022154E+00
 0.16389232119730E+00
 0.16384058352540E+00
 0.16378514575363E+00
 0.16372538401772E+00
 0.16366139268909E+00
 0.16359370757224E+00
 0.16352062082599E+00
 0.16344336444561E+00
 0.16336092682546E+00
 0.16327373650128E+00
 0.16318163596891E+00
 0.16308458783755E+00
 0.16298179099085E+00
 0.16287427716520E+00
 0.16276137600752E+00
 0.16264312752570E+00
 0.16252000023220E+00
 0.16238900534858E+00
 0.16225405857725E+00
 0.16211364236990E+00
 0.16196817667613E+00
 0.16181532037248E+00
 0.16165572599536E+00
 0.16149171763460E+00
 0.16132118258776E+00
 0.16114448720757E+00
 0.16096071119306E+00
 0.16077163231615E+00
 0.16057557635856E+00
 0.16036991156571E+00
 0.16016324873779E+00
 0.15994100216369E+00
 0.15972056816320E+00
 0.15948459067056E+00
 0.15924570749991E+00
 0.15899190477676E+00
 0.15873640124263E+00
 0.15847195841089E+00
 0.15819680573547E+00
 0.15791283118258E+00
 0.15761883982209E+00
 0.15731250566849E+00
 0.15700382871985E+00
 0.15667345636556E+00
 0.15633511941891E+00
 0.15599159380127E+00
 0.15562909203241E+00
 0.15525309802436E+00
 0.15486063012069E+00
 0.15446068623426E+00
 0.15404432044609E+00
 0.15360547838709E+00
 0.15315735202411E+00
 0.15269322937586E+00
 0.15220002230443E+00
 0.15170149817744E+00
 0.15117719947278E+00
 0.15062978070444E+00
 0.15005611390545E+00
 0.14946647169268E+00
 0.14884980213139E+00
 0.14820759708071E+00
 0.14753727615023E+00
 0.14683729816571E+00
 0.14611047474360E+00
 0.14535325367048E+00
 0.14455572375206E+00
 0.14372733660634E+00
 0.14286406839787E+00
 0.14196172062708E+00
 0.14101505162610E+00
 0.14001678177717E+00
 0.13898785731839E+00
 0.13789977246195E+00
 0.13675878898281E+00
 0.13556910860269E+00
 0.13431495455995E+00
 0.13299606481466E+00
 0.13164051235775E+00
 0.13017119480123E+00
 0.12864949738093E+00
 0.12705197595728E+00
 0.12537695851344E+00
 0.12360219840814E+00
 0.12174271700878E+00
 0.11976899526497E+00
 0.11771764215286E+00
 0.11552065091134E+00
 0.11323969912807E+00
 0.11082259410759E+00
 0.10822450246912E+00
 0.10549284130001E+00
 0.10264356307566E+00
 0.99600824092213E-01
 0.96396853804043E-01
 0.93058782371678E-01
 0.89483634567542E-01
 0.85705135603599E-01
 0.81817692450664E-01
 0.77732740135944E-01
 0.73458526548903E-01
 0.69094437057986E-01
 0.64682710161711E-01
 0.60193231982045E-01
 0.55759115604168E-01
 0.51431306333598E-01
 0.47278746549783E-01
 0.43294734638728E-01
 0.39598118097291E-01
 0.36212851129295E-01
 0.33059957923991E-01
 0.30189205919785E-01
 0.27583176845258E-01
 0.25270790273350E-01
 0.23140694086782E-01
 0.21255849709513E-01
 0.19540650191521E-01
 0.17996350300272E-01
 0.16609921302800E-01
 0.15353294871081E-01
 0.14217261563237E-01
 0.13190042429647E-01
 0.12252934614371E-01
 0.11406654062414E-01
 0.10636566230724E-01
 0.99319140956043E-02
 0.92917538186034E-02
 0.87058235940663E-02
 0.81653726962698E-02
 0.76754715569350E-02
 0.72204753172138E-02
 0.68034980236807E-02
 0.64171075215797E-02
 0.60616903617194E-02
 0.57300269351925E-02
 0.54270426442503E-02
 0.51431842949183E-02
 0.48807521360151E-02
 0.46347635275157E-02
 0.44060662521187E-02
 0.41925016448179E-02
 0.39941303592762E-02
 0.38087069653856E-02
 0.36344107607328E-02
 0.34701676452901E-02
 0.33164173068186E-02
 0.31726347804691E-02
 0.30374899564855E-02
 0.29095107240997E-02
 0.27889005329058E-02
 0.26753161504570E-02
 0.25687928506290E-02
 0.24670632354885E-02
 0.23715968816231E-02
 0.22807701055109E-02
 0.21943239141227E-02
 0.21129483778698E-02
 0.20355685143425E-02
 0.19620377976598E-02
 0.18921752407274E-02
 0.18258879237803E-02
 0.17625977099189E-02
 0.17021787522357E-02
