 0.61503569054433E+01
 0.61503569442521E+01
 0.61503571242289E+01
 0.61503576334659E+01
 0.61503587495692E+01
 0.61503608442607E+01
 0.61503643810685E+01
 0.61503698960624E+01
 0.61503779716234E+01
 0.61503891932745E+01
 0.61504041437638E+01
 0.61504233830926E+01
 0.61504477073913E+01
 0.61504776390012E+01
 0.61505143217700E+01
 0.61505580921151E+01
 0.61506105724133E+01
 0.61506729811775E+01
 0.61507467198580E+01
 0.61508335461753E+01
 0.61509339075052E+01
 0.61510520822823E+01
 0.61511884997257E+01
 0.61513448530089E+01
 0.61515225349379E+01
 0.61517230438968E+01
 0.61519461384892E+01
 0.61521949599943E+01
 0.61524684928016E+01
 0.61527645698845E+01
 0.61530804064415E+01
 0.61534180696832E+01
 0.61537710317982E+01
 0.61541339940121E+01
 0.61545097588127E+01
 0.61548869498467E+01
 0.61552624296993E+01
 0.61556258492399E+01
 0.61559768110422E+01
 0.61563104736343E+01
 0.61566009648001E+01
 0.61568584143849E+01
 0.61570726602211E+01
 0.61572307785827E+01
 0.61573170788159E+01
 0.61573338169803E+01
 0.61572791772874E+01
 0.61571361824670E+01
 0.61568906597294E+01
 0.61565374877778E+01
 0.61560789247303E+01
 0.61554949480231E+01
 0.61547867367365E+01
 0.61539418120229E+01
 0.61529461443637E+01
 0.61518018279584E+01
 0.61505058445223E+01
 0.61490313474027E+01
 0.61473951794296E+01
 0.61455971736659E+01
 0.61435635848446E+01
 0.61413911215069E+01
 0.61390192719153E+01
 0.61364112781076E+01
 0.61336411124163E+01
 0.61305991895959E+01
 0.61273701067144E+01
 0.61239800727555E+01
 0.61203026973885E+01
 0.61164373426304E+01
 0.61122696747561E+01
 0.61078905762685E+01
 0.61033432876091E+01
 0.60984350628827E+01
 0.60933588445188E+01
 0.60879794461391E+01
 0.60823627243391E+01
 0.60764383476584E+01
 0.60703644169136E+01
 0.60639150600051E+01
 0.60572366433299E+01
 0.60502925258761E+01
 0.60430982446602E+01
 0.60356085484000E+01
 0.60277430271940E+01
 0.60196871466985E+01
 0.60113572584149E+01
 0.60026620500317E+01
 0.59936830912627E+01
 0.59843660356880E+01
 0.59748800916185E+01
 0.59650984821227E+01
 0.59549016165763E+01
 0.59443523094325E+01
 0.59336595058394E+01
 0.59226874980864E+01
 0.59112102149872E+01
 0.58995687799498E+01
 0.58875511952439E+01
 0.58752454968852E+01
 0.58625240781081E+01
 0.58495964934602E+01
 0.58363537318990E+01
 0.58226992025239E+01
 0.58086325139144E+01
 0.57943317555258E+01
 0.57797966953596E+01
 0.57646729195220E+01
 0.57492832840615E+01
 0.57336617139500E+01
 0.57177293611752E+01
 0.57012968936973E+01
 0.56845482301168E+01
 0.56673567811921E+01
 0.56496718740809E+01
 0.56317550718107E+01
 0.56134412460021E+01
 0.55946570370629E+01
 0.55753521936704E+01
 0.55556372751066E+01
 0.55354987074736E+01
 0.55149498011998E+01
 0.54935742266589E+01
 0.54716149003067E+01
 0.54492258515302E+01
 0.54262736206441E+01
 0.54026441073123E+01
 0.53779126462539E+01
 0.53524142555308E+01
 0.53261626904279E+01
 0.52988269232605E+01
 0.52701483045596E+01
 0.52405622558389E+01
 0.52094426323003E+01
 0.51766763686125E+01
 0.51427263748281E+01
 0.51067212895844E+01
 0.50689838765066E+01
 0.50293984983763E+01
 0.49880744629033E+01
 0.49448753711598E+01
 0.48994230241046E+01
 0.48518546231612E+01
 0.48023871128073E+01
 0.47507545170901E+01
 0.46974637104285E+01
 0.46420776347861E+01
 0.45853250225258E+01
 0.45270900937673E+01
 0.44677151151321E+01
 0.44084910083025E+01
 0.43487066722420E+01
 0.42888514248623E+01
 0.42304006666095E+01
 0.41728741423342E+01
 0.41171993216492E+01
 0.40632256563916E+01
 0.40114909548060E+01
 0.39616892274272E+01
 0.39143108775645E+01
 0.38692311571395E+01
 0.38261814306724E+01
 0.37852220028560E+01
 0.37463666068151E+01
 0.37096005058761E+01
 0.36745076526316E+01
 0.36411667912037E+01
 0.36094986794613E+01
 0.35792481115951E+01
 0.35504725847350E+01
 0.35231517484028E+01
 0.34968212485154E+01
 0.34717571644528E+01
 0.34479144287997E+01
 0.34249238136211E+01
 0.34028304592300E+01
 0.33818207825623E+01
 0.33614670678418E+01
 0.33419910995672E+01
 0.33230562942783E+01
 0.33051305258319E+01
 0.32876271682420E+01
 0.32708375688240E+01
 0.32543999630091E+01
 0.32387264236758E+01
 0.32234032663527E+01
 0.32087329406032E+01
 0.31943960637919E+01
 0.31805652965354E+01
 0.31670649356650E+01
 0.31540153928645E+01
 0.31412443272415E+01
 0.31288417066963E+01
 0.31168028760793E+01
 0.31051132520259E+01
 0.30937738422198E+01
 0.30826567345585E+01
 0.30717781888823E+01
 0.30611919467274E+01
 0.30509220568614E+01
