 0.34787160937283E+03
 0.34787161156786E+03
 0.34787162174707E+03
 0.34787165058348E+03
 0.34787171495032E+03
 0.34787184514725E+03
 0.34787209541115E+03
 0.34787254476409E+03
 0.34787327710366E+03
 0.34787435997285E+03
 0.34787583014891E+03
 0.34787768748437E+03
 0.34787992074500E+03
 0.34788245851257E+03
 0.34788527387786E+03
 0.34788822121278E+03
 0.34789127655051E+03
 0.34789436000876E+03
 0.34789739006562E+03
 0.34790031581835E+03
 0.34788707369985E+03
 0.34788548474896E+03
 0.34788337840965E+03
 0.34788072130699E+03
 0.34787743492031E+03
 0.34787348335101E+03
 0.34786863727221E+03
 0.34786314854968E+03
 0.34785673098177E+03
 0.34784902370376E+03
 0.34783960648254E+03
 0.34782877209118E+03
 0.34781570838757E+03
 0.34779983271095E+03
 0.34778167760022E+03
 0.34775994292876E+03
 0.34773448345117E+03
 0.34770422802929E+03
 0.34766949049884E+03
 0.34763000919040E+03
 0.34758276700674E+03
 0.34752955479485E+03
 0.34746951633995E+03
 0.34740145126693E+03
 0.34732376995956E+03
 0.34723732291291E+03
 0.34714243579502E+03
 0.34703738747598E+03
 0.34692085777877E+03
 0.34679273831403E+03
 0.34665389477896E+03
 0.34650221891093E+03
 0.34633845034591E+03
 0.34616143208035E+03
 0.34596988322868E+03
 0.34576459194511E+03
 0.34554566852426E+03
 0.34531005614807E+03
 0.34506046667064E+03
 0.34479737848599E+03
 0.34451142005491E+03
 0.34421588077419E+03
 0.34390312860583E+03
 0.34356869893912E+03
 0.34322277499950E+03
 0.34285118425471E+03
 0.34246544722322E+03
 0.34206930893967E+03
 0.34164643032181E+03
 0.34121008633927E+03
 0.34074552480795E+03
 0.34026488281961E+03
 0.33977400001987E+03
 0.33924784459216E+03
 0.33871175271201E+03
 0.33814818258702E+03
 0.33756579019182E+03
 0.33695557449922E+03
 0.33633802680313E+03
 0.33568380856336E+03
 0.33501197780617E+03
 0.33431771979857E+03
 0.33360291075734E+03
 0.33286164857880E+03
 0.33208354197385E+03
 0.33129218364646E+03
 0.33047670043822E+03
 0.32962520130535E+03
 0.32874789676742E+03
 0.32783747458944E+03
 0.32691530132781E+03
 0.32596476740420E+03
 0.32497050592157E+03
 0.32394001081126E+03
 0.32289922909820E+03
 0.32183060847565E+03
 0.32070478094082E+03
 0.31956460972263E+03
 0.31838256093466E+03
 0.31716891510724E+03
 0.31590716396960E+03
 0.31462268392544E+03
 0.31330102164817E+03
 0.31192903375148E+03
 0.31050588944306E+03
 0.30905253612362E+03
 0.30756784423531E+03
 0.30600639944885E+03
 0.30440703393156E+03
 0.30277279713330E+03
 0.30109185215231E+03
 0.29933911242133E+03
 0.29753544058313E+03
 0.29566306277151E+03
 0.29371317801787E+03
 0.29171618286745E+03
 0.28964917734048E+03
 0.28749957221255E+03
 0.28525780139876E+03
 0.28293515911530E+03
 0.28052545958672E+03
 0.27802647855346E+03
 0.27538253096144E+03
 0.27261844190167E+03
 0.26975010181248E+03
 0.26675607878374E+03
 0.26361741995351E+03
 0.26027519702024E+03
 0.25676850507841E+03
 0.25309835883662E+03
 0.24921965114812E+03
 0.24509885480422E+03
 0.24079612156802E+03
 0.23623399197852E+03
 0.23141301899404E+03
 0.22636265728283E+03
 0.22104784195667E+03
 0.21547287230386E+03
 0.20964879830895E+03
 0.20360489494470E+03
 0.19733926613079E+03
 0.19081712906723E+03
 0.18407495124269E+03
 0.17715950508607E+03
 0.17005662387297E+03
 0.16285265340943E+03
 0.15551427164489E+03
 0.14815501256756E+03
 0.14078091491380E+03
 0.13345265372379E+03
 0.12633475648192E+03
 0.11935211448333E+03
 0.11256630225313E+03
 0.10613536156661E+03
 0.99997900099593E+02
 0.94237583417296E+02
 0.88822642190117E+02
 0.83788023232138E+02
 0.79085898156533E+02
 0.74743516239814E+02
 0.70730619392759E+02
 0.67006890557476E+02
 0.63562433266948E+02
 0.60383845029031E+02
 0.57456155695387E+02
 0.54734556544646E+02
 0.52214897493330E+02
 0.49881479493592E+02
 0.47707078460651E+02
 0.45688362986226E+02
 0.43816706909011E+02
 0.42054262468224E+02
 0.40414593570341E+02
 0.38889335133708E+02
 0.37450301845477E+02
 0.36096864935490E+02
 0.34836839907857E+02
 0.33640948267614E+02
 0.32519754483062E+02
 0.31451067787424E+02
 0.30459340044663E+02
 0.29509094965963E+02
 0.28614815010237E+02
 0.27755132279960E+02
 0.26950630056276E+02
 0.26177893486286E+02
 0.25451333683132E+02
 0.24753329286889E+02
 0.24091541600196E+02
 0.23456241639364E+02
 0.22852407781439E+02
 0.22270906065835E+02
 0.21715290688800E+02
 0.21184563778022E+02
 0.20677318647830E+02
 0.20192901509388E+02
 0.19725021343579E+02
 0.19273953207777E+02
 0.18841549970053E+02
 0.18428300104826E+02
