 0.30964654458033E+03
 0.30964654458037E+03
 0.30964654458102E+03
 0.30964654462233E+03
 0.30964654557380E+03
 0.30964654936996E+03
 0.30964653212187E+03
 0.30964635945306E+03
 0.30964566553023E+03
 0.30964377523013E+03
 0.30963970462720E+03
 0.30963222550581E+03
 0.30961998037095E+03
 0.30960155328442E+03
 0.30957561171745E+03
 0.30954086596110E+03
 0.30949625382211E+03
 0.30944084647983E+03
 0.30937388598041E+03
 0.30929479833193E+03
 0.30918212737204E+03
 0.30907210097533E+03
 0.30894874957439E+03
 0.30881207594596E+03
 0.30866216913535E+03
 0.30849925082423E+03
 0.30832352322890E+03
 0.30813558397760E+03
 0.30793577936512E+03
 0.30772449432615E+03
 0.30750214847090E+03
 0.30726967687765E+03
 0.30702738250670E+03
 0.30677575800162E+03
 0.30651602891403E+03
 0.30624830908540E+03
 0.30597344890730E+03
 0.30569173041240E+03
 0.30540428513468E+03
 0.30511187316172E+03
 0.30481355150788E+03
 0.30451128035047E+03
 0.30420536840461E+03
 0.30389587389336E+03
 0.30358257304596E+03
 0.30326666490385E+03
 0.30294897079178E+03
 0.30262902454790E+03
 0.30230655275221E+03
 0.30198194837139E+03
 0.30165612194862E+03
 0.30132816485828E+03
 0.30099880110633E+03
 0.30066758300213E+03
 0.30033394977070E+03
 0.29999850596861E+03
 0.29966140208545E+03
 0.29932092505618E+03
 0.29897867630786E+03
 0.29863489080245E+03
 0.29828414475824E+03
 0.29793400194782E+03
 0.29757997393021E+03
 0.29721939687534E+03
 0.29685794274447E+03
 0.29648738044012E+03
 0.29611410370216E+03
 0.29573999470763E+03
 0.29535565411218E+03
 0.29496833067573E+03
 0.29456951273328E+03
 0.29416581052420E+03
 0.29376028510862E+03
 0.29333858315623E+03
 0.29291473099071E+03
 0.29247861791619E+03
 0.29203484924589E+03
 0.29157813286619E+03
 0.29111962243228E+03
 0.29064268022191E+03
 0.29015768248642E+03
 0.28966164883822E+03
 0.28915532664539E+03
 0.28863514857357E+03
 0.28809505340283E+03
 0.28754778836533E+03
 0.28698705285802E+03
 0.28640588172031E+03
 0.28580961676768E+03
 0.28519380916519E+03
 0.28457000754222E+03
 0.28392852617254E+03
 0.28326052270264E+03
 0.28256970427406E+03
 0.28186998321424E+03
 0.28115127448413E+03
 0.28039656381428E+03
 0.27962937815066E+03
 0.27883374476948E+03
 0.27801477617215E+03
 0.27716263250847E+03
 0.27629090793956E+03
 0.27539080743333E+03
 0.27445412598981E+03
 0.27347959843279E+03
 0.27247807080049E+03
 0.27144815937323E+03
 0.27036287219714E+03
 0.26924332408941E+03
 0.26809014445369E+03
 0.26689523135560E+03
 0.26564276494375E+03
 0.26434331576207E+03
 0.26298484672791E+03
 0.26156042278098E+03
 0.26008573219249E+03
 0.25854584920725E+03
 0.25693060402157E+03
 0.25523172821016E+03
 0.25345396783327E+03
 0.25159023959679E+03
 0.24963619191542E+03
 0.24755568835706E+03
 0.24535947872956E+03
 0.24305462040975E+03
 0.24062490901541E+03
 0.23805566505497E+03
 0.23530715077967E+03
 0.23240182875967E+03
 0.22934081051781E+03
 0.22609549504139E+03
 0.22264655918457E+03
 0.21903811547927E+03
 0.21522720350234E+03
 0.21123043522398E+03
 0.20705096131685E+03
 0.20272980212203E+03
 0.19825303216509E+03
 0.19365734336534E+03
 0.18898465696737E+03
 0.18425964718317E+03
 0.17948869049665E+03
 0.17472655179970E+03
 0.17003472335367E+03
 0.16544233967326E+03
 0.16103513315731E+03
 0.15683642215512E+03
 0.15294167111567E+03
 0.14938996156697E+03
 0.14624016989806E+03
 0.14357074919512E+03
 0.14136816512536E+03
 0.13965762981553E+03
 0.13845838058563E+03
 0.13773664636592E+03
 0.13746777426782E+03
 0.13761193534620E+03
 0.13812392568863E+03
 0.13896542705177E+03
 0.14008562272188E+03
 0.14144532872487E+03
 0.14301671829879E+03
 0.14476500737037E+03
 0.14665793991708E+03
 0.14866598174296E+03
 0.15078659376132E+03
 0.15299277438488E+03
 0.15526807882339E+03
 0.15761229851595E+03
 0.16000389622494E+03
 0.16242709958101E+03
 0.16490994148172E+03
 0.16741396401057E+03
 0.16992929188393E+03
 0.17248402614835E+03
 0.17506434418302E+03
 0.17763714062143E+03
 0.18024603190830E+03
 0.18285433997581E+03
 0.18550058108316E+03
 0.18810971342490E+03
 0.19076047922777E+03
 0.19340242330083E+03
 0.19608827962729E+03
 0.19874350641462E+03
 0.20143336876945E+03
 0.20409820668461E+03
 0.20679178725553E+03
 0.20947656537678E+03
 0.21218301175841E+03
 0.21488211548485E+03
 0.21760666387834E+03
 0.22033366425562E+03
 0.22305985283122E+03
 0.22578433529495E+03
 0.22850253517742E+03
 0.23124301590196E+03
 0.23399956336933E+03
 0.23675502746072E+03
 0.23949888742345E+03
