 0.53405578660231E+07
 0.53405578660231E+07
 0.53405578660231E+07
 0.53405578660231E+07
 0.53405578660231E+07
 0.53405578660231E+07
 0.53405578660231E+07
 0.53405578660231E+07
 0.53405578660231E+07
 0.53405578660231E+07
 0.53405578660232E+07
 0.53405578660234E+07
 0.53405578660238E+07
 0.53405578660235E+07
 0.53405578660229E+07
 0.53405578660228E+07
 0.53405578660221E+07
 0.53405578660210E+07
 0.53405578660193E+07
 0.53405578660168E+07
 0.53405578660177E+07
 0.53405578660124E+07
 0.53405578660078E+07
 0.53405578660014E+07
 0.53405578659951E+07
 0.53405578659910E+07
 0.53405578659975E+07
 0.53405578659799E+07
 0.53405578659554E+07
 0.53405578659374E+07
 0.53405578659362E+07
 0.53405578659060E+07
 0.53405578658966E+07
 0.53405578658904E+07
 0.53405578658384E+07
 0.53405578658114E+07
 0.53405578657534E+07
 0.53405578657869E+07
 0.53405578656695E+07
 0.53405578654690E+07
 0.53405578654654E+07
 0.53405578654458E+07
 0.53405578653713E+07
 0.53405578652117E+07
 0.53405578654564E+07
 0.53405578654171E+07
 0.53405578651246E+07
 0.53405578647007E+07
 0.53405578646340E+07
 0.53405578647186E+07
 0.53405578644048E+07
 0.53405578642234E+07
 0.53405578633286E+07
 0.53405578633572E+07
 0.53405578631346E+07
 0.53405578624434E+07
 0.53405578611390E+07
 0.53405578618619E+07
 0.53405578614268E+07
 0.53405578586289E+07
 0.53405578639440E+07
 0.53405578600466E+07
 0.53405578603522E+07
 0.53405578626637E+07
 0.53405578590202E+07
 0.53405578654707E+07
 0.53405578689112E+07
 0.53405578593478E+07
 0.53405578603218E+07
 0.53405578517588E+07
 0.53405578594261E+07
 0.53405578686341E+07
 0.53405578435951E+07
 0.53405578645926E+07
 0.53405578432762E+07
 0.53405578537829E+07
 0.53405578597821E+07
 0.53405578690290E+07
 0.53405578433133E+07
 0.53405578522383E+07
 0.53405578692221E+07
 0.53405578541236E+07
 0.53405578121031E+07
 0.53405578257049E+07
 0.53405578536686E+07
 0.53405578401960E+07
 0.53405578307473E+07
 0.53405578430106E+07
 0.53405578622229E+07
 0.53405579378754E+07
 0.53405578854018E+07
 0.53405578273139E+07
 0.53405578418011E+07
 0.53405579608620E+07
 0.53405578859650E+07
 0.53405577961980E+07
 0.53405579107303E+07
 0.53405578681102E+07
 0.53405578142404E+07
 0.53405578687443E+07
 0.53405579599694E+07
 0.53405578236034E+07
 0.53405578340620E+07
 0.53405578318494E+07
 0.53405579252796E+07
 0.53405579349069E+07
 0.53405579418369E+07
 0.53405581226446E+07
 0.53405582240016E+07
 0.53405579923172E+07
 0.53405578186005E+07
 0.53405577187068E+07
 0.53405576733000E+07
 0.53405578019631E+07
 0.53405577624315E+07
 0.53405577200315E+07
 0.53405576756978E+07
 0.53405575827559E+07
 0.53405576356482E+07
 0.53405578158972E+07
 0.53405579722158E+07
 0.53405577208523E+07
 0.53405580310706E+07
 0.53405587481317E+07
 0.53405585013839E+07
 0.53405581220540E+07
 0.53405574153611E+07
 0.53405578609623E+07
 0.53405571311274E+07
 0.53405573914060E+07
 0.53405570646067E+07
 0.53405577279630E+07
 0.53405569854688E+07
 0.53405566189395E+07
 0.53405572788815E+07
 0.53405558479040E+07
 0.53405573189500E+07
 0.53405582306532E+07
 0.53405579915619E+07
 0.53405578495809E+07
 0.53405574617502E+07
 0.53405577730306E+07
 0.53405580680571E+07
 0.53405577129314E+07
 0.53405583432560E+07
 0.53405565905760E+07
 0.53405574643569E+07
 0.53405564131436E+07
 0.53405562201350E+07
 0.53405570619302E+07
 0.53405552909362E+07
 0.53405557593272E+07
 0.53405564838859E+07
 0.53405567031771E+07
 0.53405585941909E+07
 0.53405566356641E+07
 0.53405577972616E+07
 0.53405569955281E+07
 0.53405578304674E+07
 0.53405566985107E+07
 0.53405561824850E+07
 0.53405563243427E+07
 0.53405550824544E+07
 0.53405568975885E+07
 0.53405556354182E+07
 0.53405550279817E+07
 0.53405552330884E+07
 0.53405550292574E+07
 0.53405566878621E+07
 0.53405553830373E+07
 0.53405549836834E+07
 0.53405557896905E+07
 0.53405562541644E+07
 0.53405556951008E+07
 0.53405550770293E+07
 0.53405567910825E+07
 0.53405543903130E+07
 0.53405552223908E+07
 0.53405555585915E+07
 0.53405577680324E+07
 0.53405555208161E+07
 0.53405544435268E+07
 0.53405527192768E+07
 0.53405563555432E+07
 0.53405542976145E+07
 0.53405550022128E+07
 0.53405533438610E+07
 0.53405539140336E+07
 0.53405537947836E+07
 0.53405546779242E+07
 0.53405525822665E+07
 0.53405537693798E+07
 0.53405548938022E+07
 0.53405553731051E+07
 0.53405543814220E+07
 0.53405523683379E+07
 0.53405523549757E+07
 0.53405534982917E+07
 0.53405544366593E+07
 0.53405517950855E+07
