 0.12287856071230E+01
 0.12287856154771E+01
 0.12287856532512E+01
 0.12287857575042E+01
 0.12287859811654E+01
 0.12287863952375E+01
 0.12287871001449E+01
 0.12287882577229E+01
 0.12287901441678E+01
 0.12287932080140E+01
 0.12287981102368E+01
 0.12288057403488E+01
 0.12288172093827E+01
 0.12288337967606E+01
 0.12288569441769E+01
 0.12288881487073E+01
 0.12289289861368E+01
 0.12289810216856E+01
 0.12290457829089E+01
 0.12291247488424E+01
 0.12292192596504E+01
 0.12293307177276E+01
 0.12294602617740E+01
 0.12296089867691E+01
 0.12297778597758E+01
 0.12299677636946E+01
 0.12301794200071E+01
 0.12304136174286E+01
 0.12306708719080E+01
 0.12309515997497E+01
 0.12312561172275E+01
 0.12315849011634E+01
 0.12319379906604E+01
 0.12323154368267E+01
 0.12327175859102E+01
 0.12331441076895E+01
 0.12335950017801E+01
 0.12340698820601E+01
 0.12345687627149E+01
 0.12350913976863E+01
 0.12356365753050E+01
 0.12362045936602E+01
 0.12367948276849E+01
 0.12374064791820E+01
 0.12380385584943E+01
 0.12386908286187E+01
 0.12393628265434E+01
 0.12400533654034E+01
 0.12407613471691E+01
 0.12414860320849E+01
 0.12422269592660E+01
 0.12429826592958E+01
 0.12437525778728E+01
 0.12445354846513E+01
 0.12453301189477E+01
 0.12461358632895E+01
 0.12469518733940E+01
 0.12477762332986E+01
 0.12486089453361E+01
 0.12494492912382E+01
 0.12502931832153E+01
 0.12511442302121E+01
 0.12519989485636E+01
 0.12528549285704E+01
 0.12537147968632E+01
 0.12545727914362E+01
 0.12554320485736E+01
 0.12562930961969E+01
 0.12571494042172E+01
 0.12580048456937E+01
 0.12588534271784E+01
 0.12596987138156E+01
 0.12605421291908E+01
 0.12613739628491E+01
 0.12622027251004E+01
 0.12630213732736E+01
 0.12638324865732E+01
 0.12646321739413E+01
 0.12654275318663E+01
 0.12662070702654E+01
 0.12669774554201E+01
 0.12677364600404E+01
 0.12684843687859E+01
 0.12692185746666E+01
 0.12699346111610E+01
 0.12706414402245E+01
 0.12713345558447E+01
 0.12720089743856E+01
 0.12726685346220E+01
 0.12733101279505E+01
 0.12739423902126E+01
 0.12745585842615E+01
 0.12751522074460E+01
 0.12757263024759E+01
 0.12762920641511E+01
 0.12768421301667E+01
 0.12773642207710E+01
 0.12778768266836E+01
 0.12783685102260E+01
 0.12788440707340E+01
 0.12792968860246E+01
 0.12797383779343E+01
 0.12801629530180E+01
 0.12805654196918E+01
 0.12809460990326E+01
 0.12813155326260E+01
 0.12816738793916E+01
 0.12820021715069E+01
 0.12823187676244E+01
 0.12826268450470E+01
 0.12829225095560E+01
 0.12831961059588E+01
 0.12834588295366E+01
 0.12837049476261E+01
 0.12839324712650E+01
 0.12841589429629E+01
 0.12843752960704E+01
 0.12845799159380E+01
 0.12847719914843E+01
 0.12849593837336E+01
 0.12851446614204E+01
 0.12853317837608E+01
 0.12854976806907E+01
 0.12856610035946E+01
 0.12858339810316E+01
 0.12860119861804E+01
 0.12861916778653E+01
 0.12863510023638E+01
 0.12865129627443E+01
 0.12866794012678E+01
 0.12868322977554E+01
 0.12869564791404E+01
 0.12870753497398E+01
 0.12871485407917E+01
 0.12871633221222E+01
 0.12871421502132E+01
 0.12870217616608E+01
 0.12868132794339E+01
 0.12865007826639E+01
 0.12860802009844E+01
 0.12855322608158E+01
 0.12848249603008E+01
 0.12839557246980E+01
 0.12829281033643E+01
 0.12817150769547E+01
 0.12803394594737E+01
 0.12787612281692E+01
 0.12770178371393E+01
 0.12750900457176E+01
 0.12729897264609E+01
 0.12707987792419E+01
 0.12684561568085E+01
 0.12659876893678E+01
 0.12634999755769E+01
 0.12609533423345E+01
 0.12584207723616E+01
 0.12558929773292E+01
 0.12534197011336E+01
 0.12509811019381E+01
 0.12486285915643E+01
 0.12463608584094E+01
 0.12441625168767E+01
 0.12420486044211E+01
 0.12400305925251E+01
 0.12381174091039E+01
 0.12362763040291E+01
 0.12345235461466E+01
 0.12328597360465E+01
 0.12312647379716E+01
 0.12297522915022E+01
 0.12283273662226E+01
 0.12269428204640E+01
 0.12256364077543E+01
 0.12244087008820E+01
 0.12232202470536E+01
 0.12220809878798E+01
 0.12210183925490E+01
 0.12199828210939E+01
 0.12190062454967E+01
 0.12180479353681E+01
 0.12171732256795E+01
 0.12163070440274E+01
 0.12154912788932E+01
 0.12146785791134E+01
 0.12139288338164E+01
 0.12131861474723E+01
 0.12124958600815E+01
 0.12118139334072E+01
 0.12111675822275E+01
 0.12105325280470E+01
 0.12099283422333E+01
 0.12093305307058E+01
 0.12087542326809E+01
 0.12082002975431E+01
 0.12076681131461E+01
 0.12071593983837E+01
 0.12066544957933E+01
 0.12061570836894E+01
 0.12056771370429E+01
 0.12052204384521E+01
