 0.13708380095672E+03
 0.13708380095668E+03
 0.13708380095628E+03
 0.13708380104278E+03
 0.13708380419564E+03
 0.13708383395743E+03
 0.13708396560561E+03
 0.13708433276320E+03
 0.13708509673953E+03
 0.13708640656966E+03
 0.13708837510282E+03
 0.13709107221545E+03
 0.13709452878158E+03
 0.13709874545734E+03
 0.13710369749116E+03
 0.13710934226660E+03
 0.13711562574136E+03
 0.13712248251838E+03
 0.13712984303289E+03
 0.13713763313284E+03
 0.13710579150708E+03
 0.13710386046688E+03
 0.13710161987751E+03
 0.13709906005668E+03
 0.13709617788820E+03
 0.13709297378237E+03
 0.13708945556986E+03
 0.13708563097080E+03
 0.13708151887636E+03
 0.13707714217650E+03
 0.13707252897173E+03
 0.13706770371291E+03
 0.13706270508750E+03
 0.13705757244346E+03
 0.13705233349209E+03
 0.13704703713396E+03
 0.13704172151022E+03
 0.13703643165531E+03
 0.13703120114891E+03
 0.13702606519873E+03
 0.13702108507515E+03
 0.13701627390793E+03
 0.13701166631638E+03
 0.13700730057756E+03
 0.13700321208529E+03
 0.13699941266918E+03
 0.13699591440507E+03
 0.13699274806227E+03
 0.13698993538112E+03
 0.13698748422984E+03
 0.13698539415326E+03
 0.13698368551588E+03
 0.13698235642817E+03
 0.13698141203972E+03
 0.13698086651815E+03
 0.13698071009213E+03
 0.13698094065308E+03
 0.13698158107253E+03
 0.13698260348373E+03
 0.13698401190040E+03
 0.13698588144559E+03
 0.13698810183188E+03
 0.13699074209727E+03
 0.13699384918646E+03
 0.13699734996444E+03
 0.13700137243966E+03
 0.13700583780940E+03
 0.13701074533833E+03
 0.13701624867538E+03
 0.13702227462916E+03
 0.13702898604239E+03
 0.13703631877163E+03
 0.13704426166560E+03
 0.13705310842391E+03
 0.13706268318330E+03
 0.13707321259725E+03
 0.13708469711435E+03
 0.13709733531747E+03
 0.13711095670157E+03
 0.13712599552900E+03
 0.13714236027275E+03
 0.13716022588842E+03
 0.13717968888600E+03
 0.13720095303474E+03
 0.13722430458564E+03
 0.13724962738367E+03
 0.13727720446505E+03
 0.13730740823101E+03
 0.13734027387144E+03
 0.13737614983149E+03
 0.13741493913273E+03
 0.13745713557261E+03
 0.13750320666003E+03
 0.13755337788832E+03
 0.13760752631613E+03
 0.13766614131553E+03
 0.13773027557634E+03
 0.13779931932529E+03
 0.13787431583416E+03
 0.13795541925181E+03
 0.13804353021938E+03
 0.13813842577693E+03
 0.13824097950625E+03
 0.13835211414083E+03
 0.13847238523859E+03
 0.13860202801898E+03
 0.13874145557956E+03
 0.13889306992992E+03
 0.13905622877403E+03
 0.13923159301235E+03
 0.13942052138114E+03
 0.13962497625318E+03
 0.13984510960237E+03
 0.14008289528646E+03
 0.14033995540059E+03
 0.14061617721075E+03
 0.14091394248818E+03
 0.14123536840427E+03
 0.14158305142288E+03
 0.14195761824384E+03
 0.14236162642745E+03
 0.14279740423161E+03
 0.14327082654655E+03
 0.14378333029520E+03
 0.14433584774427E+03
 0.14493279831839E+03
 0.14557920727507E+03
 0.14628499992307E+03
 0.14705019738041E+03
 0.14787919172784E+03
 0.14878203317220E+03
 0.14977005366355E+03
 0.15084160466151E+03
 0.15201664633503E+03
 0.15330747766303E+03
 0.15471335898851E+03
 0.15626964770330E+03
 0.15798014974799E+03
 0.15986767984699E+03
 0.16196628105232E+03
 0.16423824590082E+03
 0.16680592069670E+03
 0.16965247589737E+03
 0.17281883400475E+03
 0.17635969157418E+03
 0.18030351201190E+03
 0.18473205845981E+03
 0.18967812297301E+03
 0.19523361845964E+03
 0.20146844570717E+03
 0.20836406856935E+03
 0.21609725197251E+03
 0.22472252576973E+03
 0.23417930826678E+03
 0.24459434672841E+03
 0.25589189958811E+03
 0.26811079761618E+03
 0.28115525284202E+03
 0.29506886854823E+03
 0.30966314519800E+03
 0.32492954612263E+03
 0.34084526014665E+03
 0.35731609283726E+03
 0.37426912737743E+03
 0.39163441598113E+03
 0.40946117127942E+03
 0.42765667244744E+03
 0.44621840084004E+03
 0.46513586407044E+03
 0.48436670067841E+03
 0.50384928388679E+03
 0.52375430555878E+03
 0.54392135885024E+03
 0.56428841997925E+03
 0.58503929872380E+03
 0.60610912196105E+03
 0.62731974906902E+03
 0.64896025871312E+03
 0.67081008789156E+03
 0.69308649235235E+03
 0.71539709471257E+03
 0.73817653039012E+03
 0.76115315393148E+03
 0.78462737468352E+03
 0.80821370654634E+03
 0.83224525451634E+03
 0.85640061688133E+03
 0.88097900363765E+03
 0.90583585873885E+03
 0.93108151260716E+03
 0.95655026714293E+03
 0.98246045341931E+03
 0.10086953465744E+04
 0.10352282926167E+04
 0.10620639740014E+04
 0.10891789390921E+04
 0.11166936786750E+04
 0.11446569195026E+04
 0.11729324036164E+04
 0.12014844211497E+04
 0.12304460713678E+04
 0.12597205915979E+04
 0.12895379248476E+04
 0.13195409005666E+04
 0.13501100667143E+04
 0.13808685644250E+04
 0.14121668690099E+04
 0.14438478036437E+04
 0.14758894030230E+04
 0.15082976899931E+04
 0.15412410147814E+04
 0.15745146587284E+04
 0.16083499414788E+04
 0.16424445406023E+04
 0.16769821925927E+04
 0.17120281312083E+04
 0.17474949971992E+04
 0.17834442081865E+04
 0.18197161174567E+04
 0.18566206740696E+04
 0.18938817663954E+04
 0.19316941382004E+04
 0.19700811068371E+04
 0.20087761773594E+04
 0.20480992706844E+04
 0.20877685483973E+04
 0.21279875509065E+04
 0.21686982962933E+04
 0.22100542046958E+04
 0.22518088832088E+04
 0.22940262594055E+04
 0.23369237071435E+04
 0.23803583887287E+04
 0.24242512690239E+04
 0.24688772295211E+04
 0.25138342687244E+04
 0.25594826703156E+04
 0.26055955752170E+04
 0.26525428427891E+04
 0.26998996314712E+04
 0.27477825189070E+04
 0.27964696803071E+04
 0.28455962700765E+04
 0.28954051493516E+04
 0.29459406988539E+04
 0.29969363551443E+04
 0.30487641890741E+04
 0.31011497741474E+04
 0.31541924284083E+04
 0.32079924088431E+04
 0.32622888935486E+04
 0.33174935979885E+04
 0.33732189680860E+04
 0.34297724751185E+04
 0.34870299382372E+04
 0.35449500183192E+04
 0.36036927554711E+04
 0.36631982324243E+04
 0.37232774080795E+04
 0.37843917619941E+04
 0.38459996034014E+04
 0.39086959982341E+04
 0.39720050294945E+04
 0.40361439835799E+04
 0.41010510003801E+04
 0.41669459184028E+04
 0.42336273985479E+04
 0.43011757857019E+04
 0.43695503755938E+04
 0.44388537985917E+04
 0.45089398578217E+04
 0.45800090913561E+04
 0.46521047756031E+04
 0.47250847816002E+04
 0.47989136599341E+04
 0.48738552593747E+04
 0.49496992695556E+04
 0.50263591929088E+04
 0.51043414904154E+04
 0.51832224601426E+04
 0.52631716520866E+04
 0.53441258047363E+04
 0.54261859321775E+04
 0.55092562502869E+04
 0.55934993526247E+04
 0.56789569011393E+04
 0.57653486376595E+04
 0.58530175726822E+04
 0.59418015971491E+04
 0.60317591296385E+04
 0.61232084057811E+04
 0.62155039356989E+04
 0.63094151622315E+04
 0.64043831546991E+04
 0.65007302628225E+04
 0.65984104365542E+04
 0.66974484380557E+04
 0.67978579938570E+04
 0.68996512186061E+04
 0.70028907263076E+04
