 0.10190117950350E+00
 0.10190117950351E+00
 0.10190117950369E+00
 0.10190117950488E+00
 0.10190117950674E+00
 0.10190117949805E+00
 0.10190117931094E+00
 0.10190117807676E+00
 0.10190117391211E+00
 0.10190116291025E+00
 0.10190113840638E+00
 0.10190109115448E+00
 0.10190100936591E+00
 0.10190087866353E+00
 0.10190068285122E+00
 0.10190040600822E+00
 0.10190002582007E+00
 0.10189952419921E+00
 0.10189888235256E+00
 0.10189806675946E+00
 0.10189704300380E+00
 0.10189578009124E+00
 0.10189422846316E+00
 0.10189232607404E+00
 0.10188999519170E+00
 0.10188715693313E+00
 0.10188370666106E+00
 0.10187952875230E+00
 0.10187453179535E+00
 0.10186860180754E+00
 0.10186162565205E+00
 0.10185355145874E+00
 0.10184431464893E+00
 0.10183390122652E+00
 0.10182238264737E+00
 0.10180983385160E+00
 0.10179652902852E+00
 0.10178259983901E+00
 0.10176846775796E+00
 0.10175457671457E+00
 0.10174137102785E+00
 0.10172944738591E+00
 0.10171952389471E+00
 0.10171210151207E+00
 0.10170805335105E+00
 0.10170803941669E+00
 0.10171291909888E+00
 0.10172348563432E+00
 0.10174054325960E+00
 0.10176484466965E+00
 0.10179729247845E+00
 0.10183869742290E+00
 0.10188978222853E+00
 0.10195143684342E+00
 0.10202414500739E+00
 0.10210926424335E+00
 0.10220737978455E+00
 0.10231922136464E+00
 0.10244591072152E+00
 0.10258823071453E+00
 0.10274742420512E+00
 0.10292428441914E+00
 0.10312049375961E+00
 0.10333709029139E+00
 0.10357603037475E+00
 0.10383890395413E+00
 0.10412864286648E+00
 0.10444697626762E+00
 0.10479919986880E+00
 0.10518843481919E+00
 0.10562268703600E+00
 0.10611181147437E+00
 0.10669366379542E+00
