 0.35172283106890E+01
 0.35172283106890E+01
 0.35172283106890E+01
 0.35172283106890E+01
 0.35172283106890E+01
 0.35172283106890E+01
 0.35172283106890E+01
 0.35172283106890E+01
 0.35172283106890E+01
 0.35172283219305E+01
 0.35172277795404E+01
 0.35172285559806E+01
 0.35172286448131E+01
 0.35172285003888E+01
 0.35172283564830E+01
 0.35172279028846E+01
 0.35172289676696E+01
 0.35172285737735E+01
 0.35172286618328E+01
 0.35172283635165E+01
 0.35172283680580E+01
 0.35172289201264E+01
 0.35172283636484E+01
 0.35172283901440E+01
 0.35172285941641E+01
 0.35172285600729E+01
 0.35172288575514E+01
 0.35172283337105E+01
 0.35172272150866E+01
 0.35172293243787E+01
 0.35172281215623E+01
 0.35172289801563E+01
 0.35172289307323E+01
 0.35172431116620E+01
 0.35172275613817E+01
 0.35172345911430E+01
 0.35172287050297E+01
 0.35172342177757E+01
 0.35172504991034E+01
 0.35172297861442E+01
 0.35172496131396E+01
 0.35172493963691E+01
 0.35172286583388E+01
 0.35172504636487E+01
 0.35172315444125E+01
 0.35172369401587E+01
 0.35172286467197E+01
 0.35172286368045E+01
 0.35173058627218E+01
 0.35172972231028E+01
 0.35173116572680E+01
 0.35172446125637E+01
 0.35172545087151E+01
 0.35172648478512E+01
 0.35172997831152E+01
 0.35173022249978E+01
 0.35173019889203E+01
 0.35172309357175E+01
 0.35172588551942E+01
 0.35172825536323E+01
 0.35172268571867E+01
 0.35173029865173E+01
 0.35172696390502E+01
 0.35173151898108E+01
 0.35172499050879E+01
 0.35173103527534E+01
 0.35173087980718E+01
 0.35172965206752E+01
 0.35172032395173E+01
 0.35172176250272E+01
 0.35173192670239E+01
 0.35172385200105E+01
 0.35172530536600E+01
