 0.13708386865292E+03
 0.13708386865287E+03
 0.13708386865247E+03
 0.13708386873844E+03
 0.13708387189689E+03
 0.13708390168899E+03
 0.13708403341705E+03
 0.13708440082852E+03
 0.13708516533386E+03
 0.13708647602195E+03
 0.13708844613463E+03
 0.13709114525971E+03
 0.13709460490773E+03
 0.13709882639491E+03
 0.13710379099338E+03
 0.13710946719128E+03
 0.13711582825911E+03
 0.13712286114301E+03
 0.13713059207804E+03
 0.13713910830093E+03
 0.13710727830613E+03
 0.13710681049990E+03
 0.13710703447923E+03
 0.13710844781453E+03
 0.13711172421915E+03
 0.13711773692437E+03
 0.13712758993204E+03
 0.13714263373892E+03
 0.13716447371090E+03
 0.13719499990589E+03
 0.13723637059723E+03
 0.13729166951213E+03
 0.13736249528669E+03
 0.13745234758083E+03
 0.13756454896900E+03
 0.13770254470184E+03
 0.13787009567836E+03
 0.13807142738143E+03
 0.13831086011059E+03
 0.13859293708420E+03
 0.13892275443183E+03
 0.13930586023685E+03
 0.13974778765361E+03
 0.14025565058511E+03
 0.14083529008571E+03
 0.14149490886021E+03
 0.14224272498775E+03
 0.14308825946055E+03
 0.14404163566868E+03
 0.14511544390177E+03
 0.14632168218400E+03
 0.14767778454613E+03
 0.14919963742315E+03
 0.15090761057556E+03
 0.15282896397634E+03
 0.15499187094900E+03
 0.15743100045552E+03
 0.16018539292713E+03
 0.16331957390135E+03
 0.16689577338443E+03
 0.17099720642890E+03
 0.17573536630743E+03
 0.18126954405204E+03
 0.18779936687684E+03
 0.19562103995895E+03
 0.20515893522751E+03
 0.21711778524743E+03
 0.23250592991188E+03
 0.25346897498882E+03
 0.28376534310390E+03
 0.33368950570549E+03
 0.43861023376566E+03
 0.11454352184724E+04
