 0.25955948765236E+10
 0.25957148730912E+10
 0.25959148576897E+10
 0.25961948734867E+10
 0.25965548561255E+10
 0.25969948560234E+10
 0.25975148519749E+10
 0.25981148526727E+10
 0.25987948324896E+10
 0.25995548399337E+10
 0.26003948317061E+10
 0.26013148161535E+10
 0.26023148135829E+10
 0.26033948174904E+10
 0.26045548065239E+10
 0.26057947754571E+10
 0.26071147728841E+10
 0.26085146711605E+10
 0.26099944971377E+10
 0.26115540746415E+10
 0.26131932120131E+10
 0.26149116090651E+10
 0.26167087753829E+10
 0.26185839721995E+10
 0.26205363041113E+10
 0.26225643470481E+10
 0.26246664744327E+10
 0.26268404803871E+10
 0.26290834104552E+10
 0.26313917996155E+10
 0.26337615654376E+10
 0.26361860089127E+10
 0.26386621533953E+10
 0.26411818211580E+10
 0.26437370282965E+10
 0.26463192500673E+10
 0.26489184835801E+10
 0.26515234838575E+10
 0.26541222069396E+10
 0.26567019907744E+10
 0.26592486959350E+10
 0.26617468407431E+10
 0.26641810610679E+10
 0.26665335846562E+10
 0.26687892231884E+10
 0.26709289453057E+10
 0.26729353397505E+10
 0.26747888733572E+10
 0.26764718042095E+10
 0.26779630013127E+10
 0.26792461598242E+10
 0.26802970475597E+10
 0.26811007710097E+10
 0.26816381198386E+10
 0.26818847732523E+10
 0.26818210534881E+10
 0.26814285190032E+10
 0.26806943149909E+10
 0.26795770794512E+10
 0.26780658550684E+10
 0.26761403484509E+10
 0.26737797151728E+10
 0.26709425758825E+10
 0.26676135243625E+10
 0.26637520227208E+10
 0.26593301583966E+10
 0.26542750997053E+10
 0.26485920696752E+10
 0.26421200305462E+10
 0.26348435934242E+10
 0.26265464559810E+10
 0.26169858217656E+10
 0.26049337560460E+10
