 0.10795098908076E+04
 0.10795098908076E+04
 0.10795098908076E+04
 0.10795098908076E+04
 0.10795098908076E+04
 0.10795098908076E+04
 0.10795098908076E+04
 0.10795098908076E+04
 0.10795098908076E+04
 0.10795204695579E+04
 0.10793534522789E+04
 0.10796090611243E+04
 0.10796546482137E+04
 0.10795797082771E+04
 0.10795000585310E+04
 0.10793813043206E+04
 0.10797916670243E+04
 0.10796270542626E+04
 0.10796416469556E+04
 0.10795161055014E+04
 0.10795252118518E+04
 0.10797506805587E+04
 0.10795230573106E+04
 0.10795441720300E+04
 0.10795805835280E+04
 0.10796668978026E+04
 0.10796564894077E+04
 0.10795385905490E+04
 0.10794742540924E+04
 0.10799350942607E+04
 0.10797604771126E+04
 0.10798622129333E+04
 0.10796052259044E+04
 0.10803667337457E+04
 0.10794280878766E+04
 0.10803232307591E+04
 0.10798117719913E+04
 0.10799186635271E+04
 0.10807023952359E+04
 0.10798682960854E+04
 0.10807717233388E+04
 0.10809142174391E+04
 0.10795677457816E+04
 0.10810157938225E+04
 0.10799403473855E+04
 0.10802886702405E+04
 0.10799328819820E+04
 0.10796958940876E+04
 0.10785139457528E+04
 0.10770923461061E+04
 0.10793743192014E+04
 0.10805818309264E+04
 0.10806673059284E+04
 0.10816872187472E+04
 0.10777039066830E+04
 0.10779489300697E+04
 0.10778596710615E+04
 0.10798305257012E+04
 0.10816445782925E+04
 0.10761252577235E+04
 0.10789743215176E+04
 0.10825954252864E+04
 0.10855329871629E+04
 0.10800242429529E+04
 0.10807800834395E+04
 0.10783840051027E+04
 0.10822290342021E+04
 0.10766222177037E+04
 0.10887527453254E+04
 0.10764953971120E+04
 0.10790746124486E+04
 0.10790636537646E+04
 0.10798973796691E+04
 0.10858304810379E+04
 0.10884604282177E+04
 0.10862787181496E+04
 0.10843205805018E+04
 0.10826002288760E+04
 0.10848777170426E+04
 0.10827167210455E+04
 0.10857472664337E+04
 0.10794738179222E+04
 0.10831950415379E+04
 0.10862918354674E+04
 0.10890551171871E+04
 0.10859239778145E+04
 0.10868742775860E+04
 0.10771346684029E+04
 0.10772203139049E+04
 0.10822444049711E+04
 0.10882899468678E+04
 0.10809802597672E+04
 0.10860633617649E+04
 0.10834714570786E+04
 0.10869410461627E+04
 0.10826159941996E+04
 0.10820151859123E+04
 0.10871688533746E+04
 0.10778863220223E+04
 0.10775565414000E+04
 0.10812697885716E+04
 0.10818857115335E+04
 0.10861296392612E+04
 0.10827172754316E+04
 0.10863180529236E+04
 0.10818469050480E+04
 0.10885976499909E+04
 0.10785660341606E+04
 0.10811827638533E+04
 0.10786162396143E+04
 0.10786034058546E+04
 0.10883203422502E+04
 0.10761215955969E+04
 0.10832732163555E+04
 0.10805821266694E+04
 0.10817669515850E+04
 0.10894077814145E+04
 0.10801444263363E+04
 0.10860328700078E+04
 0.10852180130848E+04
 0.10819154813072E+04
 0.10806318451354E+04
 0.10874684270374E+04
 0.10788687384114E+04
 0.10826237972575E+04
 0.10836859299902E+04
 0.10774949061778E+04
 0.10876509194825E+04
 0.10870092118936E+04
 0.10777926152652E+04
 0.10858985852442E+04
 0.10812443466060E+04
 0.10829173601039E+04
 0.10880826050807E+04
 0.10854470974322E+04
 0.10887085934013E+04
 0.10846299057082E+04
 0.10918970235808E+04
 0.10891629382995E+04
 0.10835885089852E+04
 0.10803215025415E+04
 0.10896664201443E+04
 0.10803837917518E+04
 0.10792221636476E+04
 0.10827844159347E+04
 0.10832243538976E+04
 0.10810092886980E+04
 0.10860079221579E+04
 0.10846054959360E+04
 0.10805858670318E+04
 0.10864023242003E+04
 0.10828620909900E+04
 0.10862696162595E+04
 0.10828964871515E+04
 0.10911490170633E+04
 0.10815418939452E+04
 0.10905407557998E+04
 0.10893753028232E+04
 0.10837204756001E+04
 0.10966317663517E+04
 0.10900371598623E+04
 0.10885129555231E+04
 0.10960019556183E+04
 0.10892669794886E+04
 0.10859076175379E+04
 0.10895272306773E+04
 0.10910450319366E+04
 0.10921425689193E+04
 0.10916811127996E+04
 0.11016828011164E+04
 0.10920573677905E+04
 0.10926646277275E+04
 0.10920254050364E+04
 0.11012695173391E+04
 0.10981169642997E+04
 0.11033355733535E+04
 0.10991656956554E+04
 0.11009485546311E+04
 0.11012494739268E+04
 0.11073251857883E+04
 0.11074234929547E+04
 0.11012447164497E+04
 0.11045817925126E+04
 0.11074897446051E+04
 0.11023284179777E+04
 0.11040889233494E+04
 0.11080088051955E+04
 0.11173145146690E+04
 0.11114604880481E+04
 0.11084369793023E+04
 0.11140281991728E+04
 0.11110345312243E+04
 0.11159479911298E+04
 0.11163018313493E+04
 0.11133610741895E+04
 0.11284623398037E+04
 0.11276186466176E+04
 0.11199433616948E+04
 0.11200532089515E+04
 0.11252795734079E+04
