 0.13708386865292E+03
 0.13708386865287E+03
 0.13708386865247E+03
 0.13708386873844E+03
 0.13708387189689E+03
 0.13708390168899E+03
 0.13708403341705E+03
 0.13708440082843E+03
 0.13708516533350E+03
 0.13708647602207E+03
 0.13708844612656E+03
 0.13709114522010E+03
 0.13709460442903E+03
 0.13709882259660E+03
 0.13710377721795E+03
 0.13710942430855E+03
 0.13711571070389E+03
 0.13712257074668E+03
 0.13712993500779E+03
 0.13713772855376E+03
 0.13710562905867E+03
 0.13710369862528E+03
 0.13710145851571E+03
 0.13709889845751E+03
 0.13709601686252E+03
 0.13709281178017E+03
 0.13708929164440E+03
 0.13708546934574E+03
 0.13708135811430E+03
 0.13707698139839E+03
 0.13707236677456E+03
 0.13706754250513E+03
 0.13706254222684E+03
 0.13705740612891E+03
 0.13705216864053E+03
 0.13704687530153E+03
 0.13704155530099E+03
 0.13703626560267E+03
 0.13703103865748E+03
 0.13702590925037E+03
 0.13702092266365E+03
 0.13701611174931E+03
 0.13701149641393E+03
 0.13700713507650E+03
 0.13700303238549E+03
 0.13699922574423E+03
 0.13699573085035E+03
 0.13699256225429E+03
 0.13698973829369E+03
 0.13698728098976E+03
 0.13698517950224E+03
 0.13698345250631E+03
 0.13698210233965E+03
 0.13698112314593E+03
 0.13698056017900E+03
 0.13698035396905E+03
 0.13698052459496E+03
 0.13698106225753E+03
 0.13698200445743E+03
 0.13698333297240E+03
 0.13698501488559E+03
 0.13698707334838E+03
 0.13698951767610E+03
 0.13699235206396E+03
 0.13699557100063E+03
 0.13699919007681E+03
 0.13700326592655E+03
 0.13700767431114E+03
 0.13701267275761E+03
 0.13701799015880E+03
 0.13702393457293E+03
 0.13703033345802E+03
 0.13703741502863E+03
 0.13704499819800E+03
 0.13705324600694E+03
 0.13706223770280E+03
 0.13707199130395E+03
 0.13708259253722E+03
 0.13709414834653E+03
 0.13710654899601E+03
 0.13712022941072E+03
 0.13713504706499E+03
 0.13715099617238E+03
 0.13716847297976E+03
 0.13718747180903E+03
 0.13720816270783E+03
 0.13723051759471E+03
 0.13725485091840E+03
 0.13728143277538E+03
 0.13731013143285E+03
 0.13734126199127E+03
 0.13737531261684E+03
 0.13741193108988E+03
 0.13745181394001E+03
 0.13749508492902E+03
 0.13754211224183E+03
 0.13759286126726E+03
 0.13764786225376E+03
 0.13770739648674E+03
 0.13777183525904E+03
 0.13784157000694E+03
 0.13791685090827E+03
 0.13799806934605E+03
 0.13808616564126E+03
 0.13818101597708E+03
 0.13828337135532E+03
 0.13839372128113E+03
 0.13851286096153E+03
 0.13864180515051E+03
 0.13877992688982E+03
 0.13892942561905E+03
 0.13909063454159E+03
 0.13926389276333E+03
 0.13945106876659E+03
 0.13965282543093E+03
 0.13986829634139E+03
 0.14010359074954E+03
 0.14035573254007E+03
 0.14062733821430E+03
 0.14091938541417E+03
 0.14123544962327E+03
 0.14157562154539E+03
 0.14194392101763E+03
 0.14233859933189E+03
 0.14276835614757E+03
 0.14322861871645E+03
 0.14372712244680E+03
 0.14427208935888E+03
 0.14486023684424E+03
 0.14549356345094E+03
 0.14618489905288E+03
 0.14693490368686E+03
 0.14774335122931E+03
 0.14863354127761E+03
 0.14960225781716E+03
 0.15065501746522E+03
 0.15180738133444E+03
 0.15307737132861E+03
 0.15446415867845E+03
 0.15598119205863E+03
 0.15766589758422E+03
 0.15952189738903E+03
 0.16154641881797E+03
 0.16383581032296E+03
 0.16637633139045E+03
 0.16918863741874E+03
 0.17230371316949E+03
 0.17581907109649E+03
 0.17975800024967E+03
 0.18418014741089E+03
 0.18907021367735E+03
 0.19463361364310E+03
 0.20079369391837E+03
 0.20771360628406E+03
 0.21542500906881E+03
 0.22394500873500E+03
 0.23336774449600E+03
 0.24366980555879E+03
 0.25486170518390E+03
 0.26696942343546E+03
 0.27985010251748E+03
 0.29350203130427E+03
 0.30789251333987E+03
 0.32288765237964E+03
 0.33846892722414E+03
 0.35464872756450E+03
 0.37117762354567E+03
 0.38825215863111E+03
 0.40568934564768E+03
 0.42355274082803E+03
 0.44172016546193E+03
 0.46033160778927E+03
 0.47910909667413E+03
 0.49831388515555E+03
 0.51773977946434E+03
 0.53757261412694E+03
 0.55767362934102E+03
 0.57807562135951E+03
 0.59869999165728E+03
 0.61959785949156E+03
 0.64082190953646E+03
 0.66238865947350E+03
 0.68421759800561E+03
 0.70627839789112E+03
 0.72865126227358E+03
 0.75135780063914E+03
 0.77434372132277E+03
 0.79762885594690E+03
 0.82111543867302E+03
 0.84503503030923E+03
 0.86915601006473E+03
 0.89366317352185E+03
 0.91852226105382E+03
 0.94361664785842E+03
 0.96903277134014E+03
 0.99478469522015E+03
 0.10208622109435E+04
 0.10472465575613E+04
 0.10739817949344E+04
 0.11011000144850E+04
