 0.67197792076794E+03
 0.67197792076794E+03
 0.67197792076794E+03
 0.67197792076794E+03
 0.67197792076794E+03
 0.67197823877565E+03
 0.67197734998231E+03
 0.67197756846389E+03
 0.67197660663052E+03
 0.67195495340662E+03
 0.67205188985754E+03
 0.67192827157642E+03
 0.67949582194605E+03
 0.67190633634510E+03
 0.67942965274651E+03
 0.67947477267217E+03
 0.67945972969675E+03
 0.67194417234364E+03
 0.67189514997017E+03
 0.67943924540450E+03
 0.67948052149609E+03
 0.67193400692149E+03
 0.67190611009726E+03
 0.67935337013981E+03
 0.68187243255732E+03
 0.67945475575173E+03
 0.67950269506578E+03
 0.67951815937107E+03
 0.68180557828488E+03
 0.67941550412278E+03
 0.67191780727990E+03
 0.67942409995443E+03
 0.67243167643392E+03
 0.67254668769417E+03
 0.67194966973915E+03
 0.67286366507301E+03
 0.67222091240880E+03
 0.67213832419022E+03
 0.67324328792429E+03
 0.67219030710043E+03
 0.67943326559163E+03
 0.67297302614956E+03
 0.67203915282921E+03
 0.67327391061938E+03
 0.67443208700802E+03
 0.67457899327000E+03
 0.67444190231666E+03
 0.67323218753414E+03
 0.67249715676209E+03
 0.67421788679743E+03
 0.67226400080098E+03
 0.67533399303992E+03
 0.67341738279588E+03
 0.67300396300291E+03
 0.67310258679663E+03
 0.67585842177089E+03
 0.68072900911517E+03
 0.67209255693266E+03
 0.67727654849363E+03
 0.67368903457732E+03
 0.67593739667036E+03
 0.67473645846332E+03
 0.68108337316358E+03
 0.67410237187541E+03
 0.67868504898801E+03
 0.67452777692445E+03
 0.67540914573852E+03
 0.67618466795828E+03
 0.67677675554328E+03
 0.67247231958860E+03
 0.67862291758119E+03
 0.67949002762653E+03
 0.68162665039786E+03
 0.67857961688297E+03
 0.67884325871223E+03
 0.67632956842102E+03
 0.68044197927403E+03
 0.67961379840093E+03
 0.67385582701793E+03
 0.67425394148215E+03
 0.67750303597889E+03
 0.68133073835028E+03
 0.67836510886619E+03
 0.68090982267487E+03
 0.67495060129943E+03
 0.67719203622153E+03
 0.67791087975832E+03
 0.67419768926012E+03
 0.67918802238746E+03
 0.67709588163252E+03
 0.67653741143581E+03
 0.68179284628786E+03
 0.67776257731151E+03
 0.68358934199315E+03
 0.67718841470557E+03
 0.67842852788405E+03
 0.67797853113516E+03
 0.68643480126900E+03
 0.68387309755755E+03
 0.68261809723596E+03
 0.68227910334831E+03
 0.68586708448112E+03
 0.68121874313682E+03
 0.69040233713288E+03
 0.68513735290209E+03
 0.68359606925814E+03
 0.68526381269268E+03
 0.68613129909468E+03
 0.68615960176801E+03
 0.69044961779033E+03
 0.69232429180132E+03
 0.68726587367828E+03
 0.69368383804366E+03
 0.68768827488110E+03
 0.69708751760051E+03
 0.69468528660117E+03
 0.69450476941782E+03
 0.69685708893587E+03
 0.69541706880985E+03
 0.69510562466602E+03
 0.70377695433319E+03
 0.69430996787826E+03
 0.70572465419092E+03
 0.69890105725617E+03
 0.70323846850291E+03
 0.70572558302579E+03
 0.70450979849495E+03
 0.70797164126264E+03
 0.70725986920724E+03
 0.71084360386110E+03
 0.70918856798844E+03
 0.70903467294214E+03
 0.70903885234832E+03
 0.71209066033788E+03
 0.71926618601596E+03
 0.72027997879335E+03
 0.71640787218174E+03
 0.72037515385545E+03
 0.71845009915167E+03
 0.72561174026407E+03
 0.73178727402625E+03
 0.73066691404628E+03
 0.72929120165188E+03
 0.73382455946867E+03
 0.73100096114750E+03
 0.73116624887558E+03
 0.73647339347280E+03
 0.73564374152383E+03
 0.73657964181348E+03
 0.74469770854514E+03
 0.74541861417661E+03
 0.75256260810029E+03
 0.74767917354531E+03
 0.74666334947876E+03
 0.74681602669200E+03
 0.76283804370807E+03
 0.75776321869696E+03
 0.76585214605678E+03
 0.75672132455893E+03
 0.76797034070707E+03
 0.76869371053858E+03
 0.77041752082786E+03
 0.76408102772286E+03
 0.76466034629877E+03
 0.77989300828785E+03
 0.78027603173000E+03
 0.76914442769954E+03
 0.77522041529456E+03
 0.78141654117717E+03
 0.77867812764467E+03
 0.79005005239173E+03
 0.78428267847338E+03
 0.78472100044397E+03
 0.79238300880496E+03
 0.79980625695132E+03
 0.79296216577612E+03
 0.80302165809036E+03
 0.79717264377334E+03
 0.79806019122218E+03
 0.81090547579878E+03
 0.80643401020182E+03
 0.80970883282385E+03
 0.81894691802988E+03
 0.82080570354460E+03
 0.82275252268270E+03
 0.81438615247902E+03
 0.83122438576285E+03
 0.82116700234977E+03
 0.82536453452814E+03
 0.83417361637131E+03
 0.83985605832540E+03
 0.82968905910884E+03
 0.83001215163368E+03
 0.83763324201330E+03
 0.84714759120626E+03
 0.83903720961768E+03
 0.84466982164428E+03
 0.84603374074979E+03
 0.86216716138391E+03
 0.85796166975095E+03
 0.85248634696074E+03
 0.86540776283892E+03
 0.86739931008491E+03
 0.86197594038179E+03
 0.86943630645807E+03
 0.86840483249438E+03
 0.87104557260412E+03
 0.87465239826144E+03
 0.88076425803291E+03
 0.88035290233279E+03
 0.88795198291823E+03
 0.88445952928426E+03
 0.88724122016979E+03
 0.88780462904626E+03
 0.89363829523123E+03
 0.88988016035488E+03
 0.89906359757454E+03
 0.90745821369543E+03
 0.90859136428145E+03
 0.91639265736831E+03
 0.90826418643492E+03
 0.90601707543705E+03
 0.91170815840355E+03
 0.92186347871317E+03
 0.91110416020847E+03
 0.92773683463323E+03
 0.93144649826339E+03
 0.92963625861698E+03
 0.92532252791163E+03
 0.92430260811988E+03
 0.94093173459345E+03
 0.94437931101968E+03
 0.94117575181308E+03
 0.94653226525921E+03
 0.93810083755266E+03
 0.94582285220087E+03
 0.95838680882839E+03
 0.95338886625381E+03
 0.96717186866905E+03
 0.95948456389634E+03
 0.97298411425281E+03
 0.95831763298355E+03
 0.97012713064921E+03
 0.96953410369976E+03
 0.97307387285919E+03
 0.97438784077550E+03
 0.98069306236508E+03
 0.98553857152242E+03
 0.98833292829141E+03
 0.99250177427349E+03
 0.98288834354358E+03
 0.10032482919285E+04
 0.99550038467599E+03
 0.99767658134883E+03
 0.10072720307944E+04
 0.99558198411678E+03
 0.10025480112717E+04
 0.10050884172293E+04
 0.10121578370752E+04
 0.10181478739558E+04
 0.10164733233895E+04
 0.10272674767691E+04
 0.10233752311753E+04
 0.10201242994869E+04
 0.10212379122524E+04
 0.10379950506184E+04
 0.10299461869780E+04
 0.10331925816827E+04
 0.10385413008470E+04
 0.10406767082745E+04
 0.10423203403853E+04
 0.10401102997222E+04
 0.10517857562967E+04
 0.10534931509418E+04
 0.10485443577985E+04
 0.10537352888799E+04
 0.10697945781663E+04
 0.10658886475566E+04
 0.10660940589449E+04
 0.10773385406056E+04
 0.10682911360903E+04
 0.10763710942528E+04
 0.10746769722242E+04
 0.10757491320058E+04
 0.10891837855228E+04
 0.10841633565189E+04
 0.10849799244894E+04
 0.10902426932300E+04
 0.10925643667643E+04
 0.10980423069865E+04
 0.11014169647196E+04
 0.10996166538654E+04
 0.11023417010448E+04
 0.11013706387139E+04
 0.11051050537793E+04
 0.11273539450572E+04
 0.11241787373236E+04
 0.11180827635101E+04
 0.11293388705522E+04
 0.11330968235224E+04
