 0.83176571363982E+02
 0.83176571363993E+02
 0.83176571364246E+02
 0.83176571419259E+02
 0.83176573347217E+02
 0.83176591494077E+02
 0.83176671867343E+02
 0.83176896760619E+02
 0.83177367132018E+02
 0.83178179585603E+02
 0.83179412468831E+02
 0.83181122434502E+02
 0.83183345317412E+02
 0.83186103498481E+02
 0.83189404506732E+02
 0.83193251400452E+02
 0.83197635362802E+02
 0.83202544233508E+02
 0.83207962308480E+02
 0.83213869214014E+02
 0.83195984992294E+02
 0.83196517466696E+02
 0.83197154473748E+02
 0.83197906721599E+02
 0.83198786015822E+02
 0.83199802271669E+02
 0.83200973624159E+02
 0.83202298358442E+02
 0.83203795292274E+02
 0.83205487210062E+02
 0.83207398618838E+02
 0.83209526569977E+02
 0.83211912204658E+02
 0.83214589739164E+02
 0.83217547698286E+02
 0.83220851536112E+02
 0.83224524036284E+02
 0.83228623832940E+02
 0.83233160405267E+02
 0.83238167017551E+02
 0.83243790642749E+02
 0.83249992153687E+02
 0.83256837721401E+02
 0.83264411701904E+02
 0.83272821478560E+02
 0.83282076934310E+02
 0.83292210250543E+02
 0.83303368010712E+02
 0.83315619424258E+02
 0.83329040946304E+02
 0.83343664301927E+02
 0.83359642180201E+02
 0.83377009110435E+02
 0.83395881355312E+02
 0.83416386996100E+02
 0.83438580735245E+02
 0.83462542374229E+02
 0.83488470169260E+02
 0.83516370006346E+02
 0.83546278002969E+02
 0.83578726690878E+02
 0.83613235778547E+02
 0.83650247646348E+02
 0.83690082155600E+02
 0.83732412647820E+02
 0.83778009793817E+02
 0.83826496948489E+02
 0.83877793878269E+02
 0.83932890217221E+02
 0.83991259394192E+02
 0.84053856617813E+02
 0.84120233048052E+02
 0.84190318531115E+02
 0.84265528349311E+02
 0.84344817732752E+02
 0.84429411788018E+02
 0.84519037878291E+02
 0.84614480017617E+02
 0.84714880108875E+02
 0.84822237518653E+02
 0.84935711046167E+02
 0.85056064541554E+02
 0.85183402278961E+02
 0.85318652062408E+02
 0.85463053652358E+02
 0.85615310845946E+02
 0.85776792872367E+02
 0.85949031037736E+02
 0.86131817024265E+02
 0.86326411340028E+02
 0.86531730529538E+02
 0.86750120092850E+02
 0.86984166231400E+02
 0.87233950215460E+02
 0.87498218154015E+02
 0.87779553855157E+02
 0.88083576286403E+02
 0.88406265644247E+02
 0.88753285022232E+02
 0.89125405620222E+02
 0.89527870722150E+02
 0.89959823411507E+02
 0.90426494839984E+02
 0.90935456539423E+02
 0.91492348381520E+02
 0.92099882019423E+02
 0.92765915458059E+02
 0.93512906005753E+02
 0.94346235186701E+02
 0.95284639086201E+02
 0.96358728002881E+02
 0.97620237351381E+02
 0.99119938015082E+02
 0.10094343548699E+03
 0.10316707427869E+03
 0.10576592277562E+03
 0.10857949271410E+03
 0.11127751831417E+03
 0.11365563833718E+03
 0.11570643990601E+03
 0.11752033322843E+03
 0.11917343886965E+03
 0.12074643772424E+03
 0.12225024189893E+03
 0.12369627142747E+03
 0.12510510234623E+03
 0.12648853865099E+03
 0.12787496162402E+03
 0.12924918849910E+03
 0.13061012941097E+03
 0.13197373888324E+03
 0.13335442923702E+03
 0.13472240725978E+03
 0.13610890469248E+03
 0.13751521703710E+03
 0.13891631550335E+03
 0.14034985508241E+03
 0.14179535103722E+03
 0.14325551731033E+03
 0.14472484964749E+03
 0.14620713152837E+03
 0.14771553621629E+03
 0.14924171513155E+03
 0.15078058445428E+03
 0.15234456263366E+03
 0.15391452722964E+03
 0.15551464733986E+03
 0.15712472050997E+03
 0.15876250544477E+03
 0.16042304524135E+03
 0.16207838056647E+03
 0.16376609131036E+03
 0.16548996718082E+03
 0.16721072001530E+03
 0.16896279897797E+03
 0.17072061879020E+03
 0.17250303211643E+03
 0.17429619085435E+03
 0.17611729698053E+03
 0.17794778177325E+03
 0.17979131213729E+03
 0.18166059873877E+03
 0.18354791330436E+03
 0.18545060185731E+03
 0.18736150222087E+03
 0.18929626828275E+03
 0.19124777967331E+03
 0.19321489230679E+03
 0.19520109802429E+03
 0.19720125431090E+03
 0.19920696143218E+03
 0.20124511095814E+03
 0.20329656561320E+03
 0.20534545983177E+03
 0.20742412952641E+03
 0.20952379048826E+03
 0.21161619915687E+03
 0.21374223730577E+03
 0.21587292103091E+03
 0.21803795760269E+03
 0.22017866956146E+03
 0.22236001856745E+03
 0.22454087275547E+03
 0.22676933552780E+03
 0.22897798668404E+03
 0.23122396061988E+03
 0.23345702096015E+03
 0.23572055935934E+03
 0.23798863168732E+03
 0.24028266821232E+03
 0.24257813393648E+03
 0.24490380013930E+03
 0.24724201775528E+03
 0.24958728538207E+03
 0.25194058558723E+03
 0.25429216851399E+03
 0.25666875803941E+03
 0.25907252130101E+03
 0.26148577103696E+03
 0.26389712820154E+03
 0.26632976469960E+03
 0.26876510419948E+03
 0.27123590211018E+03
 0.27369576183353E+03
 0.27619381368118E+03
 0.27866928177401E+03
 0.28118301956322E+03
 0.28370760215780E+03
 0.28623933859862E+03
 0.28877365926882E+03
 0.29133971229047E+03
 0.29390809050120E+03
 0.29650619261051E+03
 0.29909000647366E+03
 0.30168948675883E+03
 0.30430958549118E+03
 0.30693824232932E+03
 0.30958509882060E+03
 0.31221912460100E+03
 0.31489765317198E+03
 0.31756810740884E+03
 0.32026630359323E+03
 0.32297980691967E+03
 0.32568281238301E+03
 0.32841893055209E+03
 0.33114280950423E+03
 0.33389101679725E+03
 0.33664720103093E+03
 0.33943060089377E+03
 0.34220210835800E+03
 0.34497550128543E+03
 0.34779792036527E+03
 0.35061146336695E+03
 0.35343648547243E+03
 0.35629362081779E+03
 0.35912286027679E+03
 0.36199324810124E+03
 0.36485225705439E+03
 0.36775406987148E+03
 0.37064519255083E+03
 0.37353619498085E+03
 0.37646474907766E+03
 0.37937798157541E+03
 0.38231737477391E+03
 0.38527611408519E+03
 0.38821658223293E+03
 0.39120213901139E+03
 0.39418515051401E+03
 0.39716924953643E+03
 0.40018501482667E+03
 0.40318129456010E+03
 0.40621449848979E+03
 0.40924096590269E+03
 0.41229626508585E+03
 0.41534666554401E+03
 0.41840972332029E+03
 0.42149434987721E+03
 0.42458398977227E+03
 0.42765788106313E+03
 0.43078858734008E+03
 0.43389159470474E+03
 0.43704119640027E+03
 0.44018567101806E+03
 0.44330775390412E+03
 0.44647479003538E+03
 0.44965120134767E+03
 0.45283297912909E+03
 0.45603543730987E+03
 0.45922382959560E+03
 0.46244107200621E+03
 0.46565261706998E+03
 0.46887471437685E+03
 0.47212669090442E+03
 0.47538802759877E+03
 0.47864860587337E+03
 0.48191789311692E+03
 0.48520854798675E+03
 0.48847972088495E+03
 0.49179304248759E+03
 0.49511443003515E+03
 0.49842598091248E+03
 0.50176233801308E+03
 0.50510600995497E+03
 0.50845568023795E+03
 0.51181925229126E+03
 0.51519637929915E+03
 0.51856328478484E+03
 0.52195088265481E+03
 0.52534773197140E+03
 0.52874465796101E+03
 0.53219745450036E+03
 0.53559750731562E+03
 0.53904011770122E+03
 0.54248320569538E+03
 0.54593162744587E+03
 0.54940725213609E+03
 0.55288122327542E+03
 0.55636986885281E+03
 0.55986726888059E+03
 0.56337393236468E+03
