 0.83176571363982E+02
 0.83176571363993E+02
 0.83176571364246E+02
 0.83176571419259E+02
 0.83176573347217E+02
 0.83176591494077E+02
 0.83176671867343E+02
 0.83176896760619E+02
 0.83177367131976E+02
 0.83178179585708E+02
 0.83179412468784E+02
 0.83181122434716E+02
 0.83183345317770E+02
 0.83186103500210E+02
 0.83189404507457E+02
 0.83193251398680E+02
 0.83197635366244E+02
 0.83202544243606E+02
 0.83207962295353E+02
 0.83213869148617E+02
 0.83195984911291E+02
 0.83196517294971E+02
 0.83197154033448E+02
 0.83197905669367E+02
 0.83198783663212E+02
 0.83199797387580E+02
 0.83200963934073E+02
 0.83202280170620E+02
 0.83203762425700E+02
 0.83205430265653E+02
 0.83207303388050E+02
 0.83209372362036E+02
 0.83211669901798E+02
 0.83214219199560E+02
 0.83216995487486E+02
 0.83220047527963E+02
 0.83223377266477E+02
 0.83227019607801E+02
 0.83230958450305E+02
 0.83235194387546E+02
 0.83239838729848E+02
 0.83244812455425E+02
 0.83250140368545E+02
 0.83255863086137E+02
 0.83262032503250E+02
 0.83268609075294E+02
 0.83275568610452E+02
 0.83282978067490E+02
 0.83290877380641E+02
 0.83299271260015E+02
 0.83308118466227E+02
 0.83317506616450E+02
 0.83327401251050E+02
 0.83337849270975E+02
 0.83348908264253E+02
 0.83360550035762E+02
 0.83372784845978E+02
 0.83385731753932E+02
 0.83399315990346E+02
 0.83413515023246E+02
 0.83428721622121E+02
 0.83444442018908E+02
 0.83460984643116E+02
 0.83478561745216E+02
 0.83496806627642E+02
 0.83516296034673E+02
 0.83536622299713E+02
 0.83557690879052E+02
 0.83580158778320E+02
 0.83603560674354E+02
 0.83628539618739E+02
 0.83654667763869E+02
 0.83681767202516E+02
 0.83710868751572E+02
 0.83741061697107E+02
 0.83773121196757E+02
 0.83806763962517E+02
 0.83842433806349E+02
 0.83879356885650E+02
 0.83918849860168E+02
 0.83960230195596E+02
 0.84003819890491E+02
 0.84049620685288E+02
 0.84097938604536E+02
 0.84149483411837E+02
 0.84203231813705E+02
 0.84259877416952E+02
 0.84320065302657E+02
 0.84383484825372E+02
 0.84450675065381E+02
 0.84520806178626E+02
 0.84594836841881E+02
 0.84673693585062E+02
 0.84757283406952E+02
 0.84844535231339E+02
 0.84936462741128E+02
 0.85035036530539E+02
 0.85138146436023E+02
 0.85247659553368E+02
 0.85363218309341E+02
 0.85486250191250E+02
 0.85615642484025E+02
 0.85752468926908E+02
 0.85898280053184E+02
 0.86053351982939E+02
 0.86217078895394E+02
 0.86389811906299E+02
 0.86575693657165E+02
 0.86772289498356E+02
 0.86980192541629E+02
 0.87200934505021E+02
 0.87437511108399E+02
 0.87689373166134E+02
 0.87958671189761E+02
 0.88247859391363E+02
 0.88555125867747E+02
 0.88884167735050E+02
 0.89237483562483E+02
 0.89618606275721E+02
 0.90027860466520E+02
 0.90467878043216E+02
 0.90942134179565E+02
 0.91460116938746E+02
 0.92022582825428E+02
 0.92630468813603E+02
 0.93290339798138E+02
 0.94009885584512E+02
 0.94805585517594E+02
 0.95676948493300E+02
 0.96628057564415E+02
 0.97672874142933E+02
 0.98832221247329E+02
 0.10008875956257E+03
 0.10146397224005E+03
 0.10296068889621E+03
 0.10454753713176E+03
 0.10624460726328E+03
 0.10801673251672E+03
 0.10984816041118E+03
 0.11171544651223E+03
 0.11361087488041E+03
 0.11554064105082E+03
 0.11749464856053E+03
 0.11946274294061E+03
 0.12145605209950E+03
 0.12345907030418E+03
 0.12549007774997E+03
 0.12753407211877E+03
 0.12960459839214E+03
 0.13169816876203E+03
 0.13378163588499E+03
 0.13590101491999E+03
 0.13805334792044E+03
 0.14019767055937E+03
 0.14237017279408E+03
 0.14454528691597E+03
 0.14674056589863E+03
 0.14894119285359E+03
 0.15116439490320E+03
 0.15339256134039E+03
 0.15562621321181E+03
 0.15788188101331E+03
 0.16014671814641E+03
 0.16242383666780E+03
 0.16470054993705E+03
 0.16699635169043E+03
 0.16930159234931E+03
 0.17161545571362E+03
 0.17394180233886E+03
 0.17627715558448E+03
 0.17860994359126E+03
 0.18096852375355E+03
 0.18333436806003E+03
 0.18569074046803E+03
 0.18807300724809E+03
 0.19046949583190E+03
 0.19285052954127E+03
 0.19526055882321E+03
 0.19766899081170E+03
 0.20010805139498E+03
 0.20251203996911E+03
 0.20495361521320E+03
 0.20738502659866E+03
 0.20986420465369E+03
 0.21231599021189E+03
 0.21480140984364E+03
 0.21726519420027E+03
 0.21975658106046E+03
 0.22224939476481E+03
 0.22476075394410E+03
 0.22726851807571E+03
 0.22980515524254E+03
 0.23234601106245E+03
 0.23489328640078E+03
 0.23744007792716E+03
 0.23998677098667E+03
 0.24255207932455E+03
 0.24514079294955E+03
 0.24772972189957E+03
 0.25031575577806E+03
 0.25292609477390E+03
 0.25552500989502E+03
 0.25816167551089E+03
 0.26078368008752E+03
 0.26343883204462E+03
 0.26607600165393E+03
 0.26873730749506E+03
 0.27141519897786E+03
 0.27409041668861E+03
 0.27676909199146E+03
 0.27947172658344E+03
 0.28218196163420E+03
 0.28491376908326E+03
 0.28763075483795E+03
 0.29036002448719E+03
 0.29310820050953E+03
 0.29586178274995E+03
 0.29862678046038E+03
 0.30139073037378E+03
 0.30418070322537E+03
 0.30696225040206E+03
 0.30977151533443E+03
 0.31260578652697E+03
 0.31541920051532E+03
 0.31826151882412E+03
 0.32109036912480E+03
 0.32393985972349E+03
 0.32679160375357E+03
 0.32967421333312E+03
 0.33254736987432E+03
 0.33542535391869E+03
 0.33833611588713E+03
 0.34124468240613E+03
 0.34415779772533E+03
 0.34710785000730E+03
 0.35002808833109E+03
 0.35297642447065E+03
 0.35592323243139E+03
 0.35891158529386E+03
 0.36188296837413E+03
 0.36485369338169E+03
 0.36786283781402E+03
 0.37085458140457E+03
 0.37387074818770E+03
 0.37690650423312E+03
 0.37992519886819E+03
 0.38297433421563E+03
 0.38603052722557E+03
 0.38909449493769E+03
 0.39217320564183E+03
 0.39523886604917E+03
 0.39834400688648E+03
 0.40143178119465E+03
 0.40454915144026E+03
 0.40766842730325E+03
 0.41079431332465E+03
 0.41394432783734E+03
 0.41709517704876E+03
 0.42023337350108E+03
 0.42341841784395E+03
 0.42658009060494E+03
 0.42978522784355E+03
 0.43297624906518E+03
 0.43618007885594E+03
 0.43938821049950E+03
 0.44262187219781E+03
 0.44586380884451E+03
 0.44910540446376E+03
 0.45234867608360E+03
 0.45561448330347E+03
 0.45888692193700E+03
 0.46215861671036E+03
 0.46546116528180E+03
 0.46877457556073E+03
 0.47207510056314E+03
 0.47538727217292E+03
 0.47873042700158E+03
 0.48204448472315E+03
 0.48541598571445E+03
 0.48877028314952E+03
 0.49214023759979E+03
 0.49551259069049E+03
 0.49889496023707E+03
 0.50228949771392E+03
 0.50569123751818E+03
 0.50911782956145E+03
 0.51252025416985E+03
 0.51594984977865E+03
 0.51937696242090E+03
 0.52282647770841E+03
 0.52630561225048E+03
 0.52975032074559E+03
 0.53323525164037E+03
 0.53671662904309E+03
 0.54020273416901E+03
 0.54371254985445E+03
 0.54721663581184E+03
 0.55074747361601E+03
 0.55428322089140E+03
 0.55780715211152E+03
