 0.11076108624053E+04
 0.11076108624053E+04
 0.11076108624053E+04
 0.11076108624053E+04
 0.11076108624053E+04
 0.11076108624053E+04
 0.11076108624053E+04
 0.11076108624053E+04
 0.11076108624053E+04
 0.11076069849429E+04
 0.11077207589677E+04
 0.11075620357473E+04
 0.11074536527897E+04
 0.11075278816512E+04
 0.11073768013985E+04
 0.11074388962902E+04
 0.11074004255882E+04
 0.11075722226820E+04
 0.11075073314257E+04
 0.11073908208067E+04
 0.11074505137451E+04
 0.11075634452914E+04
 0.11075230248308E+04
 0.11072735383435E+04
 0.11072083062127E+04
 0.11074034957076E+04
 0.11074802993500E+04
 0.11073071709503E+04
 0.11071794027822E+04
 0.11073702991389E+04
 0.11077053589383E+04
 0.11073376242234E+04
 0.11081807003023E+04
 0.11084504335134E+04
 0.11074928704287E+04
 0.11087964472192E+04
 0.11080082122275E+04
 0.11079297720425E+04
 0.11091838495013E+04
 0.11078954963414E+04
 0.11071372631668E+04
 0.11087764086219E+04
 0.11078487180620E+04
 0.11095898768869E+04
 0.11109368641978E+04
 0.11110622963027E+04
 0.11107392931237E+04
 0.11094337739575E+04
 0.11083243904910E+04
 0.11107973631312E+04
 0.11082915573425E+04
 0.11122266136277E+04
 0.11097865069343E+04
 0.11090578773492E+04
 0.11091364808832E+04
 0.11127575662327E+04
 0.11121306993932E+04
 0.11079246367887E+04
 0.11146692925318E+04
 0.11100380511645E+04
 0.11128812027377E+04
 0.11113435266980E+04
 0.11128499804481E+04
 0.11107432454581E+04
 0.11099932397396E+04
 0.11111141525104E+04
 0.11121633137896E+04
 0.11197917196380E+04
 0.11140405448947E+04
 0.11088185917668E+04
 0.11160106844559E+04
 0.11179384365785E+04
 0.11077281899040E+04
 0.11166448058137E+04
 0.11106249868951E+04
 0.11139339858635E+04
 0.11088847165364E+04
 0.11111528353358E+04
 0.11187855459871E+04
 0.11175674419593E+04
 0.11154406226254E+04
 0.11072043845775E+04
 0.11164023221107E+04
 0.11202968236916E+04
 0.11131574040162E+04
 0.11157329966640E+04
 0.11164851521525E+04
 0.11197043690766E+04
 0.11176847540965E+04
 0.11161388749936E+04
 0.11163469586852E+04
 0.11091495667371E+04
 0.11170795391692E+04
 0.11117011641606E+04
 0.11098437893690E+04
 0.11199472327346E+04
 0.11123471821308E+04
 0.11161780003393E+04
 0.11140859873558E+04
 0.11117504628329E+04
 0.11112712337364E+04
 0.11159041318213E+04
 0.11135216510907E+04
 0.11124056644148E+04
 0.11170962346592E+04
 0.11097601621185E+04
 0.11179050710900E+04
 0.11079778351043E+04
 0.11087311613887E+04
 0.11143929741919E+04
 0.11112456047212E+04
 0.11129777283900E+04
 0.11135601477246E+04
 0.11079556915761E+04
 0.11193471816857E+04
 0.11082734988707E+04
 0.11090615821346E+04
 0.11082680506011E+04
 0.11181651103557E+04
 0.11087892695343E+04
 0.11078685491483E+04
 0.11099910791683E+04
 0.11108051936686E+04
 0.11163629608770E+04
 0.11147788862185E+04
 0.11194073633229E+04
 0.11096047290132E+04
 0.11129576724172E+04
 0.11106308259266E+04
 0.11119166263082E+04
 0.11083950724801E+04
 0.11045651318825E+04
 0.11161485239444E+04
 0.11079250368148E+04
 0.11164307078672E+04
 0.11156039153547E+04
 0.11130659561449E+04
 0.11050007648409E+04
 0.11147639619571E+04
 0.11072629109336E+04
 0.11168968462274E+04
 0.11158115095121E+04
 0.11093822859667E+04
 0.11038475304165E+04
 0.11058820925325E+04
 0.11095984552771E+04
 0.11118170909900E+04
 0.11083991523486E+04
 0.11121747021097E+04
 0.11113902797517E+04
 0.11045279748564E+04
 0.11061947519518E+04
 0.11099495232131E+04
 0.11195887030640E+04
 0.11160355409354E+04
 0.11193193043579E+04
 0.11200457620874E+04
 0.11172897389221E+04
 0.11107095621987E+04
 0.11085224857882E+04
 0.11125307220699E+04
 0.11130244085246E+04
 0.11147221847398E+04
 0.11146068782959E+04
 0.11194069128907E+04
 0.11119965718037E+04
 0.11221835468642E+04
 0.11224611602119E+04
 0.11164314834475E+04
 0.11138828503448E+04
 0.11181854217813E+04
 0.11232754899309E+04
 0.11206848045050E+04
 0.11226354815806E+04
 0.11298045258075E+04
 0.11331528511289E+04
 0.11237152041999E+04
 0.11303483013414E+04
 0.11343491200645E+04
 0.11370825724654E+04
 0.11357722771861E+04
 0.11361280890138E+04
 0.11358081136252E+04
 0.11312466844033E+04
 0.11314081989515E+04
 0.11328795360230E+04
 0.11384032596803E+04
 0.11368834743365E+04
 0.11384778278260E+04
 0.11429284925153E+04
 0.11458168303543E+04
 0.11563262943801E+04
 0.11532739230394E+04
 0.11496806863637E+04
 0.11489646853420E+04
 0.11582472776039E+04
 0.11539354364546E+04
 0.11601167449077E+04
 0.11564023171867E+04
 0.11648470918805E+04
 0.11689729677462E+04
 0.11638482097652E+04
 0.11625706245019E+04
 0.11682957413278E+04
 0.11673713983935E+04
 0.11677866556985E+04
 0.11744705261469E+04
 0.11706906534055E+04
 0.11728603767549E+04
 0.11785463079581E+04
 0.11796007256412E+04
 0.11880343617486E+04
 0.11835641205284E+04
 0.11868745697792E+04
 0.11905630079991E+04
 0.11850426512962E+04
 0.11982977012338E+04
 0.11956020281963E+04
 0.12075362587156E+04
 0.11999760950143E+04
 0.12038290069487E+04
 0.12031697095536E+04
 0.12013927481375E+04
 0.12073784849893E+04
 0.12092683299769E+04
 0.12165649655620E+04
 0.12231999072101E+04
 0.12139100965033E+04
 0.12218803921671E+04
 0.12309974342978E+04
 0.12344216467676E+04
 0.12266765867130E+04
 0.12253693414166E+04
 0.12297509073776E+04
 0.12424426087808E+04
 0.12365730990744E+04
 0.12394846154127E+04
 0.12532497290174E+04
 0.12447788771707E+04
 0.12516557784246E+04
 0.12572357329255E+04
 0.12603818254113E+04
 0.12550275387192E+04
 0.12575975452535E+04
 0.12639568900946E+04
 0.12604667670628E+04
 0.12643654136184E+04
 0.12642841124790E+04
 0.12692099686860E+04
 0.12763046947327E+04
 0.12733309275045E+04
 0.12785495463490E+04
 0.12912568203755E+04
 0.12876416851223E+04
 0.12880460013475E+04
 0.12956681055838E+04
 0.13034490002326E+04
 0.12933607425617E+04
 0.13108774238927E+04
 0.12979258482047E+04
 0.13039270362224E+04
 0.13087887788150E+04
 0.13049156545531E+04
 0.13093408353472E+04
 0.13209431275533E+04
 0.13291919966740E+04
 0.13248288061634E+04
 0.13320295744338E+04
 0.13315634651012E+04
 0.13398063313507E+04
 0.13311374168243E+04
 0.13373044973554E+04
 0.13383012363237E+04
 0.13420280677958E+04
 0.13424582849385E+04
 0.13446421423620E+04
 0.13563240854805E+04
 0.13499907611504E+04
 0.13576757578834E+04
 0.13647586910464E+04
 0.13664698628980E+04
 0.13743073371986E+04
 0.13697138953484E+04
 0.13780031700618E+04
 0.13771682867761E+04
 0.13814977040896E+04
 0.13926321509201E+04
 0.13806250231001E+04
 0.13835890452609E+04
 0.13892905837696E+04
 0.13994680999264E+04
 0.14056816081489E+04
 0.14080962457741E+04
 0.14039018111296E+04
 0.14078979504640E+04
 0.14218120665607E+04
 0.14145326773398E+04
 0.14137481660992E+04
 0.14126709576740E+04
 0.14248836619214E+04
