 0.61503569054433E+01
 0.61503569442521E+01
 0.61503571242289E+01
 0.61503576334659E+01
 0.61503587495692E+01
 0.61503608442607E+01
 0.61503643810685E+01
 0.61503698960625E+01
 0.61503779716016E+01
 0.61503891933016E+01
 0.61504041437240E+01
 0.61504233830912E+01
 0.61504477070900E+01
 0.61504776393813E+01
 0.61505143221394E+01
 0.61505580924866E+01
 0.61506105724900E+01
 0.61506729811296E+01
 0.61507467198338E+01
 0.61508335470190E+01
 0.61509339081097E+01
 0.61510520811977E+01
 0.61511884996942E+01
 0.61513448528729E+01
 0.61515225357823E+01
 0.61517230553954E+01
 0.61519461462289E+01
 0.61521949988623E+01
 0.61524685459689E+01
 0.61527646701441E+01
 0.61530806462202E+01
 0.61534185587593E+01
 0.61537719270953E+01
 0.61541355160884E+01
 0.61545124127609E+01
 0.61548914391429E+01
 0.61552695733342E+01
 0.61556370636372E+01
 0.61559938670915E+01
 0.61563360489386E+01
 0.61566385436244E+01
 0.61569123080659E+01
 0.61571484261874E+01
 0.61573363031257E+01
 0.61574613271589E+01
 0.61575274746505E+01
 0.61575368429312E+01
 0.61574747548120E+01
 0.61573281512781E+01
 0.61570981648162E+01
 0.61567895183527E+01
 0.61563861629822E+01
 0.61558948597052E+01
 0.61553078902641E+01
 0.61546155732518E+01
 0.61538290912593E+01
 0.61529466336919E+01
 0.61519521802654E+01
 0.61508656464460E+01
 0.61496978458946E+01
 0.61483795037414E+01
 0.61470157763357E+01
 0.61455543162635E+01
 0.61439665436434E+01
 0.61423321013744E+01
 0.61405553083950E+01
 0.61387246390510E+01
 0.61368700604273E+01
 0.61348856309285E+01
 0.61328709309528E+01
 0.61307242423088E+01
 0.61285436157657E+01
 0.61263728199514E+01
 0.61240449075020E+01
 0.61217452689642E+01
 0.61193586587555E+01
 0.61169493953225E+01
 0.61144624802346E+01
 0.61120471256771E+01
 0.61095148818959E+01
 0.61069899036560E+01
 0.61044596268796E+01
 0.61019239740275E+01
 0.60993695076115E+01
 0.60967286577224E+01
 0.60941518383188E+01
 0.60915768920753E+01
 0.60889312850808E+01
 0.60862836375300E+01
 0.60835963738948E+01
 0.60809797700032E+01
 0.60783455366321E+01
 0.60756009043539E+01
 0.60727772572786E+01
 0.60700076393386E+01
 0.60671781443164E+01
 0.60641181689849E+01
 0.60610199552373E+01
 0.60577010876326E+01
 0.60541892767725E+01
 0.60503133214871E+01
 0.60461368439054E+01
 0.60414844690406E+01
 0.60361413256813E+01
 0.60299317777516E+01
 0.60226992582437E+01
 0.60141217646700E+01
 0.60034265610760E+01
 0.59901325328852E+01
 0.59732212735952E+01
 0.59509730440787E+01
 0.59205066303517E+01
 0.58777388676718E+01
 0.58160582360287E+01
 0.57276847017734E+01
 0.56108786344432E+01
 0.54740282270550E+01
 0.53332219623036E+01
 0.51998559333161E+01
 0.50796156465022E+01
 0.49729169355440E+01
 0.48782460432069E+01
 0.47927025900251E+01
 0.47154298998835E+01
 0.46454094649709E+01
 0.45812021378439E+01
 0.45216400322065E+01
 0.44653971381177E+01
 0.44126865547845E+01
 0.43631490252794E+01
 0.43160929295367E+01
 0.42709881364583E+01
 0.42284003559453E+01
 0.41874302040644E+01
 0.41479136233561E+01
 0.41103691891166E+01
 0.40738491379323E+01
 0.40387375263485E+01
 0.40048985147319E+01
 0.39723651928059E+01
 0.39409744333470E+01
 0.39104911231449E+01
 0.38809801557222E+01
 0.38524605700197E+01
 0.38247361656736E+01
 0.37980055889955E+01
 0.37719224258337E+01
 0.37466841777487E+01
 0.37220941102924E+01
 0.36981296656501E+01
 0.36751162024619E+01
 0.36525430870667E+01
 0.36304342815786E+01
 0.36091062293346E+01
 0.35882433024725E+01
 0.35680053679954E+01
 0.35482338178667E+01
 0.35290326140635E+01
 0.35102083573537E+01
 0.34919372891268E+01
 0.34741408319088E+01
 0.34566933046472E+01
 0.34396833015440E+01
 0.34230475517683E+01
 0.34068836256598E+01
 0.33910303346733E+01
 0.33755477934757E+01
 0.33604231655537E+01
 0.33455944599163E+01
 0.33311166190166E+01
 0.33170080457587E+01
 0.33031104662745E+01
 0.32895365657475E+01
 0.32763384032452E+01
 0.32633258900937E+01
 0.32505544304680E+01
 0.32381682892603E+01
 0.32259306462555E+01
 0.32139814570668E+01
 0.32021831063322E+01
 0.31907909573421E+01
 0.31795169037925E+01
 0.31684901878478E+01
 0.31575578878596E+01
 0.31469762494540E+01
 0.31364794092764E+01
 0.31262918548876E+01
 0.31162133979498E+01
 0.31063476859848E+01
 0.30966235037242E+01
 0.30871171460676E+01
 0.30777133179714E+01
 0.30684697750353E+01
 0.30594178182542E+01
 0.30505265776352E+01
 0.30418358942752E+01
 0.30332377237756E+01
 0.30247604317825E+01
 0.30164242739224E+01
 0.30082667645198E+01
 0.30002032440117E+01
 0.29923127527475E+01
 0.29844675153235E+01
 0.29768191021128E+01
 0.29692164845419E+01
 0.29618121258651E+01
 0.29544658233857E+01
 0.29472314642506E+01
 0.29401151436965E+01
 0.29331246709993E+01
 0.29262033785126E+01
 0.29193882087066E+01
 0.29126364724807E+01
 0.29060448346250E+01
 0.28995316518331E+01
 0.28930842578581E+01
 0.28867426318562E+01
 0.28804753796134E+01
 0.28743356390484E+01
 0.28682202577191E+01
 0.28622340035584E+01
 0.28562885510857E+01
 0.28504069295375E+01
 0.28446456880548E+01
 0.28389214714094E+01
 0.28333100350171E+01
 0.28277589384594E+01
 0.28222736475539E+01
 0.28168427630005E+01
 0.28114965493940E+01
 0.28062314943898E+01
 0.28009947870651E+01
 0.27958322163088E+01
 0.27907385862377E+01
 0.27856816722435E+01
 0.27807313195361E+01
 0.27757999416338E+01
 0.27709599325253E+01
 0.27661288600950E+01
 0.27613833089256E+01
 0.27567008537862E+01
 0.27520470367187E+01
 0.27474740446326E+01
 0.27429316472976E+01
 0.27384229942134E+01
 0.27340050186770E+01
 0.27296041972665E+01
 0.27252554357798E+01
 0.27209649837341E+01
 0.27166986481429E+01
 0.27125144404096E+01
 0.27083292100104E+01
 0.27042265746458E+01
 0.27001492323521E+01
 0.26961057696891E+01
 0.26921206578983E+01
 0.26881540464063E+01
 0.26842389217035E+01
 0.26803883774609E+01
 0.26765241083165E+01
 0.26727454496422E+01
 0.26689620129545E+01
 0.26652386948208E+01
 0.26615651752463E+01
 0.26579128124008E+01
 0.26542850802906E+01
 0.26506983943854E+01
 0.26471377299724E+01
 0.26436322932673E+01
 0.26401479589229E+01
 0.26366962041911E+01
 0.26332824765585E+01
 0.26298862974051E+01
 0.26265160564822E+01
 0.26231909091002E+01
 0.26198932392555E+01
 0.26166142769559E+01
 0.26133879021655E+01
 0.26101634159832E+01
 0.26069734148194E+01
 0.26038213345740E+01
 0.26006942326506E+01
 0.25975870340335E+01
 0.25945075972991E+01
 0.25914583010214E+01
 0.25884243047655E+01
 0.25854405826450E+01
 0.25824606320628E+01
 0.25795145682362E+01
 0.25765918040696E+01
 0.25736755594406E+01
 0.25708118840666E+01
 0.25679464310480E+01
 0.25651213003187E+01
 0.25623149408042E+01
 0.25595199255222E+01
 0.25567532722674E+01
 0.25540110759993E+01
 0.25512836891052E+01
 0.25485863052931E+01
