 0.10000000133514E-09
 0.10000000133514E-09
 0.10000000133514E-09
 0.10000000133514E-09
 0.10000000133514E-09
 0.10000000133514E-09
 0.10000000133514E-09
 0.10000000133514E-09
 0.10000000133514E-09
 0.10000000133514E-09
 0.10000000133514E-09
 0.10000000133514E-09
 0.10000000133514E-09
 0.10000000133514E-09
 0.10000000133514E-09
 0.10000000133514E-09
 0.10000000133514E-09
 0.10000000133514E-09
 0.12721562838965E-03
 0.12721562838965E-03
 0.26802860334291E-03
 0.37058974487864E-03
 0.49894581740171E-03
 0.65631064926575E-03
 0.84582009644317E-03
 0.10704752275157E-02
 0.13330958881751E-02
 0.16362944794744E-02
 0.19825121967395E-02
 0.23739977441047E-02
 0.28127449021208E-02
 0.33003674624960E-02
 0.38386234773021E-02
 0.44287093769645E-02
 0.50716467287572E-02
 0.57686200991979E-02
 0.65201941442769E-02
 0.73271135127555E-02
 0.81897964674095E-02
 0.91084326057622E-02
 0.10083632523521E-01
 0.11115437216629E-01
 0.12203614436184E-01
 0.13348433711300E-01
 0.14550021676243E-01
 0.15808150827110E-01
 0.17122309896714E-01
 0.18492684692293E-01
 0.19920707301503E-01
 0.21403628753751E-01
 0.22941592259528E-01
 0.24535900108610E-01
 0.26184341231704E-01
 0.27888365784456E-01
 0.29647519276568E-01
 0.31461707007587E-01
 0.33329609859724E-01
 0.35251288006022E-01
 0.37229822485073E-01
 0.39260458473323E-01
 0.41344784871874E-01
 0.43484081713401E-01
 0.45676094871353E-01
 0.47923414932301E-01
 0.50221149774945E-01
 0.52578084675649E-01
 0.54985884848431E-01
 0.57441034041563E-01
 0.59958183523877E-01
 0.62524526853539E-01
 0.65149572897292E-01
 0.67827439578947E-01
 0.70557230165372E-01
 0.73344010688452E-01
 0.76182950871787E-01
 0.79080684158335E-01
 0.82037882503755E-01
 0.85049371831363E-01
 0.88114699788912E-01
 0.91243999722965E-01
 0.94426213129759E-01
 0.97672507274367E-01
 0.10097123838397E+00
 0.10433667124143E+00
 0.10777257280613E+00
 0.11126439064571E+00
 0.11482539295728E+00
 0.11845716081740E+00
 0.12215384875533E+00
 0.12592250718252E+00
 0.12975234524153E+00
 0.13365867783028E+00
 0.13765614856250E+00
 0.14172855798171E+00
 0.14587816270920E+00
 0.15009524925132E+00
 0.15442966155654E+00
 0.15883471360887E+00
 0.16334392084074E+00
 0.16795106731151E+00
 0.17266908482699E+00
 0.17748580106211E+00
 0.18241675664562E+00
 0.18747984301230E+00
 0.19267898118699E+00
 0.19800946879110E+00
 0.20347366794764E+00
 0.20913751150856E+00
 0.21496166619527E+00
 0.22096776459147E+00
 0.22718424395453E+00
 0.23365901274055E+00
 0.24041221121226E+00
 0.24747844011458E+00
 0.25492661149064E+00
 0.26273024142726E+00
 0.27087032851621E+00
 0.27922598045901E+00
 0.28748927295464E+00
 0.29525721314092E+00
 0.30228180750591E+00
 0.30857034652007E+00
 0.31427367554210E+00
 0.31954007604833E+00
 0.32447530816564E+00
 0.32919052339808E+00
 0.33375633152953E+00
 0.33822829081095E+00
 0.34262973050597E+00
 0.34697910769043E+00
 0.35129794508557E+00
 0.35560362118268E+00
 0.35989452708217E+00
 0.36418101963487E+00
 0.36847149590416E+00
 0.37275960507307E+00
 0.37705608350559E+00
 0.38135589115534E+00
 0.38566255611675E+00
 0.38997274936535E+00
 0.39428781460742E+00
 0.39860764707719E+00
 0.40292925862418E+00
 0.40725380280455E+00
 0.41157914243362E+00
 0.41590076961227E+00
 0.42022039280065E+00
 0.42453849857642E+00
 0.42884602212388E+00
 0.43314899746733E+00
 0.43744162447463E+00
 0.44172227706471E+00
 0.44599272825236E+00
 0.45024643628523E+00
 0.45448466991330E+00
 0.45870459963467E+00
 0.46290608756539E+00
 0.46708675689321E+00
 0.47124640407265E+00
 0.47538280842724E+00
 0.47949444692124E+00
 0.48358122412309E+00
 0.48764127482885E+00
 0.49167457129705E+00
 0.49567951915226E+00
 0.49965553210687E+00
 0.50360051538758E+00
 0.50751597233666E+00
 0.51140094154108E+00
 0.51525386717328E+00
 0.51907455460873E+00
 0.52286347457128E+00
 0.52661901391391E+00
 0.53034041323086E+00
 0.53402832885472E+00
 0.53768455295810E+00
 0.54130521322481E+00
 0.54489245211013E+00
 0.54844497773412E+00
 0.55196478431347E+00
 0.55544919809711E+00
 0.55889978013178E+00
 0.56231655447742E+00
 0.56569995516188E+00
 0.56904891524266E+00
 0.57236389735312E+00
 0.57564611900079E+00
 0.57889443977783E+00
 0.58210981269643E+00
 0.58529322543671E+00
 0.58844282069610E+00
 0.59156071958590E+00
 0.59464645215090E+00
 0.59770006161064E+00
 0.60072188204563E+00
 0.60371268506591E+00
 0.60667221804935E+00
 0.60960137510014E+00
 0.61250026313591E+00
 0.61536879409187E+00
 0.61820802998858E+00
 0.62101746587453E+00
 0.62379813063394E+00
 0.62654981851702E+00
 0.62927363473725E+00
 0.63196893796024E+00
 0.63463672791380E+00
 0.63727723593986E+00
 0.63989048025575E+00
 0.64247716135407E+00
 0.64503748098196E+00
 0.64757186768046E+00
 0.65008051930834E+00
 0.65256361307652E+00
 0.65502184945431E+00
 0.65745533510851E+00
 0.65986434205412E+00
 0.66224933112837E+00
 0.66461051371130E+00
 0.66694849662023E+00
 0.66926296399983E+00
 0.67155495314827E+00
 0.67382431207317E+00
 0.67607139774711E+00
 0.67829677027888E+00
 0.68050033279396E+00
 0.68268253954399E+00
 0.68484392287121E+00
 0.68698430541110E+00
 0.68910438563347E+00
 0.69120383770854E+00
 0.69328388393318E+00
 0.69534403377959E+00
 0.69738485969574E+00
 0.69940656200920E+00
 0.70140922209786E+00
 0.70339347896496E+00
 0.70535915672953E+00
 0.70730683344521E+00
 0.70923665601100E+00
 0.71114858468012E+00
 0.71304333807881E+00
 0.71492084948033E+00
 0.71678143455147E+00
 0.71862530065662E+00
 0.72045255825246E+00
 0.72226352247089E+00
 0.72405853237670E+00
 0.72583755793714E+00
 0.72760095185571E+00
 0.72934892238967E+00
 0.73108166835813E+00
 0.73279930781078E+00
 0.73450215967916E+00
 0.73619028940736E+00
 0.73786397745532E+00
 0.73952336222582E+00
 0.74116869369522E+00
 0.74279993143702E+00
 0.74441762150662E+00
 0.74602160874319E+00
 0.74761241506510E+00
 0.74918972334776E+00
 0.75075401236693E+00
 0.75230546428312E+00
 0.75384424493337E+00
 0.75537039211479E+00
 0.75688408092875E+00
 0.75838552663570E+00
 0.75987479879058E+00
 0.76135222476257E+00
 0.76281764993197E+00
 0.76427160839960E+00
 0.76571381459917E+00
 0.76714476438953E+00
 0.76856438842269E+00
 0.76997296495775E+00
 0.77137052910696E+00
 0.77275730436974E+00
 0.77413329311453E+00
 0.77549861387935E+00
 0.77685355922231E+00
 0.77819799860815E+00
 0.77953229313471E+00
 0.78085661279760E+00
 0.78217079384350E+00
 0.78347505177002E+00
 0.78476967303149E+00
 0.78605452327902E+00
 0.78732995068078E+00
 0.78859589487373E+00
 0.78985240918945E+00
 0.79109992992178E+00
 0.79233815166038E+00
 0.79356743764836E+00
 0.79478765455309E+00
 0.79599939091542E+00
 0.79720225193036E+00
 0.79839643604537E+00
 0.79958214545229E+00
