 0.53405578660231E+07
 0.53405578660231E+07
 0.53405578660231E+07
 0.53405578660231E+07
 0.53405578660231E+07
 0.53405578660231E+07
 0.53405578660231E+07
 0.53405578660231E+07
 0.53405578660231E+07
 0.53405578660231E+07
 0.53405578660232E+07
 0.53405578660234E+07
 0.53405578660238E+07
 0.53405578660235E+07
 0.53405578660229E+07
 0.53405578660228E+07
 0.53405578660221E+07
 0.53405578660210E+07
 0.53405578660193E+07
 0.53405578660168E+07
 0.53405578660177E+07
 0.53405578660124E+07
 0.53405578660078E+07
 0.53405578660014E+07
 0.53405578659951E+07
 0.53405578659911E+07
 0.53405578659975E+07
 0.53405578659799E+07
 0.53405578659554E+07
 0.53405578659376E+07
 0.53405578659364E+07
 0.53405578659062E+07
 0.53405578658968E+07
 0.53405578658907E+07
 0.53405578658384E+07
 0.53405578658121E+07
 0.53405578657542E+07
 0.53405578657877E+07
 0.53405578656711E+07
 0.53405578654709E+07
 0.53405578654680E+07
 0.53405578654486E+07
 0.53405578653743E+07
 0.53405578652148E+07
 0.53405578654593E+07
 0.53405578654200E+07
 0.53405578651247E+07
 0.53405578647001E+07
 0.53405578646312E+07
 0.53405578647131E+07
 0.53405578643924E+07
 0.53405578642077E+07
 0.53405578633029E+07
 0.53405578633221E+07
 0.53405578630845E+07
 0.53405578623717E+07
 0.53405578610472E+07
 0.53405578617406E+07
 0.53405578612791E+07
 0.53405578584342E+07
 0.53405578637042E+07
 0.53405578597507E+07
 0.53405578599939E+07
 0.53405578622192E+07
 0.53405578584898E+07
 0.53405578648428E+07
 0.53405578681605E+07
 0.53405578584657E+07
 0.53405578592884E+07
 0.53405578505360E+07
 0.53405578580235E+07
 0.53405578670080E+07
 0.53405578417275E+07
 0.53405578624610E+07
 0.53405578408172E+07
 0.53405578509946E+07
 0.53405578566026E+07
 0.53405578654263E+07
 0.53405578392903E+07
 0.53405578477239E+07
 0.53405578641342E+07
 0.53405578484472E+07
 0.53405578058508E+07
 0.53405578186865E+07
 0.53405578458506E+07
 0.53405578315128E+07
 0.53405578211951E+07
 0.53405578324889E+07
 0.53405578506178E+07
 0.53405579250599E+07
 0.53405578713910E+07
 0.53405578119853E+07
 0.53405578249907E+07
 0.53405579424812E+07
 0.53405578660109E+07
 0.53405577744924E+07
 0.53405578870308E+07
 0.53405578422814E+07
 0.53405577862469E+07
 0.53405578383593E+07
 0.53405579271324E+07
 0.53405577880257E+07
 0.53405577956108E+07
 0.53405577905276E+07
 0.53405578805023E+07
 0.53405578868629E+07
 0.53405578900223E+07
 0.53405580669301E+07
 0.53405581640018E+07
 0.53405579284266E+07
 0.53405577495318E+07
 0.53405576444835E+07
 0.53405575932185E+07
 0.53405577166121E+07
 0.53405576711252E+07
 0.53405576215826E+07
 0.53405575708085E+07
 0.53405574701552E+07
 0.53405575152881E+07
 0.53405576871892E+07
 0.53405578357336E+07
 0.53405575770569E+07
 0.53405578801314E+07
 0.53405585895968E+07
 0.53405583354210E+07
 0.53405579490730E+07
 0.53405572355192E+07
 0.53405576739461E+07
 0.53405569369187E+07
 0.53405571916243E+07
 0.53405568584249E+07
 0.53405575166027E+07
 0.53405567669073E+07
 0.53405563937031E+07
 0.53405570472150E+07
 0.53405556100902E+07
 0.53405570770972E+07
 0.53405579820184E+07
 0.53405577369999E+07
 0.53405575908705E+07
 0.53405571984651E+07
 0.53405575059146E+07
 0.53405577935885E+07
 0.53405574351453E+07
 0.53405580626313E+07
 0.53405563040816E+07
 0.53405571719478E+07
 0.53405561167320E+07
 0.53405559232684E+07
 0.53405567604774E+07
 0.53405549871537E+07
 0.53405554512988E+07
 0.53405561698895E+07
 0.53405563849298E+07
 0.53405582730683E+07
 0.53405563118027E+07
 0.53405574671908E+07
 0.53405566672667E+07
 0.53405575011257E+07
 0.53405563657539E+07
 0.53405558481711E+07
 0.53405559907988E+07
 0.53405547394956E+07
 0.53405565545228E+07
 0.53405552918714E+07
 0.53405546744655E+07
 0.53405548775283E+07
 0.53405546794385E+07
 0.53405563336593E+07
 0.53405550266645E+07
 0.53405546331157E+07
 0.53405554237631E+07
 0.53405559015794E+07
 0.53405553304470E+07
 0.53405547103221E+07
 0.53405564182263E+07
 0.53405540077020E+07
 0.53405548485260E+07
 0.53405551935511E+07
 0.53405573884655E+07
 0.53405551454080E+07
 0.53405540646281E+07
 0.53405523403386E+07
 0.53405559632495E+07
 0.53405538994362E+07
 0.53405546066898E+07
 0.53405529673070E+07
 0.53405535184099E+07
 0.53405534195763E+07
 0.53405542973305E+07
 0.53405521945669E+07
 0.53405533658616E+07
 0.53405545154192E+07
 0.53405549772626E+07
 0.53405540137738E+07
 0.53405519887771E+07
 0.53405519366166E+07
 0.53405530694886E+07
 0.53405540373652E+07
 0.53405514199702E+07
 0.53405534882008E+07
 0.53405512397704E+07
 0.53405521157220E+07
 0.53405506908697E+07
 0.53405529741227E+07
 0.53405499981227E+07
 0.53405512747891E+07
 0.53405515584373E+07
 0.53405522770354E+07
 0.53405502004030E+07
 0.53405505965550E+07
 0.53405510138961E+07
 0.53405538081052E+07
 0.53405517707865E+07
 0.53405523160451E+07
 0.53405525932808E+07
 0.53405514753937E+07
 0.53405517566350E+07
 0.53405517148805E+07
 0.53405523506473E+07
 0.53405512253080E+07
 0.53405520651926E+07
 0.53405548920257E+07
 0.53405544853608E+07
 0.53405561039718E+07
 0.53405547896811E+07
 0.53405549899836E+07
 0.53405547347218E+07
 0.53405569858095E+07
 0.53405557019025E+07
 0.53405528937841E+07
 0.53405549781128E+07
 0.53405550631917E+07
 0.53405559980045E+07
 0.53405577775672E+07
 0.53405555104665E+07
 0.53405575294898E+07
 0.53405566304094E+07
 0.53405596126592E+07
 0.53405582425582E+07
 0.53405565383359E+07
 0.53405584183224E+07
 0.53405567463308E+07
 0.53405570586017E+07
 0.53405581862876E+07
 0.53405554219638E+07
 0.53405560450470E+07
 0.53405576298617E+07
 0.53405557771199E+07
 0.53405586585344E+07
 0.53405542969766E+07
 0.53405557526068E+07
 0.53405538159272E+07
 0.53405555476419E+07
 0.53405542633433E+07
 0.53405538745724E+07
 0.53405552747902E+07
 0.53405559193866E+07
 0.53405518984599E+07
 0.53405553875890E+07
 0.53405520463914E+07
 0.53405544702505E+07
 0.53405553868221E+07
 0.53405530375680E+07
 0.53405527523331E+07
 0.53405522281245E+07
 0.53405534944564E+07
 0.53405538324760E+07
 0.53405523327759E+07
 0.53405524784802E+07
 0.53405531789295E+07
 0.53405509972858E+07
 0.53405519140890E+07
 0.53405527317125E+07
 0.53405514531485E+07
 0.53405515496645E+07
 0.53405526875250E+07
 0.53405490438535E+07
 0.53405511796857E+07
 0.53405520850028E+07
 0.53405517538608E+07
 0.53405507992940E+07
 0.53405515521873E+07
 0.53405508804098E+07
 0.53405496681637E+07
 0.53405521074824E+07
 0.53405497710162E+07
 0.53405483565845E+07
 0.53405469516228E+07
 0.53405464338193E+07
 0.53405498341651E+07
 0.53405443325805E+07
 0.53405477401147E+07
 0.53405464506134E+07
 0.53405447138818E+07
 0.53405466859184E+07
 0.53405466093116E+07
 0.53405462834362E+07
 0.53405465584183E+07
 0.53405469110960E+07
