 0.12287950801012E+01
 0.12287950884543E+01
 0.12287951262238E+01
 0.12287952304563E+01
 0.12287954541222E+01
 0.12287958681033E+01
 0.12287965729552E+01
 0.12287977303916E+01
 0.12287996166474E+01
 0.12288026798919E+01
 0.12288075825487E+01
 0.12288152124148E+01
 0.12288266801088E+01
 0.12288432698179E+01
 0.12288664056779E+01
 0.12288976231306E+01
 0.12289384493454E+01
 0.12289904727427E+01
 0.12290552501008E+01
 0.12291342207016E+01
 0.12292287769922E+01
 0.12293402717719E+01
 0.12294699338777E+01
 0.12296188888251E+01
 0.12297881470010E+01
 0.12299787216892E+01
 0.12301914650101E+01
 0.12304271748666E+01
 0.12306867464104E+01
 0.12309708792808E+01
 0.12312802398389E+01
 0.12316155994242E+01
 0.12319776839627E+01
 0.12323671031548E+01
 0.12327846943798E+01
 0.12332312508096E+01
 0.12337075415053E+01
 0.12342139841051E+01
 0.12347517420488E+01
 0.12353218692255E+01
 0.12359249743641E+01
 0.12365621773442E+01
 0.12372348708780E+01
 0.12379432750849E+01
 0.12386892878123E+01
 0.12394735843730E+01
 0.12402977169673E+01
 0.12411630027768E+01
 0.12420709542111E+01
 0.12430225844601E+01
 0.12440200314787E+01
 0.12450649658096E+01
 0.12461586345298E+01
 0.12473034373241E+01
 0.12485000836086E+01
 0.12497525753900E+01
 0.12510623850732E+01
 0.12524323152253E+01
 0.12538637593932E+01
 0.12553597629380E+01
 0.12569246093442E+01
 0.12585598611816E+01
 0.12602707050677E+01
 0.12620592736782E+01
 0.12639314346840E+01
 0.12658907265267E+01
 0.12679414507561E+01
 0.12700900227724E+01
 0.12723442528903E+01
 0.12747071961772E+01
 0.12771906008608E+01
 0.12798019236892E+01
 0.12825514118224E+01
 0.12854492599137E+01
 0.12885121821052E+01
 0.12917589756380E+01
 0.12952071194121E+01
 0.12988888247171E+01
 0.13028347297660E+01
 0.13070868431147E+01
 0.13117456806938E+01
 0.13169084200371E+01
 0.13228699195020E+01
