 0.11312241377893E+03
 0.11312241377892E+03
 0.11312241377876E+03
 0.11312241378960E+03
 0.11312241419240E+03
 0.11312241800309E+03
 0.11312243433335E+03
 0.11312247901872E+03
 0.11312256863140E+03
 0.11312271436476E+03
 0.11312291745864E+03
 0.11312316756997E+03
 0.11312344634649E+03
 0.11312372061977E+03
 0.11312395977194E+03
 0.11312410805706E+03
 0.11312412248216E+03
 0.11312394235888E+03
 0.11312349381103E+03
 0.11312268789189E+03
 0.11311614041173E+03
 0.11311281516027E+03
 0.11310853274726E+03
 0.11310301309135E+03
 0.11309588483189E+03
 0.11308669510995E+03
 0.11307485957384E+03
 0.11305978372702E+03
 0.11304067039690E+03
 0.11301662635448E+03
 0.11298666119669E+03
 0.11294987890643E+03
 0.11290489857562E+03
 0.11285100508523E+03
 0.11278714290896E+03
 0.11271209823290E+03
 0.11262498622879E+03
 0.11252479738951E+03
 0.11241093939735E+03
 0.11228273264268E+03
 0.11213911621300E+03
 0.11198004416457E+03
 0.11180504485732E+03
 0.11161357213781E+03
 0.11140511102558E+03
 0.11117953956484E+03
 0.11093694518541E+03
 0.11067648864559E+03
 0.11039767062576E+03
 0.11010009233307E+03
 0.10978344294493E+03
 0.10944687669658E+03
 0.10908973166273E+03
 0.10871098430530E+03
 0.10830946085038E+03
 0.10788449347293E+03
 0.10743456806627E+03
 0.10695739765969E+03
 0.10645227855501E+03
 0.10591837720096E+03
 0.10534933069972E+03
 0.10474794759093E+03
 0.10410884431062E+03
 0.10342669021329E+03
 0.10270197209462E+03
 0.10192426346654E+03
 0.10109235561405E+03
 0.10020132376074E+03
 0.99235717166292E+02
 0.98188987089762E+02
 0.97035540237900E+02
 0.95759413736578E+02
 0.94316919588274E+02
 0.92625954476032E+02
 0.90433609640812E+02
