 0.10000000133514E-09
 0.10000000133514E-09
 0.10000000133514E-09
 0.10000000133514E-09
 0.10000000133514E-09
 0.10000000133514E-09
 0.10000000133514E-09
 0.10000000133514E-09
 0.10000000133514E-09
 0.10000000133514E-09
 0.10000000133514E-09
 0.10000000133514E-09
 0.10553887461576E-06
 0.12387327783991E-05
 0.28277124109168E-05
 0.58058316838255E-05
 0.10940895631507E-04
 0.19217735575415E-04
 0.31841297575040E-04
 0.50232773617963E-04
 0.76112672816693E-04
 0.11120579935884E-03
 0.15754524036945E-03
 0.21731449822401E-03
 0.29284595060762E-03
 0.38661486755131E-03
 0.50123256641621E-03
 0.63943134873501E-03
 0.80409548840505E-03
 0.99832781656435E-03
 0.12253103562165E-02
 0.14883677058165E-02
 0.18048417118363E-02
 0.21531488931546E-02
 0.25490772299346E-02
 0.29974222430326E-02
 0.35025355621226E-02
 0.40688885358370E-02
 0.47009045753545E-02
 0.54045060909150E-02
 0.61835668251041E-02
 0.70433587683906E-02
 0.79890850228963E-02
 0.90264213345072E-02
 0.10159243365329E-01
 0.11393604389580E-01
 0.12730138803878E-01
 0.14177278766667E-01
 0.15737695378672E-01
 0.17416331045475E-01
 0.19216884887548E-01
 0.21140031004179E-01
 0.23195469296000E-01
 0.25384027137530E-01
 0.27709213314712E-01
 0.30173737468838E-01
 0.32785969997213E-01
 0.35552330696426E-01
 0.38475125304700E-01
 0.41548907552710E-01
 0.44800253146748E-01
 0.48219588749464E-01
 0.51820105514410E-01
 0.55617009827798E-01
 0.59608413665899E-01
 0.63821466019423E-01
 0.68262387497258E-01
 0.72949231241573E-01
 0.77911148865716E-01
 0.83177935623677E-01
 0.88832769458368E-01
 0.94916978167362E-01
 0.10157144238326E+00
 0.10906801225958E+00
 0.11824554565549E+00
