 0.25955948765236E+10
 0.25957148730912E+10
 0.25959148576897E+10
 0.25961948734867E+10
 0.25965548504590E+10
 0.25969948524301E+10
 0.25975148556094E+10
 0.25981148559950E+10
 0.25987948431306E+10
 0.25995548252858E+10
 0.26003948345223E+10
 0.26013148272933E+10
 0.26023148159571E+10
 0.26033948128592E+10
 0.26045548086157E+10
 0.26057948108069E+10
 0.26071148229201E+10
 0.26085148353923E+10
 0.26099948619344E+10
 0.26115549173797E+10
 0.26131949615781E+10
 0.26149150252403E+10
 0.26167150678660E+10
 0.26185950947812E+10
 0.26205550566868E+10
 0.26225948330145E+10
 0.26247143940717E+10
 0.26269135432700E+10
 0.26291919768055E+10
 0.26315494347286E+10
 0.26339854475379E+10
 0.26364994305589E+10
 0.26390906730865E+10
 0.26417582063834E+10
 0.26445008723717E+10
 0.26473174426339E+10
 0.26502060531950E+10
 0.26531649392523E+10
 0.26561918486446E+10
 0.26592842730785E+10
 0.26624382411907E+10
 0.26656524347166E+10
 0.26689221516352E+10
 0.26722438901544E+10
 0.26756128131684E+10
 0.26790244941085E+10
 0.26824737715136E+10
 0.26859552578775E+10
 0.26894632347246E+10
 0.26929912780651E+10
 0.26965328834172E+10
 0.27000817484473E+10
 0.27036306504413E+10
 0.27071726232588E+10
 0.27106986443708E+10
 0.27142026399276E+10
 0.27176759383058E+10
 0.27211113952556E+10
 0.27244984109744E+10
 0.27278289930046E+10
 0.27310977517356E+10
 0.27342927248908E+10
 0.27374055375011E+10
 0.27404283132912E+10
 0.27433504414625E+10
 0.27461663066421E+10
 0.27488607573851E+10
 0.27514355972260E+10
 0.27538650929739E+10
 0.27561593704505E+10
 0.27582912537410E+10
 0.27602664908943E+10
 0.27620547483817E+10
 0.27636769495024E+10
 0.27651048332655E+10
 0.27663280491012E+10
 0.27673475436107E+10
 0.27681404111988E+10
 0.27686991503442E+10
 0.27690426528859E+10
 0.27691031973544E+10
 0.27689161670209E+10
 0.27684776608318E+10
 0.27677450053435E+10
 0.27667023142535E+10
 0.27653574774683E+10
 0.27637053044227E+10
 0.27617257012686E+10
 0.27593521466203E+10
 0.27566510870923E+10
 0.27535478424937E+10
 0.27499519431702E+10
 0.27459242203128E+10
 0.27412575025532E+10
 0.27355405502582E+10
