 0.21139157607065E+08
 0.21139157607060E+08
 0.21139157606989E+08
 0.21139157606494E+08
 0.21139157605725E+08
 0.21139157609289E+08
 0.21139157687103E+08
 0.21139158197542E+08
 0.21139159926691E+08
 0.21139164496003E+08
 0.21139174531552E+08
 0.21139194305419E+08
 0.21139228284127E+08
 0.21139282391582E+08
 0.21139363328500E+08
 0.21139477452590E+08
 0.21139633749791E+08
 0.21139837703333E+08
 0.21140095300129E+08
 0.21140416483529E+08
 0.21140808965655E+08
 0.21141276461736E+08
 0.21141825591009E+08
 0.21142464332735E+08
 0.21143201274867E+08
 0.21144041400508E+08
 0.21144995639461E+08
 0.21146076693168E+08
 0.21147286823193E+08
 0.21148639878809E+08
 0.21150154579873E+08
 0.21151839867999E+08
 0.21153708863966E+08
 0.21155784873815E+08
 0.21158073281619E+08
 0.21160604193159E+08
 0.21163353082674E+08
 0.21166383129812E+08
 0.21169667342768E+08
 0.21173199463480E+08
 0.21176989577268E+08
 0.21181030524670E+08
 0.21185263788547E+08
 0.21189750104432E+08
 0.21194384087534E+08
 0.21199176678012E+08
 0.21204044127949E+08
 0.21208938802428E+08
 0.21213789983824E+08
 0.21218560661004E+08
 0.21223110668268E+08
 0.21227384744622E+08
 0.21231286677218E+08
 0.21234676920845E+08
 0.21237627969000E+08
 0.21239798018679E+08
 0.21241158178692E+08
 0.21241568486011E+08
 0.21241034275207E+08
 0.21239401339084E+08
 0.21236414520794E+08
 0.21232083550348E+08
 0.21226242280363E+08
 0.21218824311664E+08
 0.21209625906529E+08
 0.21198607261230E+08
 0.21185763319012E+08
 0.21170568417391E+08
 0.21153596846816E+08
 0.21133911922793E+08
 0.21112193233273E+08
 0.21087766517884E+08
 0.21060973873338E+08
 0.21031254168894E+08
 0.20998707244318E+08
 0.20963297920385E+08
 0.20924851851035E+08
 0.20883238677633E+08
 0.20838463362192E+08
 0.20790129195298E+08
 0.20738523157764E+08
 0.20683322301869E+08
 0.20624287687266E+08
 0.20561597979387E+08
 0.20494879796633E+08
 0.20424227927510E+08
 0.20349384946808E+08
 0.20270454182617E+08
 0.20187174315271E+08
 0.20099900307966E+08
 0.20008608189810E+08
 0.19913471735692E+08
 0.19815869184811E+08
 0.19717241350052E+08
 0.19621547951631E+08
