 0.11312241377893E+03
 0.11312241377892E+03
 0.11312241377876E+03
 0.11312241378960E+03
 0.11312241419240E+03
 0.11312241800312E+03
 0.11312243433314E+03
 0.11312247901929E+03
 0.11312256863194E+03
 0.11312271436522E+03
 0.11312291745954E+03
 0.11312316756629E+03
 0.11312344638853E+03
 0.11312372109481E+03
 0.11312396189371E+03
 0.11312411524389E+03
 0.11312414350922E+03
 0.11312399832175E+03
 0.11312362741259E+03
 0.11312298185785E+03
 0.11311683037774E+03
 0.11311414050784E+03
 0.11311094702767E+03
 0.11310720809477E+03
 0.11310287274363E+03
 0.11309790143953E+03
 0.11309222461565E+03
 0.11308586629431E+03
 0.11307875212272E+03
 0.11307080505011E+03
 0.11306193930634E+03
 0.11305221230686E+03
 0.11304147991390E+03
 0.11302964918920E+03
 0.11301684265094E+03
 0.11300284344648E+03
 0.11298766249319E+03
 0.11297113874867E+03
 0.11295337680484E+03
 0.11293437957438E+03
 0.11291363679229E+03
 0.11289153302025E+03
 0.11286797254157E+03
 0.11284279881288E+03
 0.11281575915781E+03
 0.11278708407754E+03
 0.11275689831450E+03
 0.11272492985073E+03
 0.11269099381842E+03
 0.11265512503890E+03
 0.11261755203221E+03
 0.11257789292563E+03
 0.11253638231439E+03
 0.11249281089314E+03
 0.11244699060651E+03
 0.11239911972114E+03
 0.11234920964854E+03
 0.11229678231401E+03
 0.11224227314279E+03
 0.11218587527597E+03
 0.11212579614269E+03
 0.11206453537291E+03
 0.11200072045652E+03
 0.11193345500798E+03
 0.11186463044469E+03
 0.11179160326982E+03
 0.11171651858648E+03
 0.11164004477955E+03
 0.11155905420353E+03
 0.11147604412198E+03
 0.11138817402041E+03
 0.11129759349470E+03
 0.11120546199860E+03
 0.11110699840465E+03
 0.11100684007006E+03
 0.11090150565383E+03
 0.11079270862957E+03
 0.11067844132567E+03
 0.11056267889438E+03
 0.11043973346369E+03
 0.11031288999298E+03
 0.11018109283720E+03
 0.11004461105884E+03
 0.10990237711268E+03
 0.10975160284358E+03
 0.10959728576575E+03
 0.10943662092174E+03
 0.10926736545417E+03
 0.10909105041647E+03
 0.10890606940507E+03
 0.10871628509292E+03
 0.10851808256872E+03
 0.10830811401455E+03
 0.10808742759524E+03
 0.10786091320899E+03
 0.10762475501856E+03
 0.10737209191602E+03
 0.10711182350700E+03
 0.10683717502474E+03
 0.10655010519424E+03
 0.10624630761644E+03
 0.10593064851347E+03
 0.10559944965292E+03
 0.10524878989160E+03
 0.10487806442711E+03
 0.10449095584211E+03
 0.10408623458962E+03
 0.10365240116806E+03
 0.10319734053521E+03
 0.10272126123817E+03
 0.10221986796487E+03
 0.10168579565904E+03
 0.10112193357867E+03
 0.10052320724352E+03
 0.99884921115920E+02
 0.99214374550326E+02
 0.98501646958460E+02
 0.97743370009504E+02
 0.96932661564675E+02
 0.96070808666561E+02
 0.95153557495653E+02
 0.94176811545168E+02
 0.93119738964027E+02
 0.91986622270429E+02
 0.90778955566745E+02
 0.89485884076673E+02
 0.88097412775184E+02
 0.86582706837529E+02
 0.84955638077830E+02
 0.83210591986508E+02
 0.81330690785378E+02
 0.79274896792869E+02
 0.77117099719500E+02
 0.74794184179832E+02
 0.72323411325528E+02
 0.69765683884049E+02
 0.67098214100134E+02
 0.64391303003877E+02
 0.61687226380744E+02
 0.59033407326646E+02
 0.56463609157502E+02
 0.53978227052107E+02
 0.51609242785457E+02
 0.49369170033174E+02
 0.47248436076217E+02
 0.45262828441106E+02
 0.43385518600830E+02
 0.41628467426719E+02
 0.39971928909943E+02
 0.38411722073083E+02
 0.36963475689550E+02
 0.35591011457472E+02
 0.34287001899875E+02
 0.33073500411848E+02
 0.31921209981196E+02
 0.30840053978804E+02
 0.29815198621967E+02
 0.28849483712743E+02
 0.27930097713043E+02
 0.27061863726538E+02
 0.26241316097313E+02
 0.25457566893144E+02
 0.24713584148257E+02
 0.24005444515832E+02
 0.23334091634161E+02
 0.22692439155460E+02
 0.22080006592983E+02
 0.21495846102862E+02
 0.20936369978791E+02
 0.20402667656026E+02
 0.19894256279023E+02
 0.19403260710315E+02
 0.18934271985581E+02
 0.18487226363209E+02
 0.18055402108825E+02
 0.17639990100565E+02
 0.17244683553427E+02
 0.16861558084018E+02
 0.16494248684663E+02
 0.16137320123975E+02
 0.15799944889015E+02
 0.15470763139779E+02
 0.15155592614882E+02
 0.14846658153668E+02
 0.14553027456615E+02
 0.14266632249827E+02
 0.13992717079416E+02
 0.13726382434588E+02
 0.13469044092022E+02
 0.13219234605448E+02
 0.12978367149225E+02
 0.12743309843961E+02
 0.12515940535013E+02
 0.12296171382137E+02
 0.12083242164269E+02
 0.11877840323128E+02
 0.11677511037723E+02
 0.11481708672434E+02
 0.11292248529265E+02
 0.11109237436295E+02
 0.10930321267430E+02
 0.10757469784854E+02
 0.10587267383728E+02
 0.10423629943544E+02
 0.10262307175771E+02
 0.10107493542387E+02
 0.99555492220889E+01
 0.98072900304323E+01
 0.96632117200096E+01
 0.95231293379136E+01
 0.93856180428238E+01
 0.92520642042730E+01
 0.91208105385486E+01
 0.89939105286371E+01
 0.88699307931571E+01
 0.87486213872980E+01
 0.86302220465135E+01
 0.85142002907056E+01
 0.84016732800876E+01
 0.82909325022268E+01
 0.81833628182494E+01
 0.80771517982599E+01
 0.79732665753419E+01
 0.78724671677389E+01
 0.77731779334510E+01
 0.76768429428290E+01
 0.75820714163143E+01
 0.74896223433696E+01
 0.73984755894896E+01
 0.73097285629933E+01
 0.72230776362339E+01
 0.71372715492883E+01
 0.70535846513613E+01
 0.69719563637780E+01
 0.68910499812515E+01
 0.68127446361992E+01
 0.67354214694957E+01
 0.66598991291967E+01
 0.65851239687087E+01
 0.65123521086792E+01
 0.64412573707475E+01
 0.63706003173514E+01
 0.63020384116586E+01
 0.62344355205530E+01
 0.61678140649390E+01
 0.61030519491032E+01
 0.60387582657596E+01
 0.59757677574825E+01
 0.59140394218008E+01
 0.58532293774175E+01
 0.57939606057889E+01
 0.57350296202239E+01
 0.56776159139160E+01
 0.56210210895626E+01
 0.55652828052196E+01
 0.55105896828128E+01
 0.54565920977839E+01
 0.54036008743101E+01
 0.53518433393891E+01
 0.53003134644660E+01
 0.52502076870243E+01
 0.52002692543074E+01
 0.51515596727476E+01
 0.51036055719329E+01
 0.50565193341109E+01
 0.50098622617873E+01
 0.49639385016861E+01
 0.49187989740724E+01
 0.48746119504161E+01
 0.48308330714221E+01
 0.47876918399119E+01
 0.47454762968173E+01
 0.47035574660377E+01
 0.46621935920099E+01
 0.46216222984873E+01
 0.45818242972161E+01
 0.45423481769245E+01
 0.45038064257302E+01
 0.44653015233487E+01
 0.44275636317224E+01
 0.43902792319702E+01
 0.43536529514886E+01
 0.43175603382823E+01
 0.42820250634917E+01
 0.42467685984543E+01
 0.42120245738429E+01
 0.41781084511451E+01
 0.41443340232200E+01
 0.41112032265854E+01
 0.40784873545709E+01
 0.40458349967859E+01
 0.40141694232566E+01
 0.39825565556768E+01
 0.39515493705212E+01
 0.39208788511496E+01
 0.38905149942296E+01
 0.38606954184428E+01
 0.38311292270641E+01
 0.38019407351707E+01
 0.37732124567548E+01
