 0.30964654458033E+03
 0.30964654458037E+03
 0.30964654458102E+03
 0.30964654462233E+03
 0.30964654557380E+03
 0.30964654936996E+03
 0.30964653212187E+03
 0.30964635945306E+03
 0.30964566553023E+03
 0.30964377523014E+03
 0.30963970462718E+03
 0.30963222550602E+03
 0.30961998037220E+03
 0.30960155329065E+03
 0.30957561172229E+03
 0.30954086595939E+03
 0.30949625379361E+03
 0.30944084646920E+03
 0.30937388605382E+03
 0.30929479834534E+03
 0.30918212742449E+03
 0.30907210098848E+03
 0.30894874943763E+03
 0.30881207585271E+03
 0.30866216957375E+03
 0.30849925114042E+03
 0.30832352396605E+03
 0.30813558552500E+03
 0.30793578228660E+03
 0.30772450037778E+03
 0.30750216002138E+03
 0.30726969872127E+03
 0.30702742233792E+03
 0.30677582800709E+03
 0.30651615072570E+03
 0.30624850712237E+03
 0.30597376468226E+03
 0.30569222108448E+03
 0.30540502026935E+03
 0.30511295902476E+03
 0.30481512723967E+03
 0.30451350257375E+03
 0.30420845115025E+03
 0.30390009737738E+03
 0.30358823052982E+03
 0.30327413898792E+03
 0.30295870962918E+03
 0.30264152307467E+03
 0.30232238736811E+03
 0.30200176256370E+03
 0.30168066709373E+03
 0.30135813930770E+03
 0.30103510950914E+03
 0.30071108140181E+03
 0.30038556048261E+03
 0.30005923178311E+03
 0.29973212193905E+03
 0.29940273753821E+03
 0.29907235907046E+03
 0.29874140055773E+03
 0.29840428636061E+03
 0.29806840366321E+03
 0.29772936097444E+03
 0.29738417861853E+03
 0.29703825669957E+03
 0.29668333546090E+03
 0.29632551499042E+03
 0.29596630069148E+03
 0.29559604149176E+03
 0.29522168202889E+03
 0.29483438324944E+03
 0.29444001167054E+03
 0.29404150081010E+03
 0.29362420682535E+03
 0.29320132077850E+03
 0.29276202217219E+03
 0.29231085495902E+03
 0.29184134645815E+03
 0.29136448946030E+03
 0.29086323728586E+03
 0.29034653180388E+03
 0.28981070758342E+03
 0.28925594780935E+03
 0.28867859826970E+03
 0.28806998661121E+03
 0.28744394262674E+03
 0.28679178786644E+03
 0.28610639333671E+03
 0.28539158331365E+03
 0.28464210323760E+03
 0.28386850705020E+03
 0.28305967508014E+03
 0.28220523510368E+03
 0.28130758297862E+03
 0.28038026493332E+03
 0.27941154164467E+03
 0.27838063804664E+03
 0.27731286691684E+03
 0.27618767360442E+03
 0.27501003411320E+03
 0.27376638787763E+03
 0.27247047952968E+03
 0.27111050288446E+03
 0.26967396895910E+03
 0.26815809826651E+03
 0.26657297949848E+03
 0.26491422638119E+03
 0.26314583892849E+03
 0.26129093308923E+03
 0.25934924425855E+03
 0.25730661216244E+03
 0.25513949671026E+03
 0.25285587055315E+03
 0.25043917401600E+03
 0.24787403304776E+03
 0.24518236106444E+03
 0.24233346714414E+03
 0.23931626047650E+03
 0.23610963209757E+03
 0.23271876267759E+03
 0.22913225540612E+03
 0.22534001216239E+03
 0.22128175128733E+03
 0.21697729094090E+03
 0.21244192021745E+03
 0.20765550374051E+03
 0.20260593499504E+03
 0.19722521762339E+03
 0.19159355674497E+03
 0.18574263685727E+03
 0.17968745417865E+03
 0.17338987189081E+03
 0.16716931641057E+03
 0.16096022776484E+03
 0.15494521417284E+03
 0.14937914825944E+03
 0.14431677278470E+03
 0.13995500841542E+03
 0.13637187666365E+03
 0.13359323247761E+03
 0.13158107327259E+03
 0.13025161444909E+03
 0.12953080144058E+03
 0.12932587798914E+03
 0.12954930879892E+03
 0.13012113612267E+03
 0.13098287310002E+03
 0.13207400810788E+03
 0.13335935246762E+03
 0.13480454537881E+03
 0.13635805931586E+03
 0.13802798994434E+03
 0.13980332205526E+03
 0.14163141114321E+03
 0.14353544074434E+03
 0.14548201109883E+03
 0.14748147219615E+03
 0.14951397685725E+03
 0.15159362668412E+03
 0.15369792233208E+03
 0.15582230528963E+03
 0.15798462887782E+03
 0.16016768983263E+03
 0.16237324028056E+03
 0.16458872819886E+03
 0.16682846363363E+03
 0.16908656051936E+03
 0.17135865971011E+03
 0.17365132436929E+03
 0.17595298333524E+03
 0.17825764107471E+03
 0.18059446707581E+03
 0.18293642398465E+03
 0.18527610553671E+03
 0.18764224089242E+03
 0.19002393616925E+03
 0.19239360320320E+03
 0.19479215528175E+03
 0.19719274676668E+03
 0.19962597228189E+03
 0.20202421276230E+03
 0.20446083927087E+03
 0.20688976343357E+03
 0.20936632736236E+03
 0.21181511247634E+03
 0.21429673887638E+03
 0.21676268731880E+03
 0.21925121575733E+03
 0.22174625630986E+03
 0.22425802056233E+03
 0.22676885759883E+03
 0.22930735932270E+03
 0.23185091949024E+03
 0.23439643209169E+03
 0.23694863958549E+03
 0.23949535171978E+03
 0.24206280202155E+03
 0.24465613771338E+03
 0.24724918456731E+03
 0.24983636969179E+03
 0.25244697251085E+03
 0.25505023763489E+03
 0.25769391762250E+03
 0.26031621817781E+03
 0.26298061275079E+03
 0.26561706607791E+03
 0.26828221737992E+03
 0.27096085446066E+03
 0.27364152388825E+03
 0.27632461203984E+03
 0.27903455163742E+03
 0.28174280290318E+03
 0.28447991928567E+03
 0.28720204606088E+03
 0.28993561897801E+03
 0.29268423345944E+03
 0.29544067043566E+03
 0.29821500957433E+03
 0.30097888293452E+03
 0.30377076606127E+03
 0.30655501669191E+03
 0.30937540725491E+03
 0.31220606203623E+03
 0.31502427181416E+03
 0.31787062137481E+03
 0.32070304507778E+03
 0.32355889148997E+03
 0.32641431381783E+03
 0.32929845185231E+03
 0.33217604763553E+03
 0.33505398491232E+03
 0.33797149980553E+03
 0.34088558503855E+03
 0.34379561244890E+03
 0.34674683424072E+03
 0.34967113552443E+03
 0.35262467903815E+03
 0.35557605484246E+03
 0.35856398343227E+03
 0.36153858874727E+03
 0.36451002708514E+03
 0.36752772674386E+03
 0.37052183539758E+03
 0.37353823029044E+03
 0.37657530456261E+03
 0.37959230688717E+03
 0.38265066589635E+03
 0.38571129205063E+03
 0.38877434695528E+03
 0.39185485748985E+03
 0.39492071580664E+03
 0.39803100761255E+03
 0.40112447003577E+03
 0.40423560595938E+03
 0.40736176687257E+03
 0.41049137099951E+03
 0.41364253886679E+03
 0.41679680204836E+03
 0.41993910148263E+03
 0.42312759716643E+03
 0.42628963845781E+03
 0.42950085717009E+03
 0.43269424636796E+03
 0.43589817454964E+03
 0.43910387511569E+03
 0.44233956654001E+03
 0.44558433310475E+03
 0.44883329476637E+03
 0.45207303514762E+03
 0.45534119440530E+03
 0.45862070625350E+03
 0.46188867235479E+03
 0.46519141147356E+03
 0.46850904511364E+03
 0.47182176184853E+03
 0.47512919161159E+03
 0.47846700679033E+03
 0.48178377614533E+03
 0.48515374007999E+03
 0.48851450871977E+03
 0.49189205229611E+03
 0.49526713659173E+03
 0.49864964930444E+03
 0.50203627370199E+03
 0.50545241819018E+03
 0.50887540533437E+03
 0.51227329680036E+03
 0.51571195172603E+03
 0.51914099859792E+03
 0.52258224942131E+03
 0.52607178590629E+03
 0.52951236785526E+03
 0.53300105111449E+03
 0.53647846158701E+03
 0.53997247423872E+03
 0.54348614715702E+03
 0.54699160541616E+03
 0.55052143444027E+03
 0.55406046415562E+03
 0.55759811033586E+03
