 0.10813086768930E+04
 0.10813086768930E+04
 0.10813086768930E+04
 0.10813086768930E+04
 0.10813086768930E+04
 0.10813086768930E+04
 0.10813086768930E+04
 0.10813086768930E+04
 0.10813086768930E+04
 0.10813001936183E+04
 0.10814168631599E+04
 0.10812570832628E+04
 0.10811551961542E+04
 0.10812320685437E+04
 0.10810722137684E+04
 0.10811364702020E+04
 0.10811003400226E+04
 0.10812669424037E+04
 0.10812031220861E+04
 0.10810840125707E+04
 0.10811366249169E+04
 0.10812648701833E+04
 0.10812242502846E+04
 0.10809762595047E+04
 0.10809137327792E+04
 0.10811161062353E+04
 0.10811856459128E+04
 0.10810086898520E+04
 0.10808888165124E+04
 0.10811227935650E+04
 0.10814332628242E+04
 0.10808064921138E+04
 0.10818275501891E+04
 0.10817831343547E+04
 0.10813710404792E+04
 0.10824476098827E+04
 0.10816179142110E+04
 0.10814115812013E+04
 0.10762158528925E+04
 0.10819092801682E+04
 0.10810121697896E+04
 0.10824600282838E+04
 0.10814830179747E+04
 0.10765245468695E+04
 0.10779790993078E+04
 0.10779352789490E+04
 0.10777423590861E+04
 0.10764945290457E+04
 0.10821047147834E+04
 0.10779474960669E+04
 0.10818454473304E+04
 0.10791695937463E+04
 0.10767471386935E+04
 0.10761322207322E+04
 0.10763442137429E+04
 0.10797965053798E+04
 0.10792224333533E+04
 0.10817440523957E+04
 0.10813455133012E+04
 0.10771501940883E+04
 0.10799377044265E+04
 0.10786801588667E+04
 0.10803663878329E+04
 0.10775756235698E+04
 0.10767570727669E+04
 0.10779878632899E+04
 0.10793208637693E+04
 0.10869311095074E+04
 0.10810580008283E+04
 0.10890754016125E+04
 0.10829375024256E+04
 0.10845596382269E+04
 0.10808825666162E+04
 0.10835593381572E+04
 0.10775016874948E+04
 0.10812856294741E+04
 0.10822994012890E+04
 0.10786817364131E+04
 0.10851825152607E+04
 0.10839138260589E+04
 0.10827397979345E+04
 0.10807641149032E+04
 0.10839880513677E+04
 0.10869722964052E+04
 0.10801539780868E+04
 0.10831579061105E+04
 0.10834284868140E+04
 0.10864823845490E+04
 0.10842224307367E+04
 0.10823128452271E+04
 0.10836050531058E+04
 0.10760619468128E+04
 0.10841157589009E+04
 0.10785086545274E+04
 0.10770097680718E+04
 0.10876499348693E+04
 0.10790589597504E+04
 0.10847411341295E+04
 0.10807612110576E+04
 0.10796684495540E+04
 0.10787136016877E+04
 0.10823603556146E+04
 0.10789499656869E+04
 0.10799134671048E+04
 0.10842485100546E+04
 0.10769959032937E+04
 0.10864851964419E+04
 0.10882910728396E+04
 0.10883807550311E+04
 0.10807087889000E+04
 0.10791001363584E+04
 0.10811845556959E+04
 0.10823938517348E+04
 0.10860174174101E+04
 0.10873410159655E+04
 0.10804130527752E+04
 0.10875470951008E+04
 0.10893192953745E+04
 0.10777957023956E+04
 0.10890652798563E+04
 0.10786909017776E+04
 0.10788379034848E+04
 0.10790715584816E+04
 0.10836653985755E+04
 0.10824643110076E+04
 0.10876475699978E+04
 0.10904661279029E+04
 0.10826374424236E+04
 0.10806648933595E+04
 0.10846355683366E+04
 0.10876296193269E+04
 0.10776774236116E+04
 0.10820210799632E+04
 0.10897128505779E+04
 0.10859942762408E+04
 0.10838914162016E+04
 0.10851627690649E+04
 0.10846320152840E+04
 0.10803307323762E+04
 0.10920538755836E+04
 0.10836792174925E+04
 0.10870872855476E+04
 0.10794238271400E+04
 0.10908244798996E+04
 0.10871747252333E+04
 0.10849631323972E+04
 0.10850934202313E+04
 0.10849177353434E+04
 0.10835197162660E+04
 0.10852480513900E+04
 0.10840023398417E+04
 0.10871370246338E+04
 0.10807400523903E+04
 0.10891439065314E+04
 0.10914973718599E+04
 0.10902510685928E+04
 0.10901455404646E+04
 0.10922234554984E+04
 0.10942122051357E+04
 0.10943942474316E+04
 0.10940275586584E+04
 0.10923751803367E+04
 0.10905488542476E+04
 0.10864856592595E+04
 0.10977326490711E+04
 0.10893568653363E+04
 0.10987754329424E+04
 0.10885032228212E+04
 0.10984273497571E+04
 0.10929312985311E+04
 0.10913864407058E+04
 0.10932758217774E+04
 0.10921234715329E+04
 0.10951355105933E+04
 0.10967581803498E+04
 0.10953377394055E+04
 0.11036406265720E+04
 0.10996888596984E+04
 0.10961075624304E+04
 0.11070654432051E+04
 0.11085817526038E+04
 0.11052914877095E+04
 0.10988997126813E+04
 0.11053766694396E+04
 0.11043761210649E+04
 0.11097933642877E+04
 0.11054615085681E+04
 0.11149554862457E+04
 0.11063561093289E+04
 0.11121104628774E+04
 0.11119337491832E+04
 0.11137498209574E+04
 0.11144011450647E+04
 0.11237372810702E+04
 0.11210528834831E+04
 0.11247562800180E+04
 0.11168156369282E+04
 0.11183697811009E+04
 0.11208802400184E+04
 0.11279718564915E+04
 0.11241300441564E+04
 0.11267739425305E+04
 0.11304305919888E+04
 0.11305264588141E+04
 0.11319017284942E+04
 0.11387237618844E+04
 0.11308340217584E+04
 0.11326887002361E+04
 0.11355065021522E+04
 0.11445328591526E+04
 0.11391883129998E+04
 0.11429903033559E+04
 0.11519599969310E+04
 0.11447918509770E+04
 0.11545920782447E+04
 0.11443061079167E+04
 0.11504407589736E+04
 0.11526869547142E+04
 0.11547282855703E+04
 0.11553024570607E+04
 0.11663058432595E+04
 0.11580258770874E+04
 0.11555186057950E+04
 0.11599545252603E+04
 0.11590596662520E+04
 0.11772181251856E+04
 0.11751305328862E+04
 0.11680141745890E+04
 0.11685143798951E+04
 0.11754204242180E+04
 0.11773036499383E+04
 0.11785493286461E+04
 0.11841635127082E+04
 0.11900126808723E+04
 0.11861839122813E+04
 0.11913725187779E+04
 0.11927152957180E+04
 0.11910393357398E+04
 0.11975480222614E+04
 0.11915453117314E+04
 0.11970922835034E+04
 0.11968129956914E+04
 0.11963414003178E+04
 0.11997024811858E+04
 0.12020054899282E+04
 0.12047860504786E+04
 0.12170228596816E+04
 0.12068783626676E+04
 0.12085025262839E+04
 0.12173858300510E+04
 0.12192341100858E+04
 0.12230457605448E+04
 0.12222105420768E+04
 0.12280912325714E+04
 0.12327680358937E+04
 0.12294991292132E+04
 0.12389663119380E+04
 0.12440514225489E+04
 0.12369964943406E+04
 0.12453730585997E+04
 0.12421084187121E+04
 0.12476823176766E+04
 0.12450793659357E+04
 0.12458201403119E+04
 0.12617804540910E+04
 0.12495452618323E+04
 0.12511396032852E+04
 0.12582161259381E+04
 0.12574987178713E+04
 0.12721333287485E+04
 0.12770888212790E+04
 0.12653788709136E+04
 0.12757054566348E+04
 0.12734405493332E+04
 0.12724672467345E+04
 0.12786638299129E+04
 0.12798853772152E+04
 0.12837218678662E+04
 0.12899947492063E+04
 0.12874701096033E+04
 0.12875929356781E+04
 0.13003656830515E+04
 0.13082735443880E+04
 0.13020208359074E+04
 0.13073365490518E+04
 0.13032707161381E+04
 0.13129772658479E+04
 0.13224428734750E+04
 0.13122328808387E+04
 0.13193717262949E+04
 0.13150355505915E+04
 0.13166788496996E+04
 0.13329244918534E+04
 0.13382454608545E+04
 0.13308509899299E+04
 0.13353519804984E+04
 0.13357979316364E+04
 0.13337200517955E+04
 0.13376563873098E+04
 0.13438906190115E+04
