 0.77828127914593E+07
 0.77828127914647E+07
 0.77828127915301E+07
 0.77828127918517E+07
 0.77828127940319E+07
 0.77828128089108E+07
 0.77828129398257E+07
 0.77828135132704E+07
 0.77828154248336E+07
 0.77828204368625E+07
 0.77828314346844E+07
 0.77828523523921E+07
 0.77828883628423E+07
 0.77829457173453E+07
 0.77830307447662E+07
 0.77831519137031E+07
 0.77833160630688E+07
 0.77835309933790E+07
 0.77838042136526E+07
 0.77841429600406E+07
 0.77845564936121E+07
 0.77850464010766E+07
 0.77856213423846E+07
 0.77862861057646E+07
 0.77870461561988E+07
 0.77879050331696E+07
 0.77888683280448E+07
 0.77899324743220E+07
 0.77911025834890E+07
 0.77923831877242E+07
 0.77937790971658E+07
 0.77952815611943E+07
 0.77969000221429E+07
 0.77986386104048E+07
 0.78004820555180E+07
 0.78024453826793E+07
 0.78045225245185E+07
 0.78067240978338E+07
 0.78090347385875E+07
 0.78114503114413E+07
 0.78140128588125E+07
 0.78166822878846E+07
 0.78194635153650E+07
 0.78223662420445E+07
 0.78254105617827E+07
 0.78285705730985E+07
 0.78318314100428E+07
 0.78352142404477E+07
 0.78387342103623E+07
 0.78423838414174E+07
 0.78461398048409E+07
 0.78500324086626E+07
 0.78540383516773E+07
 0.78581741246804E+07
 0.78624529806520E+07
 0.78668550404909E+07
 0.78713726731200E+07
 0.78760524929956E+07
 0.78808414129511E+07
 0.78857210411393E+07
 0.78908605147758E+07
 0.78960081344901E+07
 0.79012990795304E+07
 0.79068041617655E+07
 0.79123382263815E+07
 0.79181494045738E+07
 0.79240251069196E+07
 0.79298858314973E+07
 0.79360256114858E+07
 0.79421924140188E+07
 0.79486561288379E+07
 0.79551848653572E+07
 0.79616598824672E+07
 0.79685355199027E+07
 0.79753271881318E+07
 0.79823728795084E+07
 0.79894868153259E+07
 0.79968286715574E+07
 0.80040070885295E+07
 0.80115559971276E+07
 0.80191171489102E+07
 0.80267594282486E+07
 0.80344415383526E+07
 0.80422557974449E+07
 0.80503850475800E+07
 0.80583607050860E+07
 0.80663968998029E+07
 0.80746865879817E+07
 0.80829985633271E+07
 0.80914769143444E+07
 0.80997092607879E+07
 0.81079562704276E+07
 0.81165045417877E+07
 0.81251808701403E+07
 0.81334650487342E+07
 0.81416961233010E+07
 0.81503351350655E+07
 0.81585927864040E+07
 0.81669410796460E+07
 0.81751238628665E+07
 0.81834307553374E+07
 0.81913652418504E+07
 0.81991361665144E+07
 0.82069426932921E+07
 0.82147078882124E+07
 0.82220332679402E+07
 0.82288861508809E+07
 0.82359932660838E+07
 0.82425845473083E+07
 0.82485438800605E+07
 0.82539969753410E+07
 0.82592781611695E+07
 0.82639534142499E+07
 0.82681950354971E+07
 0.82720360990325E+07
 0.82748235013039E+07
 0.82768789259004E+07
 0.82781214812191E+07
 0.82786243710397E+07
 0.82780477684320E+07
 0.82762106976920E+07
 0.82729865783413E+07
 0.82689887572742E+07
 0.82635354690336E+07
 0.82561307600813E+07
 0.82467870740151E+07
 0.82354491716043E+07
 0.82225397856953E+07
 0.82071980646507E+07
 0.81890244818572E+07
 0.81681585215743E+07
 0.81446285641073E+07
 0.81173282980321E+07
 0.80866358339482E+07
 0.80522483707859E+07
 0.80130566932096E+07
 0.79696458957104E+07
 0.79209901287328E+07
 0.78666849234017E+07
 0.78061751110465E+07
 0.77389860126000E+07
 0.76647017185883E+07
 0.75826938684905E+07
 0.74923713376312E+07
 0.73932063560798E+07
 0.72845757308490E+07
 0.71661380492228E+07
 0.70374440760918E+07
 0.68982607614627E+07
 0.67484112171387E+07
 0.65886558992730E+07
 0.64188204180703E+07
 0.62396910094174E+07
 0.60532286194642E+07
 0.58603207499894E+07
 0.56635246535928E+07
 0.54644450849607E+07
 0.52657116052566E+07
 0.50687152570317E+07
 0.48759791059880E+07
 0.46887093826167E+07
 0.45074631439134E+07
 0.43331561293000E+07
 0.41660735245589E+07
 0.40064087258067E+07
 0.38535326429133E+07
 0.37074966501017E+07
 0.35679395352353E+07
 0.34344649930918E+07
 0.33068628155091E+07
 0.31849229165423E+07
 0.30679092063270E+07
 0.29559410474205E+07
 0.28489306531768E+07
 0.27461169033582E+07
 0.26475313941646E+07
 0.25532690207630E+07
 0.24625831821622E+07
 0.23756999899533E+07
 0.22920730162055E+07
 0.22122278680712E+07
 0.21352831893823E+07
 0.20615113457130E+07
 0.19903339530253E+07
 0.19222414926940E+07
 0.18565777379855E+07
 0.17936963495646E+07
 0.17330855903106E+07
 0.16748419889386E+07
 0.16187597131144E+07
 0.15648482986491E+07
 0.15128581811814E+07
 0.14628197802439E+07
 0.14146728397235E+07
 0.13683755249788E+07
 0.13238240133471E+07
 0.12808394852841E+07
 0.12393512576930E+07
 0.11994020364283E+07
 0.11609692923436E+07
 0.11238634816823E+07
 0.10881196864157E+07
 0.10535525816391E+07
 0.10203129058041E+07
 0.98813314077966E+06
 0.95720925421163E+06
 0.92727901434590E+06
 0.89837881897104E+06
 0.87050495384794E+06
 0.84360788555457E+06
 0.81760085961072E+06
 0.79248617306105E+06
 0.76817711267844E+06
 0.74476282453137E+06
 0.72212116713874E+06
 0.70022240218242E+06
 0.67907199972728E+06
 0.65859926621580E+06
 0.63884651813656E+06
 0.61969616043247E+06
 0.60121277824077E+06
 0.58330211848135E+06
 0.56595288665578E+06
 0.54921966790522E+06
 0.53299087357478E+06
 0.51731893626632E+06
 0.50213886891903E+06
 0.48744534605306E+06
 0.47319867265284E+06
 0.45943313426637E+06
 0.44611603209909E+06
 0.43317627053113E+06
 0.42065590851851E+06
 0.40854375668161E+06
 0.39677462418807E+06
 0.38540792804026E+06
 0.37437881886906E+06
 0.36370416552851E+06
 0.35333233859987E+06
 0.34329937544336E+06
 0.33357682068544E+06
 0.32413766217439E+06
 0.31499542996485E+06
 0.30613041873828E+06
 0.29752171196526E+06
 0.28919138696153E+06
 0.28108729092731E+06
 0.27323778943263E+06
 0.26562743901147E+06
 0.25823370484376E+06
 0.25107830773514E+06
 0.24411295792048E+06
 0.23736581448586E+06
 0.23081636363935E+06
 0.22445519811100E+06
 0.21828454728415E+06
 0.21228948148670E+06
 0.20646791086855E+06
 0.20083072899064E+06
 0.19533576728739E+06
 0.19001556415660E+06
 0.18483306599559E+06
 0.17981113702853E+06
 0.17493324758876E+06
 0.17019568834402E+06
 0.16558592400367E+06
 0.16111038117056E+06
 0.15676021753056E+06
 0.15253745230994E+06
 0.14843372007370E+06
 0.14444481813421E+06
 0.14056905668859E+06
 0.13679686311020E+06
 0.13313060546466E+06
 0.12957348828948E+06
 0.12611042459896E+06
 0.12274536168647E+06
 0.11947716926734E+06
 0.11629152079725E+06
 0.11319517586268E+06
 0.11018766247573E+06
 0.10726221344102E+06
 0.10441380821657E+06
 0.10164681942798E+06
 0.98955139647875E+05
 0.96333169377923E+05
 0.93787201244177E+05
 0.91306986723953E+05
 0.88896381660260E+05
 0.86550923061622E+05
 0.84265604590979E+05
 0.82046017352105E+05
 0.79881526856555E+05
 0.77777409082310E+05
 0.75729713172099E+05
 0.73735689910321E+05
 0.71794647037490E+05
 0.69905390853323E+05
 0.68065897576831E+05
 0.66275909647703E+05
