 0.12287856071230E+01
 0.12287856154771E+01
 0.12287856532512E+01
 0.12287857575042E+01
 0.12287859811654E+01
 0.12287863952375E+01
 0.12287871001449E+01
 0.12287882577229E+01
 0.12287901441678E+01
 0.12287932080140E+01
 0.12287981102368E+01
 0.12288057403488E+01
 0.12288172093827E+01
 0.12288337967606E+01
 0.12288569441769E+01
 0.12288881487073E+01
 0.12289289861364E+01
 0.12289810216850E+01
 0.12290457829071E+01
 0.12291247488442E+01
 0.12292192596513E+01
 0.12293307177123E+01
 0.12294602617891E+01
 0.12296089867523E+01
 0.12297778597626E+01
 0.12299677636964E+01
 0.12301794199915E+01
 0.12304136174508E+01
 0.12306708719128E+01
 0.12309515997166E+01
 0.12312561172203E+01
 0.12315849011762E+01
 0.12319379905149E+01
 0.12323154367102E+01
 0.12327175838349E+01
 0.12331441077169E+01
 0.12335950012037E+01
 0.12340698814083E+01
 0.12345687623927E+01
 0.12350913958376E+01
 0.12356365708729E+01
 0.12362045874693E+01
 0.12367948160376E+01
 0.12374064669104E+01
 0.12380385330214E+01
 0.12386907972487E+01
 0.12393627804092E+01
 0.12400533055642E+01
 0.12407612602193E+01
 0.12414859126977E+01
 0.12422267960604E+01
 0.12429824284140E+01
 0.12437522772519E+01
 0.12445350881029E+01
 0.12453296086839E+01
 0.12461352010811E+01
 0.12469510137782E+01
 0.12477751463875E+01
 0.12486075731622E+01
 0.12494475867358E+01
 0.12502910380039E+01
 0.12511415719059E+01
 0.12519956827514E+01
 0.12528510023885E+01
 0.12537100002372E+01
 0.12545670420660E+01
 0.12554251348021E+01
 0.12562848177232E+01
 0.12571395669169E+01
 0.12579932515366E+01
 0.12588397670309E+01
 0.12596826303270E+01
 0.12605232892639E+01
 0.12613520283526E+01
 0.12621774244922E+01
 0.12629920204848E+01
 0.12637986365297E+01
 0.12645932532802E+01
 0.12653829606790E+01
 0.12661562039723E+01
 0.12669194754219E+01
 0.12676705756374E+01
 0.12684096590852E+01
 0.12691341259825E+01
 0.12698393671783E+01
 0.12705344464072E+01
 0.12712143117290E+01
 0.12718740022581E+01
 0.12725178773768E+01
 0.12731420499017E+01
 0.12737548894167E+01
 0.12743500994378E+01
 0.12749205850034E+01
 0.12754694571855E+01
 0.12760078183147E+01
 0.12765274500507E+01
 0.12770168935382E+01
 0.12774938686358E+01
 0.12779465011757E+01
 0.12783802502304E+01
 0.12787873139790E+01
 0.12791789488803E+01
 0.12795494050090E+01
 0.12798928420219E+01
 0.12802104099341E+01
 0.12805108089835E+01
 0.12807944029328E+01
 0.12810413627798E+01
 0.12812703261343E+01
 0.12814834393876E+01
 0.12816763174681E+01
 0.12818386771534E+01
 0.12819808683672E+01
 0.12820964193028E+01
 0.12821827163733E+01
 0.12822560706581E+01
 0.12823060307488E+01
 0.12823323542832E+01
 0.12823304184039E+01
 0.12823080875240E+01
 0.12822676292473E+01
 0.12822094964453E+01
 0.12821121718383E+01
 0.12819916231540E+01
 0.12818600257453E+01
 0.12817124603972E+01
 0.12815458028996E+01
 0.12813386588256E+01
 0.12811138400902E+01
 0.12808790242050E+01
 0.12806195563247E+01
 0.12803241875348E+01
 0.12800267869726E+01
 0.12796968104153E+01
 0.12793319758466E+01
 0.12789662073618E+01
 0.12785501707610E+01
 0.12781123358547E+01
 0.12776459671420E+01
 0.12771588212226E+01
 0.12766449074848E+01
 0.12760800046108E+01
 0.12754765379673E+01
 0.12748310225678E+01
 0.12741258881566E+01
 0.12733761495652E+01
 0.12725397605498E+01
 0.12716360889934E+01
 0.12706335472347E+01
 0.12695145800156E+01
 0.12683285000737E+01
 0.12669867582109E+01
 0.12654856164198E+01
 0.12638752974351E+01
 0.12620979909286E+01
 0.12601999278343E+01
 0.12581566139441E+01
 0.12560118801751E+01
 0.12537444204791E+01
 0.12514257330617E+01
 0.12490721560537E+01
 0.12466830033190E+01
 0.12443067116281E+01
 0.12419674305655E+01
 0.12396997067744E+01
 0.12374828140551E+01
 0.12353499159857E+01
 0.12333042581926E+01
 0.12313435040585E+01
 0.12294788575237E+01
 0.12277189614147E+01
 0.12260223737704E+01
 0.12244208651915E+01
 0.12229260178691E+01
 0.12214861646199E+01
 0.12201200015813E+01
 0.12188520155409E+01
 0.12176256910609E+01
 0.12164751794758E+01
 0.12153601422394E+01
 0.12143452714664E+01
 0.12133539591896E+01
 0.12124251163437E+01
 0.12115090930006E+01
 0.12106683457243E+01
 0.12098435001866E+01
 0.12090831882157E+01
 0.12083405231261E+01
 0.12076361081991E+01
 0.12069556888777E+01
 0.12063093883608E+01
 0.12056764235028E+01
 0.12050689945953E+01
 0.12044884130000E+01
 0.12039375684485E+01
 0.12034126988127E+01
 0.12028975131542E+01
 0.12023902437446E+01
 0.12019042104727E+01
 0.12014444344968E+01
 0.12009911357777E+01
 0.12005568466142E+01
 0.12001207907239E+01
 0.11997128273888E+01
 0.11992980316932E+01
 0.11989147366334E+01
 0.11985266358303E+01
 0.11981460109243E+01
 0.11977785088869E+01
 0.11974222356534E+01
 0.11970676650759E+01
 0.11967208700392E+01
 0.11963710828506E+01
 0.11960419749579E+01
 0.11957152261756E+01
 0.11953903621388E+01
 0.11950740987696E+01
 0.11947566970541E+01
 0.11944531956471E+01
 0.11941420409042E+01
 0.11938438202676E+01
 0.11935410343935E+01
 0.11932356884725E+01
 0.11929468070391E+01
 0.11926509461416E+01
 0.11923668973048E+01
 0.11920818247518E+01
 0.11917994228871E+01
 0.11915124337690E+01
 0.11912362024220E+01
 0.11909658441892E+01
 0.11906831371605E+01
 0.11904060504657E+01
 0.11901356917524E+01
 0.11898542727667E+01
 0.11895869902365E+01
 0.11893152956604E+01
 0.11890496077328E+01
 0.11887743873986E+01
 0.11885084241754E+01
 0.11882443169244E+01
 0.11879753444257E+01
 0.11877109677143E+01
 0.11874473787259E+01
 0.11871785587148E+01
 0.11869191774954E+01
 0.11866482526888E+01
 0.11863834548937E+01
 0.11861213516648E+01
 0.11858541902297E+01
 0.11855974101881E+01
 0.11853283655858E+01
 0.11850667217233E+01
 0.11848046066473E+01
 0.11845401708076E+01
 0.11842781386060E+01
 0.11840132724074E+01
 0.11837473835342E+01
 0.11834925650185E+01
 0.11832221238330E+01
 0.11829636017941E+01
 0.11826931335594E+01
 0.11824314758967E+01
 0.11821700651700E+01
 0.11819092031776E+01
 0.11816418458475E+01
 0.11813770455833E+01
 0.11811106437520E+01
 0.11808479323874E+01
 0.11805850670619E+01
 0.11803213687444E+01
 0.11800585292332E+01
 0.11797900805879E+01
 0.11795214996785E+01
 0.11792611523489E+01
 0.11789946373848E+01
 0.11787302782794E+01
 0.11784705643482E+01
 0.11782002958545E+01
 0.11779315237044E+01
 0.11776682888687E+01
 0.11774037083009E+01
 0.11771342320785E+01
 0.11768705024361E+01
 0.11766059506302E+01
 0.11763355019338E+01
 0.11760729419567E+01
 0.11758049004284E+01
 0.11755413945356E+01
 0.11752781561363E+01
 0.11750083423905E+01
 0.11747478629893E+01
 0.11744774649132E+01
 0.11742125128274E+01
 0.11739477438300E+01
 0.11736809678111E+01
 0.11734138756505E+01
 0.11731474823704E+01
 0.11728792555748E+01
 0.11726138162152E+01
