 0.30966386294506E+03
 0.30966386294510E+03
 0.30966386294574E+03
 0.30966386298241E+03
 0.30966386388633E+03
 0.30966386761272E+03
 0.30966385083566E+03
 0.30966367797331E+03
 0.30966298400405E+03
 0.30966109445740E+03
 0.30965702590182E+03
 0.30964955004354E+03
 0.30963730736211E+03
 0.30961887988878E+03
 0.30959291451905E+03
 0.30955819088071E+03
 0.30951355401644E+03
 0.30945811550100E+03
 0.30939117410971E+03
 0.30931206271834E+03
 0.30919927202339E+03
 0.30908917534036E+03
 0.30896579420047E+03
 0.30882910770199E+03
 0.30867916408157E+03
 0.30851625815699E+03
 0.30834060348066E+03
 0.30815250429480E+03
 0.30795260451471E+03
 0.30774128486949E+03
 0.30751898776728E+03
 0.30728639078166E+03
 0.30704413465112E+03
 0.30679266070907E+03
 0.30653278989679E+03
 0.30626481922384E+03
 0.30599014514627E+03
 0.30570830732185E+03
 0.30542051741360E+03
 0.30512760621221E+03
 0.30482957186072E+03
 0.30452719764274E+03
 0.30422171377475E+03
 0.30391176510006E+03
 0.30359926170735E+03
 0.30328356984656E+03
 0.30296555560056E+03
 0.30264541853655E+03
 0.30232337059312E+03
 0.30199883072226E+03
 0.30167317849959E+03
 0.30134572689190E+03
 0.30101668744810E+03
 0.30068665050146E+03
 0.30035236897496E+03
 0.30001805331778E+03
 0.29968213413419E+03
 0.29934488219607E+03
 0.29900373306666E+03
 0.29865923864867E+03
 0.29831382101673E+03
 0.29796508039719E+03
 0.29761310960181E+03
 0.29725681549720E+03
 0.29689785725355E+03
 0.29653444255088E+03
 0.29616333590921E+03
 0.29579358120469E+03
 0.29540944875513E+03
 0.29502915648308E+03
 0.29463438808668E+03
 0.29423792304534E+03
 0.29382708346841E+03
 0.29341565921104E+03
 0.29299547704131E+03
 0.29256478897957E+03
 0.29212567242509E+03
 0.29167582051735E+03
 0.29121361395429E+03
 0.29074857047235E+03
 0.29026103760565E+03
 0.28976445217303E+03
 0.28926191875918E+03
 0.28873925153859E+03
 0.28820183772598E+03
 0.28764636939238E+03
 0.28708205648108E+03
 0.28649944101389E+03
 0.28589255150668E+03
 0.28527477059135E+03
 0.28463925704967E+03
 0.28397252088356E+03
 0.28329847883327E+03
 0.28259681783824E+03
 0.28187009863364E+03
 0.28111509908395E+03
 0.28034191730032E+03
 0.27954007655366E+03
 0.27871082997963E+03
 0.27785159298455E+03
 0.27696067851416E+03
 0.27604164734894E+03
 0.27509067527158E+03
 0.27409801178676E+03
 0.27307239232761E+03
 0.27201149767083E+03
 0.27091106206694E+03
 0.26976516912834E+03
 0.26856733491430E+03
 0.26733840577466E+03
 0.26605040994755E+03
 0.26470987597825E+03
 0.26332030161190E+03
 0.26186913971023E+03
 0.26035470945112E+03
 0.25880468834853E+03
 0.25714375536460E+03
 0.25543392694833E+03
 0.25365115684146E+03
 0.25179508239609E+03
 0.24984538313077E+03
 0.24781691714074E+03
 0.24568067583706E+03
 0.24347412501531E+03
 0.24113151842270E+03
 0.23871505667960E+03
 0.23617327235058E+03
 0.23346686809634E+03
 0.23064047297409E+03
 0.22771049836150E+03
 0.22460414165729E+03
 0.22135556456088E+03
 0.21798550902157E+03
 0.21439281186907E+03
 0.21063731529568E+03
 0.20673533818689E+03
 0.20267020723431E+03
 0.19833674773839E+03
 0.19389975495014E+03
 0.18932734941803E+03
 0.18456198475928E+03
 0.17970619987453E+03
 0.17477917821949E+03
 0.16984939316771E+03
 0.16491494077997E+03
 0.16014933735887E+03
 0.15564856451731E+03
 0.15141226643419E+03
 0.14758851177494E+03
 0.14424938602234E+03
 0.14150664212061E+03
 0.13929193253258E+03
 0.13768365437403E+03
 0.13661965138138E+03
 0.13607577673047E+03
 0.13600214404668E+03
 0.13634456536099E+03
 0.13704826094735E+03
 0.13805984609979E+03
 0.13934374825076E+03
 0.14084187854962E+03
 0.14252425959992E+03
 0.14437109689398E+03
 0.14633655885591E+03
 0.14841352317831E+03
 0.15059377929601E+03
 0.15282285204721E+03
 0.15513789767836E+03
 0.15749527473384E+03
 0.15990850246569E+03
 0.16234852599482E+03
 0.16484391264022E+03
 0.16733014751288E+03
 0.16986654552734E+03
 0.17240560363609E+03
 0.17498477426180E+03
 0.17757015541039E+03
 0.18017427699561E+03
 0.18277890465822E+03
 0.18538799747531E+03
 0.18801795877965E+03
 0.19066595794939E+03
 0.19331979145367E+03
 0.19596756355681E+03
 0.19862189562394E+03
 0.20129646994564E+03
 0.20397620534217E+03
 0.20665640950831E+03
 0.20933005417072E+03
 0.21203132496038E+03
 0.21471941618748E+03
 0.21742484494514E+03
 0.22014833016552E+03
 0.22285772905816E+03
 0.22557182798498E+03
 0.22830098901787E+03
 0.23103368252060E+03
 0.23376178337616E+03
 0.23650490454878E+03
 0.23926537863463E+03
