 0.53405556261975E+07
 0.53405556261975E+07
 0.53405556261975E+07
 0.53405556261975E+07
 0.53405556261975E+07
 0.53405556261975E+07
 0.53405556261975E+07
 0.53405556261975E+07
 0.53405556261975E+07
 0.53405556261975E+07
 0.53405556261974E+07
 0.53405556261972E+07
 0.53405556261968E+07
 0.53405556261971E+07
 0.53405556261967E+07
 0.53405556261965E+07
 0.53405556261961E+07
 0.53405556261959E+07
 0.53405556261929E+07
 0.53405556261908E+07
 0.53405556261915E+07
 0.53405556261890E+07
 0.53405556261840E+07
 0.53405556261802E+07
 0.53405556261750E+07
 0.53405556261682E+07
 0.53405556261569E+07
 0.53405556261582E+07
 0.53405556261572E+07
 0.53405556261313E+07
 0.53405556261211E+07
 0.53405556261037E+07
 0.53405556260820E+07
 0.53405556260628E+07
 0.53405556260266E+07
 0.53405556260427E+07
 0.53405556259323E+07
 0.53405556260074E+07
 0.53405556260347E+07
 0.53405556260096E+07
 0.53405556260286E+07
 0.53405556259399E+07
 0.53405556256136E+07
 0.53405556256146E+07
 0.53405556253766E+07
 0.53405556255420E+07
 0.53405556254112E+07
 0.53405556252301E+07
 0.53405556251532E+07
 0.53405556251262E+07
 0.53405556249910E+07
 0.53405556248367E+07
 0.53405556248323E+07
 0.53405556239368E+07
 0.53405556263315E+07
 0.53405556259724E+07
 0.53405556253233E+07
 0.53405556232629E+07
 0.53405556227469E+07
 0.53405556257182E+07
 0.53405556236093E+07
 0.53405556236482E+07
 0.53405556229871E+07
 0.53405556240069E+07
 0.53405556219587E+07
 0.53405556176095E+07
 0.53405556226547E+07
 0.53405556092145E+07
 0.53405556247832E+07
 0.53405556058043E+07
 0.53405556186833E+07
 0.53405556142932E+07
 0.53405556382215E+07
 0.53405556235018E+07
 0.53405556159629E+07
 0.53405556284845E+07
 0.53405556116251E+07
 0.53405556096708E+07
 0.53405556398100E+07
 0.53405555854478E+07
 0.53405556153400E+07
 0.53405556353062E+07
 0.53405555826393E+07
 0.53405555780612E+07
 0.53405555824351E+07
 0.53405556217965E+07
 0.53405555803665E+07
 0.53405555710245E+07
 0.53405556357627E+07
 0.53405556019737E+07
 0.53405555540213E+07
 0.53405556828008E+07
 0.53405555503965E+07
 0.53405555370295E+07
 0.53405555704526E+07
 0.53405556175511E+07
 0.53405556127407E+07
 0.53405556327570E+07
 0.53405555937336E+07
 0.53405556421577E+07
 0.53405556325797E+07
 0.53405556397152E+07
 0.53405555784192E+07
 0.53405556598108E+07
 0.53405557320700E+07
 0.53405556293706E+07
 0.53405555662891E+07
 0.53405556619223E+07
 0.53405558340103E+07
 0.53405555309069E+07
 0.53405556100197E+07
 0.53405557723543E+07
 0.53405555922765E+07
 0.53405556370950E+07
 0.53405558411074E+07
 0.53405550663790E+07
 0.53405559008304E+07
 0.53405559791138E+07
 0.53405558012303E+07
 0.53405558729178E+07
 0.53405558988980E+07
 0.53405560172454E+07
 0.53405563233622E+07
 0.53405558795578E+07
 0.53405561084977E+07
 0.53405555730539E+07
 0.53405549545706E+07
 0.53405556537765E+07
 0.53405566260394E+07
 0.53405559631009E+07
 0.53405565777561E+07
 0.53405565915871E+07
 0.53405561161056E+07
 0.53405567616421E+07
 0.53405567382184E+07
 0.53405561859472E+07
 0.53405556718138E+07
 0.53405565474598E+07
 0.53405566702968E+07
 0.53405560505982E+07
 0.53405555322173E+07
 0.53405561580936E+07
 0.53405567423637E+07
 0.53405558362303E+07
 0.53405567332937E+07
 0.53405570904335E+07
 0.53405549056351E+07
 0.53405566909905E+07
 0.53405570935741E+07
 0.53405597585175E+07
 0.53405549261398E+07
 0.53405581305827E+07
 0.53405566193886E+07
 0.53405567948439E+07
 0.53405578755124E+07
 0.53405558957419E+07
 0.53405562612393E+07
 0.53405556306537E+07
 0.53405538640105E+07
 0.53405563436449E+07
 0.53405557139174E+07
 0.53405551031684E+07
 0.53405569279647E+07
 0.53405559075206E+07
 0.53405562234360E+07
 0.53405574695202E+07
 0.53405551523106E+07
 0.53405552534080E+07
 0.53405551479992E+07
 0.53405555823717E+07
 0.53405558706024E+07
 0.53405570166108E+07
 0.53405555161115E+07
 0.53405544836793E+07
 0.53405534087428E+07
 0.53405543104615E+07
 0.53405552008153E+07
 0.53405556161426E+07
 0.53405540838904E+07
 0.53405538786372E+07
 0.53405546626918E+07
 0.53405543698742E+07
 0.53405553572052E+07
 0.53405553169391E+07
 0.53405543451018E+07
 0.53405541299449E+07
 0.53405547935861E+07
 0.53405554306269E+07
 0.53405529440164E+07
 0.53405543951374E+07
 0.53405534762011E+07
 0.53405536561434E+07
 0.53405548528787E+07
 0.53405542146512E+07
 0.53405521792365E+07
 0.53405532019890E+07
 0.53405527962063E+07
 0.53405524281074E+07
 0.53405524936292E+07
 0.53405546497915E+07
