 0.64711256650257E-04
 0.64709709756573E-04
 0.64707129886363E-04
 0.64703514147858E-04
 0.64698860348324E-04
 0.64693165780641E-04
 0.64686420768684E-04
 0.64678621776262E-04
 0.64669762502177E-04
 0.64659830279465E-04
 0.64648820181175E-04
 0.64636723837742E-04
 0.64623530719944E-04
 0.64609231693566E-04
 0.64593816826975E-04
 0.64577278328436E-04
 0.64559601773801E-04
 0.64540778173526E-04
 0.64520800238563E-04
 0.64499646397100E-04
 0.64477301889086E-04
 0.64453754388724E-04
 0.64428987338376E-04
 0.64402978034539E-04
 0.64375701627349E-04
 0.64347137681815E-04
 0.64317253366944E-04
 0.64286018802953E-04
 0.64253409146291E-04
 0.64219382110950E-04
 0.64183901078593E-04
 0.64146931587820E-04
 0.64108437119941E-04
 0.64068367184975E-04
 0.64026694020895E-04
 0.63983362094051E-04
 0.63938366247016E-04
 0.63891627616893E-04
 0.63843135328147E-04
 0.63792868248092E-04
 0.63740774321229E-04
 0.63686841664119E-04
 0.63631078212263E-04
 0.63573390233839E-04
 0.63513826427704E-04
 0.63452332933310E-04
 0.63388925081115E-04
 0.63323596672225E-04
 0.63256340462631E-04
 0.63187134664830E-04
 0.63116031720335E-04
 0.63043006855406E-04
 0.62968076004784E-04
 0.62891276578261E-04
 0.62812493925244E-04
 0.62731913912340E-04
 0.62649495988060E-04
 0.62565279374278E-04
 0.62479185007449E-04
 0.62391269539961E-04
 0.62301651624979E-04
 0.62210276836189E-04
 0.62117193759101E-04
 0.62022389747602E-04
 0.61925957110934E-04
 0.61827881752223E-04
 0.61728063245980E-04
 0.61626920879882E-04
 0.61523840820713E-04
 0.61419642777557E-04
 0.61313585750170E-04
 0.61206269812425E-04
 0.61097190745721E-04
 0.60987002211043E-04
 0.60875387303558E-04
 0.60762329918549E-04
 0.60647954114170E-04
 0.60532248701648E-04
 0.60415163463759E-04
 0.60297157288416E-04
 0.60177448508435E-04
 0.60056693975265E-04
 0.59935032730131E-04
 0.59811933308589E-04
 0.59687699333026E-04
 0.59562211399883E-04
 0.59435942553879E-04
 0.59308544726898E-04
 0.59179819130163E-04
 0.59050394761720E-04
 0.58920039870991E-04
 0.58788236799939E-04
 0.58656069861875E-04
 0.58522762244371E-04
 0.58388439239253E-04
 0.58253059132950E-04
 0.58117149237761E-04
 0.57980269830993E-04
 0.57842599682894E-04
 0.57704078430370E-04
 0.57564718247120E-04
 0.57424735117911E-04
 0.57284079035567E-04
 0.57142384217489E-04
 0.57000135328992E-04
 0.56857309460998E-04
 0.56713788604096E-04
 0.56569482599196E-04
 0.56424232879465E-04
 0.56278892376952E-04
 0.56132553725823E-04
 0.55985573783343E-04
 0.55838122324805E-04
 0.55689869431838E-04
 0.55540957214535E-04
 0.55392342788469E-04
 0.55241645906742E-04
 0.55091064573849E-04
 0.54939937853319E-04
 0.54788409449988E-04
 0.54635900517645E-04
 0.54483083025555E-04
 0.54329199327033E-04
 0.54175520808691E-04
 0.54020230584916E-04
 0.53865384484266E-04
 0.53709568046249E-04
 0.53551904960053E-04
 0.53393785690375E-04
 0.53235858833000E-04
 0.53076265729359E-04
 0.52916118905779E-04
 0.52756019008453E-04
 0.52593616373810E-04
 0.52430412840241E-04
 0.52266822368132E-04
 0.52101906292029E-04
 0.51934982532686E-04
 0.51767503705493E-04
 0.51599235853047E-04
 0.51428548865591E-04
 0.51256840934918E-04
 0.51083573793630E-04
 0.50909030074137E-04
 0.50731706733767E-04
 0.50553605679601E-04
 0.50374985527617E-04
 0.50193569557794E-04
 0.50010891078577E-04
 0.49826793861384E-04
 0.49644031497544E-04
 0.49458249033949E-04
 0.49273980297913E-04
 0.49088527123557E-04
 0.48902754650250E-04
 0.48717440377843E-04
 0.48531266879906E-04
 0.48344685875365E-04
 0.48157438698003E-04
 0.47968615667910E-04
 0.47779399513659E-04
 0.47589235073075E-04
 0.47397282990319E-04
 0.47204821849481E-04
 0.47011142872290E-04
 0.46815529352394E-04
 0.46620507274982E-04
 0.46423460605707E-04
 0.46226186594219E-04
 0.46027715385285E-04
 0.45829488398453E-04
 0.45629703994402E-04
 0.45431440840908E-04
 0.45231827831813E-04
 0.45032983423249E-04
 0.44833188679299E-04
 0.44633955524432E-04
 0.44434898230481E-04
 0.44236823961755E-04
 0.44039313629595E-04
 0.43842074333019E-04
 0.43644614259820E-04
 0.43448223509783E-04
 0.43252959129097E-04
 0.43058484545496E-04
 0.42864262805511E-04
 0.42670945082800E-04
 0.42478451649136E-04
 0.42287940272932E-04
 0.42097068465347E-04
 0.41908029563738E-04
 0.41719251734485E-04
 0.41531021988393E-04
 0.41344767351764E-04
 0.41159349365244E-04
 0.40974582823759E-04
 0.40791255661392E-04
 0.40609070332696E-04
 0.40427686279873E-04
 0.40247119507772E-04
