 0.83175735907662E+02
 0.83175735907670E+02
 0.83175735907921E+02
 0.83175735963491E+02
 0.83175737895137E+02
 0.83175756057593E+02
 0.83175836474229E+02
 0.83176061515861E+02
 0.83176532197262E+02
 0.83177345150254E+02
 0.83178578681401E+02
 0.83180289341619E+02
 0.83182513304734E+02
 0.83185272535511E+02
 0.83188576383036E+02
 0.83192422997164E+02
 0.83196809931613E+02
 0.83201722277456E+02
 0.83207140700176E+02
 0.83213050486858E+02
 0.83195008264044E+02
 0.83195544422882E+02
 0.83196182252388E+02
 0.83196933083704E+02
 0.83197812297795E+02
 0.83198823827297E+02
 0.83199984368363E+02
 0.83201309108920E+02
 0.83202795139196E+02
 0.83204463329973E+02
 0.83206331377002E+02
 0.83208405787550E+02
 0.83210697688133E+02
 0.83213233069417E+02
 0.83216013907377E+02
 0.83219076391296E+02
 0.83222385379249E+02
 0.83226024402806E+02
 0.83229969300453E+02
 0.83234215154454E+02
 0.83238812802474E+02
 0.83243755756660E+02
 0.83249006055622E+02
 0.83254691134162E+02
 0.83260722296482E+02
 0.83267172761142E+02
 0.83274014556547E+02
 0.83281257562770E+02
 0.83288913189845E+02
 0.83297030571086E+02
 0.83305538326142E+02
 0.83314489479551E+02
 0.83323881224172E+02
 0.83333678705157E+02
 0.83344094709217E+02
 0.83354858796734E+02
 0.83366075032736E+02
 0.83377714029708E+02
 0.83389946828372E+02
 0.83402728163533E+02
 0.83415903482934E+02
 0.83429617969393E+02
 0.83443845997956E+02
 0.83458653663917E+02
 0.83473952154529E+02
 0.83489825209620E+02
 0.83506484682221E+02
 0.83523326612520E+02
 0.83541393720325E+02
 0.83559446664074E+02
 0.83578732777305E+02
 0.83598364029019E+02
 0.83619214852092E+02
 0.83640329318466E+02
 0.83662266821479E+02
 0.83685142133368E+02
 0.83708828801060E+02
 0.83733433944607E+02
 0.83759129880322E+02
 0.83785239353927E+02
 0.83813133664762E+02
 0.83841850654449E+02
 0.83871218304784E+02
 0.83902236233269E+02
 0.83934492885463E+02
 0.83968280393391E+02
 0.84002938016620E+02
 0.84039133703807E+02
 0.84077335327800E+02
 0.84116580942639E+02
 0.84157378977664E+02
 0.84200747118730E+02
 0.84244945890029E+02
 0.84291465309213E+02
 0.84340194551408E+02
 0.84391365321050E+02
 0.84444217763415E+02
 0.84499649057280E+02
 0.84557520347732E+02
 0.84618104872408E+02
 0.84681558679457E+02
 0.84747654890697E+02
 0.84816667144394E+02
 0.84889532443774E+02
 0.84965491828475E+02
 0.85044827009384E+02
 0.85128000512128E+02
 0.85215432013107E+02
 0.85307752220149E+02
 0.85403379621077E+02
 0.85504629976042E+02
 0.85611060354739E+02
 0.85722480618472E+02
 0.85840162084679E+02
 0.85964127946576E+02
 0.86092316454441E+02
 0.86231298808222E+02
 0.86375895456091E+02
 0.86528319700300E+02
 0.86688673028147E+02
 0.86859241351196E+02
 0.87038726748237E+02
 0.87230139720737E+02
 0.87430257026115E+02
 0.87645752261344E+02
 0.87870833499016E+02
 0.88111063522254E+02
 0.88370940893633E+02
 0.88646934434518E+02
 0.88937605678398E+02
 0.89251701710646E+02
 0.89586893891186E+02
 0.89941671269550E+02
 0.90329238532602E+02
 0.90745122500734E+02
 0.91189813749192E+02
 0.91670896041976E+02
 0.92196145505325E+02
 0.92770112438194E+02
 0.93364251345044E+02
 0.94041341692849E+02
 0.94769042355814E+02
 0.95563653040481E+02
 0.96430046004016E+02
 0.97389518649685E+02
 0.98433133547145E+02
 0.99565565190366E+02
 0.10082007153161E+03
 0.10219082909115E+03
 0.10368861358809E+03
 0.10528281286344E+03
 0.10703803498339E+03
 0.10889013728377E+03
 0.11087759544958E+03
 0.11298152945279E+03
 0.11517845846454E+03
 0.11747975653287E+03
 0.11986369081335E+03
 0.12232067830075E+03
 0.12485509703328E+03
 0.12743078098920E+03
 0.13004789067771E+03
 0.13271468738942E+03
 0.13539810923863E+03
 0.13810776103163E+03
 0.14085461571089E+03
 0.14358520053206E+03
 0.14635137947144E+03
 0.14911649235693E+03
 0.15190010092112E+03
 0.15467451483507E+03
 0.15747637575487E+03
 0.16024603535353E+03
 0.16304166139532E+03
 0.16582307720487E+03
 0.16862538253598E+03
 0.17142060853062E+03
 0.17421791143603E+03
 0.17700277441052E+03
 0.17978487057789E+03
 0.18257132565619E+03
 0.18537348916040E+03
 0.18816679388963E+03
 0.19095115261724E+03
 0.19373483306959E+03
 0.19652907873021E+03
 0.19932224289011E+03
 0.20211659585795E+03
 0.20488958875632E+03
 0.20768990728918E+03
 0.21047297780489E+03
 0.21327206404596E+03
 0.21608215983313E+03
 0.21887384280839E+03
 0.22167156359333E+03
 0.22447975563587E+03
 0.22728223855433E+03
 0.23008577120894E+03
 0.23289780600838E+03
 0.23571869770971E+03
