 0.53405556261975E+07
 0.53405556261975E+07
 0.53405556261975E+07
 0.53405556261975E+07
 0.53405556261975E+07
 0.53405556261975E+07
 0.53405556261975E+07
 0.53405556261975E+07
 0.53405556261975E+07
 0.53405556261975E+07
 0.53405556261974E+07
 0.53405556261972E+07
 0.53405556261968E+07
 0.53405556261971E+07
 0.53405556261967E+07
 0.53405556261965E+07
 0.53405556261961E+07
 0.53405556261959E+07
 0.53405556261929E+07
 0.53405556261908E+07
 0.53405556261915E+07
 0.53405556261890E+07
 0.53405556261840E+07
 0.53405556261802E+07
 0.53405556261750E+07
 0.53405556261682E+07
 0.53405556261569E+07
 0.53405556261582E+07
 0.53405556261572E+07
 0.53405556261313E+07
 0.53405556261211E+07
 0.53405556261037E+07
 0.53405556260820E+07
 0.53405556260629E+07
 0.53405556260265E+07
 0.53405556260425E+07
 0.53405556259321E+07
 0.53405556260074E+07
 0.53405556260350E+07
 0.53405556260094E+07
 0.53405556260286E+07
 0.53405556259397E+07
 0.53405556256135E+07
 0.53405556256146E+07
 0.53405556253763E+07
 0.53405556255424E+07
 0.53405556254110E+07
 0.53405556252295E+07
 0.53405556251533E+07
 0.53405556251263E+07
 0.53405556249908E+07
 0.53405556248364E+07
 0.53405556248326E+07
 0.53405556239371E+07
 0.53405556263317E+07
 0.53405556259715E+07
 0.53405556253247E+07
 0.53405556232626E+07
 0.53405556227463E+07
 0.53405556257163E+07
 0.53405556236097E+07
 0.53405556236530E+07
 0.53405556229913E+07
 0.53405556240035E+07
 0.53405556219625E+07
 0.53405556176149E+07
 0.53405556226605E+07
 0.53405556092242E+07
 0.53405556247935E+07
 0.53405556058134E+07
 0.53405556186983E+07
 0.53405556143093E+07
 0.53405556382465E+07
 0.53405556235248E+07
 0.53405556159924E+07
 0.53405556285196E+07
 0.53405556116970E+07
 0.53405556097107E+07
 0.53405556398660E+07
 0.53405555855165E+07
 0.53405556154357E+07
 0.53405556353982E+07
 0.53405555827293E+07
 0.53405555782052E+07
 0.53405555825621E+07
 0.53405556219541E+07
 0.53405555805515E+07
 0.53405555712115E+07
 0.53405556359967E+07
 0.53405556022276E+07
 0.53405555543074E+07
 0.53405556831188E+07
 0.53405555507431E+07
 0.53405555374049E+07
 0.53405555709121E+07
 0.53405556181133E+07
 0.53405556132609E+07
 0.53405556334175E+07
 0.53405555943876E+07
 0.53405556429093E+07
 0.53405556334913E+07
 0.53405556407082E+07
 0.53405555794000E+07
 0.53405556610388E+07
 0.53405557333395E+07
 0.53405556306940E+07
 0.53405555679380E+07
 0.53405556638294E+07
 0.53405558359846E+07
 0.53405555329811E+07
 0.53405556123493E+07
 0.53405557747465E+07
 0.53405555946438E+07
 0.53405556400850E+07
 0.53405558440989E+07
 0.53405550696250E+07
 0.53405559042650E+07
 0.53405559831555E+07
 0.53405558055898E+07
 0.53405558772326E+07
 0.53405559041736E+07
 0.53405560225217E+07
 0.53405563290795E+07
 0.53405558855462E+07
 0.53405561153799E+07
 0.53405555804324E+07
 0.53405549624481E+07
 0.53405556620255E+07
 0.53405566356778E+07
 0.53405559732597E+07
 0.53405565884665E+07
 0.53405566035679E+07
 0.53405561293355E+07
 0.53405567749985E+07
 0.53405567521131E+07
 0.53405562018087E+07
 0.53405556880350E+07
 0.53405565642109E+07
 0.53405566880654E+07
 0.53405560719207E+07
 0.53405555531411E+07
 0.53405561801502E+07
 0.53405567658090E+07
 0.53405558619417E+07
 0.53405567600344E+07
 0.53405571176376E+07
 0.53405549385432E+07
 0.53405567241247E+07
 0.53405571271831E+07
 0.53405597910623E+07
 0.53405549594483E+07
 0.53405581671754E+07
 0.53405566606255E+07
 0.53405568365347E+07
 0.53405579163854E+07
 0.53405559395813E+07
 0.53405563007566E+07
 0.53405556684261E+07
 0.53405539088537E+07
 0.53405563890792E+07
 0.53405557623407E+07
 0.53405551515805E+07
 0.53405569753172E+07
 0.53405559594281E+07
 0.53405562734572E+07
 0.53405575222958E+07
 0.53405552095671E+07
 0.53405553059019E+07
 0.53405552043627E+07
 0.53405556411625E+07
 0.53405559253800E+07
 0.53405570622242E+07
 0.53405555702313E+07
 0.53405545331072E+07
 0.53405534649558E+07
 0.53405543684767E+07
 0.53405552642883E+07
 0.53405556796589E+07
 0.53405541416170E+07
 0.53405539527484E+07
 0.53405547236466E+07
 0.53405544467687E+07
 0.53405554232014E+07
 0.53405553775232E+07
 0.53405544228751E+07
 0.53405542074909E+07
 0.53405548610967E+07
 0.53405555239207E+07
 0.53405530225638E+07
 0.53405544628905E+07
 0.53405535321152E+07
 0.53405537444759E+07
 0.53405549268067E+07
 0.53405542909395E+07
 0.53405522711240E+07
 0.53405533089532E+07
 0.53405528754175E+07
 0.53405525368895E+07
 0.53405525990845E+07
 0.53405547200803E+07
