 0.21140089951492E+08
 0.21140089951487E+08
 0.21140089951416E+08
 0.21140089951002E+08
 0.21140089949331E+08
 0.21140089944668E+08
 0.21140090048753E+08
 0.21140090529864E+08
 0.21140092253790E+08
 0.21140096868175E+08
 0.21140107191163E+08
 0.21140126663453E+08
 0.21140160645021E+08
 0.21140214944752E+08
 0.21140295299736E+08
 0.21140410023454E+08
 0.21140565507651E+08
 0.21140768968800E+08
 0.21141027355913E+08
 0.21141347827490E+08
 0.21141740621233E+08
 0.21142204977003E+08
 0.21142751687153E+08
 0.21143385308033E+08
 0.21144113840061E+08
 0.21144942276905E+08
 0.21145879325643E+08
 0.21146919307629E+08
 0.21148073466089E+08
 0.21149351125590E+08
 0.21150763877032E+08
 0.21152300596872E+08
 0.21153981767422E+08
 0.21155818899368E+08
 0.21157792293344E+08
 0.21159932407278E+08
 0.21162234795896E+08
 0.21164724358734E+08
 0.21167378519439E+08
 0.21170197196768E+08
 0.21173257867549E+08
 0.21176497585893E+08
 0.21179928417756E+08
 0.21183570136204E+08
 0.21187461955760E+08
 0.21191563095320E+08
 0.21195845861024E+08
 0.21200351630497E+08
 0.21205103826155E+08
 0.21210091545234E+08
 0.21215268681424E+08
 0.21220687904007E+08
 0.21226301167258E+08
 0.21232135027474E+08
 0.21238201647838E+08
 0.21244459644189E+08
 0.21250892620448E+08
 0.21257562753223E+08
 0.21264370894877E+08
 0.21271267485999E+08
 0.21278541993356E+08
 0.21285727068253E+08
 0.21293052491131E+08
 0.21300621515688E+08
 0.21308085948972E+08
 0.21315876493293E+08
 0.21323578138793E+08
 0.21331038631532E+08
 0.21338755596500E+08
 0.21346272555428E+08
 0.21354019614601E+08
 0.21361577324723E+08
 0.21368721719180E+08
 0.21376207572348E+08
 0.21383181547318E+08
 0.21390191273510E+08
 0.21396896528555E+08
 0.21403548122419E+08
 0.21409457575274E+08
 0.21415518040161E+08
 0.21421079225603E+08
 0.21426260283143E+08
 0.21430992481442E+08
 0.21435348862680E+08
 0.21439689987319E+08
 0.21443169441941E+08
 0.21446155708831E+08
 0.21448953926418E+08
 0.21451201969127E+08
 0.21453116955261E+08
 0.21454038717075E+08
 0.21454380510832E+08
 0.21454642514887E+08
 0.21454560805374E+08
 0.21453374245236E+08
 0.21451583886225E+08
 0.21450058140959E+08
 0.21447561669381E+08
 0.21444934343114E+08
 0.21441886059728E+08
 0.21438963858955E+08
 0.21435568503191E+08
 0.21432169477787E+08
 0.21429281690439E+08
 0.21427039186219E+08
 0.21425152702125E+08
 0.21423883821854E+08
 0.21424806133944E+08
 0.21427234041443E+08
 0.21431617826156E+08
 0.21438790958222E+08
 0.21450209840614E+08
 0.21466201019338E+08
 0.21488304876901E+08
 0.21518095698880E+08
 0.21556275150867E+08
 0.21605441109564E+08
 0.21668145323473E+08
 0.21747755463696E+08
 0.21847271368761E+08
 0.21970757586633E+08
 0.22122822555830E+08
 0.22312148477793E+08
 0.22542688906918E+08
 0.22819634579084E+08
 0.23148653516650E+08
 0.23534238699350E+08
 0.23982381136264E+08
 0.24486470084749E+08
 0.25038455367999E+08
 0.25632509242683E+08
 0.26260342459946E+08
 0.26899587607919E+08
 0.27547348044219E+08
 0.28193328942970E+08
 0.28818952390971E+08
 0.29429646889050E+08
 0.30012904350199E+08
 0.30565528207583E+08
 0.31083734923118E+08
 0.31566686236472E+08
 0.32017213549540E+08
 0.32432723750327E+08
 0.32813005562779E+08
 0.33160123449808E+08
 0.33472492538657E+08
 0.33754579252892E+08
 0.34004664705151E+08
 0.34225871864627E+08
 0.34418931322378E+08
 0.34582271437089E+08
 0.34721018697100E+08
 0.34835783237445E+08
 0.34925458748991E+08
 0.34993082057174E+08
 0.35038763827946E+08
 0.35064265716398E+08
 0.35070283623607E+08
 0.35058081726430E+08
 0.35028497558850E+08
 0.34982574744299E+08
 0.34921104249131E+08
 0.34844919226436E+08
 0.34754877016506E+08
 0.34652188550968E+08
 0.34536894647043E+08
 0.34410227155935E+08
 0.34272697178019E+08
 0.34124577951069E+08
 0.33967239825305E+08
 0.33801466673734E+08
 0.33626314466488E+08
 0.33443520014975E+08
 0.33254619635556E+08
 0.33057982038850E+08
 0.32854291580286E+08
 0.32646869083884E+08
 0.32432060115865E+08
 0.32213432046085E+08
 0.31988324001159E+08
 0.31762393354842E+08
 0.31530563154204E+08
 0.31295869731700E+08
 0.31055535157740E+08
 0.30815114568766E+08
 0.30569699551756E+08
 0.30324659554061E+08
 0.30076110951614E+08
 0.29826066504570E+08
 0.29573543073315E+08
 0.29320997577229E+08
 0.29065615306900E+08
 0.28809295432969E+08
 0.28552915363688E+08
 0.28296403135150E+08
 0.28040749650084E+08
 0.27783559069807E+08
 0.27525325096445E+08
 0.27267365765338E+08
 0.27010805211053E+08
