 0.16432730420240E+00
 0.16432730420236E+00
 0.16432730420183E+00
 0.16432730419992E+00
 0.16432730418737E+00
 0.16432730411556E+00
 0.16432730225332E+00
 0.16432729422964E+00
 0.16432726668586E+00
 0.16432719381834E+00
 0.16432703280111E+00
 0.16432672136157E+00
 0.16432618676686E+00
 0.16432532434993E+00
 0.16432404580025E+00
 0.16432220007311E+00
 0.16431968649450E+00
 0.16431637666860E+00
 0.16431213381393E+00
 0.16430683271593E+00
 0.16430025880480E+00
 0.16429244496446E+00
 0.16428316854124E+00
 0.16427230796151E+00
 0.16425971463233E+00
 0.16424527541310E+00
 0.16422878719470E+00
 0.16421032057481E+00
 0.16418965930871E+00
 0.16416658034663E+00
 0.16414083428565E+00
 0.16411258761538E+00
 0.16408142160724E+00
 0.16404706572637E+00
 0.16400987343253E+00
 0.16396921493107E+00
 0.16392511606689E+00
 0.16387710899839E+00
 0.16382549425299E+00
 0.16377026728632E+00
 0.16370994758040E+00
 0.16364563900006E+00
 0.16357704538977E+00
 0.16350371628251E+00
 0.16342488458500E+00
 0.16334122894387E+00
 0.16325308453839E+00
 0.16315963023673E+00
 0.16306031314031E+00
 0.16295524558053E+00
 0.16284500031262E+00
 0.16272856504463E+00
 0.16260644572507E+00
 0.16247810547937E+00
 0.16234295742240E+00
 0.16220156677666E+00
 0.16205390531805E+00
 0.16189845734158E+00
 0.16173673466057E+00
 0.16156908675451E+00
 0.16139027246070E+00
 0.16120760804305E+00
 0.16101702941810E+00
 0.16081594967471E+00
 0.16060973610280E+00
 0.16039082218249E+00
 0.16016531854466E+00
 0.15993503476635E+00
 0.15969122148128E+00
 0.15944080646397E+00
 0.15917555756043E+00
 0.15890185210840E+00
 0.15862273112668E+00
 0.15832463044968E+00
 0.15802070435841E+00
 0.15770121920462E+00
 0.15737051062640E+00
 0.15702347273445E+00
 0.15667093195063E+00
 0.15629662631707E+00
 0.15590983035093E+00
 0.15550827547861E+00
 0.15509183842183E+00
 0.15465756051936E+00
 0.15419793951594E+00
 0.15372659643512E+00
 0.15323608859172E+00
 0.15271913965045E+00
 0.15218100058220E+00
 0.15161639520055E+00
 0.15103690997096E+00
 0.15043181844391E+00
 0.14979175364798E+00
 0.14911948798118E+00
 0.14842869621106E+00
 0.14770940847170E+00
 0.14694137404914E+00
 0.14614974961180E+00
 0.14531634461133E+00
 0.14444574030536E+00
 0.14352589154473E+00
 0.14257159562347E+00
 0.14157174737714E+00
 0.14051526134935E+00
 0.13940107489086E+00
 0.13823892542038E+00
 0.13702729187907E+00
 0.13573214350693E+00
 0.13437848002113E+00
 0.13296412342739E+00
 0.13147947420931E+00
 0.12990405750632E+00
 0.12824850399228E+00
 0.12649504099157E+00
 0.12463534041202E+00
 0.12268842675703E+00
 0.12062991210745E+00
 0.11845080912775E+00
 0.11613475148791E+00
 0.11368668280145E+00
 0.11109984460351E+00
 0.10836273160903E+00
 0.10542699500937E+00
 0.10230610832529E+00
 0.99010607800801E-01
 0.95522467523471E-01
 0.91824267303782E-01
 0.87862864418908E-01
 0.83682365389840E-01
 0.79305303251749E-01
 0.74727933509389E-01
 0.69963438974623E-01
 0.65150914634413E-01
 0.60303676077625E-01
 0.55514056566734E-01
 0.50955837913664E-01
 0.46606755139837E-01
 0.42577818969705E-01
 0.38887707177901E-01
 0.35551554821450E-01
 0.32545789504559E-01
 0.29826442930637E-01
 0.27380720749990E-01
 0.25187193569050E-01
 0.23207865530724E-01
 0.21435231115788E-01
 0.19825087445051E-01
 0.18374328941804E-01
 0.17056740830956E-01
 0.15857619302336E-01
 0.14779927027802E-01
 0.13790061699657E-01
 0.12879253452106E-01
 0.12054852541672E-01
 0.11294565523157E-01
 0.10600599986547E-01
 0.99612702147520E-02
 0.93739055855097E-02
 0.88292121473163E-02
 0.83284962815621E-02
 0.78658898006991E-02
 0.74350594048123E-02
 0.70356310690465E-02
 0.66645262423525E-02
 0.63209374122992E-02
 0.59993832913131E-02
 0.56996716799157E-02
 0.54198055713916E-02
 0.51580251179533E-02
 0.49130043740823E-02
 0.46846627598774E-02
 0.44686829939789E-02
 0.42664682655829E-02
 0.40776851875149E-02
 0.38988976903600E-02
 0.37301195890395E-02
 0.35728231986125E-02
 0.34230308909337E-02
 0.32823260611696E-02
 0.31480241544049E-02
 0.30234140167079E-02
 0.29040124114079E-02
 0.27916809066965E-02
 0.26835869437510E-02
 0.25826524832848E-02
 0.24856747231746E-02
 0.23948269021411E-02
 0.23075135074043E-02
 0.22250134890114E-02
 0.21461549348400E-02
 0.20712120368403E-02
 0.19994127932656E-02
 0.19309688712843E-02
 0.18657814464590E-02
 0.18037637937774E-02
 0.17447817794480E-02
 0.16880755588348E-02
 0.16335943434440E-02
 0.15816293868250E-02
 0.15321165930834E-02
 0.14844530021930E-02
 0.14391190614199E-02
 0.13951097461510E-02
 0.13533566924875E-02
 0.13128371676389E-02
 0.12744766333919E-02
 0.12372994898722E-02
 0.12016179131138E-02
 0.11673083922952E-02
 0.11344520942373E-02
 0.11026387462297E-02
 0.10721126316191E-02
 0.10425351942420E-02
 0.10143097681690E-02
 0.98707311289944E-03
 0.96079051692317E-03
 0.93541692199282E-03
 0.91089497302852E-03
 0.88745247711919E-03
 0.86458544141375E-03
 0.84265704028619E-03
 0.82133035824338E-03
 0.80069780454282E-03
 0.78089477974401E-03
 0.76163943637753E-03
 0.74318813354377E-03
 0.72525990449251E-03
 0.70792132643941E-03
 0.69103596282748E-03
 0.67479581821587E-03
 0.65911999661693E-03
 0.64379005950726E-03
 0.62898653856020E-03
 0.61468042853660E-03
 0.60068276232769E-03
 0.58729048597707E-03
 0.57419523913384E-03
 0.56156857785476E-03
 0.54917842727806E-03
 0.53724327937278E-03
 0.52569690003439E-03
 0.51439660260658E-03
 0.50350762481265E-03
 0.49286908774577E-03
 0.48250605150981E-03
 0.47253517641821E-03
 0.46274560186619E-03
 0.45324328393555E-03
 0.44403172776842E-03
 0.43502324661859E-03
 0.42634285087682E-03
 0.41778872888900E-03
 0.40954742770578E-03
 0.40148646599833E-03
 0.39364538518982E-03
 0.38602824060510E-03
 0.37857241636418E-03
 0.37131376738456E-03
 0.36429727958888E-03
 0.35736842468661E-03
 0.35070292320365E-03
 0.34412796217377E-03
 0.33774751934408E-03
 0.33155714498844E-03
 0.32550832928673E-03
 0.31957078319957E-03
 0.31378752589518E-03
 0.30815815149075E-03
 0.30267143624973E-03
 0.29729767635539E-03
 0.29205514177129E-03
 0.28695541042710E-03
 0.28194516208176E-03
 0.27704347053883E-03
 0.27228256505658E-03
 0.26763570244330E-03
 0.26306870498796E-03
 0.25865252852893E-03
 0.25428257275408E-03
 0.25002628317200E-03
 0.24586438728821E-03
 0.24180375552032E-03
 0.23783563571610E-03
 0.23394407742997E-03
 0.23014153661735E-03
 0.22641862147513E-03
 0.22279864313651E-03
 0.21923460580508E-03
 0.21575867394440E-03
 0.21235046820234E-03
 0.20898659782149E-03
 0.20575039249824E-03
 0.20253210593351E-03
 0.19940821999732E-03
 0.19633873074418E-03
 0.19333294109752E-03
 0.19039008477714E-03
 0.18750073116107E-03
 0.18467450381620E-03
 0.18190447788970E-03
