 0.61505546242799E+01
 0.61505546630845E+01
 0.61505548430408E+01
 0.61505553520941E+01
 0.61505564682579E+01
 0.61505585628405E+01
 0.61505620994550E+01
 0.61505676148774E+01
 0.61505756899049E+01
 0.61505869075300E+01
 0.61506019053845E+01
 0.61506212054841E+01
 0.61506455841168E+01
 0.61506755219756E+01
 0.61507119266343E+01
 0.61507560484801E+01
 0.61508082528882E+01
 0.61508703288106E+01
 0.61509444142319E+01
 0.61510310284747E+01
 0.61511317494441E+01
 0.61512491875504E+01
 0.61513853957598E+01
 0.61515418350933E+01
 0.61517192803669E+01
 0.61519201356375E+01
 0.61521443056380E+01
 0.61523914782848E+01
 0.61526641986727E+01
 0.61529601703558E+01
 0.61532768668109E+01
 0.61536133740049E+01
 0.61539671672771E+01
 0.61543323659311E+01
 0.61547068494567E+01
 0.61550814941476E+01
 0.61554598081986E+01
 0.61558224533409E+01
 0.61561699331803E+01
 0.61564985241179E+01
 0.61567937474093E+01
 0.61570511371041E+01
 0.61572725080306E+01
 0.61574276334128E+01
 0.61575268890664E+01
 0.61575502300105E+01
 0.61574971344191E+01
 0.61573586433753E+01
 0.61571263500348E+01
 0.61567855831095E+01
 0.61563425347042E+01
 0.61557826717212E+01
 0.61550999062036E+01
 0.61542966700301E+01
 0.61533257348318E+01
 0.61522366073656E+01
 0.61510033621500E+01
 0.61496277395735E+01
 0.61480759504463E+01
 0.61463511976090E+01
 0.61444834003630E+01
 0.61424429400688E+01
 0.61402307431459E+01
 0.61378351958118E+01
 0.61352758317873E+01
 0.61325344625755E+01
 0.61295703561699E+01
 0.61265048854263E+01
 0.61231383504312E+01
 0.61197128072089E+01
 0.61159882582135E+01
 0.61121443303535E+01
 0.61080163055013E+01
 0.61037931450989E+01
 0.60993709044267E+01
 0.60947387984953E+01
 0.60899273902180E+01
 0.60849177463493E+01
 0.60796892593733E+01
 0.60743882006130E+01
 0.60687482660493E+01
 0.60629689597593E+01
 0.60570936100510E+01
 0.60509462616586E+01
 0.60446107182999E+01
 0.60380488806258E+01
 0.60313961300727E+01
 0.60245403318313E+01
 0.60174085104986E+01
 0.60101920442910E+01
 0.60028113763047E+01
 0.59950981543770E+01
 0.59873842117771E+01
 0.59794149115208E+01
 0.59712213008178E+01
 0.59627952872076E+01
 0.59542731765531E+01
 0.59455268423342E+01
 0.59365840399466E+01
 0.59274257994041E+01
 0.59180508316966E+01
 0.59085097174381E+01
 0.58987538527187E+01
 0.58886899370559E+01
 0.58784307102915E+01
 0.58679404262210E+01
 0.58571947939047E+01
 0.58461060655096E+01
 0.58346082017975E+01
 0.58229637944228E+01
 0.58108054957211E+01
 0.57982230305631E+01
 0.57852457648403E+01
 0.57716766085029E+01
 0.57574937459938E+01
 0.57429462978828E+01
 0.57271376605176E+01
 0.57106835288277E+01
 0.56932022316619E+01
 0.56745675653737E+01
 0.56543919261780E+01
 0.56326028106178E+01
 0.56086017601287E+01
 0.55824868874278E+01
 0.55530244914084E+01
 0.55204464139953E+01
 0.54834558447565E+01
 0.54406204038205E+01
 0.53918142462506E+01
 0.53367380705039E+01
 0.52736385109185E+01
 0.52033994986862E+01
 0.51274006628517E+01
 0.50451754501247E+01
 0.49601922714544E+01
 0.48749112548537E+01
 0.47905125061430E+01
 0.47077288294423E+01
 0.46288497286849E+01
 0.45542261569768E+01
 0.44827032930272E+01
 0.44154126657308E+01
 0.43519076427881E+01
 0.42920701696555E+01
 0.42348811148911E+01
 0.41812481668641E+01
 0.41309739241455E+01
 0.40826239530232E+01
 0.40367586170098E+01
 0.39930717277199E+01
 0.39522553274953E+01
 0.39125426938401E+01
 0.38752884133166E+01
 0.38394104439958E+01
 0.38050894763101E+01
 0.37724232252271E+01
 0.37409346807699E+01
 0.37108000162132E+01
 0.36818700946027E+01
 0.36539019522844E+01
 0.36271567562395E+01
 0.36014081338252E+01
 0.35765406371810E+01
 0.35526453877842E+01
 0.35295966979534E+01
 0.35071840692547E+01
 0.34858025082737E+01
 0.34649146803068E+01
 0.34448051355354E+01
 0.34252708872903E+01
 0.34064160576156E+01
 0.33879991333778E+01
 0.33703720325937E+01
 0.33531197591218E+01
 0.33364401887355E+01
 0.33201368657182E+01
 0.33043350200167E+01
 0.32889478632866E+01
 0.32740357223446E+01
 0.32595580503919E+01
 0.32454073390322E+01
 0.32315536050660E+01
 0.32180860027180E+01
 0.32050112442392E+01
 0.31922492758860E+01
 0.31797563467753E+01
 0.31675484787016E+01
 0.31556614354506E+01
 0.31440979531974E+01
 0.31327105309746E+01
 0.31216524082429E+01
 0.31107804557721E+01
 0.31001091944238E+01
 0.30897299436739E+01
 0.30795608212467E+01
 0.30696030837755E+01
 0.30598349416015E+01
 0.30502910460195E+01
 0.30409069627215E+01
 0.30317032334083E+01
