 0.68078073132365E+03
 0.68078073132365E+03
 0.68078073132365E+03
 0.68078073132365E+03
 0.68078073132365E+03
 0.68078077442978E+03
 0.68078114837779E+03
 0.68077935927660E+03
 0.68077870938202E+03
 0.68078667953001E+03
 0.68065784775778E+03
 0.68085097818366E+03
 0.68089076619930E+03
 0.68082913945398E+03
 0.68076670205368E+03
 0.68067849202368E+03
 0.68099516790277E+03
 0.68086864204391E+03
 0.68086994548749E+03
 0.68078387818848E+03
 0.68079196971574E+03
 0.68096993320734E+03
 0.68079460807917E+03
 0.68080650437168E+03
 0.68082597421436E+03
 0.68089936720869E+03
 0.68089650109530E+03
 0.68080082025507E+03
 0.68074427547880E+03
 0.68116579063853E+03
 0.68098060071056E+03
 0.68111897943290E+03
 0.68106065987835E+03
 0.68158973234117E+03
 0.68030491764822E+03
 0.68129511410130E+03
 0.68112534559872E+03
 0.68128514682102E+03
 0.68175363076207E+03
 0.68084158918499E+03
 0.67940406422652E+03
 0.67935419122906E+03
 0.68086905782987E+03
 0.67937879872412E+03
 0.68119310032725E+03
 0.68139837748873E+03
 0.68111688642873E+03
 0.68078746933454E+03
 0.67460641673251E+03
 0.67385538738601E+03
 0.67542610650352E+03
 0.68159408233079E+03
 0.68179194555568E+03
 0.67221599020796E+03
 0.67428067934230E+03
 0.67435451696489E+03
 0.67445279897724E+03
 0.68118987207571E+03
 0.67231694332017E+03
 0.67290219041526E+03
 0.68034239068081E+03
 0.67789010373392E+03
 0.68039548089331E+03
 0.67611671631796E+03
 0.68195144768464E+03
 0.67460814325458E+03
 0.67769829600643E+03
 0.67326555332156E+03
 0.67257710706574E+03
 0.67826005193022E+03
 0.67505712770196E+03
 0.68058248054194E+03
 0.67576155610587E+03
 0.68053729112995E+03
 0.67244464372342E+03
 0.68082510217552E+03
 0.67915597449346E+03
 0.67280097300583E+03
 0.68020151468941E+03
 0.67785848661846E+03
 0.68070085593023E+03
 0.67565390101649E+03
 0.67360407498473E+03
 0.68177293691110E+03
 0.67775066422954E+03
 0.68059593441617E+03
 0.67597552573270E+03
 0.67827886971500E+03
 0.67818484057038E+03
 0.68261418799156E+03
 0.67647147697539E+03
 0.68422284635584E+03
 0.68031415370851E+03
 0.67787999182370E+03
 0.68210652746827E+03
 0.68810653752128E+03
 0.68705583719510E+03
 0.68110835461675E+03
 0.68322203496427E+03
 0.68447659206241E+03
 0.68582400770170E+03
 0.68199547723454E+03
 0.68984892686309E+03
 0.68614258170401E+03
 0.68984025198356E+03
 0.68541218637229E+03
 0.68966004302608E+03
 0.69341552525184E+03
 0.69621114729550E+03
 0.69283570890939E+03
 0.69115439749164E+03
 0.70004884586647E+03
 0.69622738196703E+03
 0.69473265443539E+03
 0.69365721377476E+03
 0.69412897699068E+03
 0.69458427906153E+03
 0.70168608734213E+03
 0.70052957949864E+03
 0.70060954475842E+03
 0.70649171790088E+03
 0.70724455443221E+03
 0.70492314956978E+03
 0.70438447203034E+03
 0.70767224257327E+03
 0.70747591093125E+03
 0.71527891276938E+03
 0.70914981504566E+03
 0.70892736119113E+03
 0.71685668518229E+03
 0.71575317678705E+03
 0.72374453143102E+03
 0.71985926937032E+03
 0.72418407412236E+03
 0.72008184251770E+03
 0.71903182819149E+03
 0.72843068659500E+03
 0.72280801313623E+03
 0.73190477673951E+03
 0.73277645969632E+03
 0.73333909826530E+03
 0.73742581954454E+03
 0.73320524606845E+03
 0.73974960934663E+03
 0.73750733729451E+03
 0.73773582705176E+03
 0.74786430725651E+03
 0.74060010597044E+03
 0.74199125901715E+03
 0.74786042462556E+03
 0.74628053486088E+03
 0.74904699273227E+03
 0.75347289738037E+03
 0.74842391190685E+03
 0.75910087690491E+03
 0.76191056070284E+03
 0.76033829146700E+03
 0.75678312968490E+03
 0.76143945853483E+03
 0.76110491200320E+03
 0.76514218655417E+03
 0.76944442154408E+03
 0.77583388486498E+03
 0.78184455578651E+03
 0.78162969200985E+03
 0.77706030873255E+03
 0.77601222726026E+03
 0.77667815305437E+03
 0.78621485815035E+03
 0.79192292634309E+03
 0.78494881768041E+03
 0.79274941198365E+03
 0.79703459429946E+03
 0.79599523942814E+03
 0.79342862760610E+03
 0.80808910783417E+03
 0.80352841445763E+03
 0.80174672603779E+03
 0.80550515353466E+03
 0.80682258898192E+03
 0.81060365048972E+03
 0.81389664245227E+03
 0.81420581175183E+03
 0.81464233241603E+03
 0.82473644082537E+03
 0.82160939801419E+03
 0.82029102770735E+03
 0.82666578271030E+03
 0.82648426399759E+03
 0.83745416128250E+03
 0.83832335848488E+03
 0.84489555007355E+03
 0.83845246912341E+03
 0.84944519306887E+03
 0.84988479731672E+03
 0.85141327300149E+03
 0.85524103427599E+03
 0.85687284395943E+03
 0.86075661349304E+03
 0.86195878484086E+03
