 0.16433157382286E+00
 0.16433157382282E+00
 0.16433157382234E+00
 0.16433157385039E+00
 0.16433157499028E+00
 0.16433158598202E+00
 0.16433163381055E+00
 0.16433176347566E+00
 0.16433202387892E+00
 0.16433244808572E+00
 0.16433303974028E+00
 0.16433376874291E+00
 0.16433458085575E+00
 0.16433538244531E+00
 0.16433606601325E+00
 0.16433653343997E+00
 0.16433660088955E+00
 0.16433615984293E+00
 0.16433510430838E+00
 0.16433321807858E+00
 0.16431527446540E+00
 0.16430741479542E+00
 0.16429812629700E+00
 0.16428726708956E+00
 0.16427465871749E+00
 0.16426024889962E+00
 0.16424384417414E+00
 0.16422525590618E+00
 0.16420452934666E+00
 0.16418143884241E+00
 0.16415575314979E+00
 0.16412741103598E+00
 0.16409628602813E+00
 0.16406205619511E+00
 0.16402471888054E+00
 0.16398380204026E+00
 0.16393979747071E+00
 0.16389157082415E+00
 0.16383947677324E+00
 0.16378356013936E+00
 0.16372315185813E+00
 0.16365829675343E+00
 0.16358950488313E+00
 0.16351499708006E+00
 0.16343592540656E+00
 0.16335123362273E+00
 0.16326129587973E+00
 0.16316584510700E+00
 0.16306467073522E+00
 0.16295704632812E+00
 0.16284379668448E+00
 0.16272417735022E+00
 0.16259806627754E+00
 0.16246592252976E+00
 0.16232453138657E+00
 0.16217770046040E+00
 0.16202385796305E+00
 0.16186325596344E+00
 0.16169353300335E+00
 0.16151502702050E+00
 0.16133003268071E+00
 0.16113637843208E+00
 0.16093414430540E+00
 0.16072245967447E+00
 0.16050264995595E+00
 0.16027328408628E+00
 0.16003125439566E+00
 0.15978523804792E+00
 0.15952035111339E+00
 0.15925408501248E+00
 0.15896852766197E+00
 0.15867646911766E+00
 0.15836551949097E+00
 0.15804895438655E+00
 0.15771879955527E+00
 0.15737358145117E+00
 0.15701510866703E+00
 0.15664130653382E+00
 0.15624988299616E+00
 0.15585123059764E+00
 0.15542444291789E+00
 0.15498363521750E+00
 0.15453145071665E+00
 0.15405353108024E+00
 0.15355508719293E+00
 0.15303235071711E+00
 0.15249433252129E+00
 0.15193175599466E+00
 0.15133708363081E+00
 0.15072430034142E+00
 0.15008585569942E+00
 0.14940704462637E+00
 0.14871238111467E+00
 0.14798049579795E+00
 0.14721219539166E+00
 0.14640433977925E+00
 0.14556679472564E+00
 0.14468720094968E+00
 0.14376672090199E+00
 0.14280025842988E+00
 0.14178641632010E+00
 0.14072741863875E+00
 0.13961727512859E+00
 0.13844403723846E+00
 0.13721723511657E+00
 0.13593016832151E+00
 0.13457872657056E+00
 0.13315288680981E+00
 0.13164218316656E+00
 0.13007151938129E+00
 0.12840264224050E+00
 0.12664114108717E+00
 0.12478971367503E+00
 0.12282628872749E+00
 0.12074790024803E+00
 0.11858513864658E+00
 0.11623424262487E+00
 0.11377128082945E+00
 0.11115894144289E+00
 0.10839015107140E+00
 0.10542972298120E+00
 0.10228856915995E+00
 0.98917537038629E-01
 0.95364172004453E-01
 0.91524777046124E-01
 0.87488928556174E-01
 0.83183047576764E-01
 0.78550928729156E-01
 0.73696616886695E-01
 0.68744666267629E-01
 0.63634885377886E-01
 0.58564651105204E-01
 0.53691568210903E-01
 0.48997480143939E-01
 0.44661671294373E-01
 0.40736563675479E-01
 0.37191450571205E-01
 0.33982679523067E-01
 0.31138626032269E-01
 0.28614703872255E-01
 0.26327614604099E-01
 0.24287393014836E-01
 0.22454278076492E-01
 0.20805575709506E-01
 0.19296328693878E-01
 0.17941721541213E-01
 0.16724716867911E-01
 0.15598338362167E-01
 0.14571346816575E-01
 0.13630029882647E-01
 0.12785166704779E-01
 0.11990821327017E-01
 0.11274014257431E-01
 0.10607181467007E-01
 0.99914430740943E-02
 0.94258942746852E-02
 0.88986867184238E-02
 0.84111425175367E-02
 0.79584966525334E-02
 0.75348043259012E-02
 0.71430265814373E-02
 0.67778236330551E-02
 0.64360857541196E-02
 0.61180737132722E-02
 0.58207587188024E-02
 0.55401652312578E-02
 0.52810203671190E-02
 0.50350005300905E-02
 0.48053030794809E-02
 0.45885739553159E-02
 0.43855342613022E-02
 0.41926666185280E-02
 0.40136550406856E-02
 0.38431185785647E-02
 0.36829214666182E-02
 0.35304965361710E-02
 0.33868522884610E-02
 0.32507268404444E-02
 0.31224060343576E-02
 0.30011586367487E-02
 0.28856802334045E-02
 0.27754835464808E-02
 0.26711674654163E-02
 0.25725453007283E-02
 0.24787006146089E-02
 0.23890896421814E-02
 0.23036884805597E-02
 0.22226191258215E-02
 0.21457288823070E-02
 0.20717453338378E-02
 0.20017007887981E-02
 0.19344108536690E-02
 0.18698893512149E-02
 0.18086649124508E-02
 0.17500602767147E-02
 0.16939909324309E-02
 0.16402297280907E-02
 0.15889131812747E-02
 0.15395593974483E-02
 0.14922279765821E-02
