 0.25955948765236E+10
 0.25957148730912E+10
 0.25959148576897E+10
 0.25961948734867E+10
 0.25965548504590E+10
 0.25969948552159E+10
 0.25975148633276E+10
 0.25981148473157E+10
 0.25987948341715E+10
 0.25995548347134E+10
 0.26003948285808E+10
 0.26013148332837E+10
 0.26023148152873E+10
 0.26033948132995E+10
 0.26045548083362E+10
 0.26057948089052E+10
 0.26071148368582E+10
 0.26085148363643E+10
 0.26099948809069E+10
 0.26115549074836E+10
 0.26131949816241E+10
 0.26149150744923E+10
 0.26167152043912E+10
 0.26185953522486E+10
 0.26205555755841E+10
 0.26225958160267E+10
 0.26247161586515E+10
 0.26269165986684E+10
 0.26291970170794E+10
 0.26315575818182E+10
 0.26339982319361E+10
 0.26365189396075E+10
 0.26391197894692E+10
 0.26418006817203E+10
 0.26445615885621E+10
 0.26474026216896E+10
 0.26503235777758E+10
 0.26533245034026E+10
 0.26564053024785E+10
 0.26595658725610E+10
 0.26628062269420E+10
 0.26661261697796E+10
 0.26695253199921E+10
 0.26730040213720E+10
 0.26765614961775E+10
 0.26801977788053E+10
 0.26839124661352E+10
 0.26877051504881E+10
 0.26915756040365E+10
 0.26955231523401E+10
 0.26995470932228E+10
 0.27036470367982E+10
 0.27078222066244E+10
 0.27120720138927E+10
 0.27163953023309E+10
 0.27207911401056E+10
 0.27252586335728E+10
 0.27297969629346E+10
 0.27344041045628E+10
 0.27390794337702E+10
 0.27438215318851E+10
 0.27486286352213E+10
 0.27534988779139E+10
 0.27584311041053E+10
 0.27634226881855E+10
 0.27684723587537E+10
 0.27735778886009E+10
 0.27787384112937E+10
 0.27839492155477E+10
 0.27892099476338E+10
 0.27945164883411E+10
 0.27998686048496E+10
 0.28052616726466E+10
 0.28106929002360E+10
 0.28161612966631E+10
 0.28216618184011E+10
 0.28271942163101E+10
 0.28327537244540E+10
 0.28383348595166E+10
 0.28439410174967E+10
 0.28495614481512E+10
 0.28551935396408E+10
 0.28608417960509E+10
 0.28664940016957E+10
 0.28721485575064E+10
 0.28778046532429E+10
 0.28834547309033E+10
 0.28891006567672E+10
 0.28947280634854E+10
 0.29003426234800E+10
 0.29059383876062E+10
 0.29115069229141E+10
 0.29170509845882E+10
 0.29225578389521E+10
 0.29280302141811E+10
 0.29334608383832E+10
 0.29388439839517E+10
 0.29441766914625E+10
 0.29494583602568E+10
 0.29546774680850E+10
 0.29598329189638E+10
 0.29649256220811E+10
 0.29699440430252E+10
 0.29748826409725E+10
 0.29797429678543E+10
 0.29845242526271E+10
 0.29892110969968E+10
 0.29938079202688E+10
 0.29983083403930E+10
 0.30027278525884E+10
 0.30070280196678E+10
 0.30112239818573E+10
 0.30153367301513E+10
 0.30193345167156E+10
 0.30232261413031E+10
 0.30270605491545E+10
 0.30307350590819E+10
 0.30343606547798E+10
 0.30378956470042E+10
 0.30413752993372E+10
 0.30447906802900E+10
 0.30481837760487E+10
 0.30515451135847E+10
 0.30549744939646E+10
 0.30584244887786E+10
 0.30620152025015E+10
 0.30658036714980E+10
 0.30697819688921E+10
 0.30741108498460E+10
 0.30789320811965E+10
 0.30842474684764E+10
 0.30901389304334E+10
 0.30966579835287E+10
 0.31037331582782E+10
 0.31113522287604E+10
 0.31193676519232E+10
 0.31277260080591E+10
 0.31363182279312E+10
 0.31451075958506E+10
 0.31540640134557E+10
 0.31631545973781E+10
 0.31723659439334E+10
 0.31817363761027E+10
 0.31912188406537E+10
 0.32008416459538E+10
 0.32105970612971E+10
 0.32204944799195E+10
 0.32305198872023E+10
 0.32406946418016E+10
 0.32510004828345E+10
 0.32614441091309E+10
 0.32720253095839E+10
 0.32827316146396E+10
 0.32935511775543E+10
 0.33044987816295E+10
 0.33155767778616E+10
 0.33267690836144E+10
 0.33380837529744E+10
 0.33495084531199E+10
 0.33610464129631E+10
 0.33726890363063E+10
 0.33844455319819E+10
 0.33963128830800E+10
 0.34082534325339E+10
 0.34203254487729E+10
 0.34325067930903E+10
 0.34447623310447E+10
 0.34571346658517E+10
 0.34695972028318E+10
 0.34821491743782E+10
 0.34947975406517E+10
 0.35075483484011E+10
 0.35203827077071E+10
 0.35333187190007E+10
 0.35463469699754E+10
 0.35594554018519E+10
 0.35726551202008E+10
 0.35859544627267E+10
 0.35993342248153E+10
 0.36127946490306E+10
 0.36263389093613E+10
 0.36399976589060E+10
 0.36537261892233E+10
 0.36675271217674E+10
 0.36814374997798E+10
 0.36954171193100E+10
 0.37094911272801E+10
 0.37236411460677E+10
 0.37378674926349E+10
 0.37522059678586E+10
 0.37666048725396E+10
 0.37810962666416E+10
 0.37956800542351E+10
 0.38103271051169E+10
 0.38250624216246E+10
 0.38398862526452E+10
 0.38547887839817E+10
 0.38697816297521E+10
 0.38848469359011E+10
 0.38999988496582E+10
