 0.12287950801012E+01
 0.12287950884543E+01
 0.12287951262238E+01
 0.12287952304563E+01
 0.12287954541222E+01
 0.12287958681033E+01
 0.12287965729548E+01
 0.12287977303932E+01
 0.12287996166377E+01
 0.12288026798921E+01
 0.12288075825854E+01
 0.12288152124748E+01
 0.12288266801303E+01
 0.12288432698114E+01
 0.12288664055927E+01
 0.12288976227456E+01
 0.12289384479842E+01
 0.12289904687063E+01
 0.12290552392228E+01
 0.12291341937145E+01
 0.12292287155537E+01
 0.12293401408231E+01
 0.12294696716125E+01
 0.12296183913173E+01
 0.12297872476304E+01
 0.12299771627342E+01
 0.12301888628683E+01
 0.12304229778742E+01
 0.12306801838197E+01
 0.12309608990158E+01
 0.12312654476739E+01
 0.12315941749381E+01
 0.12319472967530E+01
 0.12323248388580E+01
 0.12327269341523E+01
 0.12331533592073E+01
 0.12336044030363E+01
 0.12340792912128E+01
 0.12345780847625E+01
 0.12351005901500E+01
 0.12356461122862E+01
 0.12362143350847E+01
 0.12368051540750E+01
 0.12374170353293E+01
 0.12380501595239E+01
 0.12387033328985E+01
 0.12393761818616E+01
 0.12400679086209E+01
 0.12407777146935E+01
 0.12415044699187E+01
 0.12422479534459E+01
 0.12430069846046E+01
 0.12437807467911E+01
 0.12445687655707E+01
 0.12453683378952E+01
 0.12461811130768E+01
 0.12470052400410E+01
 0.12478402178328E+01
 0.12486838990770E+01
 0.12495357795663E+01
 0.12503966205263E+01
 0.12512644239765E+01
 0.12521386653515E+01
 0.12530182116448E+01
 0.12539033625110E+01
 0.12547927330959E+01
 0.12556839260189E+01
 0.12565819857485E+01
 0.12574772310279E+01
 0.12583803192387E+01
 0.12592797716520E+01
 0.12601834620287E+01
 0.12610833406907E+01
 0.12619878702493E+01
 0.12628918961663E+01
 0.12637946332024E+01
 0.12646973088442E+01
 0.12655987585810E+01
 0.12664978165235E+01
 0.12674013987915E+01
 0.12682966778603E+01
 0.12691930696093E+01
 0.12700927916862E+01
 0.12709873058531E+01
 0.12718808184491E+01
 0.12727716094770E+01
 0.12736664422517E+01
 0.12745600014163E+01
 0.12754490822497E+01
 0.12763434642451E+01
 0.12772395316210E+01
 0.12781293752365E+01
 0.12790302481551E+01
 0.12799296192095E+01
 0.12808298690775E+01
 0.12817317308787E+01
 0.12826423017859E+01
 0.12835562280919E+01
 0.12844753920870E+01
 0.12854006727562E+01
 0.12863326406220E+01
 0.12872752943224E+01
 0.12882270654993E+01
 0.12891856458800E+01
 0.12901570972535E+01
 0.12911424551021E+01
 0.12921415757817E+01
 0.12931520520024E+01
 0.12941739686043E+01
 0.12952218062809E+01
 0.12962794441163E+01
 0.12973554336722E+01
 0.12984540579620E+01
 0.12995687535344E+01
 0.13007024352979E+01
 0.13018691843907E+01
 0.13030357027230E+01
 0.13042329497431E+01
 0.13054474433976E+01
 0.13066805323068E+01
 0.13079233528451E+01
 0.13091770495435E+01
 0.13104263581375E+01
 0.13116781272350E+01
 0.13128944943073E+01
 0.13140814020598E+01
 0.13151952790599E+01
 0.13161826909371E+01
 0.13170130014422E+01
 0.13176311406532E+01
 0.13179260679231E+01
 0.13178368701554E+01
 0.13173115450831E+01
 0.13162330721252E+01
 0.13146429443783E+01
 0.13125920318891E+01
 0.13101165396288E+01
 0.13072549493467E+01
 0.13041709643994E+01
 0.13009451744164E+01
 0.12975533871097E+01
 0.12941351131846E+01
 0.12907156103622E+01
 0.12873388633255E+01
 0.12839593246459E+01
 0.12807010795268E+01
 0.12775870457614E+01
 0.12745035816726E+01
 0.12715321817134E+01
 0.12686624406956E+01
 0.12659914911544E+01
 0.12633388444751E+01
 0.12608721227446E+01
 0.12584782722034E+01
 0.12561882397014E+01
 0.12540233442192E+01
 0.12519327730653E+01
 0.12499448852423E+01
 0.12480467389271E+01
 0.12462123757672E+01
 0.12444799710034E+01
 0.12428245723708E+01
 0.12412342521230E+01
 0.12397244624919E+01
 0.12382816736851E+01
 0.12368793538483E+01
 0.12355749148103E+01
 0.12342956511840E+01
 0.12330835488613E+01
 0.12319117776745E+01
 0.12307973545217E+01
 0.12297063207839E+01
 0.12286929285382E+01
 0.12276967874380E+01
 0.12267490965946E+01
 0.12258209952972E+01
 0.12249334463545E+01
 0.12240741324642E+01
 0.12232539904614E+01
 0.12224677599331E+01
 0.12216995055216E+01
 0.12209453817984E+01
 0.12202206857424E+01
 0.12195278994449E+01
 0.12188550239618E+01
 0.12181952774264E+01
 0.12175524115653E+01
 0.12169334547454E+01
 0.12163400439225E+01
 0.12157473305403E+01
 0.12151829676683E+01
 0.12146224958751E+01
 0.12140690569808E+01
 0.12135400308142E+01
 0.12130214458503E+01
 0.12125142666429E+01
 0.12120151277473E+01
 0.12115313885626E+01
 0.12110513018450E+01
 0.12105795367454E+01
