 0.10000000133514E-09
 0.10000000133514E-09
 0.10000000133514E-09
 0.10000000133514E-09
 0.10000000133514E-09
 0.10000000133514E-09
 0.10000000133514E-09
 0.10000000133514E-09
 0.10000000133514E-09
 0.10000000133514E-09
 0.10000000133514E-09
 0.10000000133514E-09
 0.10000000133514E-09
 0.10000000133514E-09
 0.10000000133514E-09
 0.10000000133514E-09
 0.10000000133514E-09
 0.10000000133514E-09
 0.10000000133514E-09
 0.10000000133514E-09
 0.10000000133514E-09
 0.10000000133514E-09
 0.10000000133514E-09
 0.10000000133514E-09
 0.10000000133514E-09
 0.10000000133514E-09
 0.10000000133514E-09
 0.10000000133514E-09
 0.10000000133514E-09
 0.10000000133514E-09
 0.22268984578511E-04
 0.22268984578511E-04
 0.40747163534391E-04
 0.53734492685038E-04
 0.69801032437857E-04
 0.89428263379824E-04
 0.11312433512471E-03
 0.14143086478759E-03
 0.17491099461364E-03
 0.21415016113130E-03
 0.25976397754681E-03
 0.31237573051558E-03
 0.37261692690099E-03
 0.44114078017979E-03
 0.51861421372959E-03
 0.60569756529529E-03
 0.70304604474283E-03
 0.81134348801088E-03
 0.93126597494762E-03
 0.10634605372871E-02
 0.12086067722037E-02
 0.13673508883735E-02
 0.15403421534720E-02
 0.17282516892536E-02
 0.19317145410434E-02
 0.21513649176827E-02
 0.23878175087913E-02
 0.26416803937170E-02
 0.29135580442509E-02
 0.32040054484538E-02
 0.35139201626360E-02
 0.38434231517925E-02
 0.41932797151314E-02
 0.45643497127178E-02
 0.49567596076373E-02
 0.53715242703730E-02
 0.58088838220726E-02
 0.62688332222216E-02
 0.67532672574130E-02
 0.72617861023122E-02
 0.77955277200520E-02
 0.83546645144281E-02
 0.89394755343781E-02
 0.95513844797681E-02
 0.10190431582431E-01
 0.10856814830169E-01
 0.11552271041885E-01
 0.12277373539404E-01
 0.13030052120891E-01
 0.13814627856156E-01
 0.14629992038128E-01
 0.15477008849157E-01
 0.16354748442548E-01
 0.17266822195351E-01
 0.18213831115763E-01
 0.19193796401951E-01
 0.20209376497153E-01
 0.21261941360238E-01
 0.22350916029229E-01
 0.23479779049826E-01
 0.24644078225677E-01
 0.25849484348748E-01
 0.27095803955369E-01
 0.28386397086017E-01
 0.29717568019840E-01
 0.31090493408476E-01
 0.32514668514377E-01
 0.33980502598756E-01
 0.35495570885006E-01
 0.37060256750694E-01
 0.38679514162476E-01
 0.40346434828706E-01
 0.42067318626876E-01
 0.43846072755652E-01
 0.45683516326811E-01
 0.47580317754908E-01
 0.49534622091714E-01
 0.51561385442865E-01
 0.53650562510548E-01
 0.55804268686812E-01
 0.58027663619219E-01
 0.60330247756619E-01
 0.62706021130017E-01
 0.65165381494765E-01
 0.67710715396896E-01
 0.70340099781224E-01
 0.73057090526585E-01
 0.75870559788993E-01
 0.78789442705844E-01
 0.81803713284870E-01
 0.84927798935073E-01
 0.88166288829395E-01
 0.91527673518507E-01
 0.95017662465322E-01
 0.98633675839081E-01
 0.10238444874927E+00
 0.10627911184265E+00
 0.11034131200869E+00
 0.11456372037858E+00
 0.11894872422031E+00
 0.12351690166067E+00
 0.12828604769818E+00
 0.13323714309868E+00
 0.13841206787233E+00
 0.14381817864233E+00
 0.14944211444490E+00
 0.15533277981700E+00
 0.16147759312609E+00
 0.16789316173264E+00
 0.17456990501880E+00
 0.18154692693339E+00
 0.18883013137645E+00
 0.19639480426116E+00
 0.20426051492823E+00
 0.21242654496356E+00
 0.22086667096378E+00
 0.22958607996108E+00
 0.23854026393862E+00
 0.24771468234020E+00
 0.25706964605424E+00
 0.26650936626107E+00
 0.27604420902623E+00
 0.28560478068342E+00
 0.29509215301551E+00
 0.30448583759724E+00
 0.31370631060332E+00
 0.32273492227099E+00
 0.33152463771805E+00
 0.34007109613745E+00
 0.34835254569739E+00
 0.35637704797345E+00
 0.36415844988176E+00
 0.37170421467284E+00
 0.37903153223034E+00
 0.38615440949728E+00
 0.39309365796242E+00
 0.39986000728612E+00
 0.40646744724244E+00
 0.41292719019794E+00
 0.41924697024418E+00
 0.42543603760412E+00
 0.43150394999216E+00
 0.43745381528939E+00
 0.44329012254833E+00
 0.44902030758149E+00
 0.45464759427797E+00
 0.46017226823071E+00
 0.46560228796010E+00
 0.47093669621928E+00
 0.47618051220550E+00
 0.48133392565895E+00
 0.48640159438413E+00
 0.49138402981506E+00
 0.49628462976072E+00
 0.50110393524619E+00
 0.50584523228043E+00
 0.51050882273145E+00
 0.51509777007172E+00
 0.51961332934402E+00
 0.52405732109246E+00
 0.52843145569863E+00
 0.53273702733126E+00
 0.53697585519736E+00
 0.54114878902878E+00
 0.54525818371568E+00
 0.54930460201007E+00
 0.55329039636738E+00
 0.55721649121043E+00
 0.56108420502979E+00
 0.56489470351637E+00
 0.56864946281875E+00
 0.57234957183035E+00
 0.57599633485612E+00
 0.57959077862436E+00
 0.58313472750453E+00
 0.58662791536784E+00
 0.59007264872996E+00
 0.59346958638189E+00
 0.59681981587909E+00
 0.60012397181001E+00
 0.60338363232048E+00
 0.60659911959408E+00
 0.60977209873622E+00
 0.61290271845506E+00
 0.61599203298919E+00
 0.61904117400932E+00
 0.62205079523179E+00
 0.62502193595914E+00
 0.62795494032364E+00
 0.63085088290943E+00
 0.63371037593180E+00
 0.63653447935387E+00
 0.63932348960370E+00
 0.64207818070575E+00
 0.64479924859792E+00
 0.64748766735750E+00
 0.65014343363240E+00
 0.65276751835137E+00
 0.65536065211221E+00
 0.65792344644920E+00
 0.66045605257105E+00
 0.66295934675620E+00
 0.66543396204959E+00
 0.66788037070758E+00
 0.67029897934636E+00
 0.67269027144775E+00
 0.67505457379439E+00
 0.67739272375278E+00
 0.67970558428673E+00
 0.68199271237795E+00
 0.68425487694435E+00
 0.68649231433874E+00
 0.68870639720131E+00
 0.69089645762964E+00
 0.69306341093829E+00
 0.69520747612722E+00
 0.69732916677220E+00
 0.69942891950304E+00
 0.70150669793911E+00
 0.70356346263358E+00
 0.70559901521367E+00
 0.70761427093585E+00
 0.70960890314606E+00
 0.71158384113718E+00
 0.71353918946954E+00
 0.71547505038867E+00
 0.71739202117363E+00
 0.71929029397807E+00
 0.72116992411887E+00
 0.72303175160102E+00
 0.72487566415421E+00
 0.72670203822629E+00
 0.72851125777361E+00
 0.73030312638474E+00
 0.73207839863809E+00
 0.73383726990203E+00
 0.73557972567566E+00
 0.73730620780972E+00
 0.73901700445073E+00
 0.74071216203481E+00
 0.74239205035806E+00
 0.74405670268291E+00
 0.74570663718845E+00
 0.74734198863254E+00
 0.74896276040381E+00
 0.75056936474250E+00
 0.75216189130669E+00
 0.75374049904678E+00
 0.75530551954720E+00
 0.75685712700757E+00
 0.75839554737783E+00
 0.75992071091485E+00
 0.76143317577067E+00
 0.76293262604091E+00
 0.76441968725496E+00
 0.76589443503585E+00
 0.76735690217784E+00
 0.76880720122347E+00
 0.77024573240099E+00
 0.77167243578962E+00
 0.77308761313832E+00
 0.77449139749875E+00
 0.77588379396044E+00
 0.77726524968403E+00
 0.77863556543355E+00
 0.77999486096610E+00
 0.78134364103805E+00
 0.78268182466316E+00
 0.78400963964688E+00
 0.78532692521007E+00
