 0.16431646807701E+00
 0.16431646807697E+00
 0.16431646807651E+00
 0.16431646810801E+00
 0.16431646927819E+00
 0.16431648034875E+00
 0.16431652778923E+00
 0.16431665760741E+00
 0.16431691794218E+00
 0.16431734131408E+00
 0.16431793132732E+00
 0.16431865791848E+00
 0.16431946793289E+00
 0.16432026598971E+00
 0.16432096554661E+00
 0.16432141105481E+00
 0.16432149318838E+00
 0.16432107138588E+00
 0.16431999378044E+00
 0.16431811840934E+00
 0.16430024804977E+00
 0.16429243419224E+00
 0.16428315775079E+00
 0.16427229704481E+00
 0.16425970384842E+00
 0.16424526482795E+00
 0.16422877691780E+00
 0.16421031107439E+00
 0.16418965165927E+00
 0.16416657542075E+00
 0.16414083430510E+00
 0.16411259711496E+00
 0.16408144556437E+00
 0.16404711486120E+00
 0.16400996064747E+00
 0.16396936112198E+00
 0.16392535426556E+00
 0.16387747935048E+00
 0.16382605528155E+00
 0.16377109554495E+00
 0.16371113852362E+00
 0.16364733247063E+00
 0.16357941116213E+00
 0.16350694694099E+00
 0.16342924562282E+00
 0.16334702069438E+00
 0.16326067984699E+00
 0.16316947988596E+00
 0.16307294200819E+00
 0.16297124838119E+00
 0.16286506948226E+00
 0.16275349074734E+00
 0.16263716637153E+00
 0.16251562315702E+00
 0.16238844341016E+00
 0.16225627065728E+00
 0.16211923489390E+00
 0.16197604542555E+00
 0.16182824167726E+00
 0.16167637783868E+00
 0.16151536803115E+00
 0.16135278082648E+00
 0.16118453627316E+00
 0.16100842990532E+00
 0.16082996983032E+00
 0.16064181456832E+00
 0.16045012848302E+00
 0.16025707757660E+00
 0.16005423625079E+00
 0.15984846935276E+00
 0.15963207617675E+00
 0.15941169795828E+00
 0.15919045328828E+00
 0.15895503884569E+00
 0.15871925084172E+00
 0.15847330667858E+00
 0.15822224369816E+00
 0.15796101185508E+00
 0.15770081192714E+00
 0.15742595210959E+00
 0.15714630268066E+00
 0.15685958316965E+00
 0.15656640686839E+00
 0.15626433264388E+00
 0.15594698719326E+00
 0.15562747893823E+00
 0.15529961112246E+00
 0.15495653355602E+00
 0.15460503504256E+00
 0.15423978315649E+00
 0.15387257928497E+00
 0.15349460314862E+00
 0.15309725400799E+00
 0.15268476388180E+00
 0.15227058753458E+00
 0.15184513077252E+00
 0.15139330132479E+00
 0.15093714249064E+00
 0.15046190763952E+00
 0.14997367638349E+00
 0.14946287736423E+00
 0.14894254600733E+00
 0.14840558599191E+00
 0.14784478078715E+00
 0.14725995502850E+00
 0.14666111749220E+00
 0.14604777789201E+00
 0.14539727219889E+00
 0.14472861363176E+00
 0.14404412988490E+00
 0.14333750945514E+00
 0.14259621161533E+00
 0.14182989160786E+00
 0.14103019289541E+00
 0.14019312114674E+00
 0.13933577857879E+00
 0.13844349149425E+00
 0.13751488690023E+00
 0.13654289861015E+00
 0.13553482302206E+00
 0.13448998169409E+00
 0.13340682384344E+00
 0.13225794319189E+00
 0.13106013358459E+00
 0.12982273652042E+00
 0.12853769620287E+00
 0.12719867102211E+00
 0.12577644071644E+00
 0.12429403985061E+00
 0.12275552203142E+00
 0.12114085045849E+00
 0.11943344030205E+00
 0.11766597339684E+00
 0.11579758593720E+00
 0.11382180310545E+00
 0.11177332653358E+00
 0.10958841532433E+00
 0.10729592959361E+00
 0.10488214959134E+00
 0.10237269422292E+00
 0.99701209383229E-01
 0.96870041760758E-01
 0.93931414092547E-01
 0.90829857670287E-01
 0.87563219155778E-01
 0.84157239136494E-01
 0.80575807384578E-01
 0.76858837545604E-01
 0.72991216987320E-01
 0.68984399160523E-01
 0.64933460747902E-01
 0.60779638602672E-01
 0.56570617751843E-01
 0.52418840227260E-01
 0.48310129694142E-01
 0.44341836226364E-01
 0.40524052971654E-01
 0.36922924372922E-01
 0.33544673695249E-01
 0.30435157671908E-01
 0.27589741126085E-01
 0.24998948167212E-01
 0.22664467410556E-01
 0.20570366023347E-01
 0.18701847843626E-01
 0.17027465607771E-01
 0.15535816621463E-01
 0.14205830638663E-01
 0.13017438369055E-01
 0.11957846109624E-01
 0.11013756848726E-01
 0.10160836263959E-01
 0.93964804862540E-02
 0.87140185076340E-02
 0.80940488898574E-02
 0.75323367754388E-02
 0.70287159894379E-02
 0.65668608960152E-02
 0.61490590047915E-02
 0.57643046711276E-02
 0.54184519823797E-02
 0.50981086384870E-02
 0.48055651754835E-02
 0.45331773128702E-02
 0.42853690690581E-02
 0.40542725945471E-02
 0.38431844827094E-02
 0.36462183157111E-02
 0.34635876353189E-02
 0.32933944732833E-02
 0.31355515866025E-02
 0.29874308567217E-02
 0.28492275406358E-02
 0.27202679462021E-02
 0.25998349094283E-02
 0.24873975480593E-02
 0.23814104212803E-02
 0.22810859046635E-02
 0.21871415671058E-02
 0.20990087420423E-02
 0.20156799699473E-02
 0.19372160892297E-02
 0.18624822820688E-02
 0.17923829063058E-02
 0.17252984596636E-02
 0.16625829512560E-02
 0.16026387382669E-02
 0.15456218592278E-02
 0.14915887325460E-02
 0.14404136612718E-02
 0.13913814184352E-02
 0.13448922509154E-02
 0.13001864094114E-02
 0.12580203860129E-02
 0.12177422685227E-02
 0.11791239193082E-02
 0.11422917871966E-02
 0.11070175070367E-02
 0.10734259947209E-02
 0.10410211853646E-02
 0.10101895464276E-02
 0.98047033758634E-03
 0.95183644249430E-03
 0.92465797118099E-03
 0.89833122785139E-03
 0.87328209989711E-03
 0.84914208293493E-03
 0.82593122927164E-03
 0.80350226853635E-03
 0.78202236171561E-03
 0.76140558511920E-03
 0.74140488257162E-03
 0.72213439473440E-03
 0.70364670789587E-03
 0.68566283812138E-03
 0.66851580772192E-03
 0.65184581663002E-03
 0.63585603964994E-03
 0.62020363223025E-03
 0.60526780598670E-03
 0.59082812910999E-03
 0.57676869892752E-03
 0.56325976050607E-03
 0.55014476907224E-03
 0.53742459203049E-03
 0.52521121686725E-03
 0.51326373531956E-03
 0.50171095145764E-03
 0.49057091757001E-03
 0.47970398895572E-03
 0.46927815830752E-03
 0.45904318966769E-03
 0.44920520878428E-03
 0.43962325925978E-03
 0.43028681422284E-03
 0.42128248871997E-03
 0.41250000834548E-03
 0.40394639465733E-03
 0.39573166630059E-03
 0.38763155180417E-03
 0.37985330245355E-03
 0.37221121950262E-03
 0.36481624281781E-03
 0.35764189273168E-03
 0.35065051907569E-03
 0.34380973191252E-03
 0.33717299468465E-03
 0.33071629872837E-03
 0.32444577825704E-03
 0.31830698257474E-03
 0.31234936410260E-03
 0.30655201494908E-03
 0.30085768775876E-03
 0.29532881635833E-03
 0.28995618904358E-03
 0.28469400855650E-03
 0.27957809157442E-03
 0.27461681285099E-03
 0.26971686965814E-03
 0.26495136110827E-03
 0.26031563772355E-03
 0.25577703154829E-03
 0.25134965476966E-03
 0.24704835552374E-03
 0.24283091791638E-03
 0.23869341019671E-03
 0.23468975951015E-03
 0.23074203110600E-03
 0.22692512172156E-03
 0.22316526724641E-03
 0.21947409497426E-03
 0.21590965492220E-03
 0.21238997966831E-03
 0.20896481962391E-03
 0.20561037342141E-03
 0.20232232115131E-03
 0.19911149854449E-03
 0.19596667354918E-03
 0.19287763805754E-03
 0.18987286640512E-03
