 0.64711256650257E-04
 0.64709709756573E-04
 0.64707129886363E-04
 0.64703514147858E-04
 0.64698860348324E-04
 0.64693165780641E-04
 0.64686420768684E-04
 0.64678621776262E-04
 0.64669762502177E-04
 0.64659830279465E-04
 0.64648820750770E-04
 0.64636723810903E-04
 0.64623531412207E-04
 0.64609231527709E-04
 0.64593817071558E-04
 0.64577278638525E-04
 0.64559602873560E-04
 0.64540778355717E-04
 0.64520799773397E-04
 0.64499646477900E-04
 0.64477301823267E-04
 0.64453753723531E-04
 0.64428985913348E-04
 0.64402976945355E-04
 0.64375700604054E-04
 0.64347136832701E-04
 0.64317253853984E-04
 0.64286018357045E-04
 0.64253408312222E-04
 0.64219382224289E-04
 0.64183902541088E-04
 0.64146931497272E-04
 0.64108435551010E-04
 0.64068368694982E-04
 0.64026695164341E-04
 0.63983362371081E-04
 0.63938366547719E-04
 0.63891628461593E-04
 0.63843137284184E-04
 0.63792870214719E-04
 0.63740776290663E-04
 0.63686844729492E-04
 0.63631080438169E-04
 0.63573393011823E-04
 0.63513831424174E-04
 0.63452339273439E-04
 0.63388933439506E-04
 0.63323609286330E-04
 0.63256359704185E-04
 0.63187158614047E-04
 0.63116063049470E-04
 0.63043049636835E-04
 0.62968131234972E-04
 0.62891348636014E-04
 0.62812583920567E-04
 0.62732028603275E-04
 0.62649639994867E-04
 0.62565457418784E-04
 0.62479405882506E-04
 0.62391541902955E-04
 0.62301983952026E-04
 0.62210682947348E-04
 0.62117677748991E-04
 0.62022963617607E-04
 0.61926648396482E-04
 0.61828692571953E-04
 0.61729021242252E-04
 0.61628041045344E-04
 0.61525150004961E-04
 0.61421160865911E-04
 0.61315332780155E-04
 0.61208272476537E-04
 0.61099488676300E-04
 0.60989618216406E-04
 0.60878365706697E-04
 0.60765703068355E-04
 0.60651751993099E-04
 0.60536513675069E-04
 0.60419940606448E-04
 0.60302493269296E-04
 0.60183392515091E-04
 0.60063284391335E-04
 0.59942333528010E-04
 0.59820002218692E-04
 0.59696564945883E-04
 0.59571950623655E-04
 0.59446614859536E-04
 0.59320208971667E-04
 0.59192537689756E-04
 0.59064226941585E-04
 0.58935039958186E-04
 0.58804490183965E-04
 0.58673633398870E-04
 0.58541704662115E-04
 0.58408833206096E-04
 0.58274956587202E-04
 0.58140611568388E-04
 0.58005399780904E-04
 0.57869419316882E-04
 0.57732681123746E-04
 0.57595156850519E-04
 0.57457056799204E-04
 0.57318336614659E-04
 0.57178642830398E-04
 0.57038461580119E-04
 0.56897716557139E-04
 0.56756369923498E-04
 0.56614206183925E-04
 0.56471159178977E-04
 0.56328050859994E-04
 0.56183915790033E-04
 0.56039188283177E-04
 0.55893948009315E-04
 0.55747905819151E-04
 0.55601146999206E-04
 0.55454645307901E-04
 0.55305989363566E-04
 0.55157376536117E-04
 0.55008066932011E-04
 0.54858261195240E-04
 0.54707302648295E-04
 0.54555838408466E-04
 0.54403073804471E-04
 0.54250304408386E-04
 0.54095621484830E-04
 0.53941035532608E-04
 0.53785108700046E-04
 0.53626824791349E-04
 0.53467727504218E-04
 0.53308207403302E-04
 0.53146410237634E-04
 0.52983461678099E-04
 0.52819838471815E-04
 0.52653047363934E-04
 0.52484711547526E-04
 0.52315092034166E-04
 0.52143269940750E-04
 0.51968509838885E-04
 0.51792344523323E-04
 0.51614757097840E-04
 0.51433977992662E-04
 0.51251809175275E-04
 0.51067923079022E-04
 0.50883134666905E-04
 0.50696058682363E-04
 0.50509307065681E-04
 0.50323603906639E-04
 0.50136611862246E-04
 0.49949865207805E-04
 0.49763428594431E-04
 0.49579399353819E-04
 0.49393171765613E-04
 0.49208636527829E-04
 0.49022689158985E-04
 0.48835784698852E-04
 0.48648529312763E-04
 0.48459454621423E-04
 0.48269236055258E-04
 0.48077734385373E-04
 0.47884025423115E-04
 0.47689763268852E-04
 0.47494312991300E-04
 0.47297259755831E-04
 0.47099704351681E-04
 0.46901260233882E-04
 0.46701366756204E-04
 0.46502352524806E-04
 0.46301491817026E-04
 0.46101067555258E-04
 0.45899808124872E-04
 0.45698996483184E-04
 0.45497143514894E-04
 0.45297214919894E-04
 0.45096236357646E-04
 0.44896349281494E-04
 0.44695876155843E-04
 0.44495841603775E-04
 0.44296453361788E-04
 0.44098251279477E-04
 0.43900981483226E-04
 0.43703847555254E-04
 0.43506820526492E-04
 0.43310756160560E-04
 0.43116223476418E-04
 0.42922616981262E-04
 0.42728996505075E-04
 0.42536567483903E-04
 0.42345145279384E-04
 0.42155567826387E-04
 0.41965726112198E-04
 0.41777857162736E-04
 0.41590233613540E-04
 0.41403219829071E-04
 0.41218086051798E-04
 0.41033998705869E-04
 0.40850637784568E-04
 0.40668411930871E-04
 0.40487747782841E-04
 0.40307512167521E-04
 0.40128244806995E-04
