 0.11124448542629E+04
 0.11124448542629E+04
 0.11124448542629E+04
 0.11124448542629E+04
 0.11124448542629E+04
 0.11124448542629E+04
 0.11124448542629E+04
 0.11124448542629E+04
 0.11124448542629E+04
 0.11124526923263E+04
 0.11122763418826E+04
 0.11125381591525E+04
 0.11125776487608E+04
 0.11125197602084E+04
 0.11124592698206E+04
 0.11123061257541E+04
 0.11127270976256E+04
 0.11125437308667E+04
 0.11125719838175E+04
 0.11124478068097E+04
 0.11124572871231E+04
 0.11126980112015E+04
 0.11124553468608E+04
 0.11124546691435E+04
 0.11125174704290E+04
 0.11125910915749E+04
 0.11125973576312E+04
 0.11124711595748E+04
 0.11124077143583E+04
 0.11062150180446E+04
 0.11126848471479E+04
 0.11127972388988E+04
 0.11125750076419E+04
 0.11066748034287E+04
 0.11119704289785E+04
 0.11064340251706E+04
 0.11127809105341E+04
 0.11063408991149E+04
 0.11071579968037E+04
 0.11127642952866E+04
 0.11069761342783E+04
 0.11069430969923E+04
 0.11125901917226E+04
 0.11075213780219E+04
 0.11063363459084E+04
 0.11064964238036E+04
 0.11128617475387E+04
 0.11124537236343E+04
 0.11110276106194E+04
 0.11098758455881E+04
 0.11121748399898E+04
 0.11066010301662E+04
 0.11073707369651E+04
 0.11079006131151E+04
 0.11105433359780E+04
 0.11108260040696E+04
 0.11104758394768E+04
 0.11063943809534E+04
 0.11079303404583E+04
 0.11088557388418E+04
 0.11122016690660E+04
 0.11155743079313E+04
 0.11185911167824E+04
 0.11130829154456E+04
 0.11072238003968E+04
 0.11112390322938E+04
 0.11149955243105E+04
 0.11094138155226E+04
 0.11215601856461E+04
 0.11092848079123E+04
 0.11116386736307E+04
 0.11122475685198E+04
 0.11125851217026E+04
 0.11191318117365E+04
 0.11211097030910E+04
 0.11195485698641E+04
 0.11172694821315E+04
 0.11156971531377E+04
 0.11180668110860E+04
 0.11164149723757E+04
 0.11192109444730E+04
 0.11125173108494E+04
 0.11161500513117E+04
 0.11199502158442E+04
 0.11093379648152E+04
 0.11190958264218E+04
 0.11191960343036E+04
 0.11102241519543E+04
 0.11094294574641E+04
 0.11083219001601E+04
 0.11081814259756E+04
 0.11142676902972E+04
 0.11189472550242E+04
 0.11153144250807E+04
 0.11201990461984E+04
 0.11158446740093E+04
 0.11144090710759E+04
 0.11200197417379E+04
 0.11104321826444E+04
 0.11107047078217E+04
 0.11142299891287E+04
 0.11081187779884E+04
 0.11186492950562E+04
 0.11151185795701E+04
 0.11202354413867E+04
 0.11075143032360E+04
 0.11075704465513E+04
 0.11138850967574E+04
 0.11145761607067E+04
 0.11119905551484E+04
 0.11123725304993E+04
 0.11081159575397E+04
 0.11095547923196E+04
 0.11138844615272E+04
 0.11076118854594E+04
 0.11128799272268E+04
 0.11106381391831E+04
 0.11122094196574E+04
 0.11196088118847E+04
 0.11179224181024E+04
 0.11100025294470E+04
 0.11110313535815E+04
 0.11098053600558E+04
 0.11107475275118E+04
 0.11151996890739E+04
 0.11162192509950E+04
 0.11113751601603E+04
 0.11080693196661E+04
 0.11197591693565E+04
 0.11086328315814E+04
 0.11098002300347E+04
 0.11088691488745E+04
 0.11157627720634E+04
 0.11087373325089E+04
 0.11166637885622E+04
 0.11195097478887E+04
 0.11169758745851E+04
 0.11094830250331E+04
 0.11192583379831E+04
 0.11170076806791E+04
 0.11212408474092E+04
 0.11217596429972E+04
 0.11116710538343E+04
 0.11205971321960E+04
 0.11161816805398E+04
 0.11114511862961E+04
 0.11146317918117E+04
 0.11202965885040E+04
 0.11219590349867E+04
 0.11123130996945E+04
 0.11114359183547E+04
 0.11165389034610E+04
 0.11172364981330E+04
 0.11210298876950E+04
 0.11224357452939E+04
 0.11124511299370E+04
 0.11211043880284E+04
 0.11212869953243E+04
 0.11243362703046E+04
 0.11168075120919E+04
 0.11232515451819E+04
 0.11210402531687E+04
 0.11240010084319E+04
 0.11216308698966E+04
 0.11228687153001E+04
 0.11216432843283E+04
 0.11203373498478E+04
 0.11245696091776E+04
 0.11312502406984E+04
 0.11274757166913E+04
 0.11350653531809E+04
 0.11306186976400E+04
 0.11276625501102E+04
 0.11307161685379E+04
 0.11320585234962E+04
 0.11307475088144E+04
 0.11393333662815E+04
 0.11309584698957E+04
 0.11359474769685E+04
 0.11347207210370E+04
 0.11375531544863E+04
 0.11459879211018E+04
 0.11381750962957E+04
 0.11512136240951E+04
 0.11413709400967E+04
 0.11400781679577E+04
 0.11454946535708E+04
 0.11450673762158E+04
 0.11558417514304E+04
 0.11505951997635E+04
 0.11553621865743E+04
 0.11625549639589E+04
 0.11529007315215E+04
 0.11548713106902E+04
 0.11603654695423E+04
 0.11633174587374E+04
 0.11693554583496E+04
 0.11612901350394E+04
 0.11645109429607E+04
 0.11697726520653E+04
