 0.13708386865292E+03
 0.13708386865287E+03
 0.13708386865247E+03
 0.13708386873844E+03
 0.13708387189689E+03
 0.13708390168899E+03
 0.13708403341705E+03
 0.13708440082843E+03
 0.13708516533350E+03
 0.13708647602207E+03
 0.13708844612655E+03
 0.13709114522018E+03
 0.13709460442905E+03
 0.13709882259642E+03
 0.13710377721844E+03
 0.13710942430851E+03
 0.13711571070510E+03
 0.13712257074537E+03
 0.13712993501075E+03
 0.13713772855147E+03
 0.13710562905541E+03
 0.13710369863261E+03
 0.13710145852213E+03
 0.13709889844068E+03
 0.13709601684508E+03
 0.13709281175434E+03
 0.13708929162490E+03
 0.13708546937636E+03
 0.13708135818044E+03
 0.13707698149310E+03
 0.13707236702747E+03
 0.13706754274667E+03
 0.13706254288449E+03
 0.13705740670666E+03
 0.13705217005412E+03
 0.13704687791525E+03
 0.13704156054849E+03
 0.13703627496921E+03
 0.13703105435661E+03
 0.13702593368166E+03
 0.13702096163394E+03
 0.13701617179186E+03
 0.13701158740743E+03
 0.13700727028214E+03
 0.13700322810684E+03
 0.13699950705838E+03
 0.13699612668076E+03
 0.13699311342135E+03
 0.13699049408610E+03
 0.13698830440184E+03
 0.13698655061707E+03
 0.13698526669282E+03
 0.13698447846990E+03
 0.13698420333765E+03
 0.13698451793699E+03
 0.13698539247119E+03
 0.13698688253588E+03
 0.13698902503061E+03
 0.13699189869501E+03
 0.13699554204241E+03
 0.13699997789105E+03
 0.13700529367376E+03
 0.13701156786710E+03
 0.13701888444858E+03
 0.13702731431654E+03
 0.13703696944259E+03
 0.13704804041348E+03
 0.13706043125085E+03
 0.13707457819342E+03
 0.13709027770490E+03
 0.13710802820234E+03
 0.13712775249359E+03
 0.13714986801862E+03
 0.13717430594442E+03
 0.13720141145053E+03
 0.13723146759392E+03
 0.13726466680819E+03
 0.13730129379412E+03
 0.13734168680482E+03
 0.13738587129696E+03
 0.13743471262212E+03
 0.13748816900580E+03
 0.13754640929578E+03
 0.13761035729181E+03
 0.13768023227333E+03
 0.13775649652739E+03
 0.13783931833191E+03
 0.13792951722801E+03
 0.13802788817158E+03
 0.13813432423638E+03
 0.13824971162393E+03
 0.13837542480857E+03
 0.13851071459543E+03
 0.13865755464202E+03
 0.13881637590966E+03
 0.13898837805472E+03
 0.13917363551944E+03
 0.13937365543285E+03
 0.13958940715949E+03
 0.13982215035481E+03
 0.14007311340095E+03
 0.14034331741359E+03
 0.14063382411728E+03
 0.14094789515431E+03
 0.14128518457250E+03
 0.14164822939894E+03
 0.14203885517653E+03
 0.14245974185959E+03
 0.14291415374422E+03
 0.14340086780182E+03
 0.14392683167857E+03
 0.14449387255367E+03
 0.14510351593341E+03
 0.14576231254085E+03
 0.14647381069638E+03
 0.14723479435601E+03
 0.14806854412190E+03
 0.14896452022207E+03
 0.14993352585535E+03
 0.15098035072395E+03
 0.15212040997397E+03
 0.15335453289666E+03
 0.15470226405594E+03
 0.15615797516868E+03
 0.15775975348421E+03
 0.15949255097455E+03
 0.16139317091259E+03
 0.16350179602930E+03
 0.16581317393115E+03
 0.16834036936611E+03
 0.17115366447498E+03
 0.17426362357201E+03
 0.17768923168411E+03
 0.18155473924823E+03
 0.18586762784104E+03
 0.19068708621249E+03
 0.19607649718551E+03
 0.20225284652117E+03
 0.20917838845058E+03
 0.21698160614354E+03
 0.22591523658578E+03
 0.23601428158580E+03
 0.24746145610343E+03
 0.26034445908921E+03
 0.27496501862776E+03
 0.29116117251164E+03
 0.30887186701764E+03
 0.32841204644347E+03
 0.34949436401409E+03
 0.37194254550405E+03
 0.39513546435883E+03
 0.41963198566337E+03
 0.44443972417240E+03
 0.46988596100522E+03
 0.49566699044253E+03
 0.52149913814574E+03
 0.54753570971439E+03
 0.57357239695944E+03
 0.59959252745377E+03
 0.62574381580916E+03
 0.65174524707003E+03
 0.67773446687684E+03
 0.70381036698638E+03
 0.72983464582952E+03
 0.75591262221147E+03
 0.78217502265916E+03
 0.80830857235713E+03
 0.83476814795980E+03
 0.86125584144993E+03
 0.88799106040933E+03
 0.91482905668563E+03
 0.94201460579966E+03
 0.96915904277483E+03
 0.99671118746332E+03
 0.10243979452507E+04
 0.10524801210370E+04
 0.10808333694120E+04
 0.11094544428611E+04
 0.11382894701516E+04
 0.11673923901363E+04
 0.11968894789607E+04
 0.12268014521118E+04
 0.12570282297109E+04
 0.12875019177035E+04
 0.13183240195762E+04
 0.13496344169739E+04
 0.13812816411319E+04
 0.14133015654165E+04
 0.14455868556722E+04
 0.14784472437309E+04
 0.15115751391619E+04
 0.15452260693151E+04
 0.15793609791725E+04
 0.16138037661729E+04
 0.16486858571587E+04
 0.16840610039735E+04
 0.17198781905695E+04
 0.17560847974391E+04
 0.17928550834497E+04
 0.18301202577242E+04
