 0.83175735907662E+02
 0.83175735907670E+02
 0.83175735907921E+02
 0.83175735963491E+02
 0.83175737895137E+02
 0.83175756057593E+02
 0.83175836474229E+02
 0.83176061515861E+02
 0.83176532197262E+02
 0.83177345150254E+02
 0.83178578681390E+02
 0.83180289341599E+02
 0.83182513304703E+02
 0.83185272535674E+02
 0.83188576382614E+02
 0.83192422997248E+02
 0.83196809931467E+02
 0.83201722278040E+02
 0.83207140701603E+02
 0.83213050485725E+02
 0.83195008258133E+02
 0.83195544426407E+02
 0.83196182257353E+02
 0.83196933075803E+02
 0.83197812289777E+02
 0.83198823823488E+02
 0.83199984372550E+02
 0.83201309118878E+02
 0.83202795150996E+02
 0.83204463334450E+02
 0.83206331396669E+02
 0.83208405801749E+02
 0.83210697832188E+02
 0.83213233216148E+02
 0.83216014216675E+02
 0.83219076855960E+02
 0.83222386319341E+02
 0.83226025902912E+02
 0.83229971780070E+02
 0.83234219267145E+02
 0.83238818977302E+02
 0.83243765127094E+02
 0.83249020837197E+02
 0.83254713090753E+02
 0.83260752139220E+02
 0.83267216047227E+02
 0.83274075068255E+02
 0.83281340020726E+02
 0.83289022728895E+02
 0.83297178900037E+02
 0.83305734254069E+02
 0.83314743843144E+02
 0.83324208545429E+02
 0.83334096524770E+02
 0.83344625337222E+02
 0.83355524324503E+02
 0.83366899619526E+02
 0.83378737601735E+02
 0.83391198221998E+02
 0.83404248338620E+02
 0.83417740110419E+02
 0.83431818780697E+02
 0.83446478383520E+02
 0.83461787972620E+02
 0.83477641928187E+02
 0.83494170514336E+02
 0.83511566249581E+02
 0.83529242664272E+02
 0.83548248262322E+02
 0.83567361981582E+02
 0.83587843282121E+02
 0.83608809498148E+02
 0.83631134996876E+02
 0.83653901158546E+02
 0.83677653363353E+02
 0.83702542911329E+02
 0.83728465162999E+02
 0.83755528330932E+02
 0.83783921676772E+02
 0.83812980675322E+02
 0.83844112288952E+02
 0.83876380216842E+02
 0.83909586572382E+02
 0.83944790646668E+02
 0.83981652078940E+02
 0.84020406600310E+02
 0.84060440598683E+02
 0.84102467676383E+02
 0.84147003208574E+02
 0.84193078313141E+02
 0.84241273044208E+02
 0.84292631917793E+02
 0.84345403237453E+02
 0.84401196689533E+02
 0.84459907764400E+02
 0.84521878155869E+02
 0.84586330506264E+02
 0.84654175864453E+02
 0.84725467662764E+02
 0.84800431466454E+02
 0.84879364610501E+02
 0.84962097227116E+02
 0.85048944894158E+02
 0.85141036545152E+02
 0.85237546144025E+02
 0.85339003430262E+02
 0.85445829540975E+02
 0.85558814254374E+02
 0.85678609634069E+02
 0.85803561170336E+02
 0.85936539175812E+02
 0.86077000331011E+02
 0.86224991857120E+02
 0.86382078645227E+02
 0.86548601556980E+02
 0.86722104589697E+02
 0.86910782047049E+02
 0.87108587628381E+02
 0.87318548801551E+02
 0.87540774692985E+02
 0.87778702359509E+02
 0.88030912666524E+02
 0.88301658636205E+02
 0.88586989063312E+02
 0.88896155150617E+02
 0.89222110046136E+02
 0.89572588712107E+02
 0.89954907100651E+02
 0.90363923754017E+02
 0.90799441750203E+02
 0.91274193982502E+02
 0.91785382638518E+02
 0.92332601854373E+02
 0.92936013269280E+02
 0.93589810654182E+02
 0.94302028067209E+02
 0.95058919581007E+02
 0.95919526506686E+02
 0.96842951910227E+02
 0.97845822039235E+02
 0.98954329175769E+02
 0.10015917063894E+03
 0.10147217863206E+03
 0.10289140973542E+03
 0.10444228163681E+03
 0.10609415983460E+03
 0.10783540937303E+03
 0.10970070978973E+03
 0.11166167722217E+03
 0.11370885902014E+03
 0.11579110921602E+03
 0.11798146069161E+03
 0.12019224545690E+03
 0.12247043153306E+03
 0.12479537013256E+03
 0.12714464015916E+03
 0.12953921110454E+03
 0.13195917294727E+03
 0.13440250453787E+03
 0.13688443087227E+03
 0.13937008601488E+03
 0.14187140141097E+03
 0.14439636438180E+03
 0.14692374911747E+03
 0.14946245234991E+03
 0.15202442390040E+03
 0.15456619802255E+03
 0.15714176694467E+03
 0.15970919720746E+03
 0.16229409173564E+03
 0.16487410427150E+03
 0.16747893218252E+03
 0.17005410934456E+03
 0.17265735764139E+03
 0.17524966684287E+03
 0.17786401682590E+03
 0.18048240028305E+03
 0.18310227682882E+03
 0.18571431906800E+03
 0.18832438554044E+03
 0.19094865053245E+03
 0.19358914317493E+03
 0.19622988294394E+03
 0.19886057405991E+03
 0.20149411477631E+03
 0.20414909500346E+03
 0.20680305792076E+03
 0.20945991069481E+03
 0.21210353061441E+03
 0.21477690370644E+03
 0.21743508908142E+03
 0.22011372291310E+03
 0.22280611253664E+03
 0.22548615890868E+03
 0.22817160178534E+03
 0.23086935263476E+03
 0.23357110171643E+03
 0.23626830844656E+03
 0.23898479748506E+03
 0.24170978086087E+03
