 0.21139157607065E+08
 0.21139157607060E+08
 0.21139157606989E+08
 0.21139157606494E+08
 0.21139157605725E+08
 0.21139157609289E+08
 0.21139157687105E+08
 0.21139158197546E+08
 0.21139159926713E+08
 0.21139164496020E+08
 0.21139174531701E+08
 0.21139194305602E+08
 0.21139228284598E+08
 0.21139282391913E+08
 0.21139363335548E+08
 0.21139477458426E+08
 0.21139633744003E+08
 0.21139837636188E+08
 0.21140095165580E+08
 0.21140416091719E+08
 0.21140808066515E+08
 0.21141274423279E+08
 0.21141821210839E+08
 0.21142455456352E+08
 0.21143184508656E+08
 0.21144011054160E+08
 0.21144943220226E+08
 0.21145989707897E+08
 0.21147147978770E+08
 0.21148425384785E+08
 0.21149834225658E+08
 0.21151374987326E+08
 0.21153052312838E+08
 0.21154881064196E+08
 0.21156858290904E+08
 0.21159007269834E+08
 0.21161297881660E+08
 0.21163789357465E+08
 0.21166457190467E+08
 0.21169297011332E+08
 0.21172338934430E+08
 0.21175576825907E+08
 0.21178979758161E+08
 0.21182639511625E+08
 0.21186484749633E+08
 0.21190571768850E+08
 0.21194870859191E+08
 0.21199389720701E+08
 0.21204129682792E+08
 0.21209131068492E+08
 0.21214328712509E+08
 0.21219761457723E+08
 0.21225421932166E+08
 0.21231274229037E+08
 0.21237496096621E+08
 0.21243843281562E+08
 0.21250398986752E+08
 0.21257133230804E+08
 0.21264169986101E+08
 0.21271473450001E+08
 0.21278883994435E+08
 0.21286520796819E+08
 0.21294350226196E+08
 0.21302411592554E+08
 0.21310587682796E+08
 0.21318958364500E+08
 0.21327669925814E+08
 0.21336177166826E+08
 0.21345362609212E+08
 0.21354123771370E+08
 0.21363517109924E+08
 0.21372738418256E+08
 0.21382503530735E+08
 0.21391962110685E+08
 0.21401548728713E+08
 0.21411341526200E+08
 0.21421180372726E+08
 0.21431121478228E+08
 0.21441276588730E+08
 0.21450978353363E+08
 0.21461394992766E+08
 0.21471661849610E+08
 0.21481526959986E+08
 0.21491817689997E+08
 0.21502166778257E+08
 0.21512689836553E+08
 0.21522806790319E+08
 0.21533009909908E+08
 0.21543634324328E+08
 0.21553789482547E+08
 0.21563868201277E+08
 0.21574578646043E+08
 0.21584434180831E+08
 0.21594608932891E+08
 0.21604885115649E+08
 0.21615374974668E+08
 0.21625412139636E+08
 0.21635543981883E+08
 0.21645660618541E+08
 0.21655786935325E+08
 0.21665990615127E+08
 0.21675974632120E+08
 0.21685883199472E+08
 0.21696208310537E+08
 0.21706321992896E+08
 0.21716291186008E+08
 0.21726311006049E+08
 0.21736633919443E+08
 0.21747383854618E+08
 0.21757439433127E+08
 0.21768275868921E+08
 0.21779270802748E+08
 0.21790274382126E+08
 0.21801835716651E+08
 0.21813876189501E+08
 0.21824981500669E+08
 0.21838782485560E+08
 0.21852050231370E+08
 0.21866044498382E+08
 0.21880495689334E+08
 0.21896437433838E+08
 0.21913084737939E+08
 0.21931703749395E+08
 0.21950543120659E+08
 0.21972597521967E+08
 0.21995218503118E+08
 0.22020566296826E+08
 0.22050645676815E+08
 0.22083561356836E+08
 0.22119012331585E+08
 0.22160448743466E+08
 0.22206946729497E+08
 0.22258411519082E+08
 0.22319914194271E+08
 0.22390006764522E+08
 0.22469786035262E+08
 0.22562642987266E+08
 0.22672174882174E+08
 0.22798200675430E+08
 0.22943527114116E+08
 0.23115645487109E+08
 0.23314584943606E+08
 0.23545150820094E+08
 0.23809270954287E+08
 0.24114792362651E+08
 0.24456048771261E+08
 0.24830305647821E+08
 0.25244354928068E+08
 0.25688044560862E+08
 0.26154103635852E+08
 0.26624131728600E+08
 0.27108494822842E+08
 0.27580425497197E+08
 0.28044502225062E+08
 0.28491076887622E+08
 0.28912019033112E+08
 0.29308474964419E+08
 0.29675054565460E+08
 0.30010623701595E+08
 0.30316708265268E+08
 0.30588994341022E+08
 0.30829819080256E+08
 0.31040657214886E+08
 0.31220779775667E+08
 0.31372182419796E+08
 0.31496761896188E+08
 0.31593706180925E+08
 0.31666768098858E+08
 0.31715768309918E+08
 0.31742662975037E+08
 0.31748421180751E+08
 0.31734441768265E+08
 0.31702004773864E+08
 0.31652098178300E+08
 0.31586221008015E+08
 0.31504845596297E+08
 0.31409200916765E+08
 0.31300399400101E+08
 0.31179796380099E+08
 0.31048102733389E+08
 0.30905478683825E+08
 0.30752392265348E+08
 0.30590423030847E+08
 0.30420875989665E+08
 0.30243733205857E+08
 0.30058464606009E+08
 0.29866999766283E+08
 0.29669663266504E+08
 0.29468061205729E+08
 0.29259810706058E+08
 0.29048436230147E+08
 0.28831878154293E+08
 0.28610984763059E+08
 0.28388051284059E+08
 0.28162174082886E+08
 0.27933146105225E+08
 0.27701948895526E+08
 0.27469516771516E+08
 0.27234314703009E+08
 0.26997432146935E+08
