 0.61503569054433E+01
 0.61503569442521E+01
 0.61503571242289E+01
 0.61503576334659E+01
 0.61503587495692E+01
 0.61503608442607E+01
 0.61503643810685E+01
 0.61503698960635E+01
 0.61503779715875E+01
 0.61503891932711E+01
 0.61504041437865E+01
 0.61504233831397E+01
 0.61504477074375E+01
 0.61504776393009E+01
 0.61505143220080E+01
 0.61505580923357E+01
 0.61506105726388E+01
 0.61506729806956E+01
 0.61507467206125E+01
 0.61508335466079E+01
 0.61509339078979E+01
 0.61510520791778E+01
 0.61511884996302E+01
 0.61513448539472E+01
 0.61515225320212E+01
 0.61517230488378E+01
 0.61519461406867E+01
 0.61521949916509E+01
 0.61524685121937E+01
 0.61527646284152E+01
 0.61530805747851E+01
 0.61534184198288E+01
 0.61537716892859E+01
 0.61541351256636E+01
 0.61545117694398E+01
 0.61548903044038E+01
 0.61552677272661E+01
 0.61556343904669E+01
 0.61559900738181E+01
 0.61563303796066E+01
 0.61566304483434E+01
 0.61569008145520E+01
 0.61571325764572E+01
 0.61573146288204E+01
 0.61574322101944E+01
 0.61574891716544E+01
 0.61574868824400E+01
 0.61574092447681E+01
 0.61572463785239E+01
 0.61569948928084E+01
 0.61566610739031E+01
 0.61562270322030E+01
 0.61556998636281E+01
 0.61550717798260E+01
 0.61543317242906E+01
 0.61534882337028E+01
 0.61525429263355E+01
 0.61514759973882E+01
 0.61503077316089E+01
 0.61490470300207E+01
 0.61476260587532E+01
 0.61461474140504E+01
 0.61445580082816E+01
 0.61428299184427E+01
 0.61410402125509E+01
 0.61390936988415E+01
 0.61370776408407E+01
 0.61350234102528E+01
 0.61328198543887E+01
 0.61305702583973E+01
 0.61281695408288E+01
 0.61257157814043E+01
 0.61232524328175E+01
 0.61206141602001E+01
 0.61179833348005E+01
 0.61152415616875E+01
 0.61124597529025E+01
 0.61095787866306E+01
 0.61067453882810E+01
 0.61037704515805E+01
 0.61007883696233E+01
 0.60977687002234E+01
 0.60947258810047E+01
 0.60916372023186E+01
 0.60884378576079E+01
 0.60852839491941E+01
 0.60821100419365E+01
 0.60788404871941E+01
 0.60755473709473E+01
 0.60721890985609E+01
 0.60688885121088E+01
 0.60655536894986E+01
 0.60620839366225E+01
 0.60585195654575E+01
 0.60550114113178E+01
 0.60514342877471E+01
 0.60476174199248E+01
 0.60437827992217E+01
 0.60397442133085E+01
 0.60355329411302E+01
 0.60310087353321E+01
 0.60262554485654E+01
 0.60211279399630E+01
 0.60154539942595E+01
 0.60091143827429E+01
 0.60020506527234E+01
 0.59940579661027E+01
 0.59845709859044E+01
 0.59734129848043E+01
 0.59600463718659E+01
 0.59435970598189E+01
 0.59226458839523E+01
 0.58955108705120E+01
 0.58591861601922E+01
 0.58092595629925E+01
 0.57408671862823E+01
 0.56491048896210E+01
 0.55345080260871E+01
 0.54057497499138E+01
 0.52754906853575E+01
 0.51522320716127E+01
 0.50397908229939E+01
 0.49371215508472E+01
 0.48447687352424E+01
 0.47618392776395E+01
 0.46864894336748E+01
 0.46173724505523E+01
 0.45528308089090E+01
 0.44928866518056E+01
 0.44370495354691E+01
 0.43844258141428E+01
 0.43342906661936E+01
 0.42872274248931E+01
 0.42422052333911E+01
 0.41990357509266E+01
 0.41581686925819E+01
 0.41185673936327E+01
 0.40806442686727E+01
 0.40442129886788E+01
 0.40092759141582E+01
 0.39757086615873E+01
 0.39431682700603E+01
 0.39117499597495E+01
 0.38814542177503E+01
 0.38520763958242E+01
 0.38238207662798E+01
 0.37962941993443E+01
 0.37697145763316E+01
 0.37438652894563E+01
 0.37187100800691E+01
 0.36945915796851E+01
 0.36710065193614E+01
 0.36478966215008E+01
 0.36256665326522E+01
 0.36039337355420E+01
 0.35828910854871E+01
 0.35623567256766E+01
 0.35424320064068E+01
 0.35229440537737E+01
 0.35040263576987E+01
 0.34856171762868E+01
 0.34676132441638E+01
 0.34500565664123E+01
 0.34329322522481E+01
 0.34162831546953E+01
 0.33999706037656E+01
 0.33840600582650E+01
 0.33685291883008E+01
 0.33533169300396E+01
 0.33384806424343E+01
 0.33240345999455E+01
 0.33098143115213E+01
 0.32959257049506E+01
 0.32824341977995E+01
 0.32691465550418E+01
 0.32561148543312E+01
 0.32434751650804E+01
 0.32309956142822E+01
 0.32188391092876E+01
 0.32068059598027E+01
 0.31952288820152E+01
 0.31837547731346E+01
 0.31725525551162E+01
 0.31614398470485E+01
 0.31506885107958E+01
 0.31400267889694E+01
 0.31296866197756E+01
 0.31194698023388E+01
 0.31094744723788E+01
 0.30996087817756E+01
 0.30899763317094E+01
 0.30804683993363E+01
 0.30711091854942E+01
 0.30619432959039E+01
 0.30529500416464E+01
 0.30441554231140E+01
 0.30354715796016E+01
 0.30269061695924E+01
 0.30184785267777E+01
 0.30102426721505E+01
 0.30021053137791E+01
 0.29941325417871E+01
 0.29862151117256E+01
 0.29784979893996E+01
 0.29708302300207E+01
 0.29633732903447E+01
 0.29559662976528E+01
 0.29486703465390E+01
 0.29415028116715E+01
 0.29344541306260E+01
 0.29274813473339E+01
 0.29206233104699E+01
 0.29138237224836E+01
 0.29071868870403E+01
 0.29006236097919E+01
 0.28941479008592E+01
 0.28877652095321E+01
 0.28814532006880E+01
 0.28752842642944E+01
 0.28691306835577E+01
 0.28631017365092E+01
 0.28571226245162E+01
 0.28512177583360E+01
 0.28454240877129E+01
 0.28396678799445E+01
 0.28340362447521E+01
 0.28284536066294E+01
 0.28229483653974E+01
 0.28174940943456E+01
 0.28121248570840E+01
 0.28068420154536E+01
 0.28015757713078E+01
 0.27963948252022E+01
 0.27912792789060E+01
 0.27861986717848E+01
 0.27812335356395E+01
 0.27762909751644E+01
 0.27714209730736E+01
 0.27665768026309E+01
 0.27618173150874E+01
 0.27571245017341E+01
 0.27524448775769E+01
 0.27478572267223E+01
 0.27433071371319E+01
 0.27387869312508E+01
 0.27343580035389E+01
 0.27299418154127E+01
 0.27255752370425E+01
 0.27212764440390E+01
 0.27170003964254E+01
 0.27128027015469E+01
 0.27086077841971E+01
 0.27044990547521E+01
 0.27003980379033E+01
 0.26963546948312E+01
 0.26923594678416E+01
 0.26883907236272E+01
 0.26844641435176E+01
 0.26806006357928E+01
 0.26767364397653E+01
 0.26729408763042E+01
 0.26691567514734E+01
 0.26654252989478E+01
 0.26617472283895E+01
 0.26580833864076E+01
 0.26544547491590E+01
 0.26508545615907E+01
 0.26472886249587E+01
 0.26437801472950E+01
 0.26402891954353E+01
 0.26368283649957E+01
 0.26334068119756E+01
 0.26300062968734E+01
 0.26266353514230E+01
 0.26233068264711E+01
 0.26200023539312E+01
 0.26167198344937E+01
 0.26134900258217E+01
 0.26102677639033E+01
 0.26070719035928E+01
 0.26039186248178E+01
 0.26007753451170E+01
 0.25976647504479E+01
 0.25945913630336E+01
 0.25915325533317E+01
 0.25885003899263E+01
 0.25855046844728E+01
 0.25825321656169E+01
 0.25795791397968E+01
 0.25766488631973E+01
 0.25737278878040E+01
 0.25708717109797E+01
 0.25680042578835E+01
 0.25651730607988E+01
 0.25623653995097E+01
 0.25595676658973E+01
 0.25567978083397E+01
 0.25540516864185E+01
 0.25513236123145E+01
 0.25486200738831E+01
