 0.11076108624053E+04
 0.11076108624053E+04
 0.11076108624053E+04
 0.11076108624053E+04
 0.11076108624053E+04
 0.11076108624053E+04
 0.11076108624053E+04
 0.11076108624053E+04
 0.11076108624053E+04
 0.11076069849429E+04
 0.11077207589677E+04
 0.11075620357473E+04
 0.11074536527897E+04
 0.11075278816512E+04
 0.11073768013985E+04
 0.11074388962902E+04
 0.11074004255882E+04
 0.11075722226820E+04
 0.11075073314257E+04
 0.11073908208067E+04
 0.11074505137451E+04
 0.11075634452914E+04
 0.11075230248308E+04
 0.11072735383435E+04
 0.11072083062127E+04
 0.11074034957076E+04
 0.11074692853909E+04
 0.11072872277531E+04
 0.11071138877043E+04
 0.11072985059535E+04
 0.11077660588944E+04
 0.11072445993532E+04
 0.11082428232144E+04
 0.11083822540492E+04
 0.11076679316680E+04
 0.11087195580042E+04
 0.11080392671297E+04
 0.11077878441278E+04
 0.11092593311693E+04
 0.11080613187059E+04
 0.11070902021532E+04
 0.11089497688709E+04
 0.11076742532458E+04
 0.11094008242143E+04
 0.11108157437984E+04
 0.11108178962909E+04
 0.11107325305854E+04
 0.11093479257251E+04
 0.11083585782280E+04
 0.11108246550136E+04
 0.11080054861100E+04
 0.11120855544275E+04
 0.11095480726532E+04
 0.11088918951103E+04
 0.11092572766168E+04
 0.11126936606107E+04
 0.11124399400653E+04
 0.11078139653685E+04
 0.11146657956895E+04
 0.11101145268184E+04
 0.11127105155804E+04
 0.11113902089620E+04
 0.11064132305132E+04
 0.11104816266990E+04
 0.11099405787224E+04
 0.11112158396732E+04
 0.11117639762360E+04
 0.11198594308635E+04
 0.11139896352005E+04
 0.11089239749833E+04
 0.11164409286781E+04
 0.11177220785789E+04
 0.11072036811376E+04
 0.11166602199346E+04
 0.11104396450173E+04
 0.11139482948627E+04
 0.11086525701783E+04
 0.11116815440165E+04
 0.11173557325393E+04
 0.11171804736627E+04
 0.11151056686245E+04
 0.11071128954885E+04
 0.11172247832690E+04
 0.11198189454001E+04
 0.11131724261117E+04
 0.11154777137612E+04
 0.11170257047096E+04
 0.11195177615055E+04
 0.11184064575362E+04
 0.11162543395390E+04
 0.11155139435797E+04
 0.11087526320695E+04
 0.11172771005498E+04
 0.11125072004178E+04
 0.11106437329611E+04
 0.11189760494689E+04
 0.11063647206659E+04
 0.11179642865254E+04
 0.11138649810702E+04
 0.11111405305840E+04
 0.11066454696274E+04
 0.11147880122653E+04
 0.11122344864024E+04
 0.11110426951229E+04
 0.11175205009284E+04
 0.11103438225177E+04
 0.11187092583467E+04
 0.11084062707282E+04
 0.11076357384766E+04
 0.11151409328751E+04
 0.11109266017555E+04
 0.11119141820380E+04
 0.11130278496456E+04
 0.11080427484003E+04
 0.11186605741434E+04
 0.11053536152335E+04
 0.11076714251499E+04
 0.11129511981966E+04
 0.11067351633352E+04
 0.11104417605071E+04
 0.11077595557479E+04
 0.11093993360144E+04
 0.11101844075857E+04
 0.11158086262930E+04
 0.11154158911600E+04
 0.11105494018593E+04
 0.11073321422913E+04
 0.11134045765024E+04
 0.11120832201329E+04
 0.11143155904211E+04
 0.11075513010356E+04
 0.11070614366216E+04
 0.11114690507286E+04
 0.11181534572958E+04
 0.11149978105287E+04
 0.11041149674982E+04
 0.11113058091466E+04
 0.11035877975009E+04
 0.11060826769349E+04
 0.11047821400054E+04
 0.11037821694129E+04
 0.11034798370376E+04
 0.11071040949302E+04
 0.11081104655945E+04
 0.11133699510036E+04
 0.11079709812874E+04
 0.11122728516611E+04
 0.11059573086125E+04
 0.11090707229991E+04
 0.11170841807920E+04
 0.11044127338771E+04
 0.11138535999093E+04
 0.11047867542554E+04
 0.11131589101371E+04
 0.11162256971539E+04
 0.11083522393125E+04
 0.11182506446326E+04
 0.11086603709537E+04
 0.11091945896305E+04
 0.11070143076999E+04
 0.11139832202262E+04
 0.11194519551238E+04
 0.11182494432137E+04
 0.11167846888262E+04
 0.11181619782055E+04
 0.11206311112367E+04
 0.11135250601635E+04
 0.11142429385913E+04
 0.11204041809903E+04
 0.11158373424936E+04
 0.11159815383385E+04
 0.11246941072404E+04
 0.11176468801909E+04
 0.11198937296294E+04
 0.11235772211290E+04
 0.11293110298570E+04
 0.11211202777824E+04
 0.11268460165165E+04
 0.11319283045865E+04
 0.11318524558554E+04
 0.11297196827219E+04
 0.11250316796699E+04
 0.11322764858994E+04
 0.11405170254647E+04
 0.11347280381442E+04
 0.11368727558039E+04
 0.11388225427978E+04
 0.11340245165621E+04
 0.11412029236223E+04
 0.11487210492248E+04
 0.11470815420355E+04
 0.11477867635378E+04
 0.11426503847327E+04
 0.11434491629277E+04
 0.11576596565768E+04
 0.11505063920923E+04
 0.11493332326080E+04
 0.11613846683881E+04
 0.11579856147218E+04
 0.11580108362880E+04
 0.11614827149166E+04
 0.11591928955910E+04
 0.11627043219610E+04
 0.11624219848079E+04
 0.11682788778413E+04
 0.11767638511303E+04
 0.11704713520790E+04
 0.11726686186788E+04
 0.11726262905192E+04
 0.11872081898367E+04
 0.11792416528646E+04
 0.11767335148201E+04
 0.11850672409313E+04
 0.11923635879300E+04
 0.11871039851352E+04
 0.11943724334373E+04
 0.11958165751271E+04
 0.11987215443028E+04
 0.12051402578205E+04
 0.11945802442533E+04
 0.12115101694696E+04
 0.12019489741891E+04
 0.12020448487787E+04
 0.12044508354325E+04
 0.12103600305377E+04
 0.12195201275997E+04
 0.12202646338618E+04
 0.12119021902273E+04
 0.12200969228434E+04
 0.12171122413019E+04
 0.12233804132289E+04
 0.12218931065066E+04
 0.12289800110099E+04
 0.12292253738219E+04
 0.12433432770656E+04
 0.12363559582100E+04
 0.12469103313915E+04
 0.12399698481905E+04
 0.12412814177437E+04
 0.12558639156432E+04
 0.12568237824074E+04
 0.12522502411513E+04
 0.12599387369029E+04
 0.12512267386108E+04
 0.12571593243937E+04
 0.12661709746032E+04
 0.12711000439019E+04
 0.12642825204232E+04
 0.12740747835081E+04
 0.12731586229818E+04
 0.12834763265190E+04
 0.12765549465834E+04
 0.12755460440732E+04
 0.12967323470924E+04
 0.12986171960890E+04
 0.12938139947943E+04
 0.13039516621938E+04
 0.12992362941844E+04
 0.12939453231809E+04
 0.13015248421409E+04
 0.13116609728367E+04
 0.13086323999744E+04
 0.13169117488409E+04
 0.13076453061553E+04
 0.13251524520435E+04
 0.13163649199094E+04
 0.13208252120529E+04
 0.13235093040025E+04
 0.13371131713117E+04
 0.13355933836215E+04
 0.13293937055065E+04
 0.13315352914844E+04
 0.13488918456954E+04
 0.13505308810658E+04
 0.13557432865274E+04
 0.13444856850811E+04
 0.13628451788335E+04
 0.13517044588223E+04
 0.13690564749098E+04
 0.13536057181253E+04
 0.13595232102791E+04
 0.13631422061118E+04
 0.13735143987056E+04
 0.13682201957235E+04
 0.13850119767664E+04
 0.13874675651120E+04
 0.13765000351016E+04
 0.13784781471190E+04
 0.13829770414586E+04
 0.13881386119531E+04
 0.13939486478453E+04
 0.13941889015099E+04
 0.14061820946254E+04
 0.14088983718872E+04
 0.14052204968454E+04
 0.14136398220331E+04
 0.14108052399081E+04
 0.14155211561798E+04
 0.14133138962238E+04
 0.14345171828409E+04
