 0.11076108624053E+04
 0.11076108624053E+04
 0.11076108624053E+04
 0.11076108624053E+04
 0.11076108624053E+04
 0.11076108624053E+04
 0.11076108624053E+04
 0.11076108624053E+04
 0.11076108624053E+04
 0.11076069849429E+04
 0.11077207589677E+04
 0.11075620357473E+04
 0.11074536527897E+04
 0.11075278816512E+04
 0.11073768013985E+04
 0.11074388962902E+04
 0.11074004255882E+04
 0.11075722226820E+04
 0.11075073314257E+04
 0.11073908208067E+04
 0.11074505137451E+04
 0.11075634452914E+04
 0.11075230248308E+04
 0.11072735383435E+04
 0.11072083062127E+04
 0.11074034957076E+04
 0.11074711079886E+04
 0.11073128102010E+04
 0.11070712652936E+04
 0.11074807431703E+04
 0.11077620309782E+04
 0.11071674648986E+04
 0.11082710295059E+04
 0.11084428422423E+04
 0.11076319838765E+04
 0.11086600314040E+04
 0.11080732732342E+04
 0.11079699656228E+04
 0.11093864644470E+04
 0.11080255429676E+04
 0.11072479720049E+04
 0.11088818647317E+04
 0.11078787926507E+04
 0.11094614664544E+04
 0.11107547921200E+04
 0.11109625732910E+04
 0.11106877005027E+04
 0.11093658391140E+04
 0.11081667047857E+04
 0.11106090658417E+04
 0.11081212306085E+04
 0.11123540659021E+04
 0.11095698969347E+04
 0.11091321092563E+04
 0.11090890022826E+04
 0.11129976528033E+04
 0.11123461451932E+04
 0.11078543973103E+04
 0.11146821224192E+04
 0.11099005855537E+04
 0.11131095771191E+04
 0.11115136462898E+04
 0.11066624801483E+04
 0.11108066570240E+04
 0.11097169597521E+04
 0.11112651879810E+04
 0.11121789780225E+04
 0.11197721121493E+04
 0.11141764912776E+04
 0.11087338620409E+04
 0.11165225472606E+04
 0.11175974894556E+04
 0.11073029982722E+04
 0.11166740011166E+04
 0.11103460721437E+04
 0.11142644385772E+04
 0.11084952208396E+04
 0.11112070738490E+04
 0.11180214584748E+04
 0.11176083127268E+04
 0.11151825297432E+04
 0.11068360340594E+04
 0.11171611622363E+04
 0.11204756444138E+04
 0.11129426676462E+04
 0.11151746729572E+04
 0.11172000677900E+04
 0.11193689533439E+04
 0.11179701275124E+04
 0.11157515381799E+04
 0.11160804644483E+04
 0.11094132572184E+04
 0.11174144615661E+04
 0.11126532910708E+04
 0.11114935789272E+04
 0.11195470586198E+04
 0.11064334247823E+04
 0.11175392777747E+04
 0.11135607241061E+04
 0.11120279393309E+04
 0.11120096767600E+04
 0.11156772621605E+04
 0.11123646830120E+04
 0.11122846016949E+04
 0.11165020677653E+04
 0.11109511975854E+04
 0.11183697576285E+04
 0.11194630861322E+04
 0.11078029678808E+04
 0.11154870576301E+04
 0.11103423623577E+04
 0.11116262044648E+04
 0.11110294302240E+04
 0.11192266202571E+04
 0.11201523296037E+04
 0.11114761635771E+04
 0.11072369388640E+04
 0.11090375110275E+04
 0.11092409040355E+04
 0.11083496356846E+04
 0.11067569249539E+04
 0.11083446226768E+04
 0.11099265042889E+04
 0.11139672609732E+04
 0.11139401593615E+04
 0.11073238264710E+04
 0.11097438133290E+04
 0.11145203822502E+04
 0.11082907932335E+04
 0.11115237622633E+04
 0.11087543027820E+04
 0.11073173714350E+04
 0.11152989298092E+04
 0.11072610144131E+04
 0.11032974044451E+04
 0.11031662314411E+04
 0.11116413645235E+04
 0.11154569650239E+04
 0.11056085779470E+04
 0.11055286411082E+04
 0.11150433753090E+04
 0.11118010537897E+04
 0.11057570164588E+04
 0.11032640240352E+04
 0.11134615800869E+04
 0.11096841370901E+04
 0.11117857137540E+04
 0.11034890849524E+04
 0.11114850679524E+04
 0.11060149040157E+04
 0.11065644902512E+04
 0.11059217302777E+04
 0.11100019214768E+04
 0.11124029992578E+04
 0.11096471160773E+04
 0.11137629334546E+04
 0.11072625390171E+04
 0.11173485222814E+04
 0.11080003600718E+04
 0.11081742152164E+04
 0.11113410481497E+04
 0.11098597611911E+04
 0.11187970362934E+04
 0.11192005774084E+04
 0.11090999551883E+04
 0.11140697200863E+04
 0.11237633170100E+04
 0.11145291170328E+04
 0.11214404353445E+04
 0.11149017735478E+04
 0.11232859386575E+04
 0.11166767002062E+04
 0.11174370214560E+04
 0.11190459082631E+04
 0.11194217357226E+04
 0.11255378546535E+04
 0.11227344599118E+04
 0.11198299907639E+04
 0.11244528105582E+04
 0.11243167395298E+04
 0.11239191285218E+04
 0.11269992218682E+04
 0.11325685379766E+04
 0.11290899591598E+04
 0.11309660795480E+04
 0.11368292581875E+04
 0.11350348973528E+04
 0.11395675722629E+04
 0.11459657445516E+04
 0.11412787626632E+04
 0.11449924599384E+04
 0.11419674911855E+04
 0.11448089311350E+04
 0.11439018704860E+04
 0.11529454421365E+04
 0.11462601436802E+04
 0.11586258150098E+04
 0.11582524202554E+04
 0.11558553603617E+04
 0.11560661731252E+04
 0.11544625572062E+04
 0.11610420912012E+04
 0.11598673062409E+04
 0.11635561000791E+04
 0.11609527508848E+04
 0.11773402969520E+04
 0.11690513961887E+04
 0.11714268838400E+04
 0.11846819216993E+04
 0.11780532134247E+04
 0.11788897256483E+04
 0.11775472353860E+04
 0.11804787595456E+04
 0.11851397135297E+04
 0.11977856832305E+04
 0.11953493711350E+04
 0.11962166819324E+04
 0.11886143862814E+04
 0.12028474167127E+04
 0.12020709624409E+04
 0.12070818908705E+04
 0.12002751856857E+04
 0.12102714431075E+04
 0.12177397914292E+04
 0.12084609810072E+04
 0.12210704256716E+04
 0.12165030070558E+04
 0.12260376924281E+04
 0.12146995600970E+04
 0.12154966162874E+04
 0.12248312408090E+04
 0.12341594753565E+04
 0.12317830182443E+04
 0.12386672107214E+04
 0.12378217411277E+04
 0.12406071044166E+04
 0.12460388528577E+04
 0.12385698278402E+04
 0.12430220945442E+04
 0.12455972462879E+04
 0.12575829054084E+04
 0.12459616400411E+04
 0.12564021382961E+04
 0.12566735040563E+04
 0.12582068974264E+04
 0.12613358838804E+04
 0.12623862078547E+04
 0.12718663896008E+04
 0.12745264998494E+04
 0.12701286205835E+04
 0.12725646764061E+04
 0.12835335406126E+04
 0.12828394327235E+04
 0.12801571604663E+04
 0.12803940342417E+04
 0.12856092008735E+04
 0.12919276886897E+04
 0.12933894449317E+04
 0.12984771510934E+04
 0.13060450868633E+04
 0.12996810730435E+04
 0.13071931047273E+04
 0.13147574592895E+04
 0.13135839201177E+04
 0.13219567300053E+04
 0.13304050201488E+04
 0.13301622673437E+04
 0.13359944948827E+04
 0.13295743793394E+04
 0.13288830369330E+04
 0.13434293563811E+04
 0.13322433843620E+04
 0.13442972471230E+04
 0.13503305321603E+04
 0.13559262043788E+04
 0.13453747267791E+04
 0.13490054650457E+04
 0.13565823456564E+04
 0.13551668798791E+04
 0.13544347266010E+04
 0.13708621806475E+04
 0.13693112888741E+04
 0.13764297376162E+04
 0.13665738301940E+04
 0.13670611209049E+04
 0.13818983907317E+04
 0.13827167264475E+04
 0.13827123299906E+04
 0.13842657716853E+04
 0.13886863987144E+04
 0.13887092236445E+04
 0.13926897776789E+04
 0.14090390601424E+04
 0.14146762433807E+04
 0.14006202390353E+04
 0.14033094416360E+04
 0.14092697085464E+04
 0.14115063629075E+04
 0.14105783039932E+04
 0.14152269860845E+04
