 0.20942673356029E+01
 0.20942673356029E+01
 0.20942673356029E+01
 0.20942673356029E+01
 0.20942673356029E+01
 0.20942673311248E+01
 0.20942673131905E+01
 0.20942674048933E+01
 0.20942674448854E+01
 0.20942670094657E+01
 0.20942738681973E+01
 0.20942635301884E+01
 0.20942613916057E+01
 0.20942647413533E+01
 0.20942680905648E+01
 0.20942728602509E+01
 0.20942556058032E+01
 0.20942625358156E+01
 0.20942626417376E+01
 0.20942673552094E+01
 0.20942668165682E+01
 0.20942569884417E+01
 0.20942666534525E+01
 0.20942660756809E+01
 0.20942651067788E+01
 0.20942610520033E+01
 0.20942613649889E+01
 0.20942656234274E+01
 0.20942687035867E+01
 0.20942489687511E+01
 0.20942564243735E+01
 0.20942509130921E+01
 0.20942591528557E+01
 0.20942232592431E+01
 0.20942783055770E+01
 0.20942329604857E+01
 0.20942578064198E+01
 0.20942422300955E+01
 0.20942065490546E+01
 0.20942561148014E+01
 0.20941990418805E+01
 0.20941938357553E+01
 0.20942685791282E+01
 0.20941926412852E+01
 0.20942383098379E+01
 0.20942307189847E+01
 0.20942358397024E+01
 0.20942454762487E+01
 0.20942443489062E+01
 0.20942271776287E+01
 0.20942390433323E+01
 0.20941954577362E+01
 0.20941636721434E+01
 0.20941688165245E+01
 0.20942002813283E+01
 0.20941932291224E+01
 0.20941811718624E+01
 0.20941739384288E+01
 0.20941131917512E+01
 0.20941014368184E+01
 0.20941556320501E+01
 0.20940789875222E+01
 0.20939797185601E+01
 0.20940544236580E+01
 0.20939931682966E+01
 0.20939865108620E+01
 0.20939278225667E+01
 0.20938806558360E+01
 0.20938125074635E+01
 0.20939347595537E+01
 0.20937344111310E+01
 0.20937316638488E+01
 0.20936199321741E+01
 0.20934303295279E+01
 0.20933729483361E+01
 0.20932276103370E+01
 0.20931883467783E+01
 0.20931730107109E+01
 0.20929270719192E+01
 0.20928455694319E+01
 0.20926203685585E+01
 0.20924826199564E+01
 0.20923760574222E+01
 0.20920775528144E+01
 0.20920660042624E+01
 0.20916471988596E+01
 0.20915369618576E+01
 0.20913009141513E+01
 0.20909752656254E+01
 0.20906362377812E+01
 0.20902858246914E+01
 0.20897650311588E+01
 0.20894363010747E+01
 0.20889426591884E+01
 0.20885080951478E+01
 0.20880075568766E+01
 0.20873728683378E+01
 0.20869175505826E+01
 0.20863150128321E+01
 0.20858308763479E+01
 0.20851501426151E+01
 0.20843614655808E+01
 0.20836040236918E+01
 0.20827441372339E+01
 0.20820359145451E+01
 0.20810312510052E+01
 0.20801268850037E+01
 0.20792328568166E+01
 0.20782453704492E+01
 0.20770726419658E+01
 0.20761127367645E+01
 0.20747231064380E+01
 0.20735730092181E+01
 0.20724826281766E+01
 0.20709899211316E+01
 0.20696429392676E+01
 0.20682725068337E+01
 0.20669117442705E+01
 0.20653195016985E+01
 0.20637449612059E+01
 0.20622637267924E+01
 0.20606317465403E+01
 0.20587666448305E+01
 0.20572368055786E+01
 0.20552328254720E+01
 0.20534441941735E+01
 0.20515629994846E+01
 0.20495862246135E+01
 0.20476771231520E+01
 0.20455631876816E+01
 0.20434998716207E+01
 0.20413407290658E+01
 0.20391961043081E+01
 0.20371455391352E+01
 0.20347360925353E+01
 0.20326103403964E+01
 0.20300420400748E+01
 0.20277439850036E+01
 0.20253254772006E+01
 0.20230695707536E+01
 0.20205500615356E+01
 0.20178076284766E+01
 0.20152211832036E+01
 0.20125507181920E+01
 0.20099505350219E+01
 0.20071893750058E+01
 0.20042077989430E+01
 0.20014580969919E+01
 0.19982060668290E+01
 0.19952224008275E+01
 0.19923577259620E+01
 0.19889035920181E+01
 0.19859875542663E+01
 0.19826792855868E+01
 0.19791212057047E+01
 0.19758556562531E+01
 0.19726458400146E+01
 0.19691728822548E+01
 0.19654301823518E+01
 0.19618151859222E+01
 0.19582823164257E+01
 0.19548128879447E+01
 0.19510345738663E+01
 0.19470436786603E+01
 0.19435560527493E+01
 0.19394214824528E+01
 0.19356772507850E+01
 0.19318957339503E+01
 0.19276432432584E+01
 0.19236279804091E+01
 0.19199055263915E+01
 0.19155571281150E+01
 0.19114158963515E+01
 0.19075313353982E+01
 0.19033056818904E+01
 0.18988395727168E+01
 0.18945217486272E+01
 0.18902279876672E+01
 0.18858744149330E+01
 0.18815986898683E+01
 0.18771972312846E+01
 0.18730088210135E+01
 0.18682864710659E+01
 0.18638709056341E+01
 0.18593964528040E+01
 0.18548373288924E+01
 0.18504307478361E+01
 0.18458442052709E+01
 0.18410977680259E+01
 0.18366452595122E+01
 0.18319533263153E+01
 0.18272150534324E+01
 0.18223312607571E+01
 0.18175472498823E+01
 0.18128171470165E+01
 0.18083562243782E+01
 0.18033814252956E+01
 0.17988615334541E+01
 0.17937523655140E+01
 0.17892148207989E+01
