 0.98444459134164E+00
 0.98444459134164E+00
 0.98444459134164E+00
 0.98444459134164E+00
 0.98444459134164E+00
 0.98444459134164E+00
 0.98444459134164E+00
 0.98444459134164E+00
 0.98444459134164E+00
 0.98444459763444E+00
 0.98444429401300E+00
 0.98444472865203E+00
 0.98444477837906E+00
 0.98444469753260E+00
 0.98444461697639E+00
 0.98444436305912E+00
 0.98444495910910E+00
 0.98444473861220E+00
 0.98444478790643E+00
 0.98444462091361E+00
 0.98444462345588E+00
 0.98444493245485E+00
 0.98444461565233E+00
 0.98444462952320E+00
 0.98444470506063E+00
 0.98444481443056E+00
 0.98444481757877E+00
 0.98444458690814E+00
 0.98444450047068E+00
 0.98444516456467E+00
 0.98444485422086E+00
 0.98444496431685E+00
 0.98444470587954E+00
 0.98445094755684E+00
 0.98444433731368E+00
 0.98445018632287E+00
 0.98444491299696E+00
 0.98444488097463E+00
 0.98445400482981E+00
 0.98444489245666E+00
 0.98445608480958E+00
 0.98445810642756E+00
 0.98444471857483E+00
 0.98445893082424E+00
 0.98444534490701E+00
 0.98444880302740E+00
 0.98444481332483E+00
 0.98444459496547E+00
 0.98448847630436E+00
 0.98448163692169E+00
 0.98449067126556E+00
 0.98445392391680E+00
 0.98445983155313E+00
 0.98446558356851E+00
 0.98448430609720E+00
 0.98448630781045E+00
 0.98448554423794E+00
 0.98444875357137E+00
 0.98446722195176E+00
 0.98447423385837E+00
 0.98444355236492E+00
 0.98448675481432E+00
 0.98446574336760E+00
 0.98449216441660E+00
 0.98445998266124E+00
 0.98448802127890E+00
 0.98448736537549E+00
 0.98447815978258E+00
 0.98442758014554E+00
 0.98443258351382E+00
 0.98449034991396E+00
 0.98444351578068E+00
 0.98444923745176E+00
 0.98446238063088E+00
 0.98442743421013E+00
 0.98445294300977E+00
 0.98447712549897E+00
 0.98444632328953E+00
 0.98446929290166E+00
 0.98448742672101E+00
 0.98446049501936E+00
 0.98448785463235E+00
 0.98443968439051E+00
 0.98443883821087E+00
 0.98442587501317E+00
 0.98446020416210E+00
 0.98440869414420E+00
 0.98443547953469E+00
 0.98442943799256E+00
 0.98446239617554E+00
 0.98440079086293E+00
 0.98448217046357E+00
 0.98440891065288E+00
 0.98444027459466E+00
 0.98444055026468E+00
 0.98447786261738E+00
 0.98443618009338E+00
 0.98439840092823E+00
 0.98442960900640E+00
 0.98446344861455E+00
 0.98447070530535E+00
 0.98444874016501E+00
 0.98442712325507E+00
 0.98442300494979E+00
 0.98442820750290E+00
 0.98443889757684E+00
 0.98438571790466E+00
 0.98442107913822E+00
 0.98441672794801E+00
 0.98440885655375E+00
 0.98441227609978E+00
 0.98437086405851E+00
 0.98443477207681E+00
 0.98439586108517E+00
 0.98440581084436E+00
 0.98442159177698E+00
 0.98438062936140E+00
 0.98437790342761E+00
 0.98437655458760E+00
 0.98440711293106E+00
 0.98441242466254E+00
 0.98440965733240E+00
 0.98434927501536E+00
 0.98439846148683E+00
 0.98434092517422E+00
 0.98434194148770E+00
 0.98433137980517E+00
 0.98430580540991E+00
 0.98431788880781E+00
 0.98432502596614E+00
 0.98432115690555E+00
 0.98428705328804E+00
 0.98432267423855E+00
 0.98424299824705E+00
 0.98427687547981E+00
 0.98421298199445E+00
 0.98422406907458E+00
 0.98418500249183E+00
 0.98417725985321E+00
 0.98420117279251E+00
 0.98412983494305E+00
 0.98411134875967E+00
 0.98408913491438E+00
 0.98407291296951E+00
 0.98406547736467E+00
 0.98400310344351E+00
 0.98404530385527E+00
 0.98397908042328E+00
 0.98399754973390E+00
 0.98387918649536E+00
 0.98392887627994E+00
 0.98384965920899E+00
 0.98383531455489E+00
 0.98381812034737E+00
 0.98372201739625E+00
 0.98371829746975E+00
 0.98369446354318E+00
 0.98365638820784E+00
 0.98350142785529E+00
 0.98346966672435E+00
 0.98339331093309E+00
 0.98330375459711E+00
 0.98321934351873E+00
 0.98311714488628E+00
 0.98305844081756E+00
 0.98288292014952E+00
 0.98281467267669E+00
 0.98266220238823E+00
 0.98246182565604E+00
 0.98232198551130E+00
 0.98220380366191E+00
 0.98194895201765E+00
 0.98179990782491E+00
 0.98163798815018E+00
 0.98138803403203E+00
 0.98117386908339E+00
 0.98095130331335E+00
 0.98071522183971E+00
 0.98051273974700E+00
 0.98020641565828E+00
 0.97993191734492E+00
 0.97963902623706E+00
 0.97937568736644E+00
 0.97903440965692E+00
 0.97871143269333E+00
 0.97834747251605E+00
 0.97806021938343E+00
 0.97769650834645E+00
 0.97729070711862E+00
 0.97690568330063E+00
 0.97651461852690E+00
 0.97610256122912E+00
 0.97562046406492E+00
 0.97528446402590E+00
 0.97475691938749E+00
 0.97432297936581E+00
 0.97381619897986E+00
 0.97339158775500E+00
 0.97287982246064E+00
 0.97231601211545E+00
