 0.16434232347461E+00
 0.16434232347457E+00
 0.16434232347403E+00
 0.16434232346865E+00
 0.16434232342544E+00
 0.16434232326739E+00
 0.16434232175710E+00
 0.16434231349438E+00
 0.16434228584599E+00
 0.16434221352161E+00
 0.16434205373785E+00
 0.16434174413459E+00
 0.16434121096734E+00
 0.16434035131276E+00
 0.16433905604156E+00
 0.16433723119662E+00
 0.16433470194763E+00
 0.16433137207893E+00
 0.16432714999829E+00
 0.16432183688074E+00
 0.16431528522835E+00
 0.16430742556414E+00
 0.16429813739329E+00
 0.16428727843907E+00
 0.16427466948130E+00
 0.16426026015190E+00
 0.16424385590343E+00
 0.16422527007246E+00
 0.16420454677189E+00
 0.16418146275577E+00
 0.16415578794628E+00
 0.16412746651422E+00
 0.16409637534482E+00
 0.16406220058205E+00
 0.16402494759020E+00
 0.16398415719333E+00
 0.16394034221186E+00
 0.16389238516000E+00
 0.16384067789149E+00
 0.16378529217526E+00
 0.16372560532687E+00
 0.16366170886998E+00
 0.16359416765394E+00
 0.16352126595667E+00
 0.16344425600454E+00
 0.16336214131683E+00
 0.16327539179954E+00
 0.16318385933373E+00
 0.16308750374045E+00
 0.16298559396613E+00
 0.16287921367793E+00
 0.16276765833282E+00
 0.16265103529710E+00
 0.16252990370504E+00
 0.16240129741788E+00
 0.16226914570569E+00
 0.16213201608647E+00
 0.16199045383507E+00
 0.16184214813932E+00
 0.16168773315339E+00
 0.16152972613141E+00
 0.16136606355919E+00
 0.16119718438557E+00
 0.16102228773924E+00
 0.16084307750449E+00
 0.16065823351569E+00
 0.16046504847493E+00
 0.16027232548540E+00
 0.16006562584785E+00
 0.15986235796446E+00
 0.15964527794630E+00
 0.15942739168132E+00
 0.15919648999164E+00
 0.15896627862114E+00
 0.15872923195021E+00
 0.15848408628721E+00
 0.15823303846142E+00
 0.15797452151441E+00
 0.15770700820185E+00
 0.15744028250944E+00
 0.15715551960062E+00
 0.15686641514697E+00
 0.15657584910361E+00
 0.15627074841820E+00
 0.15595690678254E+00
 0.15563133661630E+00
 0.15530323232075E+00
 0.15496376501536E+00
 0.15460796059933E+00
 0.15424917840455E+00
 0.15388067818596E+00
 0.15349025116828E+00
 0.15310149424871E+00
 0.15269536053914E+00
 0.15227456527723E+00
 0.15183659148396E+00
 0.15139158718952E+00
 0.15092999308884E+00
 0.15045404273611E+00
 0.14996134966945E+00
 0.14945116181267E+00
 0.14892750517485E+00
 0.14838713090377E+00
 0.14782174402103E+00
 0.14724066066082E+00
 0.14664219674585E+00
 0.14602257022017E+00
 0.14537778382857E+00
 0.14470349262355E+00
 0.14401904094258E+00
 0.14329890969230E+00
 0.14255262561329E+00
 0.14178299532380E+00
 0.14097836431073E+00
 0.14014198780916E+00
 0.13929622367216E+00
 0.13837943552692E+00
 0.13744551197964E+00
 0.13647496191555E+00
 0.13547002504723E+00
 0.13441451424712E+00
 0.13332326154411E+00
 0.13217320435475E+00
 0.13099917870644E+00
 0.12974734169364E+00
 0.12847077190468E+00
 0.12713101251201E+00
 0.12569757703074E+00
 0.12420876949702E+00
 0.12267944265001E+00
 0.12105411283035E+00
 0.11935992703540E+00
 0.11761294291354E+00
 0.11573883684857E+00
 0.11378224428192E+00
 0.11174521836029E+00
 0.10960407708172E+00
 0.10732670635942E+00
 0.10495553956960E+00
 0.10248219561120E+00
 0.99846239755499E-01
 0.97088208924702E-01
 0.94193885113500E-01
 0.91160283503661E-01
 0.87931894044176E-01
 0.84581640632814E-01
 0.81113694478876E-01
 0.77444931295841E-01
 0.73634293024755E-01
 0.69688809926719E-01
 0.65713209933632E-01
 0.61576899587266E-01
 0.57469501118194E-01
 0.53329562376058E-01
 0.49239766203749E-01
 0.45269832809498E-01
 0.41430475948574E-01
 0.37787268176506E-01
 0.34371045955475E-01
 0.31185314729400E-01
 0.28277684213154E-01
 0.25633285412936E-01
 0.23233399064958E-01
 0.21086543530574E-01
 0.19161866749973E-01
 0.17432621522380E-01
 0.15907217226247E-01
 0.14534387533043E-01
 0.13314036181766E-01
 0.12220000404267E-01
 0.11246229310155E-01
 0.10366504628692E-01
 0.95868295578823E-02
 0.88798967937898E-02
 0.82455861735819E-02
 0.76686749966344E-02
 0.71478158143193E-02
 0.66742345027623E-02
 0.62460489044294E-02
 0.58560236276572E-02
 0.54983328529240E-02
 0.51695579057304E-02
 0.48687198731699E-02
 0.45935269795437E-02
 0.43396326532911E-02
 0.41047401609354E-02
 0.38874440148460E-02
 0.36864597894809E-02
 0.35014413913757E-02
 0.33278766897083E-02
 0.31674145291221E-02
 0.30171870983602E-02
 0.28764590811217E-02
 0.27458390928941E-02
 0.26234518794717E-02
 0.25085745581783E-02
 0.24009052314855E-02
 0.23000254748283E-02
 0.22047448320673E-02
 0.21148580493921E-02
