 0.67197792076794E+03
 0.67197792076794E+03
 0.67197792076794E+03
 0.67197792076794E+03
 0.67197792076794E+03
 0.67197823877565E+03
 0.67197734998231E+03
 0.67197756846389E+03
 0.67197660663052E+03
 0.67195495340662E+03
 0.67205188985754E+03
 0.67192827157642E+03
 0.67949582194605E+03
 0.67190633634510E+03
 0.67942965274651E+03
 0.67947477267217E+03
 0.67945972969675E+03
 0.67194404236533E+03
 0.67189493495517E+03
 0.67943914507355E+03
 0.67948071329734E+03
 0.67193495829407E+03
 0.67190470754046E+03
 0.67935316210587E+03
 0.67931090859324E+03
 0.67947002648313E+03
 0.67952570107670E+03
 0.67938911357512E+03
 0.68185767260838E+03
 0.67946270015014E+03
 0.67205134981209E+03
 0.68180361833371E+03
 0.67234959936566E+03
 0.67248114961422E+03
 0.67195801117702E+03
 0.67279210870545E+03
 0.67227772078265E+03
 0.67214337407585E+03
 0.67327440482671E+03
 0.67216004975755E+03
 0.68185107255877E+03
 0.67292830715641E+03
 0.67201503937717E+03
 0.67323366591608E+03
 0.67438416767534E+03
 0.67453156077902E+03
 0.67441729788402E+03
 0.67319158086450E+03
 0.67255436860820E+03
 0.67431219672717E+03
 0.67243116322932E+03
 0.67547936420932E+03
 0.67344787114008E+03
 0.67307185277239E+03
 0.67304445476045E+03
 0.67593902498038E+03
 0.68068297705642E+03
 0.67237298841349E+03
 0.67714212097944E+03
 0.67382631215968E+03
 0.67598633730201E+03
 0.67495864400090E+03
 0.68110535639297E+03
 0.67421408705846E+03
 0.67872141377509E+03
 0.67460235748360E+03
 0.67531029332638E+03
 0.67644843161870E+03
 0.67671913511549E+03
 0.67296629478808E+03
 0.67857579549516E+03
 0.67977461187684E+03
 0.68203843506016E+03
 0.67884523965275E+03
 0.67913090830612E+03
 0.67703983758682E+03
 0.68281467143091E+03
 0.68013712866810E+03
 0.67495558298420E+03
 0.67443588422409E+03
 0.67298005192194E+03
 0.68178741205447E+03
 0.67892954101587E+03
 0.68188844514546E+03
 0.67596473992757E+03
 0.67831888658115E+03
 0.67931193260619E+03
 0.67593678645566E+03
 0.67949599944324E+03
 0.67843260742282E+03
 0.67862385677269E+03
 0.68336816561316E+03
 0.67969877016201E+03
 0.68471337495219E+03
 0.67852257473312E+03
 0.68124789880194E+03
 0.68063382858568E+03
 0.67856271594463E+03
 0.68596092158838E+03
 0.68424316665466E+03
 0.68402381017569E+03
 0.68728016366491E+03
 0.68548005714313E+03
 0.68427855162914E+03
 0.68885208201121E+03
 0.68935948616252E+03
 0.68978766988498E+03
 0.69224402766705E+03
 0.69125027265169E+03
 0.69484578804545E+03
 0.68911469049211E+03
 0.69503632785026E+03
 0.69226274301959E+03
 0.69503763658516E+03
 0.69340221937757E+03
 0.70287208614950E+03
 0.69587080689998E+03
 0.69606686390398E+03
 0.70164184331727E+03
 0.70577569134774E+03
 0.70285119813095E+03
 0.70191700698365E+03
 0.70843114395155E+03
 0.71068677493418E+03
 0.71112163453783E+03
 0.71511692947558E+03
 0.71568706712590E+03
 0.71073397516120E+03
 0.71216027463691E+03
 0.71390963523882E+03
 0.71536808521692E+03
 0.71782039227670E+03
 0.71611671046268E+03
 0.71740292430391E+03
 0.72010007488885E+03
 0.72333466338468E+03
 0.73298551166774E+03
 0.72473804191970E+03
 0.72843617923709E+03
 0.73477948105607E+03
 0.73722028333904E+03
 0.74113640598012E+03
 0.73266939691351E+03
 0.73966904011657E+03
 0.74647591960378E+03
 0.74224815407638E+03
 0.73891197369251E+03
 0.74868599694370E+03
 0.75043100288961E+03
 0.75063351587406E+03
 0.74922888790657E+03
 0.74717269269206E+03
 0.74969288543091E+03
 0.75439294971334E+03
 0.76246428470979E+03
 0.76286948954632E+03
 0.75767820788385E+03
 0.75805236682499E+03
 0.76977311954671E+03
 0.76757026703938E+03
 0.77425811041661E+03
 0.76923696027931E+03
 0.77651824552849E+03
 0.77509215304314E+03
 0.77762909046985E+03
 0.77975998182913E+03
 0.77792760561769E+03
 0.79089495784498E+03
 0.78915067809093E+03
 0.78321671014237E+03
 0.79681274301618E+03
 0.79114165806258E+03
 0.79606065900012E+03
 0.79127749744782E+03
 0.79777321659142E+03
 0.80503766314541E+03
 0.80380308963725E+03
 0.81074671578072E+03
 0.80609227626271E+03
 0.80771462069495E+03
 0.81641391373817E+03
 0.81734891755392E+03
 0.81865400636938E+03
 0.81826573493743E+03
 0.81764121000148E+03
 0.82713355513572E+03
 0.82107940364963E+03
 0.82438003109668E+03
 0.82976534821899E+03
 0.83266917449629E+03
 0.83822931838930E+03
 0.83751902800269E+03
 0.84585386990521E+03
 0.83990687501934E+03
 0.84843211462526E+03
 0.84592220418100E+03
 0.85206410038809E+03
 0.84850832615416E+03
 0.85615989133688E+03
 0.85945692804839E+03
 0.85775856436028E+03
 0.86589032486326E+03
 0.87151907458204E+03
 0.86484598330834E+03
 0.87405479568472E+03
 0.86644622242267E+03
 0.87563248476341E+03
 0.87557188288982E+03
 0.87802294065392E+03
 0.88758746735595E+03
 0.89184415472107E+03
 0.88371628980581E+03
 0.88502156291632E+03
 0.88801481787049E+03
 0.89242013064048E+03
 0.89616899392652E+03
 0.89696020155071E+03
 0.90897058973065E+03
 0.90549282976436E+03
 0.90221784472316E+03
 0.91181131095294E+03
 0.91383387352955E+03
 0.91912939671522E+03
 0.91468893446837E+03
 0.91674351124801E+03
 0.92613206953409E+03
 0.93235927585312E+03
 0.93514108771600E+03
 0.92979491029000E+03
 0.93198701868857E+03
 0.94272208783000E+03
 0.94764461204533E+03
 0.95062004936909E+03
 0.95062296451708E+03
 0.94325419358181E+03
 0.95589109553709E+03
 0.96199329548125E+03
 0.94978016162465E+03
 0.96047890587737E+03
 0.95789965136743E+03
 0.96336319041999E+03
 0.96542579686855E+03
 0.96951738543987E+03
 0.96900302236847E+03
 0.97570620053030E+03
 0.97896850825438E+03
 0.97224377308393E+03
 0.98423197810486E+03
 0.98814951078457E+03
 0.98805735223407E+03
 0.99642542824589E+03
 0.99155172330349E+03
 0.99834217443152E+03
 0.10051743613124E+04
 0.99877466172760E+03
 0.10111461771110E+04
 0.10018319344337E+04
 0.10114310473629E+04
 0.10204840784799E+04
 0.10115440507324E+04
 0.10144134203038E+04
 0.10220460570351E+04
 0.10194662408357E+04
 0.10227522684109E+04
 0.10331637518830E+04
 0.10276537593541E+04
 0.10316039723031E+04
 0.10422896644829E+04
 0.10328201925311E+04
 0.10370757030565E+04
 0.10532931828798E+04
 0.10561254752266E+04
 0.10486965006904E+04
 0.10495863196909E+04
 0.10643405136579E+04
 0.10626711903790E+04
 0.10552283812236E+04
 0.10604469376104E+04
 0.10671532608032E+04
 0.10636256531174E+04
 0.10813996257038E+04
 0.10761146517496E+04
 0.10737628348121E+04
 0.10776270779464E+04
 0.10818478092920E+04
 0.10807254202602E+04
 0.10888795913198E+04
 0.10989378129473E+04
 0.10937162789484E+04
 0.11015195537841E+04
 0.11059264819212E+04
 0.11040946513592E+04
 0.10987523728059E+04
 0.11044008062501E+04
 0.11147735174368E+04
 0.11098194699283E+04
 0.11107192890238E+04
 0.11292107708568E+04
 0.11184913294815E+04
 0.11342298248398E+04
