 0.16431646807701E+00
 0.16431646807697E+00
 0.16431646807651E+00
 0.16431646810801E+00
 0.16431646927819E+00
 0.16431648034875E+00
 0.16431652778923E+00
 0.16431665760741E+00
 0.16431691794218E+00
 0.16431734131408E+00
 0.16431793132731E+00
 0.16431865791759E+00
 0.16431946793340E+00
 0.16432026599394E+00
 0.16432096555149E+00
 0.16432141106244E+00
 0.16432149316432E+00
 0.16432107139554E+00
 0.16431999376364E+00
 0.16431811841957E+00
 0.16430024802307E+00
 0.16429243414407E+00
 0.16428315761388E+00
 0.16427229709492E+00
 0.16425970423456E+00
 0.16424526483107E+00
 0.16422877687299E+00
 0.16421031110548E+00
 0.16418965168969E+00
 0.16416657469625E+00
 0.16414083303014E+00
 0.16411259420567E+00
 0.16408143985228E+00
 0.16404710507398E+00
 0.16400994301089E+00
 0.16396933254960E+00
 0.16392530530820E+00
 0.16387740106095E+00
 0.16382593664689E+00
 0.16377091230526E+00
 0.16371086890505E+00
 0.16364692661520E+00
 0.16357882819700E+00
 0.16350612533829E+00
 0.16342810521324E+00
 0.16334545864487E+00
 0.16325856444604E+00
 0.16316668911631E+00
 0.16306924753142E+00
 0.16296645423015E+00
 0.16285893515727E+00
 0.16274566713568E+00
 0.16262731410822E+00
 0.16250332412596E+00
 0.16237325527142E+00
 0.16223761154852E+00
 0.16209659340610E+00
 0.16194868072610E+00
 0.16179536397292E+00
 0.16163720192574E+00
 0.16146898442434E+00
 0.16129808091709E+00
 0.16112044225911E+00
 0.16093364629375E+00
 0.16074323440580E+00
 0.16054166461909E+00
 0.16033496112020E+00
 0.16012526799997E+00
 0.15990382443442E+00
 0.15967757106775E+00
 0.15943844785220E+00
 0.15919302437371E+00
 0.15894427785598E+00
 0.15867891835756E+00
 0.15841024784512E+00
 0.15812832935822E+00
 0.15783802893015E+00
 0.15753411499954E+00
 0.15722778570229E+00
 0.15690259497459E+00
 0.15656858068819E+00
 0.15622306284459E+00
 0.15586638043515E+00
 0.15549551525500E+00
 0.15510396779595E+00
 0.15470470812820E+00
 0.15429061051593E+00
 0.15385521552141E+00
 0.15340400337460E+00
 0.15293173369909E+00
 0.15244970985310E+00
 0.15194841899184E+00
 0.15141854140666E+00
 0.15086413041568E+00
 0.15029773909958E+00
 0.14970987564460E+00
 0.14908259120178E+00
 0.14844004156934E+00
 0.14776446812887E+00
 0.14706200640081E+00
 0.14632148607424E+00
 0.14555598366566E+00
 0.14475723961047E+00
 0.14391503022704E+00
 0.14302905742662E+00
 0.14210878351311E+00
 0.14115432377589E+00
 0.14013466736190E+00
 0.13907309391755E+00
 0.13796985197774E+00
 0.13681533196325E+00
 0.13559429096187E+00
 0.13431520018289E+00
 0.13296740344144E+00
 0.13154099020549E+00
 0.13005636006523E+00
 0.12849340484098E+00
 0.12684525315824E+00
 0.12510307104727E+00
 0.12327039574188E+00
 0.12134497520315E+00
 0.11931829584375E+00
 0.11715338747876E+00
 0.11486678703721E+00
 0.11246829695115E+00
 0.10994178808871E+00
 0.10727442305875E+00
 0.10441916822428E+00
 0.10140889416659E+00
 0.98243891143109E-01
 0.94895369432456E-01
 0.91333977421045E-01
 0.87622086869176E-01
 0.83702643732664E-01
 0.79581380166096E-01
 0.75338483962984E-01
 0.70913598746959E-01
 0.66400371750093E-01
 0.61849210468801E-01
 0.57336391392144E-01
 0.52933733757945E-01
 0.48666024284790E-01
 0.44612616965910E-01
 0.40827454530685E-01
 0.37313196667647E-01
 0.34104708717304E-01
 0.31165863891653E-01
 0.28511371148948E-01
 0.26103656598380E-01
 0.23924062346867E-01
 0.21984791431143E-01
 0.20222831214844E-01
 0.18622406897020E-01
 0.17194276990885E-01
 0.15896532325892E-01
 0.14729184169997E-01
 0.13668569306611E-01
 0.12709722280113E-01
 0.11832937965488E-01
 0.11038652634292E-01
 0.10316120327296E-01
 0.96522153413844E-02
 0.90446131261637E-02
 0.84883217787577E-02
 0.79796412006778E-02
 0.75090997989564E-02
 0.70763352481169E-02
 0.66765172216940E-02
 0.63067234161183E-02
 0.59646263962468E-02
 0.56491797076258E-02
 0.53536218286041E-02
 0.50796163562727E-02
 0.48263339096187E-02
 0.45884801085852E-02
 0.43659736387192E-02
 0.41600140964529E-02
 0.39657883479234E-02
 0.37846413663811E-02
 0.36131504749188E-02
 0.34551255301665E-02
 0.33047552341705E-02
 0.31640496520846E-02
 0.30297569622674E-02
 0.29049957766709E-02
 0.27858413175775E-02
 0.26748761814651E-02
 0.25690494422594E-02
 0.24692132382773E-02
 0.23743896838090E-02
 0.22849731594074E-02
 0.21994741042318E-02
 0.21184551105100E-02
 0.20415561926465E-02
 0.19687100712536E-02
 0.18997296589677E-02
 0.18337884738624E-02
 0.17706306140648E-02
 0.17104630045460E-02
 0.16535809010042E-02
 0.15989273171573E-02
 0.15470376085963E-02
 0.14969116196081E-02
 0.14495392039271E-02
 0.14037016744323E-02
 0.13603150206071E-02
 0.13184736218156E-02
 0.12783657910956E-02
 0.12399777356549E-02
 0.12033160473359E-02
 0.11679375605419E-02
 0.11339930073648E-02
 0.11011570631667E-02
 0.10700785882719E-02
 0.10400358573233E-02
 0.10110634764045E-02
 0.98318696302633E-03
 0.95635276005298E-03
 0.93065788102948E-03
 0.90572126470921E-03
 0.88183213453264E-03
 0.85865038808237E-03
 0.83621248293765E-03
 0.81477325425857E-03
 0.79395186662245E-03
 0.77399598671903E-03
 0.75466205401731E-03
 0.73600350152405E-03
 0.71787183653930E-03
 0.70045497102050E-03
 0.68365229341923E-03
 0.66724203761578E-03
 0.65141122975407E-03
 0.63612470131416E-03
 0.62122249500247E-03
 0.60694431083121E-03
 0.59304033634870E-03
 0.57960719983877E-03
 0.56646206697200E-03
 0.55384388570541E-03
 0.54159594464669E-03
 0.52964113361740E-03
 0.51812662379152E-03
 0.50693347672830E-03
 0.49600375421396E-03
 0.48548670551515E-03
 0.47518001251498E-03
 0.46520115094148E-03
 0.45549837007744E-03
 0.44605897970843E-03
 0.43698056232501E-03
 0.42801026191585E-03
 0.41940457671407E-03
 0.41096419795306E-03
 0.40277725211891E-03
 0.39481680184699E-03
 0.38703968900339E-03
 0.37946357506697E-03
 0.37215267040890E-03
 0.36494952356825E-03
 0.35800099041016E-03
 0.35116828506241E-03
 0.34453824105394E-03
 0.33810434663141E-03
 0.33183434402370E-03
 0.32567096713851E-03
 0.31967725394949E-03
 0.31384642401474E-03
 0.30816646366671E-03
 0.30260650889711E-03
 0.29718992470713E-03
 0.29191929562581E-03
 0.28672663703837E-03
 0.28167053420474E-03
 0.27675549470812E-03
 0.27196489929506E-03
 0.26726025621922E-03
 0.26270877116257E-03
 0.25820150335449E-03
 0.25382212757576E-03
 0.24954575103629E-03
 0.24536390856945E-03
 0.24128331909981E-03
 0.23728313832126E-03
 0.23337219138922E-03
 0.22955327555595E-03
 0.22583687971161E-03
 0.22217510409780E-03
 0.21862046832626E-03
 0.21511317013833E-03
 0.21167585521095E-03
 0.20835846607655E-03
 0.20505661264002E-03
 0.20185484570983E-03
 0.19872115772584E-03
 0.19563445699708E-03
 0.19263005757511E-03
 0.18967247250871E-03
 0.18677696812304E-03
 0.18394715864389E-03
