 0.16431646807701E+00
 0.16431646807697E+00
 0.16431646807651E+00
 0.16431646810801E+00
 0.16431646927819E+00
 0.16431648034875E+00
 0.16431652778923E+00
 0.16431665760741E+00
 0.16431691794218E+00
 0.16431734131408E+00
 0.16431793132736E+00
 0.16431865791806E+00
 0.16431946793336E+00
 0.16432026599447E+00
 0.16432096555004E+00
 0.16432141104563E+00
 0.16432149317243E+00
 0.16432107138707E+00
 0.16431999381767E+00
 0.16431811838142E+00
 0.16430024806721E+00
 0.16429243425984E+00
 0.16428315765693E+00
 0.16427229701006E+00
 0.16425970387672E+00
 0.16424526448795E+00
 0.16422877705679E+00
 0.16421031045590E+00
 0.16418965033743E+00
 0.16416657200382E+00
 0.16414082803690E+00
 0.16411258557297E+00
 0.16408142410092E+00
 0.16404707790306E+00
 0.16400989709265E+00
 0.16396926055243E+00
 0.16392518990919E+00
 0.16387722020637E+00
 0.16382566260916E+00
 0.16377051137175E+00
 0.16371028641445E+00
 0.16364610870722E+00
 0.16357767396376E+00
 0.16350454660488E+00
 0.16342596345544E+00
 0.16334261465955E+00
 0.16325483248252E+00
 0.16316180706522E+00
 0.16306300650129E+00
 0.16295849118254E+00
 0.16284890245180E+00
 0.16273316850126E+00
 0.16261184279217E+00
 0.16248436740996E+00
 0.16235017938577E+00
 0.16220971805521E+00
 0.16206302125276E+00
 0.16190864752464E+00
 0.16174789167502E+00
 0.16158118560987E+00
 0.16140325432210E+00
 0.16122131843374E+00
 0.16103120661701E+00
 0.16083042715489E+00
 0.16062422628849E+00
 0.16040492976117E+00
 0.16017849035894E+00
 0.15994684808397E+00
 0.15970085444350E+00
 0.15944746337221E+00
 0.15917828578986E+00
 0.15889958984775E+00
 0.15861431681998E+00
 0.15830842835813E+00
 0.15799512541207E+00
 0.15766440280687E+00
 0.15732043828996E+00
 0.15695766584895E+00
 0.15658698200590E+00
 0.15619140994985E+00
 0.15578026269287E+00
 0.15535059052934E+00
 0.15490205195797E+00
 0.15443103184889E+00
 0.15393008473878E+00
 0.15341158608862E+00
 0.15286820131111E+00
 0.15229141010039E+00
 0.15168673920611E+00
 0.15104733401491E+00
 0.15038439830198E+00
 0.14968664003232E+00
 0.14894294145388E+00
 0.14815579420143E+00
 0.14733847659920E+00
 0.14647834308431E+00
 0.14555489683094E+00
 0.14459184833642E+00
 0.14356887659404E+00
 0.14249076858596E+00
 0.14134166845418E+00
 0.14013651134425E+00
 0.13886144904843E+00
 0.13750283448309E+00
 0.13605849975070E+00
 0.13453473838819E+00
 0.13292991011196E+00
 0.13120317569489E+00
 0.12938064174592E+00
 0.12745769424497E+00
 0.12542106860745E+00
 0.12324597162630E+00
 0.12094240019532E+00
 0.11849037777008E+00
 0.11587878535502E+00
 0.11312368654839E+00
 0.11020489817338E+00
 0.10710955176448E+00
 0.10382290619529E+00
 0.10035368685700E+00
 0.96701657871657E-01
 0.92870558413280E-01
 0.88826677622500E-01
 0.84557915734347E-01
 0.80193858565659E-01
 0.75697124571046E-01
 0.71116109719267E-01
 0.66449743277831E-01
 0.61819824070272E-01
 0.57305643515009E-01
 0.52943862889873E-01
 0.48769464975012E-01
 0.44883472458536E-01
 0.41257406466371E-01
 0.37900162357080E-01
 0.34857547001095E-01
 0.32056676975053E-01
 0.29515457481242E-01
 0.27211873428809E-01
 0.25130452982672E-01
 0.23248697749541E-01
 0.21533165904685E-01
 0.19976019102124E-01
 0.18563408895097E-01
 0.17274347085262E-01
 0.16106584574153E-01
 0.15034654739454E-01
 0.14058580496190E-01
 0.13161127367285E-01
 0.12336218038100E-01
 0.11587566775424E-01
 0.10892972493797E-01
 0.10248236567864E-01
 0.96591052533809E-02
 0.91112610819590E-02
 0.86067339333546E-02
 0.81380686250892E-02
 0.77041549149433E-02
 0.72988053938122E-02
 0.69232735529631E-02
 0.65738446632259E-02
 0.62463547610878E-02
 0.59403935077146E-02
 0.56545475677540E-02
 0.53879447063931E-02
 0.51368539570644E-02
 0.49014164735693E-02
 0.46802786635518E-02
 0.44723571396907E-02
 0.42766468303863E-02
 0.40932315381787E-02
 0.39189650859028E-02
 0.37545988104319E-02
 0.36007450805485E-02
 0.34541972764058E-02
 0.33151404417189E-02
 0.31851634748059E-02
 0.30606243157126E-02
 0.29432895691033E-02
 0.28306248115852E-02
 0.27258523278263E-02
 0.26249242502397E-02
 0.25295967900607E-02
 0.24376198159413E-02
 0.23512792736741E-02
 0.22682051238574E-02
 0.21899679343745E-02
 0.21147921931107E-02
 0.20432533737243E-02
 0.19746497291548E-02
 0.19094091103510E-02
 0.18466715005327E-02
 0.17866183548653E-02
 0.17293086548176E-02
 0.16746457753912E-02
 0.16224919867823E-02
 0.15722938013137E-02
 0.15239045056938E-02
 0.14775513991983E-02
 0.14333877413313E-02
