 0.11076108624053E+04
 0.11076108624053E+04
 0.11076108624053E+04
 0.11076108624053E+04
 0.11076108624053E+04
 0.11076108624053E+04
 0.11076108624053E+04
 0.11076108624053E+04
 0.11076108624053E+04
 0.11076069849429E+04
 0.11077207589677E+04
 0.11075620357473E+04
 0.11074536527897E+04
 0.11075278816512E+04
 0.11073768013985E+04
 0.11074388962902E+04
 0.11074004255882E+04
 0.11075722226820E+04
 0.11075073314257E+04
 0.11073908208067E+04
 0.11074505137451E+04
 0.11075634452914E+04
 0.11075230248308E+04
 0.11072735383435E+04
 0.11072083062127E+04
 0.11074034957076E+04
 0.11074802993500E+04
 0.11073194081377E+04
 0.11071830621956E+04
 0.11074202246317E+04
 0.11077298176120E+04
 0.11071007038166E+04
 0.11080449810052E+04
 0.11084365421252E+04
 0.11076861098389E+04
 0.11086609272501E+04
 0.11081406559953E+04
 0.11079627739045E+04
 0.11092937954707E+04
 0.11081236942274E+04
 0.11073248637072E+04
 0.11086502293106E+04
 0.11077529983395E+04
 0.11093468528749E+04
 0.11109495401954E+04
 0.11110355766531E+04
 0.11106457706858E+04
 0.11093853736402E+04
 0.11082555754226E+04
 0.11107464935230E+04
 0.11082674936281E+04
 0.11120096474461E+04
 0.11096321733837E+04
 0.11090156524039E+04
 0.11092570865570E+04
 0.11128336485423E+04
 0.11124508674470E+04
 0.11080897018394E+04
 0.11145517405769E+04
 0.11101060411358E+04
 0.11129620135350E+04
 0.11115491198129E+04
 0.11065968525557E+04
 0.11105520885910E+04
 0.11097684737940E+04
 0.11110277240464E+04
 0.11123446718146E+04
 0.11200397892025E+04
 0.11140316400018E+04
 0.11088256016808E+04
 0.11163025643358E+04
 0.11178873549399E+04
 0.11074802377529E+04
 0.11163081700891E+04
 0.11103701507107E+04
 0.11142301139949E+04
 0.11090027099084E+04
 0.11117575551446E+04
 0.11186780853487E+04
 0.11175476526253E+04
 0.11153063528822E+04
 0.11071780226154E+04
 0.11167068075213E+04
 0.11204523678418E+04
 0.11135562322333E+04
 0.11160678766652E+04
 0.11170769241980E+04
 0.11183635745201E+04
 0.11173095843090E+04
 0.11156632374614E+04
 0.11164560780683E+04
 0.11086213031285E+04
 0.11170260619875E+04
 0.11121440323299E+04
 0.11103057594223E+04
 0.11197222559986E+04
 0.11119569065714E+04
 0.11180525154346E+04
 0.11130262119707E+04
 0.11119770757543E+04
 0.11113863049830E+04
 0.11160976884574E+04
 0.11127337525501E+04
 0.11127222432532E+04
 0.11168931922519E+04
 0.11098678391861E+04
 0.11196180975546E+04
 0.11195034414415E+04
 0.11069960846239E+04
 0.11128853282644E+04
 0.11115189372350E+04
 0.11112130944398E+04
 0.11166529100320E+04
 0.11194236881781E+04
 0.11205798607839E+04
 0.11119561053444E+04
 0.11200363098464E+04
 0.11211717631573E+04
 0.11102969685761E+04
 0.11103813534887E+04
 0.11086280097164E+04
 0.11092073109156E+04
 0.11101811892502E+04
 0.11180213047919E+04
 0.11147081102027E+04
 0.11209507764787E+04
 0.11103438768202E+04
 0.11160310955834E+04
 0.11112156684740E+04
 0.11136968340467E+04
 0.11091483432350E+04
 0.11056749586832E+04
 0.11129215316827E+04
 0.11200104415654E+04
 0.11194185629241E+04
 0.11159746870259E+04
 0.11168004185502E+04
 0.11176523816196E+04
 0.11096590353135E+04
 0.11198356197576E+04
 0.11154601862923E+04
 0.11142432424989E+04
 0.11122982796843E+04
 0.11102355343534E+04
 0.11159669525763E+04
 0.11109470767208E+04
 0.11177777706421E+04
 0.11074424684144E+04
 0.11147883249307E+04
 0.11128351447843E+04
 0.11077228940768E+04
 0.11174338382896E+04
 0.11077998382686E+04
 0.11148302559521E+04
 0.11180530383183E+04
 0.11120316873149E+04
 0.11122639912308E+04
 0.11237269632608E+04
 0.11145971156347E+04
 0.11243186768099E+04
 0.11129854576600E+04
 0.11223063910591E+04
 0.11173542455092E+04
 0.11221631556836E+04
 0.11235168905001E+04
 0.11183909188399E+04
 0.11232457267736E+04
 0.11217162692804E+04
 0.11284045132910E+04
 0.11184641168994E+04
 0.11247951860791E+04
 0.11233867464529E+04
 0.11204904295635E+04
 0.11279245319493E+04
 0.11279850979577E+04
 0.11361434072182E+04
 0.11290133007183E+04
 0.11291406379461E+04
 0.11397464721937E+04
 0.11304230223672E+04
 0.11346416819278E+04
 0.11418840390372E+04
 0.11363155553158E+04
 0.11439100660001E+04
 0.11449011093953E+04
 0.11411600121201E+04
 0.11483944331172E+04
 0.11450400479178E+04
 0.11421062709030E+04
 0.11464082981039E+04
 0.11465976364583E+04
 0.11528689302545E+04
 0.11546845720189E+04
 0.11475522886433E+04
 0.11509988830554E+04
 0.11518794587800E+04
 0.11659349048946E+04
 0.11562866885302E+04
 0.11617648440979E+04
 0.11614177229424E+04
 0.11727241859564E+04
 0.11715623965471E+04
 0.11763051634307E+04
 0.11687030909299E+04
 0.11783899050597E+04
 0.11752212742778E+04
 0.11718539401482E+04
 0.11846732087163E+04
 0.11793669263417E+04
 0.11903696389741E+04
 0.11906988406968E+04
 0.11869010897134E+04
 0.11867606730152E+04
 0.11937077086237E+04
 0.11925475260687E+04
 0.12031426515031E+04
 0.11910859529306E+04
 0.12054500050520E+04
 0.12021239564759E+04
 0.12125993769971E+04
 0.12030088366117E+04
 0.12077067638177E+04
 0.12189067197346E+04
 0.12081764896838E+04
 0.12136419046227E+04
 0.12162102056859E+04
 0.12194210865591E+04
 0.12305791053707E+04
 0.12312851213996E+04
 0.12293091146086E+04
 0.12291522830883E+04
 0.12289192964142E+04
 0.12427395237712E+04
 0.12453500855507E+04
 0.12355874877738E+04
 0.12383908893797E+04
 0.12401750563642E+04
 0.12507478788615E+04
 0.12483167896966E+04
 0.12528397137378E+04
 0.12644257638725E+04
 0.12674499035258E+04
 0.12633243289210E+04
 0.12648869595761E+04
 0.12686329666800E+04
 0.12726021089997E+04
 0.12758502431466E+04
 0.12730902652923E+04
 0.12786183569155E+04
 0.12873279938495E+04
 0.12856695438852E+04
 0.12777865427928E+04
 0.12856816773309E+04
 0.12868056419988E+04
 0.12961339121941E+04
 0.12950902939608E+04
 0.12936181026212E+04
 0.13029534383552E+04
 0.13074885989961E+04
 0.13043861575480E+04
 0.13065625173797E+04
 0.13107537659243E+04
 0.13235274295266E+04
 0.13111647021628E+04
 0.13279399466698E+04
 0.13157901944384E+04
 0.13202655129781E+04
 0.13231253178388E+04
 0.13292160730782E+04
 0.13419356105861E+04
 0.13370296837471E+04
 0.13456939202967E+04
 0.13434303514130E+04
 0.13526234837827E+04
 0.13544378582956E+04
 0.13509993298843E+04
 0.13520548403080E+04
 0.13633490648133E+04
 0.13637244967084E+04
 0.13606840074094E+04
 0.13648333845713E+04
 0.13656739997574E+04
 0.13775132795778E+04
 0.13690455741314E+04
 0.13743138117701E+04
 0.13771008404103E+04
 0.13816288938731E+04
 0.13911528172612E+04
 0.13864244142720E+04
 0.13919712614062E+04
 0.13913802787962E+04
 0.13961248161571E+04
 0.14079088673224E+04
 0.14093616334925E+04
 0.14123164259969E+04
 0.14082389346308E+04
 0.14091665516143E+04
 0.14179500541076E+04
 0.14247405830642E+04
 0.14222809082577E+04
