 0.10000000133514E-09
 0.10000000133514E-09
 0.10000000133514E-09
 0.10000000133514E-09
 0.10000000133514E-09
 0.10000000133514E-09
 0.10000000133514E-09
 0.10000000133514E-09
 0.10000000133514E-09
 0.10000000133514E-09
 0.10000000133514E-09
 0.10000000133514E-09
 0.10000000133514E-09
 0.10000000133514E-09
 0.10000000133514E-09
 0.10000000133514E-09
 0.10000000133514E-09
 0.10000000133514E-09
 0.10000000133514E-09
 0.10000000133514E-09
 0.10000000133514E-09
 0.10000000133514E-09
 0.62804905204652E-04
 0.62804905204652E-04
 0.12566754113807E-03
 0.17114723610844E-03
 0.22810970701943E-03
 0.29821271545700E-03
 0.38315544795444E-03
 0.48465559034381E-03
 0.60442089005574E-03
 0.74410687036170E-03
 0.90541782905291E-03
 0.10899204502939E-02
 0.12991386211956E-02
 0.15346057476461E-02
 0.17976791254492E-02
 0.20897318142389E-02
 0.24119899880461E-02
 0.27655897006672E-02
 0.31517348918138E-02
 0.35713989977875E-02
 0.40254549606319E-02
 0.45148233257155E-02
 0.50403685376683E-02
 0.56027919348325E-02
 0.62026366178458E-02
 0.68406640916307E-02
 0.75174790366867E-02
 0.82334453627657E-02
 0.89891183552052E-02
 0.97848678583053E-02
 0.10621050317684E-01
 0.11498173122759E-01
 0.12416595207116E-01
 0.13376574785190E-01
 0.14378314881661E-01
 0.15422086464179E-01
 0.16508517870233E-01
 0.17636784136482E-01
 0.18809411440217E-01
 0.20023728284622E-01
 0.21281901160773E-01
 0.22583436619948E-01
 0.23928351308258E-01
 0.25318092196247E-01
 0.26751982270677E-01
 0.28228360217057E-01
 0.29752184528412E-01
 0.31319473368907E-01
 0.32934021710793E-01
 0.34593673255828E-01
 0.36297473126557E-01
 0.38049206162094E-01
 0.39848195081400E-01
 0.41693122460197E-01
 0.43587446778799E-01
 0.45532222437352E-01
 0.47515176556707E-01
 0.49555160906428E-01
 0.51645923977627E-01
 0.53787103100266E-01
 0.55973454598217E-01
 0.58214068949046E-01
 0.60512615104841E-01
 0.62858540071040E-01
 0.65259796125787E-01
 0.67718241285093E-01
 0.70232712605073E-01
 0.72805768960163E-01
 0.75427935656879E-01
 0.78114789080260E-01
 0.80864607355452E-01
 0.83675351789330E-01
 0.86543959348466E-01
 0.89472431125685E-01
 0.92481938595288E-01
 0.95549878523165E-01
 0.98686445583894E-01
 0.10189548606071E+00
 0.10518529368063E+00
 0.10853813133822E+00
 0.11196797481620E+00
 0.11548423800636E+00
 0.11908582902651E+00
 0.12276898172431E+00
 0.12653140525370E+00
 0.13040632947842E+00
 0.13436501988914E+00
 0.13840837542116E+00
 0.14255522418618E+00
 0.14681576601270E+00
 0.15118302791325E+00
 0.15566880307136E+00
 0.16027967575231E+00
 0.16500804140813E+00
 0.16985703655062E+00
 0.17484615458074E+00
 0.17998319634029E+00
 0.18526439988713E+00
 0.19069123053183E+00
 0.19627803362564E+00
 0.20204191130885E+00
 0.20798733940303E+00
 0.21409354642853E+00
 0.22037232218293E+00
 0.22683446915656E+00
 0.23351409669620E+00
 0.24038044987355E+00
 0.24740802222868E+00
 0.25460940746478E+00
 0.26199329138158E+00
 0.26947461946678E+00
 0.27706066871194E+00
 0.28470128986190E+00
 0.29228958323269E+00
 0.29982839352236E+00
 0.30721598167783E+00
 0.31441607869635E+00
 0.32139043209670E+00
 0.32813366928131E+00
 0.33466663993027E+00
 0.34099735592530E+00
 0.34714185481700E+00
 0.35313127398161E+00
 0.35898027444899E+00
 0.36471762456467E+00
 0.37035364309628E+00
 0.37590585997149E+00
 0.38138683562385E+00
 0.38679612284068E+00
 0.39215101284025E+00
 0.39745484047294E+00
 0.40270700002401E+00
 0.40791397462200E+00
 0.41307575066430E+00
 0.41819480126240E+00
 0.42327060406224E+00
 0.42830381065283E+00
 0.43329582791343E+00
 0.43824461524892E+00
 0.44315167642931E+00
 0.44801406571209E+00
 0.45283411686433E+00
 0.45760854241382E+00
 0.46233880166696E+00
 0.46702350745136E+00
 0.47166104591859E+00
 0.47625383371361E+00
 0.48079943190685E+00
 0.48529726531664E+00
 0.48974856292828E+00
 0.49415197710569E+00
 0.49850626559300E+00
 0.50281358188147E+00
 0.50707358418660E+00
 0.51128483671720E+00
 0.51544869926920E+00
 0.51956490751961E+00
 0.52363393282639E+00
 0.52765479124752E+00
 0.53162941532969E+00
 0.53555679904650E+00
 0.53943911591957E+00
 0.54327412223459E+00
 0.54706441034575E+00
 0.55080902304944E+00
 0.55450924059779E+00
 0.55816543561713E+00
 0.56177759279601E+00
 0.56534651759503E+00
 0.56887307474235E+00
 0.57235752003779E+00
 0.57580004125564E+00
 0.57920150040543E+00
 0.58256223720504E+00
 0.58588311410435E+00
 0.58916472046196E+00
 0.59240722306877E+00
 0.59561128912853E+00
 0.59877770106990E+00
 0.60190681475551E+00
 0.60499932993189E+00
 0.60805557677076E+00
 0.61107649464799E+00
 0.61406188095246E+00
 0.61701310341713E+00
 0.61993023685459E+00
 0.62281370377230E+00
 0.62566438806031E+00
 0.62848265019572E+00
 0.63126889480952E+00
 0.63402388922944E+00
 0.63674760080932E+00
 0.63944108367547E+00
 0.64210438950670E+00
 0.64473831449799E+00
 0.64734323892782E+00
 0.64991937057064E+00
 0.65246756837440E+00
 0.65498798477525E+00
 0.65748109640434E+00
 0.65994758239757E+00
 0.66238752382392E+00
 0.66480138112780E+00
 0.66718972288660E+00
 0.66955277732854E+00
 0.67189095907376E+00
 0.67420484647549E+00
 0.67649473102562E+00
 0.67876081930271E+00
 0.68100372877739E+00
 0.68322359375788E+00
 0.68542093840422E+00
 0.68759605868951E+00
 0.68974912159938E+00
 0.69188063805250E+00
 0.69399109241121E+00
 0.69608048029435E+00
 0.69814935055622E+00
 0.70019773157170E+00
 0.70222617048421E+00
 0.70423511860490E+00
 0.70622449983288E+00
 0.70819483515482E+00
 0.71014603238822E+00
 0.71207895083059E+00
 0.71399341163174E+00
 0.71589003942200E+00
 0.71776875690926E+00
 0.71963000771302E+00
 0.72147395524110E+00
 0.72330079490332E+00
 0.72511122198185E+00
 0.72690482203084E+00
 0.72868211025710E+00
 0.73044346143155E+00
 0.73218900170871E+00
 0.73391886202787E+00
 0.73563329606414E+00
 0.73733246207675E+00
 0.73901692361640E+00
 0.74068632796394E+00
 0.74234127716376E+00
 0.74398171817796E+00
 0.74560833179813E+00
 0.74722041857058E+00
 0.74881900283145E+00
 0.75040419500135E+00
 0.75197574246798E+00
 0.75353386766945E+00
 0.75507896043898E+00
 0.75661160461762E+00
 0.75813113643171E+00
 0.75963815262295E+00
 0.76113264587057E+00
 0.76261501567081E+00
 0.76408507639630E+00
 0.76554347972357E+00
 0.76699001993782E+00
 0.76842469129818E+00
 0.76984805788455E+00
 0.77126015381831E+00
 0.77266082212544E+00
 0.77405070728350E+00
 0.77542955647472E+00
 0.77679742971472E+00
 0.77815479634882E+00
 0.77950165440950E+00
 0.78083809074121E+00
 0.78216428272447E+00
 0.78348012015707E+00
 0.78478634262742E+00
 0.78608224773339E+00
 0.78736848973183E+00
 0.78864512178351E+00
 0.78991203441366E+00
 0.79116971990666E+00
 0.79241808177596E+00
 0.79365698154754E+00
