 0.30964654458033E+03
 0.30964654458037E+03
 0.30964654458102E+03
 0.30964654462233E+03
 0.30964654557380E+03
 0.30964654936996E+03
 0.30964653212187E+03
 0.30964635945306E+03
 0.30964566553023E+03
 0.30964377523013E+03
 0.30963970462726E+03
 0.30963222550603E+03
 0.30961998037204E+03
 0.30960155328954E+03
 0.30957561172523E+03
 0.30954086595636E+03
 0.30949625378567E+03
 0.30944084647564E+03
 0.30937388602588E+03
 0.30929479838652E+03
 0.30918212744600E+03
 0.30907210091331E+03
 0.30894874951433E+03
 0.30881207598683E+03
 0.30866216891766E+03
 0.30849925127861E+03
 0.30832352408000E+03
 0.30813558559609E+03
 0.30793578253819E+03
 0.30772450090836E+03
 0.30750216143806E+03
 0.30726970119366E+03
 0.30702742543134E+03
 0.30677583469682E+03
 0.30651616204940E+03
 0.30624852387853E+03
 0.30597379026639E+03
 0.30569226106029E+03
 0.30540507915232E+03
 0.30511304064283E+03
 0.30481524663595E+03
 0.30451367297353E+03
 0.30420867474160E+03
 0.30390039822043E+03
 0.30358862117294E+03
 0.30327461990336E+03
 0.30295934422412E+03
 0.30264231559513E+03
 0.30232338133778E+03
 0.30200299704563E+03
 0.30168214200512E+03
 0.30135992962801E+03
 0.30103721704547E+03
 0.30071356188767E+03
 0.30038844073009E+03
 0.30006259540933E+03
 0.29973593568361E+03
 0.29940700779615E+03
 0.29907721155402E+03
 0.29874686328842E+03
 0.29841020773721E+03
 0.29807492420248E+03
 0.29773650300278E+03
 0.29739192235284E+03
 0.29704655207844E+03
 0.29669225678340E+03
 0.29633486186181E+03
 0.29597608645456E+03
 0.29560631936346E+03
 0.29523228002729E+03
 0.29484519907924E+03
 0.29445087058762E+03
 0.29405246001682E+03
 0.29363497840937E+03
 0.29321176679054E+03
 0.29277206305998E+03
 0.29232006714214E+03
 0.29184974000733E+03
 0.29137186388419E+03
 0.29086905982883E+03
 0.29035067099024E+03
 0.28981286749857E+03
 0.28925598669825E+03
 0.28867560802020E+03
 0.28806423262818E+03
 0.28743454237690E+03
 0.28677873064447E+03
 0.28608882748682E+03
 0.28536923529936E+03
 0.28461413609705E+03
 0.28383474606403E+03
 0.28301935807566E+03
 0.28215753604647E+03
 0.28125246011460E+03
 0.28031654680524E+03
 0.27933848209026E+03
 0.27829753662863E+03
 0.27721830693512E+03
 0.27608098574471E+03
 0.27489042981814E+03
 0.27363242591368E+03
 0.27232101997260E+03
 0.27094523944009E+03
 0.26949065984449E+03
 0.26795549848618E+03
 0.26634917955719E+03
 0.26466774342275E+03
 0.26287491900861E+03
 0.26099442957730E+03
 0.25902427753264E+03
 0.25695081743789E+03
 0.25475008279633E+03
 0.25243139316939E+03
 0.24997581780654E+03
 0.24736937494270E+03
 0.24463107953523E+03
 0.24173407628119E+03
 0.23866338351913E+03
 0.23539950914470E+03
 0.23194441868263E+03
 0.22829211615673E+03
 0.22442758195871E+03
 0.22029000186557E+03
 0.21589962260675E+03
 0.21127331743297E+03
 0.20639191837727E+03
 0.20124051640783E+03
 0.19575842542681E+03
 0.19001926482538E+03
 0.18406786937682E+03
 0.17791383519448E+03
 0.17158547782503E+03
 0.16529064761724E+03
 0.15908175859583E+03
 0.15311565237868E+03
 0.14765534506113E+03
 0.14275002727790E+03
 0.13858954589428E+03
 0.13522845243700E+03
 0.13267790139859E+03
 0.13088280946850E+03
 0.12975256006187E+03
 0.12920480691460E+03
 0.12914647457997E+03
 0.12949166372821E+03
 0.13016312841413E+03
 0.13110542740270E+03
 0.13226106281701E+03
 0.13359826391290E+03
 0.13508444153386E+03
 0.13666934069532E+03
 0.13836530091641E+03
 0.14015774187616E+03
 0.14200255625248E+03
 0.14391761424455E+03
 0.14587159010725E+03
 0.14787730752754E+03
 0.14991253467581E+03
 0.15199545247738E+03
 0.15409778612075E+03
 0.15622299087990E+03
 0.15838330584628E+03
 0.16056335414894E+03
 0.16276501443148E+03
 0.16497769275043E+03
 0.16721528610417E+03
 0.16946758070186E+03
 0.17173719977758E+03
 0.17402382045816E+03
 0.17632124558214E+03
 0.17862040212705E+03
 0.18095310472390E+03
 0.18329144569590E+03
 0.18562485803652E+03
 0.18798621914933E+03
 0.19036429452140E+03
 0.19272756263797E+03
 0.19512245298111E+03
 0.19751793989474E+03
 0.19994550864499E+03
 0.20233912765042E+03
 0.20477145067193E+03
 0.20719561357470E+03
 0.20966729335796E+03
 0.21211235085886E+03
 0.21458928256516E+03
 0.21705153932380E+03
 0.21953719036333E+03
 0.22202498293366E+03
 0.22453554246864E+03
 0.22704073494203E+03
 0.22957400331958E+03
 0.23211495812367E+03
 0.23465759668020E+03
 0.23720584948125E+03
 0.23974908878402E+03
 0.24231565868130E+03
 0.24490217758972E+03
 0.24749234202986E+03
 0.25007594619225E+03
 0.25268688508756E+03
 0.25528644830066E+03
 0.25792628282085E+03
 0.26054750338934E+03
 0.26320407049789E+03
 0.26583872165969E+03
 0.26850167858012E+03
 0.27117789912739E+03
 0.27385555116853E+03
 0.27653661993330E+03
 0.27924088747003E+03
 0.28194842431870E+03
 0.28468450520327E+03
 0.28740296375032E+03
 0.29013511999493E+03
 0.29288242307318E+03
 0.29563561018819E+03
 0.29840674487463E+03
 0.30116751948330E+03
 0.30395970731511E+03
 0.30674710683855E+03
 0.30955606185925E+03
 0.31238631386838E+03
 0.31520459866008E+03
 0.31804747844793E+03
 0.32087896745521E+03
 0.32373565561558E+03
 0.32658598520221E+03
 0.32946662177477E+03
 0.33234177191726E+03
 0.33522006667028E+03
 0.33813702736053E+03
 0.34104272168864E+03
 0.34395838907215E+03
 0.34691162410777E+03
 0.34983042628957E+03
 0.35278083035729E+03
 0.35573146062680E+03
 0.35871803248380E+03
 0.36169453957839E+03
 0.36466520536429E+03
 0.36767125558571E+03
 0.37066728122876E+03
 0.37368622817237E+03
 0.37671854420505E+03
 0.37974058792223E+03
 0.38279263352850E+03
 0.38585500582644E+03
 0.38891390927672E+03
 0.39199504589970E+03
 0.39506121413806E+03
 0.39816923818507E+03
 0.40125982776189E+03
 0.40437537660177E+03
 0.40749702895872E+03
 0.41062226452536E+03
 0.41377560445838E+03
 0.41692774065486E+03
 0.42006481658342E+03
 0.42325202412707E+03
 0.42642019455548E+03
 0.42963014492401E+03
 0.43281758512227E+03
 0.43602069551182E+03
 0.43922304062813E+03
 0.44246059028788E+03
 0.44570802195908E+03
 0.44895179768041E+03
 0.45219211679493E+03
 0.45545908852880E+03
 0.45873831469579E+03
 0.46200646524130E+03
 0.46530752100794E+03
 0.46862038072292E+03
 0.47193304880189E+03
 0.47524238674017E+03
 0.47858369607062E+03
 0.48189814862014E+03
 0.48526377393652E+03
 0.48862660498238E+03
 0.49199653879460E+03
 0.49537253560106E+03
 0.49875430046099E+03
 0.50214902600309E+03
 0.50555834485487E+03
 0.50897868710665E+03
 0.51238329760453E+03
 0.51581657448290E+03
 0.51924103914373E+03
 0.52269370099464E+03
 0.52617588988097E+03
 0.52961141581083E+03
 0.53309728351954E+03
 0.53657873052617E+03
 0.54007216857084E+03
 0.54358202895428E+03
 0.54708950452859E+03
 0.55061347832282E+03
 0.55416515992849E+03
 0.55768972493248E+03
