 0.12287856071230E+01
 0.12287856154771E+01
 0.12287856532512E+01
 0.12287857575042E+01
 0.12287859811654E+01
 0.12287863952375E+01
 0.12287871001449E+01
 0.12287882577229E+01
 0.12287901441678E+01
 0.12287932080140E+01
 0.12287981102368E+01
 0.12288057403488E+01
 0.12288172093827E+01
 0.12288337967606E+01
 0.12288569441769E+01
 0.12288881487075E+01
 0.12289289861360E+01
 0.12289810216856E+01
 0.12290457829085E+01
 0.12291247488479E+01
 0.12292192596477E+01
 0.12293307177348E+01
 0.12294602617716E+01
 0.12296089867347E+01
 0.12297778597574E+01
 0.12299677637169E+01
 0.12301794199994E+01
 0.12304136174277E+01
 0.12306708719141E+01
 0.12309515997232E+01
 0.12312561172405E+01
 0.12315849011755E+01
 0.12319379905230E+01
 0.12323154367138E+01
 0.12327175838509E+01
 0.12331441077401E+01
 0.12335950012214E+01
 0.12340698814381E+01
 0.12345687622461E+01
 0.12350913958212E+01
 0.12356365715070E+01
 0.12362045887888E+01
 0.12367948162923E+01
 0.12374064680191E+01
 0.12380385332489E+01
 0.12386907962655E+01
 0.12393627837792E+01
 0.12400533064460E+01
 0.12407612601840E+01
 0.12414859148624E+01
 0.12422267945476E+01
 0.12429824306567E+01
 0.12437522842696E+01
 0.12445350915336E+01
 0.12453296074500E+01
 0.12461352020838E+01
 0.12469510055277E+01
 0.12477751507841E+01
 0.12486075688637E+01
 0.12494475878408E+01
 0.12502910205172E+01
 0.12511415675486E+01
 0.12519956771370E+01
 0.12528509831892E+01
 0.12537099634843E+01
 0.12545670132951E+01
 0.12554251046502E+01
 0.12562847761490E+01
 0.12571395443625E+01
 0.12579932139198E+01
 0.12588396788321E+01
 0.12596825158266E+01
 0.12605231451715E+01
 0.12613519101427E+01
 0.12621771673861E+01
 0.12629917799859E+01
 0.12637983881197E+01
 0.12645929602014E+01
 0.12653825759095E+01
 0.12661558171425E+01
 0.12669190081831E+01
 0.12676700379092E+01
 0.12684090079682E+01
 0.12691334138769E+01
 0.12698384843938E+01
 0.12705335086785E+01
 0.12712131851530E+01
 0.12718727766812E+01
 0.12725164529197E+01
 0.12731403091058E+01
 0.12737530196611E+01
 0.12743479956660E+01
 0.12749183020350E+01
 0.12754669200797E+01
 0.12760047244120E+01
 0.12765242687444E+01
 0.12770133885840E+01
 0.12774900501603E+01
 0.12779421054736E+01
 0.12783753459332E+01
 0.12787820525757E+01
 0.12791728999354E+01
 0.12795428294208E+01
 0.12798858031381E+01
 0.12802026338350E+01
 0.12805020426712E+01
 0.12807848438751E+01
 0.12810312775372E+01
 0.12812593254037E+01
 0.12814716163776E+01
 0.12816631852974E+01
 0.12818245699888E+01
 0.12819656050526E+01
 0.12820799133317E+01
 0.12821648091836E+01
 0.12822373224565E+01
 0.12822854664067E+01
 0.12823102374138E+01
 0.12823065030386E+01
 0.12822829040184E+01
 0.12822406594895E+01
 0.12821805918393E+01
 0.12820809716936E+01
 0.12819582172891E+01
 0.12818247012057E+01
 0.12816745991989E+01
 0.12815059599879E+01
 0.12812958582245E+01
 0.12810687033005E+01
 0.12808314438923E+01
 0.12805685397824E+01
 0.12802711864089E+01
 0.12799707819307E+01
 0.12796381773559E+01
 0.12792706910436E+01
 0.12789008490409E+01
 0.12784822158109E+01
 0.12780422852062E+01
 0.12775724114994E+01
 0.12770826217923E+01
 0.12765667069521E+01
 0.12760004329419E+01
 0.12753954632924E+01
 0.12747493997894E+01
 0.12740424422364E+01
 0.12732927868253E+01
 0.12724577408435E+01
 0.12715559203313E+01
 0.12705557211175E+01
 0.12694414209800E+01
 0.12682609674924E+01
 0.12669273927470E+01
 0.12654324518410E+01
 0.12638313207203E+01
 0.12620621802959E+01
 0.12601750535696E+01
 0.12581421305717E+01
 0.12560036555830E+01
 0.12537462122328E+01
 0.12514332595882E+01
 0.12490852377468E+01
 0.12466979949338E+01
 0.12443239852200E+01
 0.12419852138067E+01
 0.12397176353291E+01
 0.12374983764190E+01
 0.12353632399882E+01
 0.12333162951213E+01
 0.12313512584095E+01
 0.12294847389837E+01
 0.12277215922316E+01
 0.12260232101462E+01
 0.12244146320091E+01
 0.12229205958068E+01
 0.12214789877200E+01
 0.12201090136378E+01
 0.12188378779653E+01
 0.12176118707385E+01
 0.12164576792807E+01
 0.12153416256987E+01
 0.12143256820287E+01
 0.12133326810434E+01
 0.12124011943877E+01
 0.12114853060508E+01
 0.12106435156723E+01
 0.12098159571379E+01
 0.12090561923868E+01
 0.12083133230212E+01
 0.12076097422727E+01
 0.12069269898392E+01
 0.12062799941671E+01
 0.12056469941834E+01
 0.12050385301531E+01
 0.12044593626460E+01
 0.12039061066919E+01
 0.12033804376228E+01
 0.12028652273043E+01
 0.12023580860099E+01
 0.12018736494959E+01
 0.12014122315558E+01
 0.12009592872189E+01
 0.12005245443230E+01
 0.12000881412409E+01
 0.11996819403968E+01
 0.11992667401147E+01
 0.11988831832692E+01
 0.11984933066617E+01
 0.11981151034933E+01
 0.11977474982078E+01
 0.11973918326201E+01
 0.11970350021161E+01
 0.11966896842999E+01
 0.11963392156643E+01
 0.11960109443196E+01
 0.11956842137802E+01
 0.11953598785095E+01
 0.11950422493456E+01
 0.11947257273596E+01
 0.11944232329673E+01
 0.11941116745334E+01
 0.11938138834736E+01
 0.11935113012743E+01
 0.11932071772495E+01
 0.11929174263593E+01
 0.11926218991725E+01
 0.11923380184278E+01
 0.11920527314724E+01
 0.11917699451107E+01
 0.11914854280922E+01
 0.11912072501051E+01
 0.11909364120243E+01
 0.11906563741005E+01
 0.11903781384181E+01
 0.11901067332714E+01
 0.11898260005437E+01
 0.11895599598679E+01
 0.11892882526080E+01
 0.11890248219370E+01
 0.11887484884671E+01
 0.11884818470091E+01
 0.11882191632958E+01
 0.11879495706062E+01
 0.11876857678593E+01
 0.11874217326274E+01
 0.11871526815947E+01
 0.11868937787632E+01
 0.11866239806698E+01
 0.11863590468641E+01
 0.11860983715166E+01
 0.11858295671037E+01
 0.11855742844672E+01
 0.11853040953915E+01
 0.11850444679239E+01
 0.11847812011694E+01
 0.11845167428474E+01
 0.11842551924435E+01
 0.11839904038508E+01
 0.11837251854310E+01
 0.11834704728449E+01
 0.11831992394587E+01
 0.11829439488627E+01
 0.11826742504569E+01
 0.11824105310879E+01
 0.11821489040961E+01
 0.11818890435584E+01
 0.11816212744715E+01
 0.11813560131481E+01
 0.11810913607277E+01
 0.11808284321480E+01
 0.11805649480127E+01
 0.11803008944050E+01
 0.11800397495024E+01
 0.11797713948058E+01
 0.11795045824605E+01
 0.11792434328362E+01
 0.11789749439278E+01
 0.11787109094042E+01
 0.11784497696127E+01
 0.11781822818733E+01
 0.11779125822559E+01
 0.11776480286607E+01
 0.11773842574917E+01
 0.11771157495267E+01
 0.11768526722186E+01
 0.11765889078005E+01
 0.11763190666350E+01
 0.11760553073852E+01
 0.11757883691051E+01
 0.11755259097508E+01
 0.11752621047230E+01
 0.11749909014885E+01
 0.11747332285304E+01
 0.11744603030782E+01
 0.11741965848034E+01
 0.11739329659160E+01
 0.11736653127168E+01
 0.11733979877691E+01
 0.11731327301774E+01
 0.11728643931821E+01
 0.11725987738397E+01
