 0.64710694463868E-04
 0.64709147731278E-04
 0.64706566878458E-04
 0.64702952542888E-04
 0.64698298816402E-04
 0.64692602331337E-04
 0.64685860037704E-04
 0.64678060740075E-04
 0.64669200482377E-04
 0.64659268997092E-04
 0.64648260092632E-04
 0.64636161444102E-04
 0.64622968533861E-04
 0.64608669940299E-04
 0.64593255501194E-04
 0.64576717163189E-04
 0.64559040770085E-04
 0.64540218738892E-04
 0.64520238792659E-04
 0.64499084637889E-04
 0.64476738652740E-04
 0.64453193653544E-04
 0.64428427728961E-04
 0.64402418989074E-04
 0.64375141904832E-04
 0.64346577721286E-04
 0.64316689656364E-04
 0.64285457661400E-04
 0.64252850954977E-04
 0.64218824990820E-04
 0.64183342082279E-04
 0.64146374878106E-04
 0.64107875020562E-04
 0.64067799016857E-04
 0.64026127714001E-04
 0.63982805996530E-04
 0.63937800672069E-04
 0.63891063241492E-04
 0.63842581736839E-04
 0.63792330650998E-04
 0.63740222983422E-04
 0.63686293479156E-04
 0.63630511046761E-04
 0.63572841135947E-04
 0.63513243799951E-04
 0.63451742468034E-04
 0.63388348890101E-04
 0.63323032660914E-04
 0.63255767334744E-04
 0.63186568276009E-04
 0.63115471855432E-04
 0.63042441929758E-04
 0.62967519398510E-04
 0.62890698930645E-04
 0.62811972041002E-04
 0.62731384557643E-04
 0.62648963817763E-04
 0.62564672499024E-04
 0.62478592907268E-04
 0.62390776588971E-04
 0.62301021605159E-04
 0.62209682862107E-04
 0.62116613075106E-04
 0.62021738448968E-04
 0.61925321852744E-04
 0.61827075857431E-04
 0.61727304480952E-04
 0.61626128110659E-04
 0.61523191301981E-04
 0.61418846818508E-04
 0.61312779702474E-04
 0.61205314520798E-04
 0.61096622818088E-04
 0.60986140455637E-04
 0.60874523080675E-04
 0.60761359211304E-04
 0.60646918163861E-04
 0.60531004060940E-04
 0.60414133431186E-04
 0.60295684876695E-04
 0.60176096871533E-04
 0.60055332130914E-04
 0.59933420820006E-04
 0.59810306815867E-04
 0.59685774557200E-04
 0.59560405941587E-04
 0.59433955085690E-04
 0.59306217727615E-04
 0.59177456061597E-04
 0.59047551442504E-04
 0.58917014957233E-04
 0.58785516587850E-04
 0.58652705448309E-04
 0.58518829959115E-04
 0.58384510866756E-04
 0.58249369775093E-04
 0.58112823127885E-04
 0.57975844542113E-04
 0.57837851560929E-04
 0.57699148141191E-04
 0.57559355711591E-04
 0.57419118912950E-04
 0.57278172073973E-04
 0.57136228313897E-04
 0.56993345116822E-04
 0.56850027625521E-04
 0.56706329642443E-04
 0.56561245553763E-04
 0.56415736988547E-04
 0.56269883345130E-04
 0.56123538978660E-04
 0.55976192981421E-04
 0.55828359150208E-04
 0.55679733746329E-04
 0.55530246794663E-04
 0.55380616268646E-04
 0.55230342973007E-04
 0.55079454964175E-04
 0.54927735234055E-04
 0.54775565022017E-04
 0.54622952346036E-04
 0.54469953670196E-04
 0.54315654778658E-04
 0.54160688057330E-04
 0.54005623959192E-04
 0.53850127022558E-04
 0.53694142625266E-04
 0.53536636766506E-04
 0.53378677406752E-04
 0.53220440550857E-04
 0.53061321894397E-04
 0.52900908254170E-04
 0.52740464290901E-04
 0.52578681638119E-04
 0.52415531439843E-04
 0.52252281791199E-04
 0.52087019561283E-04
 0.51920822388248E-04
 0.51753369795181E-04
 0.51585095302427E-04
 0.51415646342022E-04
 0.51244329702850E-04
 0.51071529932467E-04
 0.50897466800412E-04
 0.50721499472880E-04
 0.50544622973469E-04
 0.50365555285967E-04
 0.50185523277152E-04
 0.50003731373120E-04
 0.49820376932295E-04
 0.49637522973373E-04
 0.49452906754234E-04
 0.49266882621276E-04
 0.49081540876614E-04
 0.48895240869501E-04
 0.48709154580673E-04
 0.48522491755229E-04
 0.48335722995630E-04
 0.48147767000533E-04
 0.47959568939493E-04
 0.47770612086327E-04
 0.47580136543718E-04
 0.47388549744735E-04
 0.47196012633370E-04
 0.47002836127875E-04
 0.46807980443721E-04
 0.46612538363460E-04
 0.46415954855647E-04
 0.46218624521748E-04
 0.46020757814115E-04
 0.45822894307389E-04
 0.45623749335756E-04
 0.45424455447401E-04
 0.45226224125468E-04
 0.45026892503660E-04
 0.44827319886140E-04
 0.44629425216539E-04
 0.44430641865762E-04
 0.44232806419769E-04
 0.44033996132844E-04
 0.43838343762969E-04
 0.43641333260521E-04
 0.43446058553108E-04
 0.43249721012342E-04
 0.43055671538229E-04
 0.42861316036258E-04
 0.42669257831599E-04
 0.42477121489237E-04
 0.42286246624023E-04
 0.42095510281228E-04
 0.41906571517556E-04
 0.41717646207712E-04
 0.41529780714163E-04
 0.41343237193516E-04
 0.41158052656363E-04
 0.40974251177009E-04
 0.40791082083599E-04
 0.40608254351565E-04
 0.40426808081540E-04
 0.40247095083338E-04
 0.40067919133312E-04
 0.39890490903777E-04
 0.39712847174077E-04
 0.39537594056540E-04
 0.39362062280549E-04
 0.39189136281124E-04
 0.39016283670128E-04
 0.38844468098129E-04
 0.38673962771581E-04
 0.38504890341453E-04
 0.38336448557292E-04
 0.38169138613974E-04
 0.38002198836208E-04
 0.37837533158599E-04
 0.37673732554370E-04
 0.37510662654462E-04
 0.37348816010221E-04
 0.37187778654631E-04
 0.37028457646649E-04
 0.36869347728956E-04
 0.36711936014818E-04
 0.36554861854283E-04
 0.36398563603071E-04
 0.36244134682079E-04
 0.36089960701583E-04
 0.35937702955891E-04
 0.35786223553364E-04
 0.35635784858205E-04
 0.35485708628411E-04
 0.35337280973975E-04
 0.35190142266611E-04
 0.35042940477823E-04
 0.34897190761962E-04
 0.34752372710362E-04
 0.34608139277928E-04
 0.34465802159498E-04
 0.34323703581230E-04
 0.34183061106660E-04
 0.34042361939324E-04
 0.33903161326045E-04
 0.33765459742765E-04
 0.33627679279691E-04
 0.33491543373585E-04
 0.33356155633124E-04
 0.33221026305638E-04
 0.33087875342277E-04
 0.32954508540464E-04
 0.32822513314279E-04
 0.32691398182374E-04
 0.32560890944920E-04
 0.32432086795271E-04
 0.32302951223840E-04
 0.32175398927058E-04
 0.32048504932363E-04
 0.31922124088622E-04
 0.31797018175263E-04
 0.31672191183189E-04
 0.31548339236787E-04
 0.31426040885114E-04
 0.31303432652571E-04
 0.31182649727376E-04
 0.31061378422968E-04
 0.30941809986179E-04
 0.30822883960572E-04
 0.30704814579290E-04
 0.30587072139464E-04
 0.30470242631516E-04
 0.30354049915961E-04
 0.30238923483046E-04
 0.30124358915039E-04
 0.30010600832408E-04
 0.29897562431607E-04
 0.29784913276045E-04
 0.29673026868391E-04
 0.29562138677160E-04
 0.29451655221499E-04
 0.29342177213568E-04
 0.29233736667376E-04
 0.29125068382398E-04
 0.29017308180904E-04
 0.28910369997108E-04
 0.28804217152810E-04
 0.28698584117303E-04
 0.28593783108246E-04
 0.28489575143798E-04
 0.28385504523482E-04
 0.28282860394772E-04
 0.28180366997865E-04
 0.28078739791589E-04
 0.27977769142797E-04
 0.27876658803018E-04
 0.27777565061189E-04
 0.27677886729576E-04
 0.27579440608726E-04
 0.27481270383641E-04
 0.27383674116787E-04
 0.27286761160593E-04
 0.27190320268473E-04
 0.27094447919435E-04
 0.26999266672166E-04
