 0.77828127914593E+07
 0.77828127914647E+07
 0.77828127915301E+07
 0.77828127918517E+07
 0.77828127940319E+07
 0.77828128089108E+07
 0.77828129398257E+07
 0.77828135132704E+07
 0.77828154248336E+07
 0.77828204368883E+07
 0.77828314346935E+07
 0.77828523524168E+07
 0.77828883629268E+07
 0.77829457171207E+07
 0.77830307445476E+07
 0.77831519141296E+07
 0.77833160632066E+07
 0.77835309934126E+07
 0.77838042136762E+07
 0.77841429586237E+07
 0.77845564946237E+07
 0.77850464003973E+07
 0.77856213458416E+07
 0.77862860989122E+07
 0.77870461434219E+07
 0.77879050218520E+07
 0.77888683023636E+07
 0.77899324025786E+07
 0.77911024645849E+07
 0.77923829305716E+07
 0.77937785838168E+07
 0.77952807011381E+07
 0.77968984575602E+07
 0.77986358411134E+07
 0.78004773198732E+07
 0.78024373328484E+07
 0.78045097097996E+07
 0.78067040275673E+07
 0.78090039369329E+07
 0.78114039855877E+07
 0.78139444126683E+07
 0.78165835108750E+07
 0.78193228040867E+07
 0.78221689288138E+07
 0.78251377170868E+07
 0.78281990482064E+07
 0.78313313109223E+07
 0.78345496192524E+07
 0.78378603297846E+07
 0.78412474899227E+07
 0.78446768276415E+07
 0.78481665622764E+07
 0.78516802571059E+07
 0.78552185628987E+07
 0.78587775283813E+07
 0.78623198376992E+07
 0.78658106769739E+07
 0.78692843974770E+07
 0.78726605819089E+07
 0.78758903111028E+07
 0.78791143092105E+07
 0.78820536444906E+07
 0.78848071925480E+07
 0.78874084346956E+07
 0.78896432793794E+07
 0.78917072931748E+07
 0.78933487219501E+07
 0.78944626304387E+07
 0.78952638385335E+07
 0.78954742038927E+07
 0.78952873367182E+07
 0.78944395738262E+07
 0.78927617177678E+07
 0.78906065966158E+07
 0.78874785524140E+07
 0.78836058084447E+07
 0.78787539129138E+07
 0.78729927575316E+07
 0.78659400633508E+07
 0.78579228404609E+07
 0.78485791349638E+07
 0.78378813142766E+07
 0.78257351217250E+07
 0.78120855052909E+07
 0.77969689978011E+07
 0.77799712907303E+07
 0.77611164105111E+07
 0.77404135869833E+07
 0.77176240417179E+07
 0.76926840070061E+07
 0.76652717897106E+07
 0.76353506869400E+07
 0.76029511114419E+07
 0.75678135571173E+07
 0.75295773438582E+07
 0.74882753178224E+07
 0.74437454528137E+07
 0.73956898512462E+07
 0.73440073253438E+07
 0.72883940863962E+07
 0.72286489184911E+07
 0.71645886991037E+07
 0.70959380216747E+07
 0.70223621755061E+07
 0.69435734071181E+07
 0.68593539973792E+07
 0.67694932611585E+07
 0.66731352938400E+07
 0.65704028822874E+07
 0.64610159811549E+07
 0.63444016199283E+07
 0.62197941370438E+07
 0.60870997137580E+07
 0.59454794026224E+07
 0.57942643301659E+07
 0.56337882563786E+07
 0.54628772263111E+07
 0.52808195192815E+07
 0.50866419373381E+07
 0.48803757932181E+07
 0.46614212798840E+07
 0.44291462282796E+07
 0.41811433098189E+07
 0.39180285360240E+07
 0.36409807900216E+07
 0.33497297363391E+07
 0.30441759066712E+07
 0.27226981070335E+07
 0.23904521907246E+07
 0.20513610131872E+07
 0.17089886270561E+07
 0.13673684371444E+07
 0.10388681618964E+07
 0.72649194900875E+06
 0.43755419781901E+06
 0.18096401432004E+06
-0.45577448611494E+05
-0.23823466371075E+06
-0.39857134440375E+06
-0.52822122052115E+06
-0.63085009049466E+06
-0.71046146434163E+06
-0.76982029069972E+06
-0.81182067391979E+06
-0.83967462956244E+06
-0.85538627108484E+06
-0.86161127358317E+06
-0.85981892596649E+06
-0.85178510765485E+06
-0.83869957131058E+06
-0.82147292839040E+06
-0.80128716618134E+06
-0.77880341486697E+06
-0.75455575990092E+06
-0.72911241691301E+06
-0.70289130846777E+06
-0.67623021311389E+06
-0.64942178240031E+06
-0.62267173405722E+06
-0.59619277671991E+06
-0.57013683257386E+06
-0.54457930542734E+06
-0.51963205151027E+06
-0.49536894356981E+06
-0.47187774667010E+06
-0.44912402662112E+06
-0.42717573956144E+06
-0.40603713686441E+06
-0.38570743559789E+06
-0.36620385867124E+06
-0.34754449964796E+06
-0.32962523050487E+06
-0.31250766721705E+06
-0.29621125813628E+06
-0.28061381108705E+06
-0.26572197288986E+06
-0.25161355735556E+06
-0.23812328206185E+06
-0.22531875098466E+06
-0.21308704578442E+06
-0.20157418361605E+06
-0.19057511751757E+06
-0.18016343696538E+06
-0.17021269426052E+06
-0.16085443513994E+06
-0.15192948400826E+06
-0.14353714152580E+06
-0.13555030482207E+06
-0.12800376843554E+06
-0.12084331861011E+06
-0.11408442565795E+06
-0.10767214052557E+06
-0.10160238822985E+06
-0.95880131537763E+05
-0.90482989047236E+05
-0.85407112671872E+05
-0.80594870450800E+05
-0.76026081401789E+05
-0.71737455690003E+05
-0.67704546859253E+05
-0.63883939492070E+05
-0.60305948437959E+05
-0.56895670174667E+05
-0.53721247705410E+05
-0.50693693000241E+05
-0.47881185172451E+05
-0.45216010628073E+05
-0.42706820956676E+05
-0.40351392911166E+05
-0.38146864743339E+05
-0.36058692065443E+05
-0.34107009801268E+05
-0.32258118029805E+05
-0.30542100568179E+05
-0.28935564588587E+05
-0.27423115610482E+05
-0.26006888389611E+05
-0.24673936618745E+05
-0.23446632456654E+05
-0.22278303151242E+05
-0.21198922044571E+05
-0.20178487840448E+05
-0.19222679728487E+05
-0.18344689096658E+05
-0.17514773449215E+05
-0.16756792116936E+05
-0.16045566868374E+05
-0.15387048075238E+05
-0.14763988166166E+05
-0.14197648070249E+05
-0.13677503810696E+05
-0.13177967226010E+05
-0.12729549556747E+05
-0.12315301920104E+05
-0.11917367238412E+05
-0.11574212134086E+05
-0.11247231022988E+05
-0.10955545525269E+05
-0.10669398076383E+05
-0.10423549803948E+05
-0.10202008326556E+05
-0.99899860522967E+04
-0.98084158261157E+04
-0.96402213576382E+04
-0.94854014243491E+04
-0.93554887268453E+04
-0.92300590385705E+04
-0.91210612967337E+04
-0.90289186310702E+04
-0.89425521803299E+04
-0.88783616691574E+04
-0.88093916747055E+04
-0.87618596384121E+04
-0.87194040871567E+04
-0.86823369289232E+04
-0.86567381688131E+04
-0.86334012449444E+04
-0.86187822345903E+04
-0.86150054927211E+04
-0.86056212047990E+04
-0.86130058523849E+04
-0.86128292385682E+04
-0.86238780784330E+04
-0.86410574935617E+04
-0.86590302894223E+04
-0.86762226354387E+04
-0.86974347194287E+04
-0.87224563903294E+04
-0.87507198613250E+04
-0.87785994677272E+04
-0.88082199082215E+04
-0.88427466686405E+04
-0.88710797246709E+04
-0.89009952969249E+04
-0.89385294203479E+04
-0.89712904181628E+04
-0.90040068409895E+04
-0.90451383569217E+04
-0.90749699519673E+04
-0.91090612971931E+04
-0.91436381597114E+04
-0.91789875086657E+04
-0.92112476175845E+04
-0.92465568628518E+04
-0.92786138438841E+04
-0.93101150915553E+04
-0.93431013879702E+04
-0.93754982781625E+04
-0.94076406965148E+04
-0.94376645961962E+04
-0.94607897332395E+04
-0.94927795359230E+04
-0.95175184162700E+04
-0.95427685605600E+04
-0.95697380810029E+04
-0.95885000790186E+04
-0.96133422642465E+04
-0.96328380548642E+04
-0.96520946229751E+04
-0.96708654383708E+04
