 0.67197792076794E+03
 0.67197792076794E+03
 0.67197792076794E+03
 0.67197792076794E+03
 0.67197792076794E+03
 0.67197823877565E+03
 0.67197734998231E+03
 0.67197756846389E+03
 0.67197660663052E+03
 0.67195495340662E+03
 0.67205188985754E+03
 0.67192827157642E+03
 0.67949582194605E+03
 0.67190633634510E+03
 0.67942965274651E+03
 0.67947477267217E+03
 0.67945973341692E+03
 0.67194430781119E+03
 0.67189565001415E+03
 0.67943922909098E+03
 0.67948116345067E+03
 0.67193348285430E+03
 0.67190637251652E+03
 0.67935649220359E+03
 0.68187112511664E+03
 0.67944640513786E+03
 0.67948488815090E+03
 0.67944277866714E+03
 0.68184911759069E+03
 0.67936099943456E+03
 0.67201552754088E+03
 0.67939774633110E+03
 0.67233505418377E+03
 0.67256854409264E+03
 0.67199762184653E+03
 0.67282131750963E+03
 0.67215031000604E+03
 0.67225567383800E+03
 0.67321851398677E+03
 0.67238541734805E+03
 0.67931665919758E+03
 0.67289264792164E+03
 0.67199240170605E+03
 0.67347505522211E+03
 0.67447814855360E+03
 0.67452858164867E+03
 0.67430566739715E+03
 0.67321371693235E+03
 0.67253585422212E+03
 0.67434178637656E+03
 0.67234251118060E+03
 0.67552102959247E+03
 0.67333450519400E+03
 0.67287954403882E+03
 0.67299459203774E+03
 0.67595039426266E+03
 0.68077880935053E+03
 0.67213762546676E+03
 0.67728874092964E+03
 0.67364617053939E+03
 0.67577083164791E+03
 0.67478479754428E+03
 0.68114546054328E+03
 0.67418075833260E+03
 0.67847001446811E+03
 0.67453728474611E+03
 0.67535581224843E+03
 0.67563820910728E+03
 0.67637439762389E+03
 0.67293138500225E+03
 0.67845758548664E+03
 0.67931236154233E+03
 0.68185965376159E+03
 0.67841357316950E+03
 0.67859853142763E+03
 0.67638524790896E+03
 0.68264893963498E+03
 0.67939010527749E+03
 0.67396050808092E+03
 0.67379461524203E+03
 0.67660476723377E+03
 0.68102394644736E+03
 0.67795252650037E+03
 0.68083062276023E+03
 0.67488112739733E+03
 0.67646446977494E+03
 0.67761293200629E+03
 0.67396890921138E+03
 0.67802439564356E+03
 0.67636769680095E+03
 0.67603725208827E+03
 0.68123170376318E+03
 0.67724489675031E+03
 0.68204117577075E+03
 0.67564378162330E+03
 0.68701071112817E+03
 0.67759230478538E+03
 0.68552008397852E+03
 0.68293560363383E+03
 0.68102803149642E+03
 0.68044245593575E+03
 0.68255084819083E+03
 0.68077250216905E+03
 0.68867490802861E+03
 0.68319713341243E+03
 0.68290321688818E+03
 0.68222285800882E+03
 0.68282563276711E+03
 0.69291906026878E+03
 0.68649467000037E+03
 0.68919923431914E+03
 0.68580429411234E+03
 0.68965594044239E+03
 0.69388881003209E+03
 0.69096924064195E+03
 0.69042655325994E+03
 0.69281547322462E+03
 0.69206710328793E+03
 0.69014944940033E+03
 0.70210709979606E+03
 0.69915951525648E+03
 0.70091266588695E+03
 0.70113544017979E+03
 0.70082361361236E+03
 0.69896534422202E+03
 0.70341376834987E+03
 0.69889545046668E+03
 0.70072247645700E+03
 0.70406651848597E+03
 0.70654133351438E+03
 0.70444496458467E+03
 0.70906162651720E+03
 0.71540309211027E+03
 0.72093179327389E+03
 0.71830824827567E+03
 0.71736663782096E+03
 0.71923878409814E+03
 0.72522848731011E+03
 0.72597659812289E+03
 0.71707505948865E+03
 0.72014893517860E+03
 0.71990919310881E+03
 0.73096379484467E+03
 0.72778936913004E+03
 0.73338926258095E+03
 0.73343958491568E+03
 0.73271182077566E+03
 0.73803099639725E+03
 0.74484451143126E+03
 0.73444972092815E+03
 0.75025239031825E+03
 0.74483569229902E+03
 0.75082438028880E+03
 0.74369503757370E+03
 0.74879326442973E+03
 0.75240216266642E+03
 0.75173027158519E+03
 0.76178559626898E+03
 0.75475080521931E+03
 0.76428683464167E+03
 0.76912854500722E+03
 0.77292151821507E+03
 0.76356919395261E+03
 0.77539168363248E+03
 0.77266861320341E+03
 0.78161903424570E+03
 0.77753657247033E+03
 0.77756768330288E+03
 0.77976180510038E+03
 0.78736108822821E+03
 0.77929857765845E+03
 0.78211390406924E+03
 0.78403139594820E+03
 0.79834340245249E+03
 0.79423226372514E+03
 0.79806690416166E+03
 0.79658196671829E+03
 0.80460470937223E+03
 0.79754294716956E+03
 0.81112607828014E+03
 0.80719408725143E+03
 0.81766198414891E+03
 0.82199210765825E+03
 0.81184718188310E+03
 0.81665223954322E+03
 0.81644244205406E+03
 0.82316370288741E+03
 0.82810492897819E+03
 0.82234616936498E+03
 0.82491508016408E+03
 0.83072724106501E+03
 0.83730956826486E+03
 0.84125499129897E+03
 0.84986221338076E+03
 0.83881222656481E+03
 0.84428968927757E+03
 0.84062015854282E+03
 0.85152620576364E+03
 0.85384761875221E+03
 0.86487967574823E+03
 0.86871071436789E+03
 0.86637791126974E+03
 0.85720566984940E+03
 0.86202362234025E+03
 0.86874541250369E+03
 0.87316105931859E+03
 0.87254478767526E+03
 0.87453496569439E+03
 0.88120989550833E+03
 0.87208244001346E+03
 0.87890076033576E+03
 0.87839336392079E+03
 0.89773153419694E+03
 0.89648045688402E+03
 0.89600340942159E+03
 0.89930849501136E+03
 0.89096347224460E+03
 0.90169422546512E+03
 0.90282662155216E+03
 0.90626758644584E+03
 0.90756745484116E+03
 0.90456909953609E+03
 0.91909654676114E+03
 0.90735848198090E+03
 0.91535797391163E+03
 0.92279955115344E+03
 0.91886859979807E+03
 0.92186975191735E+03
 0.93086626503386E+03
 0.93936217169244E+03
 0.93340169414295E+03
 0.94173369444932E+03
 0.94519916405864E+03
 0.93941811381070E+03
 0.94804581709850E+03
 0.94764334659290E+03
 0.95728099538111E+03
 0.95402203917600E+03
 0.96788727057407E+03
 0.95653001611918E+03
 0.96637711527236E+03
 0.95866306873313E+03
 0.96862970382413E+03
 0.97504450381819E+03
 0.97308036673101E+03
 0.97523355381431E+03
 0.97809338118055E+03
 0.98845701815210E+03
 0.97765687052001E+03
 0.99121387880480E+03
 0.99720344285590E+03
 0.98695374544784E+03
 0.98764811840528E+03
 0.10051728825156E+04
 0.99240684783612E+03
 0.10098737104556E+04
 0.10086540316709E+04
 0.10160112711333E+04
 0.10081097714833E+04
 0.10187539053006E+04
 0.10150059294588E+04
 0.10220370425130E+04
 0.10278725665924E+04
 0.10262356623582E+04
 0.10388300936111E+04
 0.10383561134711E+04
 0.10260825259781E+04
 0.10352508387603E+04
 0.10381301953821E+04
 0.10511944573199E+04
 0.10366331700319E+04
 0.10510351158385E+04
 0.10412118113820E+04
 0.10589855664676E+04
 0.10632491370709E+04
 0.10596325536404E+04
 0.10617304850854E+04
 0.10627788298924E+04
 0.10692273235050E+04
 0.10633811483903E+04
 0.10690364238973E+04
 0.10669378344492E+04
 0.10808844226414E+04
 0.10902244082877E+04
 0.10842958702112E+04
 0.10907902280828E+04
 0.10821213989231E+04
 0.10859242621763E+04
 0.10894784829689E+04
 0.10981922213563E+04
 0.11062870076151E+04
 0.11050841912470E+04
 0.11018647741097E+04
 0.11017731992994E+04
 0.11153537230250E+04
 0.11112254710352E+04
 0.11238992723108E+04
 0.11151056730054E+04
 0.11198404476290E+04
 0.11244547614535E+04
