 0.10813086768930E+04
 0.10813086768930E+04
 0.10813086768930E+04
 0.10813086768930E+04
 0.10813086768930E+04
 0.10813086768930E+04
 0.10813086768930E+04
 0.10813086768930E+04
 0.10813086768930E+04
 0.10813001936183E+04
 0.10814168631599E+04
 0.10812570832628E+04
 0.10811551961542E+04
 0.10812320685437E+04
 0.10810722137684E+04
 0.10811364702020E+04
 0.10811003400226E+04
 0.10812669424037E+04
 0.10812031220861E+04
 0.10810840125707E+04
 0.10811366249169E+04
 0.10812648701833E+04
 0.10812242502846E+04
 0.10809762595047E+04
 0.10809137327792E+04
 0.10810937088961E+04
 0.10811414994486E+04
 0.10810820803947E+04
 0.10808802571960E+04
 0.10809793061250E+04
 0.10813664666338E+04
 0.10810378720290E+04
 0.10817655450042E+04
 0.10820758751793E+04
 0.10813371426991E+04
 0.10824013184859E+04
 0.10815349280854E+04
 0.10816754987380E+04
 0.10763952214012E+04
 0.10818416995054E+04
 0.10809319995708E+04
 0.10824824431708E+04
 0.10813490728214E+04
 0.10767281070798E+04
 0.10779991693669E+04
 0.10780674394205E+04
 0.10777828732696E+04
 0.10763968146039E+04
 0.10820412483780E+04
 0.10778442234411E+04
 0.10817986207413E+04
 0.10793539371086E+04
 0.10765670402397E+04
 0.10824918684593E+04
 0.10761505772863E+04
 0.10799238645577E+04
 0.10795659864770E+04
 0.10815838786495E+04
 0.10816602048232E+04
 0.10770211739538E+04
 0.10797497920796E+04
 0.10785021079517E+04
 0.10801043988572E+04
 0.10777806308157E+04
 0.10767488247480E+04
 0.10782934269518E+04
 0.10793603138127E+04
 0.10862182988388E+04
 0.10807338945885E+04
 0.10892717147742E+04
 0.10834909487794E+04
 0.10846147166733E+04
 0.10813813675027E+04
 0.10835969482036E+04
 0.10773677641290E+04
 0.10811646228594E+04
 0.10761588351565E+04
 0.10786244556691E+04
 0.10848484918419E+04
 0.10847611669905E+04
 0.10817770347097E+04
 0.10811162828116E+04
 0.10839308912145E+04
 0.10877272848685E+04
 0.10802039777980E+04
 0.10825422275842E+04
 0.10839840718089E+04
 0.10863031134033E+04
 0.10849310554994E+04
 0.10830707354180E+04
 0.10831260573697E+04
 0.10767972187797E+04
 0.10849900112317E+04
 0.10783499781695E+04
 0.10773149777101E+04
 0.10851589183430E+04
 0.10804601815964E+04
 0.10840789922255E+04
 0.10812849793448E+04
 0.10794254844020E+04
 0.10790259025239E+04
 0.10823309594505E+04
 0.10807509651494E+04
 0.10776739114501E+04
 0.10848590074750E+04
 0.10784593733004E+04
 0.10852373185259E+04
 0.10869343225388E+04
 0.10865161047664E+04
 0.10802422999659E+04
 0.10781411459722E+04
 0.10882694199398E+04
 0.10809091048266E+04
 0.10865139714862E+04
 0.10841633251613E+04
 0.10778088392850E+04
 0.10878297990070E+04
 0.10878397211159E+04
 0.10860746047526E+04
 0.10869919597745E+04
 0.10846789129288E+04
 0.10742720179956E+04
 0.10752647396428E+04
 0.10818460425648E+04
 0.10808150589332E+04
 0.10863081202901E+04
 0.10769554413953E+04
 0.10797899818210E+04
 0.10774181602957E+04
 0.10809170482915E+04
 0.10736067854698E+04
 0.10714427752704E+04
 0.10794309773631E+04
 0.10726411174104E+04
 0.10711810248216E+04
 0.10714449908577E+04
 0.10799608205691E+04
 0.10810937377574E+04
 0.10762463469434E+04
 0.10815450903061E+04
 0.10800411750960E+04
 0.10810779020788E+04
 0.10725217661413E+04
 0.10707294067992E+04
 0.10769892389968E+04
 0.10705297026150E+04
 0.10792279500320E+04
 0.10770753183117E+04
 0.10789111703516E+04
 0.10842730522986E+04
 0.10728756449355E+04
 0.10824934504941E+04
 0.10757035469097E+04
 0.10785699445750E+04
 0.10822157046287E+04
 0.10740766067457E+04
 0.10758402321170E+04
 0.10847546778206E+04
 0.10725572480575E+04
 0.10764551670777E+04
 0.10749891110994E+04
 0.10724748019452E+04
 0.10853274320833E+04
 0.10841530389278E+04
 0.10758842424648E+04
 0.10783192005246E+04
 0.10766174330451E+04
 0.10770385197783E+04
 0.10813541375681E+04
 0.10748139457699E+04
 0.10751826047975E+04
 0.10860832151175E+04
 0.10816322224549E+04
 0.10883013301853E+04
 0.10860749231722E+04
 0.10846347756049E+04
 0.10848196763187E+04
 0.10923323232883E+04
 0.10940143465061E+04
 0.10855570003568E+04
 0.10829075247905E+04
 0.10973256398463E+04
 0.10982744104448E+04
 0.10910642094920E+04
 0.10885440800339E+04
 0.10983732296893E+04
 0.10898915186929E+04
 0.10889007014335E+04
 0.10928491636704E+04
 0.11015393807922E+04
 0.11008477108893E+04
 0.10933297731935E+04
 0.11053905469310E+04
 0.10990417039548E+04
 0.11044275291033E+04
 0.11116277295602E+04
 0.11102072033781E+04
 0.11047541514967E+04
 0.11077643145066E+04
 0.11182271142360E+04
 0.11081440982161E+04
 0.11073702974407E+04
 0.11161321367148E+04
 0.11120663050817E+04
 0.11232158669125E+04
 0.11173637825996E+04
 0.11180723684537E+04
 0.11203044926118E+04
 0.11270143139903E+04
 0.11205145532160E+04
 0.11203453832795E+04
 0.11345018967520E+04
 0.11303258605210E+04
 0.11376765801514E+04
 0.11309648345344E+04
 0.11422483048697E+04
 0.11436892568221E+04
 0.11463574748185E+04
 0.11483782855582E+04
 0.11360522691082E+04
 0.11392353804892E+04
 0.11518398260334E+04
 0.11508762801649E+04
 0.11497739741890E+04
 0.11498116628706E+04
 0.11570161756357E+04
 0.11536736977302E+04
 0.11583630971210E+04
 0.11668666843940E+04
 0.11596148357844E+04
 0.11709968818154E+04
 0.11633869649751E+04
 0.11673995374849E+04
 0.11792052131026E+04
 0.11716404360741E+04
 0.11792459808801E+04
 0.11735935313563E+04
 0.11796606330363E+04
 0.11767668218061E+04
 0.11907984475123E+04
 0.11930757240335E+04
 0.11874159977462E+04
 0.11969119264610E+04
 0.11873589473432E+04
 0.11938086927284E+04
 0.11893584374660E+04
 0.12008077628563E+04
 0.11944195154357E+04
 0.12104246706476E+04
 0.12149503364666E+04
 0.12048285263691E+04
 0.12123122772820E+04
 0.12137039600767E+04
 0.12144252110126E+04
 0.12124179807336E+04
 0.12204148863480E+04
 0.12200164082973E+04
 0.12275855708672E+04
 0.12339645913226E+04
 0.12316532119779E+04
 0.12292426953910E+04
 0.12362653242985E+04
 0.12422516758482E+04
 0.12415946666746E+04
 0.12368354255450E+04
 0.12374193679697E+04
 0.12434016095985E+04
 0.12436193187519E+04
 0.12473319841333E+04
 0.12521126464553E+04
 0.12561383569407E+04
 0.12537140051094E+04
 0.12625385061072E+04
 0.12622343794186E+04
 0.12670356927135E+04
 0.12642446284943E+04
 0.12670476627600E+04
 0.12867810188771E+04
 0.12757332328653E+04
 0.12890698976961E+04
 0.12946169022310E+04
 0.12839774280313E+04
 0.12891768030423E+04
 0.12991134166972E+04
 0.12937053516764E+04
 0.13006706500327E+04
 0.13020578766247E+04
 0.13063107204169E+04
 0.13108481506711E+04
 0.13011609496782E+04
 0.13188115918948E+04
 0.13185223259452E+04
 0.13165980600035E+04
 0.13168091189378E+04
 0.13209795288172E+04
 0.13179206736137E+04
 0.13213504882664E+04
 0.13415593391244E+04
 0.13285348526328E+04
 0.13337609616521E+04
