 0.10000000133514E-09
 0.10000000133514E-09
 0.10000000133514E-09
 0.10000000133514E-09
 0.10000000133514E-09
 0.10000000133514E-09
 0.10000000133514E-09
 0.10000000133514E-09
 0.10000000133514E-09
 0.10000000133514E-09
 0.10000000133514E-09
 0.10000000133514E-09
 0.10000000133514E-09
 0.10000000133514E-09
 0.10000000133514E-09
 0.10000000133514E-09
 0.10249129425052E-07
 0.10249129425052E-07
 0.18121051990182E-06
 0.44467913063909E-06
 0.84519161286539E-06
 0.15165603342807E-05
 0.25902063102978E-05
 0.42384594886024E-05
 0.66800613136359E-05
 0.10185290929550E-04
 0.15080044148497E-04
 0.21748874520778E-04
 0.30637997853546E-04
 0.42257838025071E-04
 0.57183007738205E-04
 0.76047662732141E-04
 0.99557274378943E-04
 0.12847420454304E-03
 0.16361786359153E-03
 0.20588324305790E-03
 0.25620470411660E-03
 0.31559441383918E-03
 0.38510272593746E-03
 0.46582232782371E-03
 0.55896416263383E-03
 0.66573903376632E-03
 0.78737363300905E-03
 0.92524472309188E-03
 0.10807449420329E-02
 0.12608356494594E-02
 0.14563160004963E-02
 0.16738488453809E-02
 0.19150652891017E-02
 0.21816923646653E-02
 0.24751112665136E-02
 0.27975482616271E-02
 0.31498490564574E-02
 0.35348847909416E-02
 0.39545945329674E-02
 0.44099164605490E-02
 0.49036463067637E-02
 0.54375332634563E-02
 0.60140736379880E-02
 0.66338087756944E-02
 0.73016387779835E-02
 0.80168162329102E-02
 0.87831636443778E-02
 0.96036415936352E-02
 0.10477912881392E-01
 0.11413061030826E-01
 0.12407097448905E-01
 0.13462273523763E-01
 0.14584740967294E-01
 0.15774418972415E-01
 0.17036973948532E-01
 0.18373844124060E-01
 0.19785477381700E-01
 0.21277440389772E-01
 0.22853001120137E-01
 0.24512152651824E-01
 0.26264281345447E-01
 0.28109416406709E-01
 0.30044999279403E-01
 0.32085149122500E-01
 0.34226262786434E-01
 0.36474877135309E-01
 0.38833104814381E-01
 0.41307837568682E-01
 0.43914208754635E-01
 0.46633969737228E-01
 0.49489256701982E-01
 0.52484057509316E-01
 0.55613822966264E-01
 0.58899651039369E-01
 0.62331631410426E-01
 0.65922841626047E-01
 0.69694494473978E-01
 0.73648098662902E-01
 0.77770054662105E-01
 0.82079242556279E-01
 0.86627749551912E-01
 0.91383107764949E-01
 0.96374750148013E-01
 0.10162813491700E+00
 0.10718502357253E+00
 0.11302639569133E+00
 0.11923007913482E+00
 0.12585477409660E+00
 0.13298219230200E+00
 0.14072608270350E+00
 0.14925604497611E+00
 0.15907061881017E+00
 0.17056979419725E+00
 0.18382758199358E+00
 0.19839983610814E+00
 0.21138618208699E+00
 0.22111547452112E+00
 0.22858186096462E+00
 0.23476139337919E+00
 0.24013823812656E+00
 0.24508160565459E+00
 0.24973844724754E+00
 0.25422774283890E+00
 0.25859918665831E+00
 0.26290541676831E+00
 0.26717206704336E+00
 0.27142295834053E+00
 0.27567081615675E+00
 0.27991741592103E+00
 0.28417234518233E+00
 0.28844500030676E+00
 0.29274107679786E+00
 0.29705553771716E+00
 0.30139436446115E+00
 0.30575859560888E+00
 0.31014812363691E+00
 0.31455895793545E+00
 0.31899321512816E+00
 0.32345563518880E+00
 0.32793544323373E+00
 0.33243872327456E+00
 0.33696112550944E+00
 0.34150012133006E+00
 0.34605499825953E+00
 0.35062266592739E+00
 0.35520476922858E+00
 0.35979497076960E+00
 0.36439417496637E+00
 0.36900170805011E+00
 0.37360915381634E+00
 0.37822087065304E+00
 0.38283099939448E+00
 0.38744086144965E+00
 0.39204521796673E+00
 0.39664242283910E+00
 0.40123134829612E+00
 0.40581038568616E+00
 0.41037534952954E+00
 0.41492677914353E+00
 0.41946225542121E+00
 0.42397912265149E+00
 0.42847666878288E+00
 0.43295410510632E+00
 0.43740755407520E+00
 0.44183729137451E+00
 0.44624215692014E+00
 0.45062089621056E+00
 0.45497179374487E+00
 0.45929281762509E+00
 0.46358520279045E+00
 0.46784601752400E+00
 0.47207582259198E+00
 0.47627348186660E+00
 0.48043801912584E+00
 0.48456799257801E+00
 0.48866377482233E+00
 0.49272553882965E+00
 0.49675179720526E+00
 0.50074276571748E+00
 0.50469706487110E+00
 0.50861536923869E+00
 0.51249799637343E+00
 0.51634478589643E+00
 0.52015401844471E+00
 0.52392690739411E+00
 0.52766251512064E+00
 0.53136209644518E+00
 0.53502467929077E+00
 0.53865055525764E+00
 0.54224159997126E+00
 0.54579451271020E+00
 0.54931181773196E+00
 0.55279298690801E+00
 0.55623807811211E+00
 0.55964850090926E+00
 0.56302307252056E+00
 0.56636240209307E+00
 0.56966721730211E+00
 0.57293866284538E+00
 0.57617390233670E+00
 0.57937630834909E+00
 0.58254499019464E+00
 0.58568082932648E+00
 0.58878358693867E+00
 0.59185375428824E+00
 0.59489117458133E+00
 0.59789779219386E+00
 0.60087180824673E+00
 0.60381570427138E+00
 0.60672761618972E+00
 0.60961011467216E+00
 0.61246243935585E+00
 0.61528496289641E+00
 0.61807799256365E+00
 0.62084244980904E+00
 0.62357827039130E+00
 0.62628571349086E+00
 0.62896517997595E+00
 0.63161737044949E+00
 0.63424208774580E+00
 0.63684016134974E+00
 0.63941191305345E+00
 0.64195734183178E+00
 0.64447720083697E+00
 0.64697174789949E+00
 0.64944115506759E+00
 0.65188599308468E+00
 0.65430611730118E+00
 0.65670234070782E+00
 0.65907463709632E+00
 0.66142386566035E+00
 0.66374961239412E+00
 0.66605298707195E+00
 0.66833350985068E+00
 0.67059195521009E+00
 0.67282863307633E+00
 0.67504371471291E+00
 0.67723749075430E+00
 0.67941054414797E+00
 0.68156246730551E+00
 0.68369419570401E+00
 0.68580580896613E+00
 0.68789746102567E+00
 0.68996957500358E+00
 0.69202223152914E+00
 0.69405605883668E+00
 0.69607092952631E+00
 0.69806716493070E+00
 0.70004538315783E+00
 0.70200521475539E+00
 0.70394754399348E+00
 0.70587201418117E+00
 0.70777926861575E+00
 0.70966944424338E+00
 0.71154252371285E+00
 0.71339928797615E+00
 0.71523926338724E+00
 0.71706328567836E+00
 0.71887125758734E+00
 0.72066330224751E+00
 0.72243992530253E+00
 0.72420110061951E+00
 0.72594694355868E+00
 0.72767800504499E+00
 0.72939405180944E+00
 0.73109574160627E+00
 0.73278283626058E+00
 0.73445576126762E+00
 0.73611468705485E+00
 0.73775970681676E+00
 0.73939099839687E+00
 0.74100891060391E+00
 0.74261320318729E+00
 0.74420457696797E+00
 0.74578271783469E+00
 0.74734812005204E+00
 0.74890079876666E+00
 0.75044103059359E+00
 0.75196876679085E+00
 0.75348448529056E+00
 0.75498792788336E+00
 0.75647937467501E+00
 0.75795915775203E+00
 0.75942742377490E+00
 0.76088397813592E+00
 0.76232916248649E+00
 0.76376325189819E+00
 0.76518620634015E+00
 0.76659816647831E+00
 0.76799937996329E+00
 0.76938978046429E+00
 0.77076962952320E+00
 0.77213903595381E+00
 0.77349806931687E+00
 0.77484703515902E+00
 0.77618574475907E+00
 0.77751462068888E+00
 0.77883358004001E+00
 0.78014275754802E+00
 0.78144239917886E+00
 0.78273230688170E+00
 0.78401308086003E+00
 0.78528443487268E+00
 0.78654651138731E+00
