 0.53405578660231E+07
 0.53405578660231E+07
 0.53405578660231E+07
 0.53405578660231E+07
 0.53405578660231E+07
 0.53405578660231E+07
 0.53405578660231E+07
 0.53405578660231E+07
 0.53405578660231E+07
 0.53405578660231E+07
 0.53405578660232E+07
 0.53405578660234E+07
 0.53405578660238E+07
 0.53405578660235E+07
 0.53405578660229E+07
 0.53405578660228E+07
 0.53405578660221E+07
 0.53405578660210E+07
 0.53405578660193E+07
 0.53405578660168E+07
 0.53405578660177E+07
 0.53405578660124E+07
 0.53405578660078E+07
 0.53405578660014E+07
 0.53405578659952E+07
 0.53405578659911E+07
 0.53405578659975E+07
 0.53405578659799E+07
 0.53405578659559E+07
 0.53405578659383E+07
 0.53405578659366E+07
 0.53405578659068E+07
 0.53405578658978E+07
 0.53405578658916E+07
 0.53405578658400E+07
 0.53405578658141E+07
 0.53405578657569E+07
 0.53405578657911E+07
 0.53405578656748E+07
 0.53405578654752E+07
 0.53405578654730E+07
 0.53405578654544E+07
 0.53405578653815E+07
 0.53405578652220E+07
 0.53405578654657E+07
 0.53405578654250E+07
 0.53405578651303E+07
 0.53405578647026E+07
 0.53405578646299E+07
 0.53405578647044E+07
 0.53405578643801E+07
 0.53405578641834E+07
 0.53405578632645E+07
 0.53405578632685E+07
 0.53405578630136E+07
 0.53405578622796E+07
 0.53405578609280E+07
 0.53405578615863E+07
 0.53405578610847E+07
 0.53405578581969E+07
 0.53405578634147E+07
 0.53405578593903E+07
 0.53405578595658E+07
 0.53405578617212E+07
 0.53405578579037E+07
 0.53405578641518E+07
 0.53405578673635E+07
 0.53405578575386E+07
 0.53405578582218E+07
 0.53405578493301E+07
 0.53405578566392E+07
 0.53405578654432E+07
 0.53405578399595E+07
 0.53405578604555E+07
 0.53405578385756E+07
 0.53405578484719E+07
 0.53405578538346E+07
 0.53405578623541E+07
 0.53405578358878E+07
 0.53405578439375E+07
 0.53405578599801E+07
 0.53405578438692E+07
 0.53405578007999E+07
 0.53405578131778E+07
 0.53405578398418E+07
 0.53405578250133E+07
 0.53405578140784E+07
 0.53405578247650E+07
 0.53405578422740E+07
 0.53405579160431E+07
 0.53405578615987E+07
 0.53405578013531E+07
 0.53405578135917E+07
 0.53405579301155E+07
 0.53405578527108E+07
 0.53405577600244E+07
 0.53405578718069E+07
 0.53405578258959E+07
 0.53405577688117E+07
 0.53405578194007E+07
 0.53405579069187E+07
 0.53405577663685E+07
 0.53405577725753E+07
 0.53405577653860E+07
 0.53405578535390E+07
 0.53405578578464E+07
 0.53405578585741E+07
 0.53405580326889E+07
 0.53405581262235E+07
 0.53405578864516E+07
 0.53405577033733E+07
 0.53405575938198E+07
 0.53405575401672E+07
 0.53405576608657E+07
 0.53405576135340E+07
 0.53405575633839E+07
 0.53405575121203E+07
 0.53405574110159E+07
 0.53405574565592E+07
 0.53405576290081E+07
 0.53405577776726E+07
 0.53405575191290E+07
 0.53405578219757E+07
 0.53405585307804E+07
 0.53405582773000E+07
 0.53405578893878E+07
 0.53405571763162E+07
 0.53405576131819E+07
 0.53405568756204E+07
 0.53405571297589E+07
 0.53405567951666E+07
 0.53405574535863E+07
 0.53405567027404E+07
 0.53405563284039E+07
 0.53405569817993E+07
 0.53405555440633E+07
 0.53405570098806E+07
 0.53405579146096E+07
 0.53405576693827E+07
 0.53405575212120E+07
 0.53405571284367E+07
 0.53405574339562E+07
 0.53405577218844E+07
 0.53405573610768E+07
 0.53405579858104E+07
 0.53405562315762E+07
 0.53405570978816E+07
 0.53405560449205E+07
 0.53405558457799E+07
 0.53405566840476E+07
 0.53405549074118E+07
 0.53405553698009E+07
 0.53405560925897E+07
 0.53405563051307E+07
 0.53405581973872E+07
 0.53405562299422E+07
 0.53405573930514E+07
 0.53405565861940E+07
 0.53405574210962E+07
 0.53405562787521E+07
 0.53405557659907E+07
 0.53405559091785E+07
 0.53405546477682E+07
 0.53405564649691E+07
 0.53405552077115E+07
 0.53405545877757E+07
 0.53405547924555E+07
 0.53405545921671E+07
 0.53405562410962E+07
 0.53405549379993E+07
 0.53405545381938E+07
 0.53405553338428E+07
 0.53405558057128E+07
 0.53405552310623E+07
 0.53405546211102E+07
 0.53405563256298E+07
 0.53405539114991E+07
 0.53405547468163E+07
 0.53405550964179E+07
 0.53405572838482E+07
 0.53405550517041E+07
 0.53405539501790E+07
 0.53405522455849E+07
 0.53405558724599E+07
 0.53405538005632E+07
 0.53405545058562E+07
 0.53405528640314E+07
 0.53405534146976E+07
 0.53405533195183E+07
 0.53405542001326E+07
 0.53405521058103E+07
 0.53405532614818E+07
 0.53405543976452E+07
 0.53405548923750E+07
 0.53405539100578E+07
 0.53405518925065E+07
 0.53405518431519E+07
 0.53405529553060E+07
 0.53405539212482E+07
 0.53405513098760E+07
 0.53405533907471E+07
 0.53405511471922E+07
 0.53405520133088E+07
 0.53405505635077E+07
 0.53405528840908E+07
 0.53405498690913E+07
 0.53405511779110E+07
 0.53405514518654E+07
 0.53405521724137E+07
 0.53405500653652E+07
 0.53405504654356E+07
 0.53405509241832E+07
 0.53405537016894E+07
 0.53405516751539E+07
 0.53405522121022E+07
 0.53405524892454E+07
 0.53405513044870E+07
 0.53405516833321E+07
 0.53405515667953E+07
 0.53405522368080E+07
 0.53405510800792E+07
 0.53405519027626E+07
 0.53405547947061E+07
 0.53405543878488E+07
 0.53405560124341E+07
 0.53405546817218E+07
 0.53405548845585E+07
 0.53405545666912E+07
 0.53405568793379E+07
 0.53405555613871E+07
 0.53405528104560E+07
 0.53405548740138E+07
 0.53405549753500E+07
 0.53405558941845E+07
 0.53405576674331E+07
 0.53405554485466E+07
 0.53405573876574E+07
 0.53405565446578E+07
 0.53405595496430E+07
 0.53405581285726E+07
 0.53405565040810E+07
 0.53405583667759E+07
 0.53405566842067E+07
 0.53405569455869E+07
 0.53405580896661E+07
 0.53405553772720E+07
 0.53405559710143E+07
 0.53405575259380E+07
 0.53405557072168E+07
 0.53405585642124E+07
 0.53405540824966E+07
 0.53405557069827E+07
 0.53405536946136E+07
 0.53405555308752E+07
 0.53405542195568E+07
 0.53405537139536E+07
 0.53405551384176E+07
 0.53405557680612E+07
 0.53405517297425E+07
 0.53405552992913E+07
 0.53405517183507E+07
 0.53405543325747E+07
 0.53405549233831E+07
 0.53405530125874E+07
 0.53405526507556E+07
 0.53405521179530E+07
 0.53405533704686E+07
 0.53405537370310E+07
 0.53405522308424E+07
 0.53405523865771E+07
 0.53405530992688E+07
 0.53405510050945E+07
 0.53405517487976E+07
 0.53405526366567E+07
 0.53405512906638E+07
 0.53405514124615E+07
 0.53405525712020E+07
 0.53405487860859E+07
 0.53405510576944E+07
 0.53405519606109E+07
 0.53405517882473E+07
 0.53405504059427E+07
 0.53405513009112E+07
 0.53405507779842E+07
 0.53405493937414E+07
 0.53405518341152E+07
 0.53405494975159E+07
 0.53405481409818E+07
 0.53405466368829E+07
 0.53405463749868E+07
 0.53405497860773E+07
 0.53405443106196E+07
 0.53405477032248E+07
 0.53405463381859E+07
 0.53405445892789E+07
 0.53405468237521E+07
 0.53405465404142E+07
 0.53405460275140E+07
 0.53405465125272E+07
 0.53405466206759E+07
