 0.51033030801949E+03
 0.51033030801932E+03
 0.51033030801738E+03
 0.51033030806993E+03
 0.51033030954641E+03
 0.51033031525877E+03
 0.51033028379656E+03
 0.51032998622307E+03
 0.51032880068940E+03
 0.51032557665525E+03
 0.51031863193437E+03
 0.51030585482902E+03
 0.51028490316133E+03
 0.51025330912023E+03
 0.51020874320482E+03
 0.51014890926975E+03
 0.51007193437337E+03
 0.50997617329957E+03
 0.50986033205192E+03
 0.50972353874055E+03
 0.50953051880162E+03
 0.50934172545335E+03
 0.50913163883115E+03
 0.50890168362912E+03
 0.50865408171426E+03
 0.50839208169333E+03
 0.50811977836352E+03
 0.50784303630771E+03
 0.50756826950281E+03
 0.50730297960643E+03
 0.50705574270905E+03
 0.50683696880206E+03
 0.50665656438599E+03
 0.50652515856958E+03
 0.50645502069045E+03
 0.50645853292468E+03
 0.50654235623515E+03
 0.50671772241353E+03
 0.50699446339808E+03
 0.50738007958000E+03
 0.50787894687228E+03
 0.50849751717264E+03
 0.50923922718709E+03
 0.51010572959133E+03
 0.51109630722324E+03
 0.51221248486494E+03
 0.51345436430407E+03
 0.51481964383034E+03
 0.51630701873924E+03
 0.51791621577683E+03
 0.51964740967481E+03
 0.52150094076582E+03
 0.52347965692069E+03
 0.52558630122014E+03
 0.52782667257945E+03
 0.53020850460654E+03
 0.53274267636084E+03
 0.53544084505526E+03
 0.53831558327886E+03
 0.54139365606477E+03
 0.54469241174674E+03
 0.54824552230294E+03
 0.55208199430464E+03
 0.55625328136573E+03
 0.56080284545826E+03
 0.56579639291291E+03
 0.57131814346001E+03
 0.57743761081147E+03
 0.58430979933296E+03
 0.59207189985092E+03
 0.60095075455085E+03
 0.61120111797329E+03
 0.62316979586492E+03
 0.63744392934604E+03
 0.65472934086808E+03
 0.67621394874715E+03
 0.70377307434146E+03
 0.74078485017880E+03
 0.79324548206776E+03
 0.87612208404140E+03
 0.10323418710632E+04
 0.15132599275002E+04
