 0.98444459134164E+00
 0.98444459134164E+00
 0.98444459134164E+00
 0.98444459134164E+00
 0.98444459134164E+00
 0.98444459134164E+00
 0.98444459134164E+00
 0.98444459134164E+00
 0.98444459134164E+00
 0.98444459763444E+00
 0.98444429401300E+00
 0.98444472865203E+00
 0.98444477837906E+00
 0.98444469753260E+00
 0.98444461697639E+00
 0.98444436305912E+00
 0.98444495910910E+00
 0.98444473861220E+00
 0.98444478790643E+00
 0.98444462091361E+00
 0.98444462345588E+00
 0.98444493245485E+00
 0.98444461565233E+00
 0.98444462952320E+00
 0.98444470506063E+00
 0.98444481443056E+00
 0.98444481757877E+00
 0.98444458690383E+00
 0.98444450048589E+00
 0.98444503611873E+00
 0.98444483207418E+00
 0.98444492075136E+00
 0.98444476906474E+00
 0.98445413811584E+00
 0.98444393958190E+00
 0.98444689191091E+00
 0.98444471412578E+00
 0.98444734785008E+00
 0.98445458204473E+00
 0.98444474452124E+00
 0.98445603292370E+00
 0.98445743223811E+00
 0.98444462626308E+00
 0.98445956231528E+00
 0.98444857279785E+00
 0.98444819671360E+00
 0.98444667207776E+00
 0.98444458517045E+00
 0.98448860639862E+00
 0.98448222537150E+00
 0.98449132582955E+00
 0.98445170112631E+00
 0.98445711187137E+00
 0.98446459495502E+00
 0.98448477900188E+00
 0.98448607549941E+00
 0.98448540762737E+00
 0.98444512204236E+00
 0.98446768258527E+00
 0.98447148442142E+00
 0.98444333589015E+00
 0.98448720645267E+00
 0.98446457028163E+00
 0.98449209590968E+00
 0.98445680765708E+00
 0.98448816138680E+00
 0.98448819539354E+00
 0.98447762946757E+00
 0.98442704440418E+00
 0.98443140009229E+00
 0.98449004592307E+00
 0.98444417462877E+00
 0.98444954846009E+00
 0.98446150438940E+00
 0.98443031985827E+00
 0.98445186151902E+00
 0.98447335183028E+00
 0.98444494107339E+00
 0.98445995264869E+00
 0.98448670095897E+00
 0.98445183942499E+00
 0.98448975465051E+00
 0.98444437704926E+00
 0.98444608837934E+00
 0.98442758738880E+00
 0.98446411171414E+00
 0.98441794077271E+00
 0.98443576530315E+00
 0.98442930719261E+00
 0.98447193004715E+00
 0.98441864253365E+00
 0.98448933822592E+00
 0.98441986136626E+00
 0.98444373628872E+00
 0.98443272618227E+00
 0.98448911920631E+00
 0.98445012004056E+00
 0.98441343197151E+00
 0.98444808818419E+00
 0.98448916328716E+00
 0.98449512157167E+00
 0.98447978039541E+00
 0.98447655410223E+00
 0.98446148673381E+00
 0.98446765044293E+00
 0.98448545637664E+00
 0.98444148158336E+00
 0.98448432000341E+00
 0.98449171272969E+00
 0.98449480429010E+00
 0.98450615126386E+00
 0.98447669515147E+00
 0.98455484218282E+00
 0.98453735716709E+00
 0.98456668505644E+00
 0.98458252955453E+00
 0.98457585444556E+00
 0.98459333455371E+00
 0.98458126618512E+00
 0.98465525820494E+00
 0.98470576111039E+00
 0.98473878647999E+00
 0.98472149105163E+00
 0.98479164357642E+00
 0.98478911660773E+00
 0.98480776282489E+00
 0.98491397596346E+00
 0.98489700367307E+00
 0.98494352683942E+00
 0.98506327123558E+00
 0.98504817223067E+00
 0.98514121540048E+00
 0.98519397940704E+00
 0.98524310719366E+00
 0.98528268646023E+00
 0.98528226025463E+00
 0.98534755746292E+00
 0.98541853771431E+00
 0.98546977781009E+00
 0.98550751816302E+00
 0.98555364141546E+00
 0.98564206155115E+00
 0.98566601138588E+00
 0.98568358515810E+00
 0.98573577508756E+00
 0.98575532609697E+00
 0.98586439985694E+00
 0.98581826717643E+00
 0.98590088876646E+00
 0.98594460174711E+00
 0.98598225427012E+00
 0.98595260676181E+00
 0.98602839840968E+00
 0.98604286631168E+00
 0.98600675827196E+00
 0.98598747826796E+00
 0.98605706586989E+00
 0.98599216869718E+00
 0.98604579507798E+00
 0.98602926038878E+00
 0.98593707595621E+00
 0.98596323488586E+00
 0.98588537509746E+00
 0.98583733586331E+00
 0.98579983772394E+00
 0.98569089752760E+00
 0.98571503700597E+00
 0.98559972087146E+00
 0.98548030403081E+00
 0.98544273687614E+00
 0.98526938410650E+00
 0.98519606981925E+00
 0.98509013824115E+00
 0.98487228718418E+00
 0.98473978546413E+00
 0.98463240169345E+00
 0.98444139060117E+00
 0.98426518165254E+00
 0.98404029481766E+00
 0.98382540302051E+00
 0.98363964895424E+00
 0.98330881755951E+00
 0.98310111482982E+00
 0.98288389399761E+00
 0.98254860598772E+00
 0.98224969684296E+00
 0.98189655423296E+00
 0.98159371793204E+00
 0.98129073343218E+00
 0.98099403388622E+00
 0.98059026399605E+00
 0.98021589737472E+00
 0.97988144975265E+00
 0.97941286561387E+00
 0.97899568782203E+00
 0.97862114654896E+00
 0.97818045441824E+00
 0.97763634365996E+00
 0.97719126560507E+00
 0.97671944760310E+00
