 0.11124448542629E+04
 0.11124448542629E+04
 0.11124448542629E+04
 0.11124448542629E+04
 0.11124448542629E+04
 0.11124448542629E+04
 0.11124448542629E+04
 0.11124448542629E+04
 0.11124448542629E+04
 0.11124526923263E+04
 0.11122763418826E+04
 0.11125381591525E+04
 0.11125776487608E+04
 0.11125197602084E+04
 0.11124592698206E+04
 0.11123061257541E+04
 0.11127270976256E+04
 0.11125437308667E+04
 0.11125719838175E+04
 0.11124478068097E+04
 0.11124572871231E+04
 0.11126980112015E+04
 0.11124553468608E+04
 0.11124546691435E+04
 0.11125174704290E+04
 0.11125910915749E+04
 0.11125973576312E+04
 0.11124711595748E+04
 0.11124077143583E+04
 0.11128566399294E+04
 0.11126693567047E+04
 0.11127649669571E+04
 0.11126091106312E+04
 0.11069151057348E+04
 0.11121415216883E+04
 0.11063518233476E+04
 0.11125682118534E+04
 0.11063900965784E+04
 0.11069684411737E+04
 0.11127456410135E+04
 0.11070916512917E+04
 0.11072168975404E+04
 0.11125373852939E+04
 0.11073929054106E+04
 0.11064823897211E+04
 0.11064568786658E+04
 0.11063474407548E+04
 0.11126280078731E+04
 0.11112626301869E+04
 0.11100163768614E+04
 0.11123050392041E+04
 0.11067436054412E+04
 0.11071898452905E+04
 0.11078347517006E+04
 0.11105157195180E+04
 0.11107690960653E+04
 0.11105829958516E+04
 0.11128491852523E+04
 0.11081529045619E+04
 0.11086180101044E+04
 0.11120019887648E+04
 0.11155307114393E+04
 0.11186518660675E+04
 0.11128610708664E+04
 0.11071337148273E+04
 0.11110340500465E+04
 0.11151770587649E+04
 0.11091649482954E+04
 0.11082774025298E+04
 0.11093344164473E+04
 0.11117895138949E+04
 0.11120799732576E+04
 0.11125793690747E+04
 0.11188447220125E+04
 0.11213112978209E+04
 0.11197111246545E+04
 0.11176243010282E+04
 0.11157782057382E+04
 0.11189111857286E+04
 0.11158213607363E+04
 0.11196721353468E+04
 0.11126496479563E+04
 0.11160968917277E+04
 0.11202184046955E+04
 0.11091190296800E+04
 0.11184667018701E+04
 0.11191432223792E+04
 0.11102532610579E+04
 0.11096155142851E+04
 0.11088505164127E+04
 0.11080617285628E+04
 0.11134057303452E+04
 0.11190842739943E+04
 0.11162765516584E+04
 0.11212247889478E+04
 0.11149220015253E+04
 0.11149843101790E+04
 0.11198147826947E+04
 0.11105094365816E+04
 0.11102937742293E+04
 0.11150425048650E+04
 0.11084111066217E+04
 0.11187111889084E+04
 0.11155307235604E+04
 0.11199080673563E+04
 0.11074123721666E+04
 0.11196921577798E+04
 0.11112535111584E+04
 0.11133610572112E+04
 0.11118567063350E+04
 0.11110515282898E+04
 0.11069747378154E+04
 0.11088418575199E+04
 0.11148420423995E+04
 0.11076172279568E+04
 0.11069156903544E+04
 0.11099961878763E+04
 0.11112681351092E+04
 0.11191738933017E+04
 0.11183309168125E+04
 0.11102596234371E+04
 0.11128084914071E+04
 0.11105228017150E+04
 0.11086030138066E+04
 0.11147719968862E+04
 0.11178226587812E+04
 0.11081788156611E+04
 0.11172152495824E+04
 0.11199711793985E+04
 0.11120023883391E+04
 0.11067167177874E+04
 0.11067803375877E+04
 0.11167414286388E+04
 0.11063237059727E+04
 0.11171687815250E+04
 0.11181183579146E+04
 0.11169784242208E+04
 0.11094543399198E+04
 0.11104901427450E+04
 0.11190570146848E+04
 0.11073941935406E+04
 0.11075472594131E+04
 0.11051816461411E+04
 0.11074846629380E+04
 0.11133409592831E+04
 0.11164522548263E+04
 0.11099022855910E+04
 0.11065591100526E+04
 0.11171338207059E+04
 0.11108556263236E+04
 0.11147496293874E+04
 0.11108808601883E+04
 0.11123428280495E+04
 0.11131520369605E+04
 0.11071819128781E+04
 0.11198119365391E+04
 0.11172806382356E+04
 0.11102077905718E+04
 0.11128799181396E+04
 0.11171802206902E+04
 0.11116023922008E+04
 0.11210439184503E+04
 0.11204090726083E+04
 0.11151604131964E+04
 0.11124346009216E+04
 0.11256731666877E+04
 0.11199821791634E+04
 0.11266538229723E+04
 0.11188408911900E+04
 0.11210676932916E+04
 0.11316634828296E+04
 0.11283052479355E+04
 0.11238325132454E+04
 0.11348178682030E+04
 0.11309620219049E+04
 0.11263233536981E+04
 0.11333951057772E+04
 0.11323623392873E+04
 0.11370815790033E+04
 0.11390011485985E+04
 0.11327151787897E+04
 0.11300032068514E+04
 0.11429463019884E+04
 0.11373631569520E+04
 0.11375524325867E+04
 0.11440009800676E+04
 0.11492415765717E+04
 0.11495235416979E+04
 0.11406492756470E+04
 0.11419552995791E+04
 0.11443532008933E+04
 0.11486438023048E+04
 0.11490716491307E+04
 0.11511135259180E+04
 0.11509799606714E+04
 0.11530842598258E+04
 0.11570539918877E+04
 0.11554664693893E+04
 0.11675298262760E+04
 0.11673865349536E+04
