 0.68078073132365E+03
 0.68078073132365E+03
 0.68078073132365E+03
 0.68078073132365E+03
 0.68078073132365E+03
 0.68078077442978E+03
 0.68078114837779E+03
 0.68077935927660E+03
 0.68077870938202E+03
 0.68078667953001E+03
 0.68065784775778E+03
 0.68085097818366E+03
 0.68089076619930E+03
 0.68082913945398E+03
 0.68076670205368E+03
 0.68067849202368E+03
 0.68099516790277E+03
 0.68086864204391E+03
 0.68086994548749E+03
 0.68078387818848E+03
 0.68079173763995E+03
 0.68096991567887E+03
 0.68079500449630E+03
 0.68080446510678E+03
 0.68082441938066E+03
 0.68089652884198E+03
 0.68089459684192E+03
 0.68080516691746E+03
 0.68074994511856E+03
 0.68109098416722E+03
 0.68093400049853E+03
 0.68104159876398E+03
 0.68090688935845E+03
 0.68163911514091E+03
 0.68055243369258E+03
 0.68121065742310E+03
 0.68087588265813E+03
 0.68125444787260E+03
 0.68169583865429E+03
 0.68099718358480E+03
 0.68177939797582E+03
 0.67930800040807E+03
 0.68085551635695E+03
 0.67944687316297E+03
 0.68131069245722E+03
 0.68128402838314E+03
 0.68121492340798E+03
 0.68091906194458E+03
 0.67476600542954E+03
 0.67381804793039E+03
 0.67555446938160E+03
 0.68151936748285E+03
 0.68187563344429E+03
 0.67213606187868E+03
 0.67419180085575E+03
 0.67439169095860E+03
 0.67423865163077E+03
 0.68107938868404E+03
 0.67236457230477E+03
 0.67273914615574E+03
 0.68044858711606E+03
 0.67800417704870E+03
 0.68037443891127E+03
 0.67594936109067E+03
 0.68179669736946E+03
 0.67456997501721E+03
 0.67771461953234E+03
 0.67312448455124E+03
 0.67256944738697E+03
 0.67835624562164E+03
 0.67510892396508E+03
 0.68043377913120E+03
 0.67581518693201E+03
 0.68044501348245E+03
 0.67225040620983E+03
 0.68107816245066E+03
 0.67948862440234E+03
 0.67299781300775E+03
 0.68043412779994E+03
 0.67804230471306E+03
 0.68096879426713E+03
 0.67557921173697E+03
 0.67313253839060E+03
 0.68130874953764E+03
 0.67792959251475E+03
 0.67990119750261E+03
 0.67530018526063E+03
 0.67868139191310E+03
 0.67813719881961E+03
 0.68263137110344E+03
 0.67684012082241E+03
 0.68600664176965E+03
 0.68013230332535E+03
 0.67791590995522E+03
 0.68148818130496E+03
 0.68688958311311E+03
 0.68681091076036E+03
 0.68025455725174E+03
 0.68318766411918E+03
 0.68292647628137E+03
 0.68648456924246E+03
 0.68122735739186E+03
 0.68903237770353E+03
 0.68643518366933E+03
 0.68967653922882E+03
 0.68510803972454E+03
 0.68912551316683E+03
 0.69284006044254E+03
 0.69429595348884E+03
 0.69285266564580E+03
 0.69205017874053E+03
 0.69910492761063E+03
 0.69504300601577E+03
 0.69427406338347E+03
 0.69351581034271E+03
 0.70330691338771E+03
 0.69496122010307E+03
 0.70083819038539E+03
 0.69607977802671E+03
 0.70036971216648E+03
 0.70429441201447E+03
 0.70593184866168E+03
 0.70360852266660E+03
 0.70164337323896E+03
 0.70612977936273E+03
 0.70810253406904E+03
 0.70533118099545E+03
 0.71758727888847E+03
 0.70818039044170E+03
 0.71770271198453E+03
 0.71294015378850E+03
 0.72063895567542E+03
 0.71996737886617E+03
 0.72201553656351E+03
 0.71920645971435E+03
 0.71965579647719E+03
 0.71813741276777E+03
 0.72242646855757E+03
 0.73135048212039E+03
 0.72952734016966E+03
 0.73053895970573E+03
 0.73585508328852E+03
 0.73322550900504E+03
 0.74052540964120E+03
 0.73332501714991E+03
 0.73540580726092E+03
 0.74681416370017E+03
 0.73730926281464E+03
 0.73998705520133E+03
 0.74582004173374E+03
 0.74862840788997E+03
 0.75656653912449E+03
 0.75144433895971E+03
 0.75150098752669E+03
 0.75734771783247E+03
 0.76195443820519E+03
 0.76507185082056E+03
 0.75831623703916E+03
 0.75974393116240E+03
 0.76294079438072E+03
 0.76955725883508E+03
 0.77433342888606E+03
 0.77617417401055E+03
 0.77067552273786E+03
 0.77402974809229E+03
 0.77881565556831E+03
 0.77949209430127E+03
 0.77831039860592E+03
 0.78301712749478E+03
 0.79071231865283E+03
 0.78727559172287E+03
 0.79591376506261E+03
 0.79103001408322E+03
 0.80044893177103E+03
 0.79644787992225E+03
 0.80415571956084E+03
 0.81000995592652E+03
 0.80828801605637E+03
 0.81192486868086E+03
 0.81298313048178E+03
 0.80626713870665E+03
 0.81614868032212E+03
 0.81433202852684E+03
 0.81523668632862E+03
 0.82091568219108E+03
 0.82635864763995E+03
 0.83055452455871E+03
 0.83005569102437E+03
 0.82787575337830E+03
 0.82792805126208E+03
 0.82979205679336E+03
 0.83968376264635E+03
 0.84611524107460E+03
 0.84034207003707E+03
 0.84631990335891E+03
 0.84763463319684E+03
 0.85065727860630E+03
 0.84857439978061E+03
 0.85905680252485E+03
 0.85818953045643E+03
