   0.00000000000000000000000000000000000      
  -3.60721932503316607079200609419623137E-0041
  -1.52777638840841572649082379091021591E-0039
  -1.41544904212454553359189706333910904E-0038
  -4.38488694165274464943679556241835429E-0024
  -1.40396350316263639721065418954938756E-0024
  -9.72536944101565634266757348916059597E-0024
   3.10619862539877197490047193380737022E-0024
   1.81294428809369772495138287035487737E-0022
   1.92355374048129031013890760285054484E-0021
   7.89698123543852743792811520634962780E-0021
  -2.90155411273118912267701653968241522E-0020
  -5.44321445404740624025350920876114770E-0019
  -3.55083148930209505810729189574676123E-0018
  -1.53131988046413486778638106879113571E-0017
  -5.03145061324883338334508243486548743E-0017
  -1.34471300098878090446130883278299772E-0016
  -3.03619807922923449924318819252866626E-0016
  -5.92439598472603042127771911605844776E-0016
  -1.00805741883679341921165721286470174E-0015
  -1.47282888450911611775565252191065810E-0015
  -1.67635284653539524182945979337737735E-0015
  -6.35593042495751183122095654453044672E-0016
   4.55950912575233513044015194451298577E-0015
   2.19101718777556507804370080184968554E-0014
   7.13615875861682191597716772402326191E-0014
  -6.81828227422238856385582688758820763E-0011
   1.99051946961679908061898960713925893E-0010
  -8.63262160756896419248617310114308724E-0010
  -2.00237868710348206966202322677556979E-0009
   1.37357240727099915562585621477238035E-0008
   4.43905988600573391856956603826034118E-0008
   1.58733279478988794658977592298213559E-0008
  -4.34172812742875823692811710770057265E-0008
  -3.90029536479312821514369221021040962E-0008
  -2.58107012537650285135228899631349515E-0008
   5.21730646408986716850433578546891159E-0008
   1.35784137513528163181875299834498953E-0007
   1.20046426474294496023758302641897993E-0009
  -1.26913143110615175517027971166426247E-0007
  -1.04939002913571346157276398990444028E-0007
   2.02682677305398622355458482969483043E-0008
  -9.46221377042173783481714798159457949E-0008
   5.80012876074375370027470574842495636E-0008
  -3.97080907649172477185869720893401364E-0008
   1.38944242828962219299702701660028530E-0007
  -1.99026079337426189082378767396047537E-0008
   5.78818782558535861872184658632436556E-0008
   7.62328680839663743619365450293192889E-0008
   2.86402570529944498909698319424585353E-0008
   6.24399218057552338685669582726140085E-0008
   1.17698822380100425217618115722664667E-0007
   2.03961992070874928679393907172057286E-0007
   3.33867878360619976334955769429217372E-0007
   5.23806390069648027982031134538162619E-0007
   7.94661196183625957458689721937621300E-0007
   1.17266082607726080081392574371284610E-0006
   1.69024957479987360933967364078049724E-0006
   2.38706433399019586968650756453815162E-0006
   3.31096116742718391970705793345441004E-0006
   4.51908594467118747238709470599726850E-0006
   6.07900001932903495748876691041882984E-0006
   8.06984830933821932565220791874585527E-0006
   1.05835225948754049463848084983196924E-0005
   1.37259058023212970882191937683089733E-0005
   1.76180902216745102359303943956780788E-0005
   2.23976383286360254712150786210379422E-0005
   2.82197284219309138565440984738963300E-0005
   3.52585307131414999164884971597319623E-0005
   4.37082962057343787990327799328882413E-0005
   5.37850424108912353782516294219835785E-0005
   6.57262889287437004688375406188762497E-0005
   7.97944975055243746130376180974704382E-0005
   9.62766056458726002833759154689214804E-0005
   1.15485559652818461638378524412396989E-0004
   1.37761959862583743945083021359982946E-0004
   1.63475739558697180422931464650476163E-0004
   1.93022113092925715751154709801253582E-0004
   2.26834526902326324032711104726400038E-0004
   2.65374341370407306448665536356039610E-0004
   3.09133904596639817590398033918252963E-0004
   3.58645602298080137761813628899654429E-0004
   4.14473341086520857725591172628830696E-0004
   4.77222090413430347363319250270756046E-0004
   5.47532768533256610718916811520952978E-0004
   6.26088499733752120690286134810517506E-0004
   7.13613382574695821609396764670801128E-0004
   8.10874924220646921808877773785602475E-0004
   9.18688477886344205125832585730257486E-0004
   1.03791444144509952196422529862602067E-0003
   1.16945930190093259122272365649696984E-0003
   1.31432464630329733401424409510739805E-0003
   1.47342849832834897591310064261054472E-0003
   1.64792993678774632477274432023882300E-0003
   1.83894438632276718563318763209418968E-0003
   2.04763746271354856277897077258916512E-0003
   2.27531605601451671496153228125428795E-0003
   2.52321854499557239201329185508282953E-0003
   2.79292033976729185283738368186928843E-0003
   3.08573489701740766020125045365485044E-0003
   3.40349730177619948670855140604074008E-0003
   3.74676769985632466617733959290731713E-0003
   4.12003779125879053516164955796344009E-0003
   4.51954211853213132319706536942301487E-0003
   4.95505816974066176842406606633051312E-0003
   5.42246992725511763853862112964573893E-0003
   5.92719032246215700806823038414746536E-0003
   6.46983419793555946063330929755311870E-0003
   7.05090682478408899496300257229595073E-0003
   7.67677178081941596643038673770319831E-0003
   8.34842133364693332157065259456642296E-0003
   9.06956013006214221201935641338397302E-0003
   9.84389438161651983541735490770347427E-0003
   1.06730831149533610656502792318226924E-0002
   1.15595815229458216394292636028696540E-0002
   1.25045625200271230692287172505851470E-0002
   1.35164053332417152218003012170775378E-0002
   1.45993736229653700201021780167914479E-0002
   1.57550689810918956020982381470139278E-0002
   1.69889992888123013091967544432312330E-0002
   1.83059158159631284094096494145756926E-0002
   1.97085173531053955121493113484781363E-0002
   2.12076727297985581555065485848948709E-0002
   2.28031620455694366354963197608254697E-0002
   2.45000089540067357800866558422067018E-0002
   2.63110504184575658571141108849391723E-0002
   2.82374195567188382242835291689413435E-0002
   3.02847784919345032929613413661316806E-0002
   3.24628474969030508243540899074069817E-0002
   3.47775799840940259264316678552209046E-0002
   3.72370570473603602485536098584621156E-0002
   3.98478964177579132028224155441406618E-0002
   4.26154423025358502158464520085794736E-0002
   4.55543596529773445584811676148055997E-0002
   4.86644652253459357654809910785250877E-0002
   5.19520185166189358675293021871323174E-0002
   5.54282554579800932043314317443788353E-0002
   5.90766596763239862508949405587254670E-0002
   6.29834659591655515055079517851962838E-0002
   6.69897770389996110662527683583625773E-0002
   7.13012103154825753257335778691655454E-0002
   7.57582859164488912060570974122650217E-0002
   8.03661250547080379396734730718071871E-0002
   8.51770219526294318243338104836525822E-0002
   9.01418802161740760369667856450083960E-0002
   9.52352589016663909373742110087796380E-0002
  0.100428152838028413192234288475071423      
  0.105682734474354433534466509076437902      
  0.110961494841949261296496001658269043      
  0.116209007725012572181499299528501806      
  0.121367531908719060327082947756119692      
  0.126382606774850503999453451633764743      
  0.131224210746485640061679501558532282      
  0.135828383418857941682989266598142544      
  0.140157260655757860082096071707724828      
  0.144185597959035333056840662705820606      
  0.147921378152486226332197180016610111      
  0.151348961211815711815728264756775233      
  0.154492256172706624646082643878464989      
  0.157384160456305544515331039981000646      
  0.160061743774794752358459436567030677      
  0.162548109948588902361144491554403487      
  0.164885530839931036069089809154757963      
  0.167097917283613153560651895436702856      
  0.169201973931311225999726339027426175      
  0.171213707706843632901546123210866634      
  0.173144620764983373537844847645884263      
  0.174999881005859904154086340637461801      
  0.176786858829708975603229600055367306      
  0.178509313076070478395540555577233625      
  0.180170172940799580358755568941731567      
  0.181771518436407368401164603613857910      
  0.183317776865816709549892209144471200      
  0.184811708211898033909992334343043061      
  0.186253018910350972233594963498951195      
  0.187649055505607686719996597935820549      
  0.188995476044154688840975371709329792      
  0.190299306216730329692695580420880299      
  0.191560398395668677980748313743623694      
  0.192781008275291662130708223198018678      
  0.193963226175634319675800956664285382      
  0.195108473664248231071099323244496341      
  0.196218218481407925789416275252839923      
  0.197294206499716409613424425376495930      
  0.198338569843827232248647000782777816      
  0.199350996651953795750528470091270106      
  0.200333227762748861399611303334970439      
  0.201286675178308090620278051950316958      
  0.202212948005513916486005151088083022      
  0.203113891624302755584263584482078314      
  0.203988907482626839096781269974056633      
  0.204839248242476470595311342754759775      
  0.205664946131029712347198539361627072      
  0.206468317703024341720550161041524442      
  0.207251140569097736821404756120279904      
  0.208012628408401043767940759108717778      
  0.208753076199957936441206846973717254      
  0.209473306878560550809667206770284281      
  0.210175029622140929340675479676065832      
  0.210857525528354243884324628222747322      
