 0.64711256650257E-04
 0.64709709756573E-04
 0.64707129886363E-04
 0.64703514147858E-04
 0.64698860348324E-04
 0.64693165229199E-04
 0.64686421195812E-04
 0.64678622389569E-04
 0.64669759494625E-04
 0.64659830247712E-04
 0.64648821107148E-04
 0.64636724030771E-04
 0.64623531187236E-04
 0.64609231487943E-04
 0.64593817926404E-04
 0.64577279827469E-04
 0.64559602709307E-04
 0.64540779948860E-04
 0.64520799083004E-04
 0.64499645029216E-04
 0.64477303151277E-04
 0.64453756895125E-04
 0.64428992206990E-04
 0.64402988507628E-04
 0.64375721185425E-04
 0.64347170195267E-04
 0.64317309708314E-04
 0.64286110223536E-04
 0.64253556430505E-04
 0.64219609655301E-04
 0.64184243212273E-04
 0.64147434030710E-04
 0.64109157920695E-04
 0.64069380350423E-04
 0.64028091572709E-04
 0.63985256168238E-04
 0.63940896367414E-04
 0.63894952812114E-04
 0.63847448971867E-04
 0.63798402270886E-04
 0.63747782070156E-04
 0.63695618395264E-04
 0.63641954773404E-04
 0.63586747476779E-04
 0.63530084785273E-04
 0.63471960738439E-04
 0.63412433042380E-04
 0.63351553828653E-04
 0.63289362139902E-04
 0.63225890423919E-04
 0.63161232883452E-04
 0.63095428459269E-04
 0.63028537273963E-04
 0.62960651061374E-04
 0.62891722854195E-04
 0.62821963211821E-04
 0.62751388745977E-04
 0.62680084213893E-04
 0.62608027146182E-04
 0.62535306191294E-04
 0.62462085665786E-04
 0.62388332470805E-04
 0.62314140844841E-04
 0.62239533693833E-04
 0.62164627978712E-04
 0.62089394773949E-04
 0.62013827178896E-04
 0.61938240433147E-04
 0.61862185386494E-04
 0.61786276476205E-04
 0.61709961806938E-04
 0.61633671746241E-04
 0.61557092167556E-04
 0.61480527384955E-04
 0.61403777888496E-04
 0.61326820885969E-04
 0.61249638946328E-04
 0.61172144674728E-04
 0.61094241819445E-04
 0.61015990510327E-04
 0.60936909196282E-04
 0.60857104608622E-04
 0.60776506251977E-04
 0.60694432144105E-04
 0.60610842086396E-04
 0.60525127320602E-04
 0.60437198921049E-04
 0.60345990616260E-04
 0.60250616104843E-04
 0.60150114207533E-04
 0.60042666009340E-04
 0.59924821644177E-04
