 0.12287950801012E+01
 0.12287950884543E+01
 0.12287951262238E+01
 0.12287952304563E+01
 0.12287954541222E+01
 0.12287958681033E+01
 0.12287965729546E+01
 0.12287977303938E+01
 0.12287996166387E+01
 0.12288026798939E+01
 0.12288075825616E+01
 0.12288152124393E+01
 0.12288266801321E+01
 0.12288432698031E+01
 0.12288664055281E+01
 0.12288976227622E+01
 0.12289384481084E+01
 0.12289904691141E+01
 0.12290552405229E+01
 0.12291341973590E+01
 0.12292287245734E+01
 0.12293401620070E+01
 0.12294697175355E+01
 0.12296184850904E+01
 0.12297874286271E+01
 0.12299774971845E+01
 0.12301894519231E+01
 0.12304239802043E+01
 0.12306818316521E+01
 0.12309635212748E+01
 0.12312695045348E+01
 0.12316002892548E+01
 0.12319562950306E+01
 0.12323377995550E+01
 0.12327452316798E+01
 0.12331787270151E+01
 0.12336389750442E+01
 0.12341256788544E+01
 0.12346394557585E+01
 0.12351808510556E+01
 0.12357495704030E+01
 0.12363461527600E+01
 0.12369712734431E+01
 0.12376243174592E+01
 0.12383064123180E+01
 0.12390173700660E+01
 0.12397578545584E+01
 0.12405282982689E+01
 0.12413290894752E+01
 0.12421604168356E+01
 0.12430233160432E+01
 0.12439180959746E+01
 0.12448453662625E+01
 0.12458061972737E+01
 0.12467997630538E+01
 0.12478289078491E+01
 0.12488938127682E+01
 0.12499957140321E+01
 0.12511344672883E+01
 0.12523114280566E+01
 0.12535293081175E+01
 0.12547880170689E+01
 0.12560896719700E+01
 0.12574353194897E+01
 0.12588275407424E+01
 0.12602669305047E+01
 0.12617550450033E+01
 0.12632974650048E+01
 0.12648905455743E+01
 0.12665438211613E+01
 0.12682531129376E+01
 0.12700264419159E+01
 0.12718648305076E+01
 0.12737721786382E+01
 0.12757516821370E+01
 0.12778090989545E+01
 0.12799480955329E+01
 0.12821742918594E+01
 0.12844943918727E+01
 0.12869106030448E+01
 0.12894373436313E+01
 0.12920787036627E+01
 0.12948462400140E+01
 0.12977495236050E+01
 0.13008078177568E+01
 0.13040341357012E+01
 0.13074523788367E+01
 0.13110853368982E+01
 0.13149855658589E+01
 0.13191847593582E+01
 0.13237805322650E+01
 0.13289544543734E+01
