 0.53405578660231E+07
 0.53405578660231E+07
 0.53405578660231E+07
 0.53405578660231E+07
 0.53405578660231E+07
 0.53405578660231E+07
 0.53405578660231E+07
 0.53405578660231E+07
 0.53405578660231E+07
 0.53405578660231E+07
 0.53405578660232E+07
 0.53405578660234E+07
 0.53405578660238E+07
 0.53405578660235E+07
 0.53405578660229E+07
 0.53405578660228E+07
 0.53405578660221E+07
 0.53405578660210E+07
 0.53405578660193E+07
 0.53405578660168E+07
 0.53405578660177E+07
 0.53405578660124E+07
 0.53405578660078E+07
 0.53405578660015E+07
 0.53405578659954E+07
 0.53405578659915E+07
 0.53405578659983E+07
 0.53405578659813E+07
 0.53405578659571E+07
 0.53405578659404E+07
 0.53405578659404E+07
 0.53405578659116E+07
 0.53405578659049E+07
 0.53405578659014E+07
 0.53405578658522E+07
 0.53405578658296E+07
 0.53405578657752E+07
 0.53405578658137E+07
 0.53405578657010E+07
 0.53405578655051E+07
 0.53405578655045E+07
 0.53405578654877E+07
 0.53405578654139E+07
 0.53405578652520E+07
 0.53405578654909E+07
 0.53405578654409E+07
 0.53405578651320E+07
 0.53405578646851E+07
 0.53405578645837E+07
 0.53405578646229E+07
 0.53405578642519E+07
 0.53405578639985E+07
 0.53405578630107E+07
 0.53405578629294E+07
 0.53405578625682E+07
 0.53405578617159E+07
 0.53405578602226E+07
 0.53405578607216E+07
 0.53405578600297E+07
 0.53405578569275E+07
 0.53405578618945E+07
 0.53405578576089E+07
 0.53405578574689E+07
 0.53405578592807E+07
 0.53405578550763E+07
 0.53405578608969E+07
 0.53405578636388E+07
 0.53405578532954E+07
 0.53405578534094E+07
 0.53405578439008E+07
 0.53405578505226E+07
 0.53405578585815E+07
 0.53405578323013E+07
 0.53405578519565E+07
 0.53405578291214E+07
 0.53405578380044E+07
 0.53405578422519E+07
 0.53405578496303E+07
 0.53405578218943E+07
 0.53405578285561E+07
 0.53405578430824E+07
 0.53405578254704E+07
 0.53405577806836E+07
 0.53405577912540E+07
 0.53405578159564E+07
 0.53405577990233E+07
 0.53405577858484E+07
 0.53405577941199E+07
 0.53405578088654E+07
 0.53405578796483E+07
 0.53405578220283E+07
 0.53405577578446E+07
