 0.21140089951492E+08
 0.21140089951487E+08
 0.21140089951416E+08
 0.21140089951002E+08
 0.21140089949331E+08
 0.21140089944668E+08
 0.21140090048753E+08
 0.21140090529864E+08
 0.21140092253783E+08
 0.21140096868177E+08
 0.21140107191213E+08
 0.21140126663523E+08
 0.21140160645045E+08
 0.21140214943930E+08
 0.21140295300351E+08
 0.21140410023139E+08
 0.21140565506711E+08
 0.21140768956750E+08
 0.21141027347752E+08
 0.21141347846706E+08
 0.21141740635600E+08
 0.21142205009113E+08
 0.21142751757302E+08
 0.21143385452690E+08
 0.21144114207987E+08
 0.21144942977751E+08
 0.21145880749801E+08
 0.21146922061976E+08
 0.21148078201827E+08
 0.21149359380127E+08
 0.21150777410608E+08
 0.21152322185992E+08
 0.21154015230560E+08
 0.21155868484089E+08
 0.21157863615019E+08
 0.21160032648526E+08
 0.21162372638070E+08
 0.21164908038266E+08
 0.21167618941804E+08
 0.21170503991549E+08
 0.21173640749216E+08
 0.21176965592152E+08
 0.21180487827399E+08
 0.21184223558487E+08
 0.21188206651922E+08
 0.21192386216642E+08
 0.21196732482303E+08
 0.21201272953830E+08
 0.21206021825896E+08
 0.21210944226668E+08
 0.21215983940120E+08
 0.21221171308578E+08
 0.21226434379771E+08
 0.21231774809622E+08
 0.21237178478444E+08
 0.21242568564025E+08
 0.21247898530554E+08
 0.21253196140054E+08
 0.21258327847984E+08
 0.21263199172546E+08
 0.21268052428733E+08
 0.21272397651347E+08
 0.21276403134559E+08
 0.21280132166494E+08
 0.21283199244473E+08
 0.21285960512777E+08
 0.21287990891941E+08
 0.21289088185260E+08
 0.21289663709065E+08
 0.21289255534237E+08
 0.21288209272980E+08
 0.21286086138958E+08
 0.21282630536036E+08
 0.21278503206790E+08
 0.21272849694687E+08
 0.21266154112724E+08
 0.21258042432591E+08
 0.21248710809798E+08
 0.21237537565662E+08
 0.21225218495323E+08
 0.21211198484746E+08
 0.21195523757520E+08
 0.21178121813405E+08
 0.21159074185492E+08
 0.21138573349394E+08
 0.21116021714857E+08
 0.21091689839979E+08
 0.21065805299146E+08
 0.21038185366223E+08
 0.21008972869810E+08
 0.20977887222319E+08
 0.20945308958043E+08
 0.20911634570246E+08
 0.20876967027451E+08
 0.20841154269598E+08
 0.20804886037048E+08
 0.20769019171234E+08
 0.20733650585308E+08
 0.20700021795420E+08
 0.20669139876067E+08
 0.20642887487842E+08
 0.20623122613629E+08
 0.20613123057831E+08
 0.20617681453115E+08
 0.20643715349340E+08
 0.20701047289623E+08
 0.20805547486022E+08
 0.20985237012877E+08
 0.21275786965234E+08
 0.21720809314579E+08
 0.22352190025353E+08
 0.23162809998158E+08
 0.24094874463172E+08
 0.25085277350367E+08
 0.26083975715803E+08
 0.27048433927200E+08
 0.27968724813500E+08
 0.28838932854368E+08
 0.29658039569756E+08
 0.30423728936100E+08
 0.31137726607843E+08
 0.31802573540199E+08
 0.32429310247262E+08
 0.33013193565307E+08
 0.33553547143267E+08
 0.34054394206680E+08
 0.34518623838250E+08
 0.34952901746452E+08
 0.35353070198954E+08
 0.35719399946139E+08
 0.36056144058219E+08
 0.36366279933428E+08
 0.36645310686470E+08
 0.36899189188785E+08
 0.37128609732120E+08
 0.37330910483514E+08
 0.37511768702163E+08
 0.37669394699750E+08
 0.37804800048818E+08
 0.37918449967191E+08
 0.38011605894763E+08
 0.38085755109411E+08
 0.38141216121183E+08
 0.38178488760568E+08
 0.38198597447886E+08
 0.38202026513647E+08
 0.38189644815412E+08
 0.38161998811135E+08
 0.38119767513790E+08
 0.38063386151272E+08
 0.37994164337460E+08
 0.37911926749175E+08
 0.37816713863158E+08
 0.37710758095043E+08
 0.37593041203477E+08
 0.37465167008355E+08
 0.37326939168008E+08
 0.37179607364360E+08
 0.37022398020521E+08
 0.36857173389046E+08
 0.36684005478767E+08
 0.36502367233973E+08
 0.36313329013630E+08
 0.36117461647322E+08
 0.35915869727998E+08
 0.35707153193441E+08
 0.35492738082721E+08
 0.35273036733045E+08
 0.35047911814569E+08
 0.34818172618077E+08
 0.34584973527345E+08
 0.34345790113545E+08
 0.34103595014529E+08
 0.33858916040614E+08
 0.33609420793696E+08
 0.33356791132852E+08
 0.33103751794593E+08
 0.32845811740807E+08
 0.32586716338381E+08
 0.32323684511341E+08
 0.32063006191065E+08
 0.31797686551565E+08
 0.31532799946760E+08
 0.31262948010515E+08
 0.30995633490778E+08
 0.30725083894624E+08
 0.30457068012841E+08
 0.30185902808957E+08
 0.29915867063189E+08
 0.29644291332515E+08
 0.29374018646984E+08
 0.29102042986419E+08
 0.28830012244892E+08
 0.28559365047180E+08
 0.28289533716595E+08
 0.28021665387972E+08
 0.27753080842701E+08
 0.27484292582820E+08
 0.27216458234410E+08
 0.26951075702560E+08
