 0.98444459134164E+00
 0.98444459134164E+00
 0.98444459134164E+00
 0.98444459134164E+00
 0.98444459134164E+00
 0.98444459134164E+00
 0.98444459134164E+00
 0.98444459134164E+00
 0.98444459134164E+00
 0.98444459763444E+00
 0.98444429401300E+00
 0.98444472865203E+00
 0.98444477837906E+00
 0.98444469753260E+00
 0.98444461697639E+00
 0.98444436305912E+00
 0.98444495910910E+00
 0.98444473861220E+00
 0.98444478790643E+00
 0.98444462091361E+00
 0.98444462345588E+00
 0.98444493245485E+00
 0.98444461565233E+00
 0.98444462952320E+00
 0.98444470506063E+00
 0.98444481443056E+00
 0.98444481765137E+00
 0.98444462628973E+00
 0.98444446704395E+00
 0.98444499923384E+00
 0.98444487137361E+00
 0.98444477947881E+00
 0.98444486336351E+00
 0.98445391930317E+00
 0.98444420089749E+00
 0.98444489678177E+00
 0.98444492911440E+00
 0.98444614285312E+00
 0.98445390380349E+00
 0.98444475100098E+00
 0.98445740246488E+00
 0.98445733537230E+00
 0.98444440786019E+00
 0.98445959350011E+00
 0.98444762007981E+00
 0.98444899885314E+00
 0.98444680916101E+00
 0.98444460946857E+00
 0.98448851367627E+00
 0.98448211289644E+00
 0.98449131848893E+00
 0.98445095217787E+00
 0.98445827482717E+00
 0.98446586769993E+00
 0.98448473584202E+00
 0.98448501077935E+00
 0.98448726693954E+00
 0.98444627593728E+00
 0.98446622866336E+00
 0.98447268371953E+00
 0.98444304197740E+00
 0.98448681159583E+00
 0.98446536082367E+00
 0.98449213659801E+00
 0.98445487086487E+00
 0.98448752484576E+00
 0.98448792728790E+00
 0.98447888676226E+00
 0.98442634291399E+00
 0.98443013734617E+00
 0.98448867906860E+00
 0.98444406034722E+00
 0.98444949362923E+00
 0.98446060755076E+00
 0.98442804618036E+00
 0.98445842887278E+00
 0.98447415992878E+00
 0.98444536653862E+00
 0.98447238294307E+00
 0.98448738727278E+00
 0.98445682660994E+00
 0.98449006159990E+00
 0.98444175376571E+00
 0.98444021287156E+00
 0.98443137847078E+00
 0.98445647988423E+00
 0.98441903868310E+00
 0.98443609114332E+00
 0.98443229485098E+00
 0.98446208363855E+00
 0.98441311001917E+00
 0.98449282755187E+00
 0.98441464107593E+00
 0.98445284574631E+00
 0.98444831263735E+00
 0.98449253903172E+00
 0.98445857157885E+00
 0.98442686666493E+00
 0.98445391897584E+00
 0.98450263412063E+00
 0.98451079424207E+00
 0.98449645749115E+00
 0.98449306041661E+00
 0.98448072032630E+00
 0.98449396373294E+00
 0.98451965134791E+00
 0.98447747534009E+00
 0.98451861452067E+00
 0.98452819123322E+00
 0.98452927724761E+00
 0.98454364865138E+00
 0.98452492015354E+00
 0.98462039898953E+00
 0.98459577735536E+00
 0.98465368465847E+00
 0.98466216292043E+00
 0.98467112324369E+00
 0.98469261229776E+00
 0.98472541688597E+00
 0.98475837815275E+00
 0.98484207772062E+00
 0.98488664316905E+00
 0.98489230261186E+00
 0.98498367264707E+00
 0.98497995127670E+00
 0.98503365900472E+00
 0.98513225210328E+00
 0.98511671510900E+00
 0.98520906048811E+00
 0.98529758687331E+00
 0.98530854755454E+00
 0.98536398473971E+00
 0.98546764275888E+00
 0.98547150316381E+00
 0.98556049785709E+00
 0.98557882747679E+00
 0.98561075202074E+00
 0.98570131918389E+00
 0.98574073529035E+00
 0.98581047371069E+00
 0.98586667255083E+00
 0.98596008286492E+00
 0.98597935700688E+00
 0.98603244777744E+00
 0.98607623812162E+00
 0.98611485008142E+00
 0.98622812193997E+00
 0.98620016022804E+00
 0.98628708726483E+00
 0.98635134352635E+00
 0.98638224594658E+00
 0.98638506253035E+00
 0.98646723632529E+00
 0.98648865105724E+00
 0.98647254670221E+00
 0.98646668965083E+00
 0.98648539705349E+00
 0.98650608049237E+00
 0.98652079543599E+00
 0.98653478866539E+00
 0.98649873084346E+00
 0.98647524922088E+00
 0.98641454964907E+00
 0.98642515821819E+00
 0.98637943110049E+00
 0.98632932956510E+00
 0.98627001142169E+00
 0.98622798639567E+00
 0.98612470605738E+00
 0.98603623568851E+00
 0.98595127090480E+00
 0.98582286933557E+00
 0.98575582420907E+00
 0.98555187911563E+00
 0.98542141488685E+00
 0.98533246121461E+00
 0.98512986107443E+00
 0.98500431364604E+00
 0.98481370741240E+00
 0.98460864344682E+00
 0.98437835749243E+00
 0.98414950488568E+00
 0.98392961976244E+00
 0.98364440439955E+00
 0.98331794989943E+00
 0.98307931075169E+00
 0.98277151983941E+00
 0.98248149567417E+00
 0.98209130348331E+00
 0.98180261978889E+00
 0.98143459970285E+00
 0.98106161719944E+00
 0.98074050584787E+00
 0.98027361707519E+00
 0.97987290919838E+00
 0.97950590799389E+00
 0.97905222685725E+00
 0.97856799461810E+00
 0.97806282778016E+00
 0.97761740329638E+00
