 0.16433157382286E+00
 0.16433157382282E+00
 0.16433157382234E+00
 0.16433157385039E+00
 0.16433157499028E+00
 0.16433158598202E+00
 0.16433163381055E+00
 0.16433176347566E+00
 0.16433202387892E+00
 0.16433244808542E+00
 0.16433303973790E+00
 0.16433376873781E+00
 0.16433458085048E+00
 0.16433538244978E+00
 0.16433606597813E+00
 0.16433653343802E+00
 0.16433660083064E+00
 0.16433615983754E+00
 0.16433510434012E+00
 0.16433321773073E+00
 0.16431527436562E+00
 0.16430741472167E+00
 0.16429812609473E+00
 0.16428726586515E+00
 0.16427465582734E+00
 0.16426024290041E+00
 0.16424383121927E+00
 0.16422523055288E+00
 0.16420448113389E+00
 0.16418135187650E+00
 0.16415559983149E+00
 0.16412715532173E+00
 0.16409587067009E+00
 0.16406140196625E+00
 0.16402371452193E+00
 0.16398229902864E+00
 0.16393760478754E+00
 0.16388843711352E+00
 0.16383509061124E+00
 0.16377752876251E+00
 0.16371502853973E+00
 0.16364748954351E+00
 0.16357536805228E+00
 0.16349673652590E+00
 0.16341264866987E+00
 0.16332193937836E+00
 0.16322480782056E+00
 0.16312087592339E+00
 0.16300983345186E+00
 0.16289076034056E+00
 0.16276437639724E+00
 0.16262970749240E+00
 0.16248663868206E+00
 0.16233541201167E+00
 0.16217270240585E+00
 0.16200216600099E+00
 0.16182210863888E+00
 0.16163268041862E+00
 0.16143132291370E+00
 0.16121828534063E+00
 0.16099584118629E+00
 0.16076153718587E+00
 0.16051544567303E+00
 0.16025653648164E+00
 0.15998594861309E+00
 0.15970229899111E+00
 0.15940199557847E+00
 0.15909418903578E+00
 0.15876311658444E+00
 0.15842679815000E+00
 0.15806651369602E+00
 0.15769533022154E+00
 0.15730028058331E+00
 0.15689504522741E+00
 0.15647102693338E+00
 0.15602667122680E+00
 0.15556314669604E+00
 0.15507870446678E+00
 0.15457015363899E+00
 0.15404814462096E+00
 0.15349091534930E+00
 0.15291262488009E+00
 0.15231602836757E+00
 0.15168519878093E+00
 0.15102488387504E+00
 0.15033219155343E+00
 0.14961512777629E+00
 0.14886309482665E+00
 0.14806788207584E+00
 0.14724538217859E+00
 0.14638456410268E+00
 0.14546986229249E+00
 0.14452791276132E+00
 0.14353415075610E+00
 0.14248878532195E+00
 0.14138676439284E+00
 0.14023955230364E+00
 0.13903093060849E+00
 0.13776196906095E+00
 0.13642664431195E+00
 0.13501918748047E+00
 0.13354292567241E+00
 0.13198945563338E+00
 0.13034109727839E+00
 0.12860815639875E+00
 0.12678033682229E+00
 0.12485018083707E+00
 0.12279995749923E+00
 0.12061541801737E+00
 0.11831934685605E+00
 0.11586256798940E+00
 0.11323940017431E+00
 0.11045040060281E+00
 0.10745282646657E+00
 0.10422833352389E+00
 0.10080762889499E+00
 0.97023721803489E-01
 0.92964100394025E-01
 0.88550788677562E-01
 0.83756010852566E-01
 0.78522987802367E-01
 0.72910458543745E-01
 0.66972483262520E-01
 0.60951003275287E-01
 0.55023967689219E-01
 0.49586131096637E-01
 0.44706209577341E-01
 0.40377309027002E-01
 0.36651785655211E-01
 0.33472903968702E-01
 0.30674051813702E-01
 0.28237561042600E-01
 0.26115190260733E-01
 0.24195029597692E-01
 0.22487277234568E-01
 0.20965741920184E-01
 0.19586036130396E-01
 0.18323617163298E-01
 0.17182344932353E-01
 0.16148383587358E-01
 0.15185764238965E-01
 0.14305106618241E-01
 0.13492880015373E-01
 0.12743472277242E-01
 0.12039555938171E-01
 0.11392608528863E-01
 0.10797764048369E-01
 0.10233880397252E-01
 0.97078597844701E-02
 0.92151178456326E-02
 0.87647573865387E-02
 0.83319917724859E-02
 0.79340436642107E-02
 0.75570039979671E-02
 0.72024279520673E-02
 0.68713014525750E-02
 0.65580905195818E-02
 0.62630248150364E-02
 0.59852213359106E-02
 0.57211753312281E-02
 0.54736987064437E-02
 0.52396430817177E-02
 0.50175934425051E-02
 0.48085904788888E-02
 0.46106044433501E-02
 0.44217318925956E-02
 0.42449574828921E-02
 0.40754259388409E-02
 0.39154812043589E-02
 0.37628706143933E-02
 0.36184774916237E-02
 0.34798605829202E-02
 0.33501522669555E-02
 0.32253074812073E-02
 0.31072776506413E-02
 0.29939442355766E-02
 0.28861054122204E-02
 0.27831887893554E-02
 0.26854439239489E-02
 0.25924598592683E-02
 0.25032075086467E-02
 0.24175777821819E-02
 0.23357559872106E-02
 0.22580077232471E-02
 0.21835407691207E-02
 0.21119435257620E-02
 0.20434276868868E-02
 0.19779011657029E-02
 0.19155856195845E-02
 0.18551646128280E-02
 0.17976440459321E-02
 0.17422179116162E-02
 0.16887170811232E-02
 0.16377594196250E-02
 0.15888184172863E-02
 0.15416481818860E-02
 0.14963366387986E-02
 0.14528873245778E-02
 0.14109615920467E-02
 0.13705190705703E-02
