 0.21139157607065E+08
 0.21139157607060E+08
 0.21139157606989E+08
 0.21139157606494E+08
 0.21139157605725E+08
 0.21139157609289E+08
 0.21139157687105E+08
 0.21139158197546E+08
 0.21139159926714E+08
 0.21139164496013E+08
 0.21139174531643E+08
 0.21139194305549E+08
 0.21139228284611E+08
 0.21139282391962E+08
 0.21139363336162E+08
 0.21139477458732E+08
 0.21139633744551E+08
 0.21139837637645E+08
 0.21140095163535E+08
 0.21140416109089E+08
 0.21140808065566E+08
 0.21141274400029E+08
 0.21141821217430E+08
 0.21142455536169E+08
 0.21143184570004E+08
 0.21144011181004E+08
 0.21144943535153E+08
 0.21145990363484E+08
 0.21147149127656E+08
 0.21148427458524E+08
 0.21149837879587E+08
 0.21151380723866E+08
 0.21153061774166E+08
 0.21154895930439E+08
 0.21156880870921E+08
 0.21159039844889E+08
 0.21161344799649E+08
 0.21163854962538E+08
 0.21166546592018E+08
 0.21169416790081E+08
 0.21172495091023E+08
 0.21175777415836E+08
 0.21179230660419E+08
 0.21182948433076E+08
 0.21186859045677E+08
 0.21191014950226E+08
 0.21195386090444E+08
 0.21199977572700E+08
 0.21204785978435E+08
 0.21209843998172E+08
 0.21215084886031E+08
 0.21220533187801E+08
 0.21226180497054E+08
 0.21231976165940E+08
 0.21238084162107E+08
 0.21244252687818E+08
 0.21250547600149E+08
 0.21256918954870E+08
 0.21263475751997E+08
 0.21270162785324E+08
 0.21276795001563E+08
 0.21283475044903E+08
 0.21290144454339E+08
 0.21296810965838E+08
 0.21303351181313E+08
 0.21309789550689E+08
 0.21316272203009E+08
 0.21322211291899E+08
 0.21328445781670E+08
 0.21333880325694E+08
 0.21339501598094E+08
 0.21344504719152E+08
 0.21349551493836E+08
 0.21353778419026E+08
 0.21357603337653E+08
 0.21361026916819E+08
 0.21363890394499E+08
 0.21366211014050E+08
 0.21368069077648E+08
 0.21368808708353E+08
 0.21369470583457E+08
 0.21369228586983E+08
 0.21367844119164E+08
 0.21366044744859E+08
 0.21363412494782E+08
 0.21360071025085E+08
 0.21355465671688E+08
 0.21350035388266E+08
 0.21344000926341E+08
 0.21336582836437E+08
 0.21328115908728E+08
 0.21319151552768E+08
 0.21308459577797E+08
 0.21296980146355E+08
 0.21284525717245E+08
 0.21271118837458E+08
 0.21256314011363E+08
 0.21240516687536E+08
 0.21223659505541E+08
 0.21205746619443E+08
 0.21186889983920E+08
 0.21166897613929E+08
 0.21145988325671E+08
 0.21124485561253E+08
 0.21102193362633E+08
 0.21079226274004E+08
 0.21055942544550E+08
 0.21032726459000E+08
 0.21009965091391E+08
 0.20987462084053E+08
 0.20966578650518E+08
 0.20947760398115E+08
 0.20931782894842E+08
 0.20920349073511E+08
 0.20915149281113E+08
 0.20917631588988E+08
 0.20933597463570E+08
 0.20965536576502E+08
 0.21020918325275E+08
 0.21108985288880E+08
 0.21244133691238E+08
 0.21442984597198E+08
 0.21729324817941E+08
 0.22118138759924E+08
 0.22629760341148E+08
 0.23245411000045E+08
 0.23949921411161E+08
 0.24721601913729E+08
 0.25514392864029E+08
 0.26295158402177E+08
 0.27065629169117E+08
 0.27802012055994E+08
 0.28493729752344E+08
 0.29157683280755E+08
 0.29778111021218E+08
 0.30353199107045E+08
 0.30890422729575E+08
 0.31392781074497E+08
 0.31854068926792E+08
 0.32275496422826E+08
 0.32667778462120E+08
 0.33024619705293E+08
 0.33349326430106E+08
 0.33642713708899E+08
 0.33910114605733E+08
 0.34146631719551E+08
 0.34353825769550E+08
 0.34538510769952E+08
 0.34698095333473E+08
 0.34834142319381E+08
 0.34944547228973E+08
 0.35036032388567E+08
 0.35105027447803E+08
 0.35154938233048E+08
 0.35185949922343E+08
 0.35198646378539E+08
 0.35194372553489E+08
 0.35173627171587E+08
 0.35137330161206E+08
 0.35085986829091E+08
 0.35020673659176E+08
 0.34941942730069E+08
 0.34850244544938E+08
 0.34746850812220E+08
 0.34632037430432E+08
 0.34505725956856E+08
 0.34370500169745E+08
 0.34224453651094E+08
 0.34070025878399E+08
 0.33906426752151E+08
 0.33735349148802E+08
 0.33555264465974E+08
 0.33370479071089E+08
 0.33177386976011E+08
 0.32979261205947E+08
 0.32774088099514E+08
 0.32563753522858E+08
 0.32348224328017E+08
 0.32128907904882E+08
 0.31905973892753E+08
 0.31678228497145E+08
 0.31445991328657E+08
 0.31210477884874E+08
 0.30973220749317E+08
 0.30733015139698E+08
 0.30489442723081E+08
 0.30243752792316E+08
 0.29996428626734E+08
 0.29749006498772E+08
 0.29497736164668E+08
 0.29246736653606E+08
 0.28993776778020E+08
 0.28738666035002E+08
 0.28484554371090E+08
 0.28229960953270E+08
 0.27974341608791E+08
 0.27718673466688E+08
 0.27463542459930E+08
 0.27207846267687E+08
 0.26951801621653E+08
