 0.98444459134164E+00
 0.98444459134164E+00
 0.98444459134164E+00
 0.98444459134164E+00
 0.98444459134164E+00
 0.98444459134164E+00
 0.98444459134164E+00
 0.98444459134164E+00
 0.98444459134164E+00
 0.98444459763444E+00
 0.98444429401300E+00
 0.98444472865203E+00
 0.98444477837906E+00
 0.98444469753260E+00
 0.98444461697639E+00
 0.98444436305912E+00
 0.98444495910910E+00
 0.98444473861220E+00
 0.98444478790643E+00
 0.98444462091361E+00
 0.98444462345588E+00
 0.98444493245485E+00
 0.98444461565233E+00
 0.98444462952320E+00
 0.98444470506063E+00
 0.98444481443056E+00
 0.98444481753944E+00
 0.98444461872240E+00
 0.98444455177370E+00
 0.98444523427905E+00
 0.98444643939738E+00
 0.98444501722351E+00
 0.98444493159467E+00
 0.98445318166229E+00
 0.98444431873844E+00
 0.98444616122353E+00
 0.98444588071510E+00
 0.98444606809029E+00
 0.98445503678459E+00
 0.98444459351097E+00
 0.98445539381898E+00
 0.98445806160514E+00
 0.98444489831961E+00
 0.98445890746395E+00
 0.98444772277335E+00
 0.98444797212256E+00
 0.98444661819544E+00
 0.98444464432967E+00
 0.98448869073915E+00
 0.98448267675741E+00
 0.98449150430860E+00
 0.98445138649370E+00
 0.98445559928432E+00
 0.98446533601816E+00
 0.98448507821571E+00
 0.98448548863525E+00
 0.98448663148222E+00
 0.98444517868212E+00
 0.98446661956103E+00
 0.98447379700642E+00
 0.98444306494061E+00
 0.98448764855842E+00
 0.98446599892698E+00
 0.98449212344698E+00
 0.98445491553621E+00
 0.98448777740628E+00
 0.98448795921913E+00
 0.98447625466408E+00
 0.98442777795165E+00
 0.98443229810937E+00
 0.98449041953447E+00
 0.98444467732962E+00
 0.98444923314998E+00
 0.98446137845170E+00
 0.98442891544382E+00
 0.98445170984564E+00
 0.98447423726614E+00
 0.98444489588019E+00
 0.98446758911723E+00
 0.98448520313419E+00
 0.98446153619830E+00
 0.98449056587752E+00
 0.98444652885148E+00
 0.98445489394288E+00
 0.98443304891515E+00
 0.98446458304332E+00
 0.98442265139370E+00
 0.98443615605871E+00
 0.98443361472272E+00
 0.98447384091189E+00
 0.98442477955414E+00
 0.98449410698712E+00
 0.98441193546667E+00
 0.98445208622234E+00
 0.98444507311245E+00
 0.98449511432351E+00
 0.98446068354460E+00
 0.98442339361396E+00
 0.98445847087928E+00
 0.98450813335281E+00
 0.98451632137184E+00
 0.98450744130371E+00
 0.98450647536973E+00
 0.98448845558056E+00
 0.98451070392855E+00
 0.98451964818911E+00
 0.98448151890047E+00
 0.98452606191830E+00
 0.98453965879219E+00
 0.98455804681066E+00
 0.98456361388590E+00
 0.98454257823038E+00
 0.98463493620818E+00
 0.98461878025716E+00
 0.98467750936427E+00
 0.98469862556968E+00
 0.98469027377579E+00
 0.98472587418741E+00
 0.98474984139464E+00
 0.98483320260028E+00
 0.98488888781303E+00
 0.98493609657206E+00
 0.98494797533769E+00
 0.98504519585252E+00
 0.98505050609656E+00
 0.98508757352213E+00
 0.98519297376111E+00
 0.98518993098366E+00
 0.98524319516105E+00
 0.98536616446736E+00
 0.98535470303899E+00
 0.98545587682499E+00
 0.98553000950687E+00
 0.98553065248644E+00
 0.98559884977026E+00
 0.98565276508043E+00
 0.98569696440294E+00
 0.98577665864506E+00
 0.98582012422874E+00
 0.98592692143514E+00
 0.98595752138099E+00
 0.98604894942059E+00
 0.98604224550585E+00
 0.98612060566566E+00
 0.98619748879663E+00
 0.98621500705131E+00
 0.98632851409816E+00
 0.98632897891134E+00
 0.98639797242645E+00
 0.98642914057536E+00
 0.98649435145206E+00
 0.98649830748929E+00
 0.98659009585406E+00
 0.98661677095122E+00
 0.98657763239474E+00
 0.98661789486153E+00
 0.98668912885400E+00
 0.98664041039099E+00
 0.98668056074282E+00
 0.98665062646900E+00
 0.98662551956673E+00
 0.98662834508765E+00
 0.98657243349825E+00
 0.98662366709187E+00
 0.98658873189501E+00
 0.98648570950998E+00
 0.98648866408008E+00
 0.98641307412285E+00
 0.98629296490929E+00
 0.98623332464532E+00
 0.98612686384156E+00
 0.98602471198761E+00
 0.98595555909211E+00
 0.98573271741660E+00
 0.98564791947570E+00
 0.98546858557811E+00
 0.98533806136905E+00
 0.98514703481617E+00
 0.98495925528150E+00
 0.98480330308108E+00
 0.98457274372319E+00
 0.98433092783875E+00
 0.98409700720750E+00
 0.98388879778276E+00
 0.98353114731422E+00
 0.98325766175641E+00
 0.98296187130126E+00
 0.98266477588409E+00
 0.98236065566140E+00
 0.98206260182621E+00
 0.98166170593543E+00
 0.98132967356308E+00
 0.98089403528088E+00
 0.98048232626239E+00
 0.98008375271507E+00
 0.97973722252137E+00
 0.97926517309966E+00
 0.97881745121589E+00
 0.97831387707689E+00
 0.97775872527891E+00
