 0.16434232347461E+00
 0.16434232347457E+00
 0.16434232347403E+00
 0.16434232346865E+00
 0.16434232342544E+00
 0.16434232326739E+00
 0.16434232175710E+00
 0.16434231349438E+00
 0.16434228584586E+00
 0.16434221352168E+00
 0.16434205373590E+00
 0.16434174413510E+00
 0.16434121095599E+00
 0.16434035131470E+00
 0.16433905603323E+00
 0.16433723117992E+00
 0.16433470197991E+00
 0.16433137207661E+00
 0.16432714994300E+00
 0.16432183681619E+00
 0.16431528524395E+00
 0.16430742548413E+00
 0.16429813697079E+00
 0.16428727611513E+00
 0.16427466531039E+00
 0.16426025032613E+00
 0.16424383546973E+00
 0.16422522873040E+00
 0.16420446909335E+00
 0.16418132217509E+00
 0.16415554314681E+00
 0.16412705403865E+00
 0.16409570481942E+00
 0.16406113872954E+00
 0.16402331770622E+00
 0.16398171398497E+00
 0.16393675870756E+00
 0.16388725583480E+00
 0.16383346630834E+00
 0.16377532765336E+00
 0.16371209769025E+00
 0.16364367540383E+00
 0.16357042665718E+00
 0.16349047584878E+00
 0.16340478079954E+00
 0.16331216743441E+00
 0.16321278174440E+00
 0.16310627081465E+00
 0.16299228166021E+00
 0.16286975530446E+00
 0.16273944320008E+00
 0.16260044845252E+00
 0.16245251047575E+00
 0.16229589929184E+00
 0.16212713318930E+00
 0.16195008525363E+00
 0.16176277719936E+00
 0.16156552572547E+00
 0.16135563995670E+00
 0.16113336449850E+00
 0.16090102887588E+00
 0.16065612269210E+00
 0.16039854909336E+00
 0.16012745231603E+00
 0.15984387355387E+00
 0.15954633772306E+00
 0.15923147337549E+00
 0.15890804896728E+00
 0.15856049194617E+00
 0.15820669182903E+00
 0.15782803762477E+00
 0.15743746276406E+00
 0.15702197777294E+00
 0.15659509290499E+00
 0.15614830209481E+00
 0.15567977608284E+00
 0.15519129499308E+00
 0.15468022012489E+00
 0.15414381713555E+00
 0.15359270808608E+00
 0.15300446334546E+00
 0.15239346524868E+00
 0.15176260505249E+00
 0.15109588038036E+00
 0.15039747350482E+00
 0.14966469251806E+00
 0.14890548139378E+00
 0.14810939529145E+00
 0.14726724490343E+00
 0.14639545536085E+00
 0.14548285177591E+00
 0.14451328245252E+00
 0.14351322315962E+00
 0.14245784969578E+00
 0.14134784900596E+00
 0.14017676019618E+00
 0.13895652997655E+00
 0.13767136587387E+00
 0.13631964851195E+00
 0.13489674190661E+00
 0.13339586918266E+00
 0.13181960194595E+00
 0.13015897490827E+00
 0.12839534776385E+00
 0.12653853627282E+00
 0.12457787241553E+00
 0.12250145170336E+00
 0.12029253533964E+00
 0.11793298972861E+00
 0.11544720079179E+00
 0.11277595091344E+00
 0.10991561641396E+00
 0.10685829977935E+00
 0.10355217618642E+00
 0.99976107658028E-01
 0.96151707527114E-01
 0.91885663405599E-01
 0.87266725194212E-01
 0.82206898824051E-01
 0.76696597583771E-01
 0.70720867203832E-01
 0.64479518986138E-01
 0.58168804535606E-01
 0.52248311809432E-01
 0.46833911625689E-01
 0.42183384524040E-01
 0.38180347681195E-01
 0.34699907164470E-01
 0.31719312011943E-01
 0.29171104748706E-01
 0.26914416200036E-01
 0.24931924124253E-01
 0.23191908254837E-01
 0.21603720974963E-01
 0.20179150787032E-01
 0.18900110088370E-01
 0.17733225350306E-01
 0.16657398967114E-01
 0.15678930390925E-01
 0.14786637915523E-01
 0.13952301887786E-01
 0.13184365812917E-01
 0.12473174697113E-01
 0.11813542591839E-01
 0.11191566408745E-01
 0.10617482769056E-01
 0.10087213989942E-01
 0.95826635288482E-02
 0.91106206388476E-02
 0.86668944111463E-02
 0.82601252464861E-02
 0.78677880175734E-02
 0.75059469349397E-02
 0.71622225306962E-02
 0.68382238250857E-02
 0.65344841092303E-02
 0.62468305558928E-02
 0.59748237560008E-02
 0.57182588486070E-02
 0.54739639689534E-02
 0.52442372076740E-02
 0.50267449944234E-02
 0.48199096706111E-02
 0.46246907768348E-02
 0.44396300620208E-02
 0.42623162921610E-02
 0.40965513365026E-02
 0.39372472126571E-02
 0.37864772137663E-02
 0.36426155120791E-02
 0.35061516433632E-02
 0.33749164396319E-02
 0.32520503982058E-02
 0.31334532789098E-02
 0.30213706854200E-02
 0.29135108161911E-02
 0.28106765955738E-02
 0.27124135329688E-02
 0.26191072343975E-02
 0.25301046412987E-02
 0.24446053136952E-02
 0.23624501349097E-02
 0.22839963077980E-02
 0.22092525179251E-02
 0.21376780511064E-02
 0.20687506084780E-02
 0.20027316738594E-02
 0.19395370733681E-02
 0.18793304899670E-02
 0.18209991934341E-02
 0.17653968940853E-02
 0.17117407897313E-02
 0.16599304543347E-02
 0.16105267561293E-02
 0.15630483790519E-02
 0.15172558268622E-02
 0.14732782411587E-02
 0.14310078433184E-02
 0.13902280507940E-02
 0.13508334693806E-02
