 0.77828127914593E+07
 0.77828127914647E+07
 0.77828127915301E+07
 0.77828127918517E+07
 0.77828127940319E+07
 0.77828128089108E+07
 0.77828129398257E+07
 0.77828135132702E+07
 0.77828154248278E+07
 0.77828204368691E+07
 0.77828314347120E+07
 0.77828523523598E+07
 0.77828883628017E+07
 0.77829457170834E+07
 0.77830307443833E+07
 0.77831519140333E+07
 0.77833160632471E+07
 0.77835309937458E+07
 0.77838042137321E+07
 0.77841429636628E+07
 0.77845564945839E+07
 0.77850463959416E+07
 0.77856213331886E+07
 0.77862860712633E+07
 0.77870460808414E+07
 0.77879048690539E+07
 0.77888679897855E+07
 0.77899317921711E+07
 0.77911012590933E+07
 0.77923806949409E+07
 0.77937744890274E+07
 0.77952736502153E+07
 0.77968864114519E+07
 0.77986162990027E+07
 0.78004463863757E+07
 0.78023895012101E+07
 0.78044375284787E+07
 0.78065972785479E+07
 0.78088490003492E+07
 0.78111833944721E+07
 0.78136359664361E+07
 0.78161583642455E+07
 0.78187458513952E+07
 0.78213963434250E+07
 0.78241166382591E+07
 0.78268660664018E+07
 0.78296102126433E+07
 0.78323518076506E+07
 0.78350816169206E+07
 0.78377672782292E+07
 0.78403550634177E+07
 0.78428362535064E+07
 0.78451697645407E+07
 0.78473252968178E+07
 0.78492751058324E+07
 0.78509521531366E+07
 0.78523083162501E+07
 0.78533304320386E+07
 0.78539157403016E+07
 0.78539882288102E+07
 0.78536439479652E+07
 0.78525851888135E+07
 0.78508657880062E+07
 0.78484806682220E+07
 0.78451888457022E+07
 0.78411243401805E+07
 0.78360234081936E+07
 0.78297385993336E+07
 0.78224149889950E+07
 0.78137648042209E+07
 0.78039013712367E+07
 0.77925361109087E+07
 0.77794828293968E+07
 0.77649743856219E+07
 0.77485378126583E+07
 0.77302994423960E+07
 0.77099967309509E+07
 0.76876134263308E+07
 0.76628294628467E+07
 0.76357467071104E+07
 0.76060522009953E+07
 0.75736269712439E+07
 0.75383703421845E+07
 0.75000874065338E+07
 0.74586311493060E+07
 0.74137679487401E+07
 0.73653167793913E+07
 0.73131463803509E+07
 0.72570130352708E+07
 0.71967006107265E+07
 0.71320096652889E+07
 0.70626729185005E+07
 0.69883626593213E+07
 0.69088627246724E+07
 0.68240237393765E+07
 0.67335786344450E+07
 0.66367073865067E+07
 0.65336897261287E+07
 0.64238141796929E+07
 0.63068714810069E+07
 0.61819808669965E+07
 0.60495468705531E+07
 0.59085748733084E+07
 0.57583074079710E+07
 0.55982551969914E+07
 0.54281962196671E+07
 0.52480215702462E+07
 0.50549239521857E+07
 0.48500455147750E+07
 0.46326568592950E+07
 0.44017369607564E+07
 0.41549864012183E+07
 0.38925060695764E+07
 0.36124774579215E+07
 0.33130650152795E+07
 0.29957076506040E+07
 0.26580064753152E+07
 0.22985379247343E+07
 0.19160498743107E+07
 0.15125372023715E+07
 0.10901397985775E+07
 0.65363299572985E+06
 0.20608186904459E+06
-0.23721261051926E+06
-0.65852887982322E+06
-0.10453317470171E+07
-0.13890041570162E+07
-0.16888132497975E+07
-0.19399654349290E+07
-0.21448511966947E+07
-0.23088152946364E+07
-0.24369607898638E+07
-0.25309359002765E+07
-0.25972596002513E+07
-0.26397875651855E+07
-0.26608447602800E+07
-0.26654670188344E+07
-0.26554905371463E+07
-0.26335800760904E+07
-0.26018313273626E+07
-0.25621869683435E+07
-0.25163086142851E+07
-0.24653847989485E+07
-0.24105489508607E+07
-0.23527252606444E+07
-0.22927334903239E+07
-0.22311753043108E+07
-0.21686795498241E+07
-0.21056522065602E+07
-0.20424503451967E+07
-0.19796724556385E+07
-0.19172562414843E+07
-0.18554167022724E+07
-0.17946703275183E+07
-0.17348691192130E+07
-0.16763549898703E+07
-0.16190806687742E+07
-0.15632230951985E+07
-0.15086722864228E+07
-0.14556817398265E+07
-0.14042090619940E+07
-0.13541770446210E+07
-0.13056513356959E+07
-0.12586449543160E+07
-0.12132111348369E+07
-0.11692016750578E+07
-0.11266838193024E+07
-0.10856177165990E+07
-0.10459593253247E+07
-0.10076722261463E+07
-0.97085690117282E+06
-0.93523336552490E+06
-0.90094960952455E+06
-0.86802810991307E+06
-0.83620643415066E+06
-0.80557359316406E+06
-0.77620372516669E+06
-0.74784704882464E+06
-0.72060271664642E+06
-0.69429942983893E+06
-0.66921436640344E+06
-0.64495985501833E+06
-0.62171562790282E+06
-0.59920234771916E+06
-0.57772229971286E+06
-0.55696276326860E+06
-0.53712959716630E+06
-0.51800049677998E+06
-0.49964298423465E+06
-0.48195887504003E+06
-0.46502438992390E+06
-0.44866880407815E+06
-0.43296139779589E+06
-0.41789476184481E+06
-0.40342884925897E+06
-0.38955973792555E+06
-0.37620012339043E+06
-0.36332416658686E+06
-0.35096822872416E+06
-0.33910364511089E+06
-0.32768857650939E+06
-0.31676168101925E+06
-0.30617750083694E+06
-0.29606431447021E+06
-0.28627282586770E+06
-0.27693560543283E+06
-0.26790740063401E+06
-0.25922603781534E+06
-0.25089387127975E+06
-0.24287987941494E+06
-0.23515299040666E+06
-0.22772287071281E+06
-0.22054647006143E+06
-0.21368459144151E+06
-0.20706832585109E+06
-0.20069438119887E+06
-0.19456606277045E+06
-0.18864731621782E+06
-0.18299163250663E+06
-0.17750084927744E+06
-0.17223532101945E+06
-0.16714443685054E+06
-0.16222940279063E+06
-0.15751995589365E+06
-0.15296098893164E+06
-0.14859442077564E+06
-0.14437789845517E+06
-0.14031234229940E+06
-0.13637515315521E+06
-0.13260247606060E+06
-0.12896259705609E+06
-0.12543097429176E+06
-0.12203420768906E+06
-0.11875910997413E+06
-0.11558295909011E+06
-0.11254405110025E+06
-0.10959312997824E+06
-0.10675640663586E+06
-0.10399412006533E+06
-0.10134541892144E+06
-0.98793029697706E+05
-0.96303659950773E+05
-0.93924278248304E+05
-0.91611734219292E+05
-0.89371543384424E+05
-0.87222660469401E+05
-0.85123498663315E+05
-0.83101112338028E+05
-0.81150054767176E+05
-0.79252742295435E+05
-0.77431805763357E+05
-0.75656634674263E+05
-0.73950274625481E+05
-0.72285505473368E+05
-0.70680228862221E+05
-0.69126548646325E+05
-0.67616356621805E+05
-0.66152747602842E+05
-0.64746748719375E+05
-0.63366394670235E+05
-0.62045195441452E+05
-0.60746417969789E+05
-0.59495223910079E+05
-0.58292754139763E+05
-0.57116963707662E+05
-0.55970796706371E+05
-0.54862477825686E+05
-0.53782019553552E+05
-0.52742710009609E+05
-0.51728578064252E+05
-0.50743014610322E+05
-0.49792321735714E+05
-0.48856545696640E+05
-0.47951947807481E+05
-0.47077403518767E+05
-0.46222982162088E+05
-0.45390900606781E+05
-0.44589762894814E+05
-0.43800103110485E+05
-0.43034401118080E+05
-0.42289307609502E+05
-0.41566243240454E+05
-0.40860813461577E+05
-0.40176867718726E+05
-0.39506851000542E+05
-0.38854304970150E+05
-0.38222156928519E+05
-0.37604343204188E+05
-0.37004056811346E+05
-0.36416947115653E+05
-0.35840097330248E+05
-0.35285611245620E+05
-0.34738018508419E+05
-0.34206878298191E+05
-0.33688632631220E+05
-0.33179908986061E+05
-0.32684198635136E+05
-0.32203505402882E+05
-0.31729735054498E+05
-0.31270338175067E+05
