 0.10189891284960E+00
 0.10189891284961E+00
 0.10189891284978E+00
 0.10189891285078E+00
 0.10189891285480E+00
 0.10189891286596E+00
 0.10189891261478E+00
 0.10189891145554E+00
 0.10189890729667E+00
 0.10189889613218E+00
 0.10189887143506E+00
 0.10189882426973E+00
 0.10189874225082E+00
 0.10189861152892E+00
 0.10189841759433E+00
 0.10189814119437E+00
 0.10189776651551E+00
 0.10189727640964E+00
 0.10189665348016E+00
 0.10189588053275E+00
 0.10189493336438E+00
 0.10189381259173E+00
 0.10189249169645E+00
 0.10189095721041E+00
 0.10188918868998E+00
 0.10188716990176E+00
 0.10188487430899E+00
 0.10188230868960E+00
 0.10187943697916E+00
 0.10187622599064E+00
 0.10187263328350E+00
 0.10186867130299E+00
 0.10186427329628E+00
 0.10185939468891E+00
 0.10185406816435E+00
 0.10184820268732E+00
 0.10184179835413E+00
 0.10183478958002E+00
 0.10182722852596E+00
 0.10181912519768E+00
 0.10181030783402E+00
 0.10180097484263E+00
 0.10179110915045E+00
 0.10178073334344E+00
 0.10176982426176E+00
 0.10175856694735E+00
 0.10174712781850E+00
 0.10173552924921E+00
 0.10172385059755E+00
 0.10171226828478E+00
 0.10170105859145E+00
 0.10169026638685E+00
 0.10168021339247E+00
 0.10167101472042E+00
 0.10166286728027E+00
 0.10165607803171E+00
 0.10165091899094E+00
 0.10164746253215E+00
 0.10164616638040E+00
 0.10164738578328E+00
 0.10165069730683E+00
 0.10165736277537E+00
 0.10166713539784E+00
 0.10167998680996E+00
 0.10169689054029E+00
 0.10171723325972E+00
 0.10174202549202E+00
 0.10177180285348E+00
 0.10180579776722E+00
 0.10184511179713E+00
 0.10188922823290E+00
 0.10193909502791E+00
 0.10199527973370E+00
 0.10205679084723E+00
 0.10212527305243E+00
 0.10220000879316E+00
 0.10228180950057E+00
 0.10237070992870E+00
 0.10246763610394E+00
 0.10257189875192E+00
 0.10268444623957E+00
 0.10280566717477E+00
 0.10293554641019E+00
 0.10307452971264E+00
 0.10322295563039E+00
 0.10338117708264E+00
 0.10354969684559E+00
 0.10372847740267E+00
 0.10391781026685E+00
 0.10411789813459E+00
 0.10432821475734E+00
 0.10454852647913E+00
 0.10477815601221E+00
 0.10501452303992E+00
 0.10525164564547E+00
 0.10547871065012E+00
