 0.11312241377893E+03
 0.11312241377892E+03
 0.11312241377876E+03
 0.11312241378960E+03
 0.11312241419240E+03
 0.11312241800312E+03
 0.11312243433314E+03
 0.11312247901929E+03
 0.11312256863194E+03
 0.11312271436522E+03
 0.11312291745954E+03
 0.11312316756621E+03
 0.11312344638812E+03
 0.11312372109333E+03
 0.11312396189259E+03
 0.11312411524371E+03
 0.11312414351562E+03
 0.11312399832489E+03
 0.11312362739277E+03
 0.11312298185622E+03
 0.11311683036375E+03
 0.11311414050383E+03
 0.11311094707884E+03
 0.11310720814439E+03
 0.11310287264587E+03
 0.11309790145096E+03
 0.11309222461164E+03
 0.11308586636249E+03
 0.11307875245334E+03
 0.11307080572427E+03
 0.11306194083338E+03
 0.11305221527467E+03
 0.11304148505504E+03
 0.11302965867505E+03
 0.11301685835289E+03
 0.11300286925775E+03
 0.11298770411021E+03
 0.11297120355750E+03
 0.11295347692248E+03
 0.11293452908630E+03
 0.11291385446879E+03
 0.11289184886042E+03
 0.11286842000159E+03
 0.11284341749475E+03
 0.11281660105260E+03
 0.11278822039689E+03
 0.11275840959859E+03
 0.11272690979974E+03
 0.11269356066333E+03
 0.11265841728522E+03
 0.11262171535144E+03
 0.11258312575109E+03
 0.11254290198315E+03
 0.11250085415985E+03
 0.11245683836646E+03
 0.11241105301790E+03
 0.11236360103458E+03
 0.11231398087176E+03
 0.11226275321969E+03
 0.11221009147307E+03
 0.11215424103686E+03
 0.11209780882006E+03
 0.11203941656540E+03
 0.11197824736364E+03
 0.11191622226863E+03
 0.11185082112441E+03
 0.11178416235212E+03
 0.11171703195741E+03
 0.11164640823716E+03
 0.11157477670149E+03
 0.11149941183811E+03
 0.11142257957163E+03
 0.11134547002746E+03
 0.11126338692249E+03
 0.11118110168759E+03
 0.11109526068861E+03
 0.11100760530479E+03
 0.11091631856252E+03
 0.11082537646468E+03
 0.11072925981972E+03
 0.11063148795912E+03
 0.11053115923711E+03
 0.11042855122893E+03
 0.11032276670931E+03
 0.11021158369418E+03
 0.11009964100413E+03
 0.10998461872963E+03
 0.10986437539855E+03
 0.10974099612867E+03
 0.10961275522189E+03
 0.10948376219371E+03
 0.10935101539876E+03
 0.10921135008809E+03
 0.10906617265340E+03
 0.10892051511372E+03
 0.10877081999800E+03
 0.10861156420200E+03
 0.10845096058980E+03
 0.10828355897360E+03
 0.10811131908852E+03
 0.10793100036580E+03
 0.10774739304049E+03
 0.10755772497753E+03
 0.10735938825828E+03
 0.10715252886285E+03
 0.10694051402726E+03
 0.10672358482339E+03
 0.10649265437137E+03
 0.10625560457292E+03
 0.10601275829708E+03
 0.10576169504140E+03
 0.10549805512393E+03
 0.10522528516512E+03
 0.10494055659072E+03
 0.10464203684651E+03
 0.10433585052060E+03
 0.10401700747772E+03
 0.10368471262518E+03
 0.10333656199024E+03
 0.10297471469658E+03
 0.10259929351891E+03
 0.10220971682200E+03
 0.10179561833680E+03
 0.10136254447469E+03
 0.10091513795994E+03
 0.10044915897020E+03
 0.99962870968709E+02
 0.99444422122907E+02
 0.98902976082959E+02
 0.98340262932414E+02
 0.97747071325517E+02
 0.97117355620580E+02
 0.96463785896152E+02
 0.95769758081014E+02
 0.95032911656727E+02
 0.94264737625610E+02
 0.93440873578092E+02
 0.92571220172399E+02
 0.91648550758096E+02
 0.90675367105115E+02
 0.89644528322698E+02
 0.88542119881427E+02
 0.87360446282191E+02
 0.86117314934852E+02
 0.84780614219239E+02
 0.83361896217936E+02
 0.81840761887353E+02
 0.80220596314966E+02
 0.78487967589223E+02
 0.76633742949922E+02
 0.74689983667361E+02
 0.72611406971587E+02
 0.70403035063852E+02
 0.68107237944504E+02
 0.65698437396455E+02
 0.63221847500556E+02
 0.60678557475785E+02
 0.58109100397670E+02
 0.55520736015416E+02
 0.52968250702011E+02
 0.50471362461803E+02
 0.48039442782883E+02
 0.45706040465749E+02
 0.43481276962339E+02
 0.41383812319084E+02
 0.39400557438881E+02
 0.37543823467189E+02
 0.35807328111052E+02
 0.34185693872237E+02
 0.32672794563264E+02
 0.31271053383129E+02
 0.29956107903358E+02
 0.28732420860970E+02
 0.27599286146818E+02
 0.26534890688242E+02
 0.25537878203616E+02
 0.24613954842729E+02
 0.23742195119980E+02
 0.22927507379166E+02
 0.22155660060053E+02
 0.21442007122298E+02
 0.20761516405405E+02
 0.20124742920057E+02
 0.19514828833394E+02
 0.18945725329783E+02
 0.18401948069950E+02
 0.17892814961269E+02
 0.17405373484513E+02
 0.16944005254176E+02
 0.16503420909033E+02
 0.16085950303161E+02
 0.15684535168680E+02
 0.15302693619752E+02
 0.14938396867096E+02
 0.14590634857449E+02
 0.14259527392697E+02
 0.13941154987402E+02
 0.13633809685014E+02
 0.13340394061354E+02
 0.13059721290657E+02
 0.12788874128834E+02
 0.12529700603324E+02
 0.12277814081485E+02
 0.12037706460444E+02
 0.11803719104392E+02
 0.11581009359702E+02
 0.11364025490320E+02
 0.11154846035655E+02
 0.10952889812158E+02
 0.10758517287489E+02
 0.10569035149089E+02
 0.10386558052548E+02
 0.10208068165521E+02
 0.10037559381715E+02
 0.98717132820728E+01
 0.97106220562378E+01
 0.95544824179076E+01
 0.94023658835182E+01
 0.92557845211466E+01
 0.91121466283517E+01
 0.89736235288109E+01
 0.88379357091118E+01
 0.87056896648793E+01
 0.85780323258361E+01
 0.84529964940652E+01
 0.83322595020942E+01
 0.82141977620680E+01
 0.80991704428797E+01
 0.79866172946632E+01
 0.78774129566559E+01
 0.77713249088622E+01
 0.76669620037811E+01
 0.75652602379354E+01
 0.74663289318706E+01
 0.73687505535591E+01
 0.72747361318708E+01
 0.71822250793621E+01
 0.70923652618150E+01
 0.70035737326210E+01
 0.69175068239013E+01
 0.68334172553922E+01
 0.67506192867029E+01
 0.66700772305457E+01
 0.65912763592771E+01
 0.65136457554663E+01
 0.64381822031492E+01
 0.63638200534109E+01
 0.62909442533911E+01
 0.62199753460453E+01
 0.61501042290505E+01
 0.60820284946488E+01
 0.60146206028062E+01
 0.59492152758213E+01
 0.58846920911378E+01
 0.58213701913429E+01
 0.57595680598565E+01
 0.56985474660812E+01
 0.56387091306177E+01
 0.55805268157189E+01
 0.55225428968606E+01
 0.54664969465939E+01
 0.54106084497945E+01
 0.53561958068532E+01
 0.53028088656437E+01
 0.52503502920677E+01
 0.51985794287913E+01
 0.51476625574078E+01
 0.50976944848046E+01
 0.50487693289302E+01
 0.50004539280386E+01
 0.49531360548491E+01
 0.49065116815725E+01
 0.48604963918424E+01
 0.48152487648714E+01
 0.47710098341056E+01
 0.47272131301061E+01
 0.46841848183018E+01
 0.46421953669403E+01
 0.46004103499901E+01
 0.45592996981487E+01
 0.45189190726495E+01
 0.44791892647090E+01
 0.44400683876097E+01
 0.44015340171743E+01
 0.43636116618959E+01
 0.43259832558891E+01
 0.42894127008245E+01
 0.42530623637234E+01
 0.42173897295285E+01
 0.41822129863866E+01
 0.41472717258945E+01
 0.41133444159428E+01
 0.40794525830838E+01
 0.40463040094334E+01
 0.40135393649936E+01
 0.39810705413242E+01
 0.39492372931912E+01
 0.39177383661629E+01
 0.38866681257940E+01
 0.38561174616479E+01
