 0.11076108624053E+04
 0.11076108624053E+04
 0.11076108624053E+04
 0.11076108624053E+04
 0.11076108624053E+04
 0.11076108624053E+04
 0.11076108624053E+04
 0.11076108624053E+04
 0.11076108624053E+04
 0.11076069849429E+04
 0.11077207589677E+04
 0.11075620357473E+04
 0.11074536527897E+04
 0.11075278816512E+04
 0.11073768013985E+04
 0.11074388962902E+04
 0.11074004255882E+04
 0.11075722226820E+04
 0.11075073314257E+04
 0.11073908208067E+04
 0.11074505137451E+04
 0.11075634452914E+04
 0.11075230248308E+04
 0.11072735383435E+04
 0.11072083062127E+04
 0.11074034957076E+04
 0.11074802993500E+04
 0.11073194081377E+04
 0.11071830621956E+04
 0.11074200282617E+04
 0.11077478399200E+04
 0.11070845298907E+04
 0.11081345108504E+04
 0.11080753491342E+04
 0.11076327531719E+04
 0.11087150633031E+04
 0.11079144075054E+04
 0.11078776452426E+04
 0.11093683874391E+04
 0.11078640694513E+04
 0.11070832888006E+04
 0.11086727578462E+04
 0.11077549717250E+04
 0.11093676925654E+04
 0.11107976786758E+04
 0.11111420586544E+04
 0.11106947251306E+04
 0.11093779508443E+04
 0.11082120985984E+04
 0.11106194572938E+04
 0.11079813292317E+04
 0.11121847452418E+04
 0.11094282305124E+04
 0.11086719734959E+04
 0.11089166832194E+04
 0.11125911269522E+04
 0.11124344281796E+04
 0.11080596928058E+04
 0.11146495012236E+04
 0.11097835460221E+04
 0.11130550096109E+04
 0.11117480644860E+04
 0.11063358756795E+04
 0.11105784160479E+04
 0.11097270566315E+04
 0.11109480746229E+04
 0.11121548704218E+04
 0.11198863807641E+04
 0.11139100478706E+04
 0.11087595743196E+04
 0.11161512219043E+04
 0.11174642724410E+04
 0.11074394915715E+04
 0.11163373337462E+04
 0.11101589901221E+04
 0.11139983988517E+04
 0.11084044796892E+04
 0.11117331846971E+04
 0.11184102790921E+04
 0.11180100353376E+04
 0.11155955074277E+04
 0.11071157070475E+04
 0.11170470806525E+04
 0.11201904061435E+04
 0.11129291222206E+04
 0.11165280507238E+04
 0.11168046058752E+04
 0.11199533315515E+04
 0.11173725342225E+04
 0.11160238436150E+04
 0.11166946235241E+04
 0.11090049640933E+04
 0.11172644167022E+04
 0.11122687329068E+04
 0.11104306645680E+04
 0.11204638025468E+04
 0.11066044932134E+04
 0.11175848126748E+04
 0.11130562957637E+04
 0.11120663114977E+04
 0.11114544349400E+04
 0.11146069711389E+04
 0.11131946372832E+04
 0.11130182228887E+04
 0.11176584898028E+04
 0.11091251346526E+04
 0.11206573083751E+04
 0.11072537184571E+04
 0.11079756010617E+04
 0.11115522433612E+04
 0.11123929392798E+04
 0.11129056450772E+04
 0.11162931619977E+04
 0.11199767872965E+04
 0.11198521072614E+04
 0.11125096181545E+04
 0.11092605998152E+04
 0.11102272966226E+04
 0.11101529719864E+04
 0.11093794112312E+04
 0.11098275949074E+04
 0.11079149114992E+04
 0.11120050377314E+04
 0.11174463395024E+04
 0.11148198842345E+04
 0.11104759266402E+04
 0.11103703047446E+04
 0.11170030761754E+04
 0.11119614205908E+04
 0.11160045714879E+04
 0.11210809790567E+04
 0.11112427805625E+04
 0.11136681675484E+04
 0.11112070395666E+04
 0.11193072586863E+04
 0.11184383440575E+04
 0.11160191519742E+04
 0.11185639701284E+04
 0.11133471233690E+04
 0.11232362500641E+04
 0.11194760488991E+04
 0.11104924553379E+04
 0.11144991132791E+04
 0.11124793104688E+04
 0.11141011743608E+04
 0.11170111551964E+04
 0.11162654307466E+04
 0.11130605961762E+04
 0.11267109751755E+04
 0.11186197376748E+04
 0.11241597696371E+04
 0.11205132403941E+04
 0.11175414900222E+04
 0.11198321764736E+04
 0.11184062907186E+04
 0.11194656062241E+04
 0.11238200801237E+04
 0.11197263014177E+04
 0.11290474378382E+04
 0.11210593635548E+04
 0.11287383833160E+04
 0.11262471826444E+04
 0.11246537382969E+04
 0.11213186663512E+04
 0.11303179186525E+04
 0.11287512022522E+04
 0.11353794044529E+04
 0.11284919939036E+04
 0.11371072632843E+04
 0.11275408625389E+04
 0.11337902714192E+04
 0.11362437224233E+04
 0.11301848757179E+04
 0.11418197372346E+04
 0.11353143028152E+04
 0.11302270358205E+04
 0.11396328927625E+04
 0.11418325932902E+04
 0.11428793499773E+04
 0.11380254379845E+04
 0.11392841820940E+04
 0.11451945747796E+04
 0.11431143349256E+04
 0.11493203749282E+04
 0.11464787339862E+04
 0.11493307519185E+04
 0.11513271684512E+04
 0.11550177856360E+04
 0.11492018525559E+04
 0.11616851546734E+04
 0.11548828185745E+04
 0.11548956552288E+04
 0.11567604557017E+04
 0.11673611615541E+04
 0.11709892779644E+04
 0.11642930573304E+04
 0.11705217903370E+04
 0.11741386726107E+04
 0.11761742701370E+04
 0.11662143445124E+04
 0.11709412768431E+04
 0.11771688656390E+04
 0.11772424947638E+04
 0.11800208479192E+04
 0.11784007644368E+04
 0.11762961708892E+04
 0.11876879395713E+04
 0.11883570306330E+04
 0.11885323847697E+04
 0.11986955061063E+04
 0.11993414192021E+04
 0.11990761677791E+04
 0.11987273365113E+04
 0.11944479505705E+04
 0.12000985197757E+04
 0.12112256914307E+04
 0.12119125222150E+04
 0.12030553930062E+04
 0.12144926329498E+04
 0.12113319328181E+04
 0.12132838984040E+04
 0.12159228790326E+04
 0.12235685862115E+04
 0.12196592887344E+04
 0.12294378810790E+04
 0.12296735542787E+04
 0.12306723116130E+04
 0.12266012198624E+04
 0.12315817085485E+04
 0.12289032315331E+04
 0.12422403808021E+04
 0.12409898305727E+04
 0.12485341611911E+04
 0.12399549753709E+04
 0.12401497969208E+04
 0.12441774620025E+04
 0.12466860443356E+04
 0.12579026041059E+04
 0.12526478038429E+04
 0.12603925144083E+04
 0.12600704831579E+04
 0.12702532945393E+04
 0.12699948559196E+04
 0.12782989921391E+04
 0.12672272715401E+04
 0.12697872574104E+04
 0.12715750656157E+04
 0.12750242266480E+04
 0.12759539345545E+04
 0.12874455021081E+04
 0.12834596664501E+04
 0.13006124227656E+04
 0.13008571765360E+04
 0.12915998059613E+04
 0.13021818736802E+04
 0.13035655415318E+04
 0.13027606699723E+04
 0.13119879000916E+04
 0.13065047623224E+04
 0.13054760827411E+04
 0.13102082082620E+04
 0.13127171512267E+04
 0.13201841198290E+04
 0.13260005229907E+04
 0.13314737156046E+04
 0.13311859608425E+04
 0.13297450863105E+04
 0.13367779193070E+04
 0.13319987505262E+04
 0.13332403840932E+04
 0.13397324749001E+04
 0.13378576562670E+04
 0.13523269038413E+04
 0.13551927402008E+04
 0.13522760109755E+04
 0.13547788930238E+04
 0.13645180552351E+04
 0.13634448914821E+04
 0.13724304746045E+04
 0.13669811100088E+04
 0.13734205609053E+04
 0.13846846442447E+04
 0.13770345259794E+04
 0.13921775354004E+04
 0.13799472711347E+04
 0.13864077051847E+04
 0.13850833292628E+04
 0.14010171634814E+04
 0.13921755674806E+04
 0.13980400613415E+04
 0.13992216594226E+04
 0.14055078637242E+04
 0.14097358644781E+04
 0.14173865111588E+04
 0.14165921812156E+04
 0.14093022891301E+04
 0.14167925007354E+04
 0.14294536173507E+04
 0.14320516286603E+04
 0.14207905068324E+04
