 0.10813086768930E+04
 0.10813086768930E+04
 0.10813086768930E+04
 0.10813086768930E+04
 0.10813086768930E+04
 0.10813086768930E+04
 0.10813086768930E+04
 0.10813086768930E+04
 0.10813086768930E+04
 0.10813001936183E+04
 0.10814168631599E+04
 0.10812570832628E+04
 0.10811551961542E+04
 0.10812320685437E+04
 0.10810722137684E+04
 0.10811364702020E+04
 0.10811003400226E+04
 0.10812669424037E+04
 0.10812031220861E+04
 0.10810840125707E+04
 0.10811366249169E+04
 0.10812648701833E+04
 0.10812242502846E+04
 0.10809762595047E+04
 0.10809137327792E+04
 0.10811161062353E+04
 0.10811856459128E+04
 0.10810086898520E+04
 0.10808888165124E+04
 0.10811227935650E+04
 0.10814332628242E+04
 0.10807923037913E+04
 0.10818187051966E+04
 0.10817693480878E+04
 0.10813274792737E+04
 0.10823972847067E+04
 0.10816123941358E+04
 0.10815744207108E+04
 0.10765276198503E+04
 0.10815516376436E+04
 0.10807803227575E+04
 0.10823518952170E+04
 0.10814446134875E+04
 0.10765306815996E+04
 0.10779147845854E+04
 0.10782358398789E+04
 0.10778149282474E+04
 0.10765251319409E+04
 0.10818932116448E+04
 0.10777423229969E+04
 0.10816684538780E+04
 0.10792540565546E+04
 0.10765701868917E+04
 0.10823418437803E+04
 0.10760886325921E+04
 0.10796541709218E+04
 0.10795067375248E+04
 0.10817509306367E+04
 0.10816630034626E+04
 0.10769252844475E+04
 0.10801129696963E+04
 0.10788208630033E+04
 0.10800624663299E+04
 0.10776799085522E+04
 0.10768844723526E+04
 0.10780721542847E+04
 0.10792194963649E+04
 0.10867593669105E+04
 0.10809352182324E+04
 0.10889512537596E+04
 0.10831121246481E+04
 0.10844169415165E+04
 0.10811377321906E+04
 0.10833021180187E+04
 0.10772930782045E+04
 0.10810220433691E+04
 0.10820720510297E+04
 0.10788211699829E+04
 0.10853146080765E+04
 0.10849245570041E+04
 0.10825706653961E+04
 0.10808216092650E+04
 0.10839920727420E+04
 0.10870429057284E+04
 0.10799788426913E+04
 0.10834893661828E+04
 0.10837532863144E+04
 0.10868089543879E+04
 0.10843026013366E+04
 0.10830009031887E+04
 0.10836534101692E+04
 0.10761633606016E+04
 0.10841942896657E+04
 0.10793369101797E+04
 0.10775535920795E+04
 0.10873108555279E+04
 0.10803213883247E+04
 0.10845174679662E+04
 0.10800969193745E+04
 0.10791316984216E+04
 0.10785525122608E+04
 0.10816141993099E+04
 0.10802422628140E+04
 0.10800580544599E+04
 0.10845905098783E+04
 0.10762877835619E+04
 0.10874955680569E+04
 0.10874680941794E+04
 0.10881636126460E+04
 0.10786428590351E+04
 0.10794722931199E+04
 0.10799450522497E+04
 0.10832500733933E+04
 0.10868460606440E+04
 0.10867136650820E+04
 0.10795794132118E+04
 0.10894506409801E+04
 0.10903876500643E+04
 0.10772755751741E+04
 0.10895637616122E+04
 0.10899917335320E+04
 0.10881123774853E+04
 0.10790653757916E+04
 0.10843594351012E+04
 0.10817964405306E+04
 0.10906309155296E+04
 0.10905275731800E+04
 0.10839200429900E+04
 0.10790168047396E+04
 0.10829476960313E+04
 0.10878954702359E+04
 0.10783119326261E+04
 0.10806759934024E+04
 0.10913478835148E+04
 0.10861465099999E+04
 0.10852955101157E+04
 0.10829452537506E+04
 0.10854175724305E+04
 0.10803372990852E+04
 0.10899501961804E+04
 0.10862902213530E+04
 0.10906020956770E+04
 0.10814415910751E+04
 0.10794555137527E+04
 0.10810243021796E+04
 0.10838609900811E+04
 0.10831014482970E+04
 0.10799710687786E+04
 0.10932624916586E+04
 0.10853856523378E+04
 0.10907471841621E+04
 0.10871998679610E+04
 0.10842938337565E+04
 0.10865045118377E+04
 0.10851100710863E+04
 0.10861184478592E+04
 0.10903527901188E+04
 0.10863713273715E+04
 0.10954035402060E+04
 0.10876248403040E+04
 0.10950768444652E+04
 0.10926414759524E+04
 0.10910688301203E+04
 0.10878336090879E+04
 0.10965433055275E+04
 0.10950061311047E+04
 0.10881297541897E+04
 0.10947372598862E+04
 0.10897461661028E+04
 0.10937735111694E+04
 0.10998422986915E+04
 0.11022189377111E+04
 0.10962890652508E+04
 0.10942046942030E+04
 0.11012583425877E+04
 0.10962701512295E+04
 0.11054186481755E+04
 0.10940955721063E+04
 0.11085318886880E+04
 0.10970717425770E+04
 0.10982353908756E+04
 0.11107380260378E+04
 0.11087108570354E+04
 0.11011529710718E+04
 0.11119064073400E+04
 0.11146739214653E+04
 0.11165890160933E+04
 0.11065312865600E+04
 0.11076074314499E+04
 0.11060015348909E+04
 0.11130459671395E+04
 0.11130587640544E+04
 0.11217288851968E+04
 0.11112803552839E+04
 0.11147730116106E+04
 0.11151557590383E+04
 0.11211705902470E+04
 0.11176167860957E+04
 0.11195520747714E+04
 0.11307546008468E+04
 0.11353405227377E+04
 0.11273411241413E+04
 0.11273482619976E+04
 0.11300324027553E+04
 0.11283988042663E+04
 0.11404448586271E+04
 0.11372640145821E+04
 0.11378708667692E+04
 0.11451129427560E+04
 0.11335898233562E+04
 0.11412295539561E+04
 0.11480438592941E+04
 0.11405265570163E+04
 0.11506622902843E+04
 0.11489179860223E+04
 0.11523066206663E+04
 0.11529110454656E+04
 0.11516104847400E+04
 0.11625378910796E+04
 0.11594864538632E+04
 0.11613448799993E+04
 0.11638200109060E+04
 0.11565297728629E+04
 0.11672313815485E+04
 0.11692574730797E+04
 0.11620948057666E+04
 0.11704289875629E+04
 0.11663824906839E+04
 0.11785218030741E+04
 0.11832701711315E+04
 0.11737863067763E+04
 0.11874144566239E+04
 0.11871332310494E+04
 0.11789783189318E+04
 0.11863774525858E+04
 0.11828155791636E+04
 0.11963534936646E+04
 0.11883089407116E+04
 0.11982915348216E+04
 0.11981220119667E+04
 0.12053163051707E+04
 0.11997799032226E+04
 0.11994665506054E+04
 0.12149195436207E+04
 0.12042072965799E+04
 0.12143250566702E+04
 0.12082554054540E+04
 0.12192670542193E+04
 0.12202427376307E+04
 0.12233010309117E+04
 0.12273184149570E+04
 0.12203365029583E+04
 0.12199058745752E+04
 0.12271429106719E+04
 0.12372365093743E+04
 0.12303860838370E+04
 0.12296893367848E+04
 0.12462136023721E+04
 0.12412096728428E+04
 0.12478452598461E+04
 0.12443537378447E+04
 0.12549300287408E+04
 0.12536475293437E+04
 0.12595172547333E+04
 0.12602924870100E+04
 0.12558550323665E+04
 0.12626817936030E+04
 0.12610274041470E+04
 0.12647016823640E+04
 0.12740357004321E+04
 0.12638247094012E+04
 0.12784099962436E+04
 0.12838732792838E+04
 0.12865115676489E+04
 0.12753071160091E+04
 0.12859451316216E+04
 0.12782689392848E+04
 0.12940581537415E+04
 0.12855532566547E+04
 0.12973063726386E+04
 0.13034395477468E+04
 0.12969201409438E+04
 0.13066421215753E+04
 0.13038556246925E+04
 0.13092479780812E+04
 0.13153740701083E+04
 0.13140513200891E+04
 0.13117608242480E+04
 0.13206830976853E+04
 0.13261769083892E+04
 0.13272116160147E+04
 0.13155346267491E+04
 0.13327310897088E+04
 0.13266214017261E+04
 0.13257200859393E+04
 0.13364003521579E+04
 0.13435757128995E+04
 0.13376081458497E+04
 0.13399559833596E+04
 0.13381162740202E+04
