 0.25955908804632E+10
 0.25957108867719E+10
 0.25959108782898E+10
 0.25961908750767E+10
 0.25965508759658E+10
 0.25969908781553E+10
 0.25975108684409E+10
 0.25981108744504E+10
 0.25987908512540E+10
 0.25995508450152E+10
 0.26003908398451E+10
 0.26013108301255E+10
 0.26023108280701E+10
 0.26033908300442E+10
 0.26045508230449E+10
 0.26057908191419E+10
 0.26071108258550E+10
 0.26085108504824E+10
 0.26099908826810E+10
 0.26115509222969E+10
 0.26131909814944E+10
 0.26149110685010E+10
 0.26167111783052E+10
 0.26185913419300E+10
 0.26205515533291E+10
 0.26225918281223E+10
 0.26247121235805E+10
 0.26269125348653E+10
 0.26291930196071E+10
 0.26315536177647E+10
 0.26339942068312E+10
 0.26365149730797E+10
 0.26391158471524E+10
 0.26417967499992E+10
 0.26445578943529E+10
 0.26473989753201E+10
 0.26503200541367E+10
 0.26533213072038E+10
 0.26564025108641E+10
 0.26595638433887E+10
 0.26628050395479E+10
 0.26661261655758E+10
 0.26695271537230E+10
 0.26730079728658E+10
 0.26765685945899E+10
 0.26802089161840E+10
 0.26839287900825E+10
 0.26877281199297E+10
 0.26916068591583E+10
 0.26955649551493E+10
 0.26996020267053E+10
 0.27037182722488E+10
 0.27079132146264E+10
 0.27121869626984E+10
 0.27165391723479E+10
 0.27209696100754E+10
 0.27254780923320E+10
 0.27300645682398E+10
 0.27347285574130E+10
 0.27394695179929E+10
 0.27442882388413E+10
 0.27491829453066E+10
 0.27541543048871E+10
 0.27592016454353E+10
 0.27643249861846E+10
 0.27695233905457E+10
 0.27747965699786E+10
 0.27801441694311E+10
 0.27855664724066E+10
 0.27910619346648E+10
 0.27966299586698E+10
 0.28022702214194E+10
 0.28079828188381E+10
 0.28137677947308E+10
 0.28196230177332E+10
 0.28255489905088E+10
 0.28315439577844E+10
 0.28376093599126E+10
 0.28437440116838E+10
 0.28499439202776E+10
 0.28562130542432E+10
 0.28625486201573E+10
 0.28689488761537E+10
 0.28754149190749E+10
 0.28819450538015E+10
 0.28885376700031E+10
 0.28951954728646E+10
 0.29019146204928E+10
 0.29086953820884E+10
 0.29155326705493E+10
 0.29224324083358E+10
 0.29293890310521E+10
 0.29364045031529E+10
 0.29434756540375E+10
 0.29506054861819E+10
 0.29577915584428E+10
 0.29650226487992E+10
 0.29723119797682E+10
 0.29796519652834E+10
 0.29870381989319E+10
 0.29944806518566E+10
 0.30019668644884E+10
 0.30095026734138E+10
 0.30170808428839E+10
 0.30247059001235E+10
 0.30323746725185E+10
 0.30400752113176E+10
 0.30478288445835E+10
 0.30556099129630E+10
 0.30634372478768E+10
 0.30712933680995E+10
 0.30791935186241E+10
 0.30871164657816E+10
 0.30950742101328E+10
 0.31030480290615E+10
 0.31110661063353E+10
 0.31190973653873E+10
 0.31271527802834E+10
 0.31352329874613E+10
 0.31433251249649E+10
 0.31514302346067E+10
 0.31595571232665E+10
 0.31676947006303E+10
 0.31758344081275E+10
 0.31839837026850E+10
 0.31921342058416E+10
 0.32002865196684E+10
 0.32084346172150E+10
 0.32165699642706E+10
 0.32247040787526E+10
 0.32328148887625E+10
 0.32409186330942E+10
 0.32489957562631E+10
 0.32570602974480E+10
 0.32650933852979E+10
 0.32731036191378E+10
 0.32810569226782E+10
 0.32889863655536E+10
 0.32968802243786E+10
 0.33047293606480E+10
 0.33125334237309E+10
 0.33203040341723E+10
 0.33280340245758E+10
 0.33357146476968E+10
 0.33433566864721E+10
 0.33509818167358E+10
 0.33585871061690E+10
 0.33661745854621E+10
 0.33737544594062E+10
 0.33813643810232E+10
 0.33890195254358E+10
 0.33967305331908E+10
 0.34045365077644E+10
 0.34124349522561E+10
 0.34204868355530E+10
 0.34286648098549E+10
 0.34370335436608E+10
 0.34455843152307E+10
 0.34543237844650E+10
 0.34632551959722E+10
 0.34723721957164E+10
 0.34816768331711E+10
 0.34911535117830E+10
 0.35008082369317E+10
 0.35106238800442E+10
 0.35206194601422E+10
 0.35307588357801E+10
 0.35410725154688E+10
 0.35515266250550E+10
 0.35621411057973E+10
 0.35729166437752E+10
 0.35838233053712E+10
 0.35949052923228E+10
 0.36061158625070E+10
 0.36174551468568E+10
 0.36289636488515E+10
 0.36405935593905E+10
 0.36523608185262E+10
 0.36642787500020E+10
 0.36763214297006E+10
 0.36884872405851E+10
 0.37007829309579E+10
 0.37131973410917E+10
 0.37257418978434E+10
 0.37384090139690E+10
 0.37512046013048E+10
 0.37641018858706E+10
 0.37771145666629E+10
 0.37902523521784E+10
 0.38035132417849E+10
 0.38168619940972E+10
 0.38303367549128E+10
 0.38439203035818E+10
 0.38576067290312E+10
 0.38714041181268E+10
 0.38853093817306E+10
 0.38993149526772E+10
 0.39134249597417E+10
 0.39276309732265E+10
 0.39419623171342E+10
 0.39563758194848E+10
 0.39708883731230E+10
 0.39855157876782E+10
 0.40002362114714E+10
 0.40150580332383E+10
 0.40299740280309E+10
 0.40449914710086E+10
 0.40601029437450E+10
 0.40753091560141E+10
 0.40906227471292E+10
 0.41060272399677E+10
 0.41215186053778E+10
 0.41371170672999E+10
 0.41527982381442E+10
 0.41685880357166E+10
 0.41844568734917E+10
 0.42004243710936E+10
 0.42164882141232E+10
 0.42326368789023E+10
 0.42488882399667E+10
 0.42652271056955E+10
 0.42816536391273E+10
 0.42981748848311E+10
 0.43147882230187E+10
 0.43314984134332E+10
 0.43482935578588E+10
 0.43651754957193E+10
 0.43821492427963E+10
 0.43992148223101E+10
 0.44163795709514E+10
 0.44336286848660E+10
 0.44509603867662E+10
 0.44683918320285E+10
 0.44859000346120E+10
 0.45035088967268E+10
 0.45212032027955E+10
 0.45389847685838E+10
 0.45568492204559E+10
 0.45748013635934E+10
 0.45928565344502E+10
 0.46109931506669E+10
 0.46292159344664E+10
 0.46475214062894E+10
 0.46659249716133E+10
 0.46844073395460E+10
 0.47029824846746E+10
 0.47216503145362E+10
 0.47403937756637E+10
 0.47592197651283E+10
 0.47781497145168E+10
 0.47971606622727E+10
 0.48162542836277E+10
 0.48354366031693E+10
 0.48547041766240E+10
 0.48740663755817E+10
 0.48934980091076E+10
 0.49130333662148E+10
 0.49326459860966E+10
 0.49523490475545E+10
 0.49721347047353E+10
 0.49920051624084E+10
 0.50119670580444E+10
 0.50320122877542E+10
 0.50521415653908E+10
 0.50723518127639E+10
 0.50926600596126E+10
 0.51130494907282E+10
 0.51335250873238E+10
 0.51540835924585E+10
 0.51747277866815E+10
 0.51954497538403E+10
 0.52162636905508E+10
 0.52371648180234E+10
 0.52581465900510E+10
 0.52792135887114E+10
 0.53003724083619E+10
 0.53216110075309E+10
 0.53429365514255E+10
 0.53643509004681E+10
 0.53858380738469E+10
 0.54074234454168E+10
 0.54290915157866E+10
 0.54508302179686E+10
 0.54726677663062E+10
 0.54945875183886E+10
 0.55165906817575E+10
 0.55386696547594E+10
 0.55608484706913E+10
 0.55831067499269E+10
 0.56054444491677E+10
 0.56278693007364E+10
 0.56503773852893E+10
 0.56729708217001E+10
 0.56956422842649E+10
 0.57184108089230E+10
 0.57412484786588E+10
 0.57641854727066E+10
 0.57872013014810E+10
 0.58102936945392E+10
 0.58334757190823E+10
