 0.16431646807701E+00
 0.16431646807697E+00
 0.16431646807651E+00
 0.16431646810801E+00
 0.16431646927819E+00
 0.16431648034875E+00
 0.16431652778923E+00
 0.16431665760741E+00
 0.16431691794218E+00
 0.16431734131408E+00
 0.16431793132732E+00
 0.16431865791848E+00
 0.16431946793289E+00
 0.16432026598972E+00
 0.16432096554685E+00
 0.16432141105496E+00
 0.16432149318812E+00
 0.16432107138723E+00
 0.16431999377983E+00
 0.16431811840947E+00
 0.16430024804483E+00
 0.16429243419178E+00
 0.16428315776556E+00
 0.16427229703679E+00
 0.16425970388195E+00
 0.16424526483580E+00
 0.16422877691969E+00
 0.16421031090145E+00
 0.16418965157011E+00
 0.16416657523430E+00
 0.16414083440952E+00
 0.16411259702474E+00
 0.16408144549771E+00
 0.16404711460609E+00
 0.16400996023108E+00
 0.16396936139780E+00
 0.16392535416767E+00
 0.16387747892532E+00
 0.16382605443195E+00
 0.16377109478517E+00
 0.16371113598862E+00
 0.16364733138612E+00
 0.16357940849380E+00
 0.16350694322328E+00
 0.16342924021121E+00
 0.16334701544056E+00
 0.16326066562696E+00
 0.16316946447698E+00
 0.16307291548796E+00
 0.16297120167911E+00
 0.16286501445806E+00
 0.16275341457965E+00
 0.16263705504177E+00
 0.16251549814623E+00
 0.16238829034376E+00
 0.16225602069327E+00
 0.16211894191961E+00
 0.16197570318097E+00
 0.16182777064612E+00
 0.16167579397773E+00
 0.16151463920875E+00
 0.16135189723032E+00
 0.16118341702874E+00
 0.16100710284381E+00
 0.16082833603956E+00
 0.16063989412510E+00
 0.16044787149780E+00
 0.16025442957186E+00
 0.16005099095065E+00
 0.15984468196158E+00
 0.15962768080928E+00
 0.15940655309463E+00
 0.15918441609469E+00
 0.15894807563118E+00
 0.15871115309438E+00
 0.15846410902327E+00
 0.15821152994239E+00
 0.15794879907136E+00
 0.15768689180807E+00
 0.15741012192877E+00
 0.15712850833445E+00
 0.15683963253279E+00
 0.15654388710627E+00
 0.15623879899794E+00
 0.15591859075411E+00
 0.15559575961320E+00
 0.15526389099908E+00
 0.15491683251965E+00
 0.15456092809362E+00
 0.15419099051823E+00
 0.15381849081752E+00
 0.15343447459616E+00
 0.15303095800740E+00
 0.15261155941066E+00
 0.15218974851007E+00
 0.15175626269713E+00
 0.15129553850099E+00
 0.15083008702274E+00
 0.15034453396610E+00
 0.14984496605253E+00
 0.14932192805113E+00
 0.14878857132261E+00
 0.14823788637389E+00
 0.14766138026952E+00
 0.14706024607166E+00
 0.14644317731307E+00
 0.14581141469119E+00
 0.14513974811434E+00
 0.14444880085890E+00
 0.14374037321953E+00
 0.14300738767063E+00
 0.14223802090707E+00
 0.14144120612136E+00
 0.14060975048892E+00
 0.13973791733307E+00
 0.13884254954095E+00
 0.13791008633393E+00
 0.13693873657437E+00
 0.13591942217415E+00
 0.13486109691108E+00
 0.13376200484780E+00
 0.13262069450443E+00
 0.13140990948037E+00
 0.13014378250984E+00
 0.12883355162313E+00
 0.12747186056597E+00
 0.12604881700450E+00
 0.12453687472471E+00
 0.12295795808850E+00
 0.12131572507261E+00
 0.11959037125689E+00
 0.11776294862011E+00
 0.11586899254076E+00
 0.11386304328539E+00
 0.11174123069079E+00
 0.10953633635787E+00
 0.10718492210000E+00
 0.10471308758940E+00
 0.10211120107105E+00
 0.99387886618961E-01
 0.96508529132434E-01
 0.93495383799240E-01
 0.90311412384902E-01
 0.86977428200264E-01
 0.83477581005153E-01
 0.79843071171124E-01
 0.76040361221887E-01
 0.72117806119687E-01
 0.68067194704727E-01
 0.63917078092832E-01
 0.59768333564547E-01
 0.55571496369672E-01
 0.51383794701569E-01
 0.47323956311317E-01
 0.43379102662350E-01
 0.39633758635851E-01
 0.36098230533384E-01
 0.32817854068471E-01
 0.29781598506847E-01
 0.27021616192087E-01
 0.24525253005573E-01
 0.22263833475024E-01
 0.20235987620531E-01
 0.18423500043735E-01
 0.16808763823523E-01
 0.15360244090501E-01
 0.14069145013981E-01
 0.12914878633310E-01
 0.11881387761736E-01
 0.10954654844104E-01
 0.10126371451973E-01
 0.93760340970486E-02
 0.87004199846209E-02
 0.80949528899498E-02
 0.75426693562674E-02
 0.70403668388186E-02
 0.65879795056038E-02
 0.61721445489691E-02
 0.57941130316853E-02
 0.54448011124816E-02
 0.51298393259240E-02
 0.48368593316296E-02
 0.45688778815951E-02
 0.43184216476103E-02
 0.40899346926314E-02
 0.38763844515438E-02
 0.36807113334381E-02
 0.34973964487201E-02
 0.33275050684172E-02
 0.31683457925460E-02
 0.30207273884749E-02
 0.28817771202989E-02
 0.27518223504767E-02
 0.26304240455470E-02
 0.25167746315790E-02
 0.24106243449611E-02
 0.23101604324888E-02
 0.22150693106821E-02
 0.21259300488789E-02
 0.20420165608431E-02
 0.19625656405126E-02
 0.18877741228970E-02
 0.18163110656598E-02
 0.17493499993163E-02
 0.16850649897186E-02
 0.16249726949332E-02
 0.15673569372224E-02
 0.15125953730792E-02
 0.14606668835866E-02
 0.14113064301674E-02
 0.13641237621717E-02
 0.13192111457139E-02
 0.12760506604159E-02
 0.12352948229647E-02
 0.11962402213965E-02
 0.11589405294873E-02
 0.11232083729425E-02
 0.10889382789311E-02
 0.10564248754795E-02
 0.10249365742158E-02
 0.99497723695339E-03
 0.96600154788095E-03
 0.93820021758602E-03
 0.91170193091011E-03
 0.88607228897366E-03
 0.86164389598740E-03
 0.83804433672118E-03
 0.81542403011742E-03
 0.79350936136175E-03
 0.77251588023690E-03
 0.75239224034729E-03
 0.73281064628816E-03
 0.71393798975579E-03
 0.69583354373394E-03
 0.67824583728966E-03
 0.66143161312575E-03
 0.64509205570548E-03
 0.62938946910490E-03
 0.61405553053047E-03
 0.59937578854419E-03
 0.58518687749906E-03
 0.57138807312999E-03
 0.55811686546820E-03
 0.54521845079397E-03
 0.53271449931435E-03
 0.52068505055168E-03
 0.50894313863828E-03
 0.49758700121001E-03
 0.48660302974739E-03
 0.47591571670061E-03
 0.46562522864878E-03
 0.45554095252798E-03
 0.44584807340502E-03
 0.43639328808592E-03
 0.42719978514998E-03
 0.41831651287619E-03
 0.40963744022983E-03
 0.40121587366509E-03
 0.39310048685002E-03
 0.38509148766360E-03
 0.37742589016401E-03
 0.36986327338909E-03
 0.36256313823704E-03
 0.35546326456787E-03
 0.34856463314206E-03
 0.34180189073026E-03
 0.33523518442010E-03
 0.32884262186098E-03
 0.32263230778076E-03
 0.31658202349117E-03
 0.31067531300516E-03
 0.30491960997535E-03
 0.29929336300952E-03
 0.29382338119927E-03
 0.28850717850344E-03
 0.28329647677031E-03
 0.27821119749158E-03
 0.27330259371126E-03
 0.26844113299545E-03
 0.26372151393757E-03
 0.25913368761878E-03
 0.25463706286839E-03
 0.25024668540015E-03
 0.24597425264897E-03
 0.24179606872865E-03
 0.23768740815118E-03
 0.23371367690898E-03
 0.22980725305309E-03
 0.22599906245977E-03
 0.22228767428232E-03
 0.21862653859795E-03
 0.21508720287338E-03
 0.21158656442796E-03
 0.20819100254037E-03
 0.20485525082931E-03
 0.20159758205634E-03
 0.19839969410056E-03
 0.19527466695286E-03
 0.19222544511648E-03
 0.18922767056557E-03
