 0.11076108624053E+04
 0.11076108624053E+04
 0.11076108624053E+04
 0.11076108624053E+04
 0.11076108624053E+04
 0.11076108624053E+04
 0.11076108624053E+04
 0.11076108624053E+04
 0.11076108624053E+04
 0.11076069849429E+04
 0.11077207589677E+04
 0.11075620357473E+04
 0.11074536527897E+04
 0.11075278816512E+04
 0.11073768013985E+04
 0.11074388962902E+04
 0.11074004255882E+04
 0.11075722226820E+04
 0.11075073314257E+04
 0.11073908208067E+04
 0.11074505137451E+04
 0.11075634452914E+04
 0.11075230248308E+04
 0.11072735383435E+04
 0.11072083062127E+04
 0.11074034957076E+04
 0.11074802993500E+04
 0.11073194081377E+04
 0.11071830621956E+04
 0.11074200282617E+04
 0.11077501184247E+04
 0.11071179618744E+04
 0.11081068835553E+04
 0.11080930463188E+04
 0.11075225261504E+04
 0.11088800755540E+04
 0.11080674912486E+04
 0.11078909656485E+04
 0.11090823495618E+04
 0.11080509846694E+04
 0.11071883974618E+04
 0.11088967598505E+04
 0.11077185076134E+04
 0.11094776552287E+04
 0.11110594135681E+04
 0.11110209669517E+04
 0.11105957947922E+04
 0.11093774153483E+04
 0.11083999465776E+04
 0.11108706229693E+04
 0.11082113858009E+04
 0.11120074760133E+04
 0.11096322734442E+04
 0.11091218083997E+04
 0.11092615383052E+04
 0.11128366667340E+04
 0.11121731064590E+04
 0.11080552131427E+04
 0.11145892637858E+04
 0.11100764039593E+04
 0.11130020102629E+04
 0.11115874225087E+04
 0.11063911265364E+04
 0.11105229798768E+04
 0.11098698500826E+04
 0.11109989052215E+04
 0.11120377894525E+04
 0.11196352966625E+04
 0.11139932493432E+04
 0.11088324862496E+04
 0.11164057593643E+04
 0.11176005031852E+04
 0.11074107301461E+04
 0.11162349091232E+04
 0.11104926186955E+04
 0.11141418239287E+04
 0.11090490888095E+04
 0.11117063051738E+04
 0.11177662635073E+04
 0.11175574292752E+04
 0.11155885081658E+04
 0.11069905807618E+04
 0.11165588135969E+04
 0.11201713201167E+04
 0.11127769373015E+04
 0.11161683544014E+04
 0.11170629658416E+04
 0.11193916308058E+04
 0.11172581491236E+04
 0.11161711708447E+04
 0.11159945185545E+04
 0.11093431490568E+04
 0.11173979469412E+04
 0.11125863513461E+04
 0.11102574532706E+04
 0.11195360671754E+04
 0.11064245828243E+04
 0.11162754139075E+04
 0.11133447901007E+04
 0.11117816999761E+04
 0.11113819107712E+04
 0.11154355287583E+04
 0.11118980350001E+04
 0.11106998964508E+04
 0.11177513838180E+04
 0.11102166365073E+04
 0.11192413914457E+04
 0.11078968388937E+04
 0.11085242548554E+04
 0.11134453147325E+04
 0.11130426461160E+04
 0.11118782109490E+04
 0.11162555948745E+04
 0.11216729273312E+04
 0.11095393761064E+04
 0.11125729060967E+04
 0.11084945039370E+04
 0.11089806374322E+04
 0.11100352602293E+04
 0.11097021753872E+04
 0.11215069982863E+04
 0.11100342777701E+04
 0.11108193028205E+04
 0.11179329603310E+04
 0.11156714656763E+04
 0.11098586504759E+04
 0.11107826742441E+04
 0.11145454125426E+04
 0.11115245862082E+04
 0.11144814951905E+04
 0.11078163484099E+04
 0.11078725560390E+04
 0.11119005431785E+04
 0.11220551839811E+04
 0.11194432363737E+04
 0.11143146526897E+04
 0.11187823978728E+04
 0.11191376254319E+04
 0.11124448925584E+04
 0.11099633990694E+04
 0.11124813445960E+04
 0.11175765201508E+04
 0.11154026686421E+04
 0.11092074977744E+04
 0.11093382803279E+04
 0.11103019555579E+04
 0.11138021091120E+04
 0.11144335986124E+04
 0.11132520335637E+04
 0.11144354232390E+04
 0.11107829133077E+04
 0.11182219050872E+04
 0.11107689346713E+04
 0.11134951597827E+04
 0.11145840151448E+04
 0.11157114799458E+04
 0.11206186021534E+04
 0.11220897979500E+04
 0.11254785561570E+04
 0.11169378574875E+04
 0.11165376230222E+04
 0.11247841392290E+04
 0.11304420769162E+04
 0.11234228233752E+04
 0.11304150736340E+04
 0.11208190425908E+04
 0.11215952711389E+04
 0.11267617720448E+04
 0.11305194817366E+04
 0.11241762563308E+04
 0.11332837623450E+04
 0.11302808638269E+04
 0.11257897168527E+04
 0.11362578838947E+04
 0.11275337699560E+04
 0.11340430775421E+04
 0.11295846830312E+04
 0.11335604387404E+04
 0.11357734427651E+04
 0.11377639082168E+04
 0.11401054490382E+04
 0.11363388149712E+04
 0.11399225423012E+04
 0.11390974232564E+04
 0.11527875938658E+04
 0.11438664536950E+04
 0.11470155788280E+04
 0.11481170246938E+04
 0.11489002040363E+04
 0.11511604058483E+04
 0.11563282450764E+04
 0.11524580913190E+04
 0.11601199125562E+04
 0.11635185047296E+04
 0.11563409944109E+04
 0.11609355145717E+04
 0.11645085365659E+04
 0.11703493411111E+04
 0.11650168239203E+04
 0.11633829327101E+04
 0.11704564288328E+04
 0.11675247617432E+04
 0.11670718127160E+04
 0.11773426974911E+04
 0.11817636451429E+04
 0.11833933091053E+04
 0.11833904671635E+04
 0.11845310447673E+04
 0.11900948489182E+04
 0.11831506163758E+04
 0.11968736102680E+04
 0.11855812387093E+04
 0.11905787593903E+04
 0.11957864678260E+04
 0.11920756127359E+04
 0.11966081101557E+04
 0.12085054484914E+04
 0.12091849081064E+04
 0.12111960693802E+04
 0.12136911433019E+04
 0.12131700097787E+04
 0.12082475790150E+04
 0.12162400134115E+04
 0.12209826225085E+04
 0.12187733604652E+04
 0.12208906369853E+04
 0.12253198679904E+04
 0.12253895888299E+04
 0.12262291518400E+04
 0.12377947783243E+04
 0.12280914368461E+04
 0.12399465019362E+04
 0.12473040258924E+04
 0.12440454381768E+04
 0.12393780854313E+04
 0.12444922154821E+04
 0.12463265278152E+04
 0.12490887334465E+04
 0.12464193554969E+04
 0.12523146107415E+04
 0.12533176146671E+04
 0.12556672873330E+04
 0.12632244784133E+04
 0.12639087289180E+04
 0.12685394452392E+04
 0.12800356254920E+04
 0.12704886331117E+04
 0.12845991798916E+04
 0.12729313172471E+04
 0.12871706644983E+04
 0.12917625068344E+04
 0.12827391638955E+04
 0.12881999812873E+04
 0.13017750301089E+04
 0.13027007107648E+04
 0.12989236354497E+04
 0.13045054857866E+04
 0.13020431192357E+04
 0.13073989613619E+04
 0.13186708527747E+04
 0.13081027717282E+04
 0.13122013896490E+04
 0.13101410294736E+04
 0.13193596763530E+04
 0.13282089477702E+04
 0.13366916912289E+04
 0.13383936551912E+04
 0.13292120797387E+04
 0.13263759152369E+04
 0.13352992049219E+04
 0.13374149096951E+04
 0.13503894532614E+04
 0.13432002019787E+04
 0.13530041785769E+04
 0.13518087582006E+04
 0.13503467798087E+04
 0.13572186096627E+04
 0.13608225827347E+04
 0.13661704705987E+04
 0.13607334858568E+04
 0.13725739433410E+04
 0.13695991792522E+04
 0.13688378690458E+04
 0.13720720245074E+04
 0.13911214309901E+04
 0.13941609636551E+04
 0.13822082054956E+04
 0.13894263690459E+04
 0.13912786511581E+04
 0.14046724652287E+04
 0.14047102492248E+04
 0.14056438402953E+04
 0.14048517705859E+04
 0.14158243724639E+04
 0.14082826789175E+04
 0.14220724660751E+04
 0.14258019518473E+04
 0.14165647899166E+04
 0.14360497479094E+04
 0.14204782833358E+04
