 0.77828127914593E+07
 0.77828127914647E+07
 0.77828127915301E+07
 0.77828127918517E+07
 0.77828127940319E+07
 0.77828128089108E+07
 0.77828129398257E+07
 0.77828135132704E+07
 0.77828154248330E+07
 0.77828204368879E+07
 0.77828314346661E+07
 0.77828523523762E+07
 0.77828883629000E+07
 0.77829457171304E+07
 0.77830307445658E+07
 0.77831519137750E+07
 0.77833160632424E+07
 0.77835309933384E+07
 0.77838042133324E+07
 0.77841429593367E+07
 0.77845564948700E+07
 0.77850464037341E+07
 0.77856213453543E+07
 0.77862861012672E+07
 0.77870461487891E+07
 0.77879050239654E+07
 0.77888682983671E+07
 0.77899323724483E+07
 0.77911024234347E+07
 0.77923828502513E+07
 0.77937784339597E+07
 0.77952803811709E+07
 0.77968978846694E+07
 0.77986349908614E+07
 0.78004758258454E+07
 0.78024350878045E+07
 0.78045061149371E+07
 0.78066986976212E+07
 0.78089959352111E+07
 0.78113923426670E+07
 0.78139281349159E+07
 0.78165604197080E+07
 0.78192909663166E+07
 0.78221254674350E+07
 0.78250797075391E+07
 0.78281222411697E+07
 0.78312307614476E+07
 0.78344201367906E+07
 0.78376944731918E+07
 0.78410379504240E+07
 0.78444139141650E+07
 0.78478402439826E+07
 0.78512782031987E+07
 0.78547295025085E+07
 0.78581845354017E+07
 0.78616061397960E+07
 0.78649580637045E+07
 0.78682712790868E+07
 0.78714644989323E+07
 0.78744886425573E+07
 0.78774789941140E+07
 0.78801589930590E+07
 0.78826209523073E+07
 0.78848967484395E+07
 0.78867721216618E+07
 0.78884374664564E+07
 0.78896443695032E+07
 0.78902773686085E+07
 0.78905587689613E+07
 0.78902024700428E+07
 0.78894002509968E+07
 0.78878859057002E+07
 0.78854901668845E+07
 0.78825657534441E+07
 0.78786086040548E+07
 0.78738536520618E+07
 0.78680554951980E+07
 0.78612888932455E+07
 0.78531783664160E+07
 0.78440235545126E+07
 0.78334808266537E+07
 0.78215243057296E+07
 0.78080529943840E+07
 0.77930041773835E+07
 0.77764153421909E+07
 0.77578765771862E+07
 0.77374078289997E+07
 0.77150234568573E+07
 0.76904657865083E+07
 0.76636917645300E+07
 0.76343753411777E+07
 0.76024781993198E+07
 0.75680117483333E+07
 0.75307304494018E+07
 0.74902841443327E+07
 0.74467141028072E+07
 0.73997897175424E+07
 0.73492853255418E+07
 0.72950749902596E+07
 0.72368569235728E+07
 0.71744052724392E+07
 0.71075818100250E+07
 0.70360888782350E+07
 0.69595642677046E+07
 0.68777217054419E+07
 0.67903870812769E+07
 0.66973230979392E+07
 0.65976084651342E+07
 0.64914565172639E+07
 0.63785559519685E+07
 0.62583325878945E+07
 0.61298972780467E+07
 0.59933470145405E+07
 0.58476811009402E+07
 0.56922271749395E+07
 0.55272709617454E+07
 0.53518195803749E+07
 0.51648719434654E+07
 0.49655379977834E+07
 0.47537606669668E+07
 0.45289595697141E+07
 0.42904527113853E+07
 0.40356047218486E+07
 0.37651380585049E+07
 0.34800136618641E+07
 0.31800371359541E+07
 0.28652832033685E+07
 0.25334392333984E+07
 0.21902045695019E+07
 0.18397647318622E+07
 0.14864383654386E+07
 0.11340732337930E+07
 0.79629047669623E+06
 0.47665601124762E+06
 0.18242527041885E+06
-0.77299074268424E+05
-0.30518910159147E+06
-0.49766065975783E+06
-0.65665288917452E+06
-0.78402404256746E+06
-0.88373134422457E+06
-0.95982891847785E+06
-0.10152760038819E+07
-0.10529480206835E+07
-0.10762112159403E+07
-0.10870399511319E+07
-0.10881580452781E+07
-0.10810981692007E+07
-0.10675932308801E+07
-0.10489298894043E+07
-0.10260430480154E+07
-0.10001238891260E+07
-0.97186289921714E+06
-0.94183535449719E+06
-0.91061681181740E+06
-0.87865309942384E+06
-0.84629577722130E+06
-0.81386393123101E+06
-0.78155619311176E+06
-0.74962193118992E+06
-0.71821103809739E+06
-0.68739731914346E+06
-0.65732750509032E+06
-0.62805710830957E+06
-0.59969250891473E+06
-0.57219731546148E+06
-0.54564242877541E+06
-0.52003213174815E+06
-0.49537097109497E+06
-0.47167480302802E+06
-0.44896441565214E+06
-0.42712555398888E+06
-0.40622223184865E+06
-0.38627936987899E+06
-0.36715856148640E+06
-0.34886954324442E+06
-0.33149504004116E+06
-0.31485970726280E+06
-0.29903211763067E+06
-0.28387966621276E+06
-0.26957850428286E+06
-0.25588405331828E+06
-0.24290446373363E+06
-0.23045703260829E+06
-0.21871440537676E+06
-0.20749932770300E+06
-0.19691530197232E+06
-0.18681678565987E+06
-0.17724199725560E+06
-0.16814142605816E+06
-0.15951509905697E+06
-0.15130444959549E+06
-0.14352267569305E+06
-0.13614593350641E+06
-0.12916759878884E+06
-0.12257438453166E+06
-0.11630480331620E+06
-0.11034735626669E+06
-0.10470950234544E+06
-0.99392447494408E+05
-0.94336727767517E+05
-0.89573376586240E+05
-0.85024496437833E+05
-0.80759496423175E+05
-0.76684529618695E+05
-0.72872525276436E+05
-0.69240283081828E+05
-0.65805226266819E+05
-0.62556751357135E+05
-0.59503789142990E+05
-0.56595092713803E+05
-0.53854065524837E+05
-0.51245840206827E+05
-0.48809780418136E+05
-0.46504340862466E+05
-0.44323153582568E+05
-0.42261987722590E+05
-0.40316367547051E+05
-0.38494309246335E+05
-0.36752757453616E+05
-0.35127656131488E+05
-0.33584158951322E+05
-0.32117684873164E+05
-0.30753475240734E+05
-0.29455242184359E+05
-0.28248809631705E+05
-0.27107986108250E+05
-0.26032599769782E+05
-0.25010273913069E+05
-0.24059000807904E+05
-0.23170125456066E+05
-0.22318066038961E+05
-0.21522228613602E+05
-0.20779784940431E+05
-0.20066822405885E+05
-0.19418632832409E+05
-0.18799044916223E+05
-0.18223527322286E+05
-0.17671626015243E+05
-0.17162218500723E+05
-0.16688863713373E+05
-0.16237234411855E+05
-0.15823764761644E+05
-0.15430448499325E+05
-0.15059024746422E+05
-0.14722165395183E+05
-0.14396792914414E+05
-0.14095113148302E+05
-0.13816761642008E+05
-0.13549256417517E+05
-0.13313869816608E+05
-0.13080681010313E+05
-0.12872589385156E+05
-0.12675570959629E+05
-0.12490105278255E+05
-0.12322707604374E+05
-0.12162088218311E+05
-0.12012583700646E+05
-0.11883594394093E+05
-0.11751875211820E+05
-0.11638216316577E+05
-0.11524617887117E+05
-0.11425745408390E+05
-0.11335747134505E+05
-0.11252186540950E+05
-0.11168148254717E+05
-0.11095312576779E+05
-0.11027502088393E+05
-0.10967978882487E+05
-0.10910473939430E+05
-0.10856873762115E+05
-0.10812965622302E+05
-0.10764808856042E+05
-0.10722437563563E+05
-0.10685328680148E+05
-0.10651286409332E+05
-0.10618185185218E+05
-0.10594365404571E+05
-0.10563427185479E+05
-0.10537679976705E+05
-0.10514897944862E+05
-0.10494479256261E+05
-0.10474493085729E+05
-0.10457664895039E+05
-0.10439661792940E+05
-0.10422329585755E+05
-0.10411986187300E+05
-0.10398169959843E+05
-0.10386112804559E+05
-0.10374822349028E+05
-0.10358708743456E+05
-0.10352318255045E+05
-0.10337826034535E+05
-0.10328675669087E+05
-0.10319142736140E+05
-0.10309843335632E+05
-0.10297750312269E+05
-0.10288052927877E+05
-0.10276948232249E+05
-0.10265792113494E+05
