 0.34789878279465E+03
 0.34789878498954E+03
 0.34789879516805E+03
 0.34789882399173E+03
 0.34789888833281E+03
 0.34789901844546E+03
 0.34789926911729E+03
 0.34789971834587E+03
 0.34790045074031E+03
 0.34790153428492E+03
 0.34790300890223E+03
 0.34790487226989E+03
 0.34790711087792E+03
 0.34790965277533E+03
 0.34791243561975E+03
 0.34791542576373E+03
 0.34791844862785E+03
 0.34792148883856E+03
 0.34792455106826E+03
 0.34792742683371E+03
 0.34791405343513E+03
 0.34791223393094E+03
 0.34790983046194E+03
 0.34790668158305E+03
 0.34790249962355E+03
 0.34789715754289E+03
 0.34789016823973E+03
 0.34788093528584E+03
 0.34786918042946E+03
 0.34785394688603E+03
 0.34783414364099E+03
 0.34780884151060E+03
 0.34777683797810E+03
 0.34773644775200E+03
 0.34768645889371E+03
 0.34762470236429E+03
 0.34755075527178E+03
 0.34746110305949E+03
 0.34735486210414E+03
 0.34723116489279E+03
 0.34708740166113E+03
 0.34692244275690E+03
 0.34673619927396E+03
 0.34652461416427E+03
 0.34628905868307E+03
 0.34602709725048E+03
 0.34573884751041E+03
 0.34542376482439E+03
 0.34508150556105E+03
 0.34471046994645E+03
 0.34431260767836E+03
 0.34388651162419E+03
 0.34343233279696E+03
 0.34295132642229E+03
 0.34243721803929E+03
 0.34189814400859E+03
 0.34133084905774E+03
 0.34073601249305E+03
 0.34010907791630E+03
 0.33945036997953E+03
 0.33876472801542E+03
 0.33804680478203E+03
 0.33729666715946E+03
 0.33651150767977E+03
 0.33569264422338E+03
 0.33483727033040E+03
 0.33393670456049E+03
 0.33300716047552E+03
 0.33201592834954E+03
 0.33099762664461E+03
 0.32991115651223E+03
 0.32878153790848E+03
 0.32757683573454E+03
 0.32632449231602E+03
 0.32500061160096E+03
 0.32359652123935E+03
 0.32210995547032E+03
 0.32052797694980E+03
 0.31883655489740E+03
 0.31705049650183E+03
 0.31510196277053E+03
 0.31301185152171E+03
 0.31076515180929E+03
 0.30829872076539E+03
 0.30558449564116E+03
 0.30256510723461E+03
 0.29919323553701E+03
 0.29532530513886E+03
 0.29073388301872E+03
 0.28499551403218E+03
