 0.11076108624053E+04
 0.11076108624053E+04
 0.11076108624053E+04
 0.11076108624053E+04
 0.11076108624053E+04
 0.11076108624053E+04
 0.11076108624053E+04
 0.11076108624053E+04
 0.11076108624053E+04
 0.11076069849429E+04
 0.11077207589677E+04
 0.11075620357473E+04
 0.11074536527897E+04
 0.11075278816512E+04
 0.11073768013985E+04
 0.11074388962902E+04
 0.11074004255882E+04
 0.11075722226820E+04
 0.11075073314257E+04
 0.11073908208067E+04
 0.11074505137451E+04
 0.11075634452914E+04
 0.11075230248308E+04
 0.11072735383435E+04
 0.11071977126343E+04
 0.11073823258150E+04
 0.11074245715285E+04
 0.11075700909808E+04
 0.11074917684054E+04
 0.11073792940719E+04
 0.11076844529112E+04
 0.11075093934996E+04
 0.11081736644248E+04
 0.11083273225671E+04
 0.11075260416839E+04
 0.11086990492737E+04
 0.11080564936940E+04
 0.11079225916691E+04
 0.11091666652857E+04
 0.11078990629650E+04
 0.11073174404925E+04
 0.11087846223630E+04
 0.11076766699998E+04
 0.11095236850574E+04
 0.11108288985988E+04
 0.11108222946514E+04
 0.11105775972648E+04
 0.11092616303192E+04
 0.11083990834940E+04
 0.11106706452660E+04
 0.11081260323382E+04
 0.11122537584318E+04
 0.11095436122147E+04
 0.11091104427325E+04
 0.11088643795549E+04
 0.11127918159739E+04
 0.11119985344672E+04
 0.11080898667376E+04
 0.11145454122197E+04
 0.11099301402434E+04
 0.11128137074176E+04
 0.11115479584405E+04
 0.11063126298102E+04
 0.11105227349457E+04
 0.11098579598249E+04
 0.11112781443859E+04
 0.11118525559194E+04
 0.11196048045036E+04
 0.11142396739246E+04
 0.11085727616964E+04
 0.11161933114611E+04
 0.11174021807369E+04
 0.11074962736878E+04
 0.11167440033239E+04
 0.11102720518098E+04
 0.11139153813807E+04
 0.11085116800377E+04
 0.11115096418048E+04
 0.11179577098621E+04
 0.11174846022490E+04
 0.11158298493096E+04
 0.11074722500544E+04
 0.11167363483561E+04
 0.11199672037898E+04
 0.11133013663266E+04
 0.11155841271955E+04
 0.11179938562549E+04
 0.11189477968415E+04
 0.11175683215570E+04
 0.11163184220007E+04
 0.11159597371096E+04
 0.11086844034214E+04
 0.11175932458346E+04
 0.11115304019617E+04
 0.11103967673380E+04
 0.11184655010355E+04
 0.11124188655048E+04
 0.11174008936943E+04
 0.11144801283019E+04
 0.11114275788027E+04
 0.11105339031335E+04
