 0.11076108624053E+04
 0.11076108624053E+04
 0.11076108624053E+04
 0.11076108624053E+04
 0.11076108624053E+04
 0.11076108624053E+04
 0.11076108624053E+04
 0.11076108624053E+04
 0.11076108624053E+04
 0.11076069849429E+04
 0.11077207589677E+04
 0.11075620357473E+04
 0.11074536527897E+04
 0.11075278816512E+04
 0.11073768013985E+04
 0.11074388962902E+04
 0.11074004255882E+04
 0.11075722226820E+04
 0.11075073314257E+04
 0.11073908208067E+04
 0.11074505137451E+04
 0.11075634452914E+04
 0.11075230248308E+04
 0.11072806711690E+04
 0.11072240905012E+04
 0.11074231793774E+04
 0.11075089778259E+04
 0.11073123976019E+04
 0.11074272843526E+04
 0.11075083427266E+04
 0.11079720948858E+04
 0.11073570155690E+04
 0.11082781119328E+04
 0.11084284794463E+04
 0.11077874027751E+04
 0.11086485353401E+04
 0.11082108878933E+04
 0.11077157196097E+04
 0.11092852781029E+04
 0.11079656747059E+04
 0.11073739315363E+04
 0.11087192621671E+04
 0.11077980056230E+04
 0.11093772682327E+04
 0.11107890621691E+04
 0.11109932988434E+04
 0.11108672637917E+04
 0.11094056532696E+04
 0.11083524846000E+04
 0.11107076151045E+04
 0.11080572380907E+04
 0.11120709753556E+04
 0.11094289265222E+04
 0.11090791720643E+04
 0.11089163980265E+04
 0.11126638263264E+04
 0.11120880500861E+04
 0.11079208962650E+04
 0.11145441127876E+04
 0.11100335224964E+04
 0.11128529920750E+04
 0.11116834764689E+04
 0.11063963733247E+04
 0.11107935474095E+04
 0.11096715973508E+04
 0.11111617135342E+04
 0.11120992798714E+04
 0.11197480158009E+04
 0.11143646132049E+04
 0.11087307813236E+04
 0.11160533586975E+04
 0.11173556203529E+04
 0.11076385353110E+04
 0.11163696218086E+04
 0.11103065210110E+04
 0.11138670095053E+04
 0.11080682279843E+04
 0.11119287876609E+04
 0.11176218829320E+04
 0.11175638083092E+04
 0.11149475854100E+04
 0.11071057620702E+04
 0.11168247487034E+04
 0.11199564355823E+04
 0.11138377321250E+04
 0.11156775426789E+04
 0.11171918000304E+04
 0.11193215508231E+04
 0.11173168263511E+04
 0.11162807395867E+04
 0.11159054896582E+04
 0.11098334458820E+04
