 0.34787160937283E+03
 0.34787161156786E+03
 0.34787162174707E+03
 0.34787165058348E+03
 0.34787171495032E+03
 0.34787184514725E+03
 0.34787209541115E+03
 0.34787254476409E+03
 0.34787327710369E+03
 0.34787435997152E+03
 0.34787583014392E+03
 0.34787768748064E+03
 0.34787992074076E+03
 0.34788245852373E+03
 0.34788527387803E+03
 0.34788822120502E+03
 0.34789127655916E+03
 0.34789435997703E+03
 0.34789739010762E+03
 0.34790031581927E+03
 0.34788707386448E+03
 0.34788548481022E+03
 0.34788337819993E+03
 0.34788072138202E+03
 0.34787743473312E+03
 0.34787348217171E+03
 0.34786863465642E+03
 0.34786314287543E+03
 0.34785671917343E+03
 0.34784899975030E+03
 0.34783956199699E+03
 0.34782869300372E+03
 0.34781557687889E+03
 0.34779961438117E+03
 0.34778133155697E+03
 0.34775939737953E+03
 0.34773364800659E+03
 0.34770297976478E+03
 0.34766768140608E+03
 0.34762742939717E+03
 0.34757914290272E+03
 0.34752457772722E+03
 0.34746276818410E+03
 0.34739248391634E+03
 0.34731196951615E+03
 0.34722199849532E+03
 0.34712281488304E+03
 0.34701259155285E+03
 0.34688981105486E+03
 0.34675422729725E+03
 0.34660661386526E+03
 0.34644466613476E+03
 0.34626895190488E+03
 0.34607829480270E+03
 0.34587107494188E+03
 0.34564811884524E+03
 0.34540904684585E+03
 0.34515089917180E+03
 0.34487594974836E+03
 0.34458498512509E+03
 0.34426786720188E+03
 0.34393796259065E+03
 0.34358736410317E+03
 0.34321175820127E+03
 0.34282046462361E+03
 0.34239936908231E+03
 0.34195982260794E+03
 0.34150526819538E+03
 0.34101888080568E+03
 0.34051398023337E+03
 0.33997496857542E+03
 0.33941373498798E+03
 0.33883575907215E+03
 0.33821553867325E+03
 0.33757805416278E+03
 0.33690491196392E+03
 0.33620368851070E+03
 0.33546485312292E+03
 0.33470887928121E+03
 0.33390445458292E+03
 0.33307030509142E+03
 0.33220026553745E+03
 0.33129447054796E+03
 0.33034682940051E+03
 0.32934331509198E+03
 0.32830819459373E+03
 0.32722691743819E+03
 0.32608575678244E+03
 0.32489349736323E+03
 0.32363917554419E+03
 0.32234220810072E+03
 0.32098282481170E+03
 0.31954049749503E+03
 0.31801965012660E+03
 0.31644236253006E+03
 0.31478924815162E+03
 0.31301750823597E+03
 0.31117180228857E+03
 0.30921357058730E+03
 0.30714862340526E+03
 0.30494485394149E+03
 0.30262916507141E+03
 0.30017111698134E+03
 0.29754221021362E+03
 0.29472944535458E+03
 0.29174234417181E+03
 0.28856830743911E+03
 0.28512141846926E+03
 0.28143722173958E+03
 0.27749639045912E+03
 0.27325805951519E+03
 0.26865129827047E+03
 0.26367124083767E+03
 0.25825395846213E+03
 0.25234190786986E+03
 0.24594872663491E+03
 0.23898285179981E+03
 0.23140147181828E+03
 0.22315049910244E+03
 0.21426914126740E+03
 0.20483438243862E+03
 0.19494660322095E+03
 0.18466187849602E+03
 0.17431727739811E+03
 0.16420642240498E+03
 0.15450462103860E+03
 0.14533798666546E+03
 0.13669766580405E+03
 0.12872808340628E+03
 0.12142427842225E+03
 0.11470796658504E+03
 0.10850280492051E+03
 0.10286147070271E+03
 0.97646466025598E+02
 0.92815831770825E+02
 0.88404132481690E+02
 0.84278019817324E+02
 0.80461297854676E+02
 0.76917783076598E+02
 0.73632111933543E+02
 0.70574926006035E+02
 0.67702857800896E+02
 0.65014114809287E+02
 0.62499914534508E+02
 0.60131619620813E+02
 0.57915801092903E+02
 0.55815900604730E+02
 0.53843221316925E+02
 0.51972480364861E+02
 0.50196554794165E+02
 0.48538322601718E+02
 0.46954028298941E+02
 0.45436385833060E+02
 0.44010132381430E+02
 0.42645505105279E+02
 0.41354339223917E+02
 0.40119732621831E+02
 0.38947193967211E+02
 0.37821625517151E+02
 0.36753640142447E+02
 0.35732222217844E+02
 0.34750974059121E+02
 0.33813233478970E+02
 0.32913725520306E+02
 0.32055879132879E+02
 0.31229393881818E+02
 0.30435824347088E+02
 0.29674811558681E+02
 0.28942396716792E+02
 0.28237468184369E+02
 0.27564603941782E+02
 0.26910271757399E+02
 0.26281691221478E+02
 0.25681156004029E+02
 0.25096670473489E+02
 0.24532528858938E+02
 0.23993687575034E+02
 0.23468760193947E+02
 0.22964166576981E+02
 0.22471913913126E+02
 0.22004444176706E+02
 0.21547326147611E+02
 0.21107821843184E+02
 0.20675769876313E+02
 0.20264180930895E+02
 0.19860521614595E+02
 0.19474758120274E+02
 0.19097533031905E+02
 0.18733181028431E+02
 0.18377760304053E+02
 0.18035596818551E+02
 0.17700733509646E+02
 0.17375684319249E+02
 0.17060250072148E+02
 0.16754985317354E+02
 0.16459690883746E+02
 0.16171473722427E+02
 0.15889833488600E+02
 0.15616349651536E+02
 0.15351336929301E+02
