 0.98445526788544E+00
 0.98445526788544E+00
 0.98445526788544E+00
 0.98445526788544E+00
 0.98445526788544E+00
 0.98445526788544E+00
 0.98445526788544E+00
 0.98445526788544E+00
 0.98445526788544E+00
 0.98445524117202E+00
 0.98445644462219E+00
 0.98445474659539E+00
 0.98445353785076E+00
 0.98445434386831E+00
 0.98445270496311E+00
 0.98445338818560E+00
 0.98445295250129E+00
 0.98445486664520E+00
 0.98445416196184E+00
 0.98445289072232E+00
 0.98445355309864E+00
 0.98445475728037E+00
 0.98445432953585E+00
 0.98445154454734E+00
 0.98445078510554E+00
 0.98445297348158E+00
 0.98445380260766E+00
 0.98445206462217E+00
 0.98445047440052E+00
 0.98445321451211E+00
 0.98445620841028E+00
 0.98444931803261E+00
 0.98446065169352E+00
 0.98446352575163E+00
 0.98445679068287E+00
 0.98446483373398E+00
 0.98446125282319E+00
 0.98445725324875E+00
 0.98447082535151E+00
 0.98445912626237E+00
 0.98445263156112E+00
 0.98446783270108E+00
 0.98445610417799E+00
 0.98447123107703E+00
 0.98448010261159E+00
 0.98448063603900E+00
 0.98447868884761E+00
 0.98447052376093E+00
 0.98446282108982E+00
 0.98447958772503E+00
 0.98446031592674E+00
 0.98448484182494E+00
 0.98447371383798E+00
 0.98446867158839E+00
 0.98446959191605E+00
 0.98448562091285E+00
 0.98443811195058E+00
 0.98445761334685E+00
 0.98448423493294E+00
 0.98447623367464E+00
 0.98448540488879E+00
 0.98448233888027E+00
 0.98444424648591E+00
 0.98447853186848E+00
 0.98442567443194E+00
 0.98448062676375E+00
 0.98448396129362E+00
 0.98440192555124E+00
 0.98448514274423E+00
 0.98442852916277E+00
 0.98447684368691E+00
 0.98446840286910E+00
 0.98445347937160E+00
 0.98447461113373E+00
 0.98443105237546E+00
 0.98448438576408E+00
 0.98446454365836E+00
 0.98443253824191E+00
 0.98441818858847E+00
 0.98442308140309E+00
 0.98443944934028E+00
 0.98444490426391E+00
 0.98446979440764E+00
 0.98444306450209E+00
 0.98444210516515E+00
 0.98447402450030E+00
 0.98443328239176E+00
 0.98441306248777E+00
 0.98441848693440E+00
 0.98443233239926E+00
 0.98446700971259E+00
 0.98445868023793E+00
 0.98442670435132E+00
 0.98447444590011E+00
 0.98442471030158E+00
 0.98444112523891E+00
 0.98443002601618E+00
 0.98442086386536E+00
 0.98447915069489E+00
 0.98447790655302E+00
 0.98442910052064E+00
 0.98443080697897E+00
 0.98444235663348E+00
 0.98444197884354E+00
 0.98446755621193E+00
 0.98447528316881E+00
 0.98445469579506E+00
 0.98441182084331E+00
 0.98441642164016E+00
 0.98445379990928E+00
 0.98449782635613E+00
 0.98446264114335E+00
 0.98450085153089E+00
 0.98447603059636E+00
 0.98447403693290E+00
 0.98448020882573E+00
 0.98449398202200E+00
 0.98448985922495E+00
 0.98450386574251E+00
 0.98452725474701E+00
 0.98452318028213E+00
 0.98453565054981E+00
 0.98456249049489E+00
 0.98460985383615E+00
 0.98463194538661E+00
 0.98461519087599E+00
 0.98464608498032E+00
 0.98468186712443E+00
 0.98474812650868E+00
 0.98478422334105E+00
 0.98475242163494E+00
 0.98480184010828E+00
 0.98484529440580E+00
 0.98487309134089E+00
 0.98490392659222E+00
 0.98496714621511E+00
 0.98505368762264E+00
 0.98501586585056E+00
 0.98514201951419E+00
 0.98511821269515E+00
 0.98518368974765E+00
 0.98522698892200E+00
 0.98530810817114E+00
 0.98533896606226E+00
 0.98530603228981E+00
 0.98541228630269E+00
 0.98539845924792E+00
 0.98544407407890E+00
 0.98543606820748E+00
 0.98545640794471E+00
 0.98546659015467E+00
 0.98548453782774E+00
 0.98548989237736E+00
 0.98554583674942E+00
 0.98547840449939E+00
 0.98554065164569E+00
 0.98546540575487E+00
 0.98550066010164E+00
 0.98543551606971E+00
 0.98537457777613E+00
 0.98536339728367E+00
 0.98531992381805E+00
 0.98532585707468E+00
 0.98522535546713E+00
 0.98516264942018E+00
 0.98508508940527E+00
 0.98497908630574E+00
 0.98494596619748E+00
 0.98478660484753E+00
 0.98469954685156E+00
 0.98456891214208E+00
 0.98447665050426E+00
 0.98427442933567E+00
 0.98413980269596E+00
 0.98395522990739E+00
 0.98378647995006E+00
 0.98360819531509E+00
 0.98338562476696E+00
 0.98325214421222E+00
 0.98302115555379E+00
 0.98270072545277E+00
 0.98249938808424E+00
 0.98218487041600E+00
 0.98195252618116E+00
 0.98167333093392E+00
 0.98133992043351E+00
 0.98109404298412E+00
 0.98072075353031E+00
 0.98036985500614E+00
 0.98001479083309E+00
 0.97971200050306E+00
 0.97920572432295E+00
 0.97887408126497E+00
 0.97840953584032E+00
 0.97801629616191E+00
 0.97754210228006E+00
 0.97717125610399E+00
 0.97663822780335E+00
 0.97616928309314E+00
 0.97565589399392E+00
 0.97514896635566E+00
 0.97466982051369E+00
 0.97404267846536E+00
 0.97349693726367E+00
 0.97293790558539E+00
 0.97239834326095E+00
 0.97175464841552E+00
 0.97118890835782E+00
 0.97054632086550E+00
 0.96992235559729E+00
 0.96918508177460E+00
 0.96851772612493E+00
 0.96780242284349E+00
 0.96716996863739E+00
 0.96640266843643E+00
 0.96572358436081E+00
 0.96495152630294E+00
 0.96425942145317E+00
 0.96340585487554E+00
 0.96264716888015E+00
 0.96183995391347E+00
 0.96105412584546E+00
 0.96021272183377E+00
 0.95937354684423E+00
 0.95849168446675E+00
 0.95773066411755E+00
 0.95677310763154E+00
 0.95597403411061E+00
 0.95504043489799E+00
 0.95409101732526E+00
 0.95322656717196E+00
 0.95226682254436E+00
 0.95131952385783E+00
 0.95043280034063E+00
 0.94937596028345E+00
 0.94849078791463E+00
 0.94743291084415E+00
 0.94650763350972E+00
 0.94546435055505E+00
 0.94447218018111E+00
 0.94336547249654E+00
 0.94232008337717E+00
 0.94128983395148E+00
 0.94025184460279E+00
 0.93914218155909E+00
 0.93804205996531E+00
 0.93697626953147E+00
 0.93584709474207E+00
 0.93476422089786E+00
 0.93372824782420E+00
 0.93255303382183E+00
 0.93139441483868E+00
 0.93024694524609E+00
 0.92911019056855E+00
 0.92795080016672E+00
 0.92680288278534E+00
 0.92556447535145E+00
 0.92445216066493E+00
 0.92320737364702E+00
 0.92214317718437E+00
 0.92087524461796E+00
 0.91959951162011E+00
 0.91843963734341E+00
 0.91726858479603E+00
 0.91604223915994E+00
 0.91472944682948E+00
 0.91358776823378E+00
 0.91220385756856E+00
 0.91098616189877E+00
 0.90972942533219E+00
 0.90848549213066E+00
 0.90722238075418E+00
 0.90589705139928E+00
 0.90469328094036E+00
 0.90334467137301E+00
 0.90213173154484E+00
 0.90078373956326E+00
 0.89946383568257E+00
 0.89816431104816E+00
 0.89683227147486E+00
 0.89555480899709E+00
 0.89418556979957E+00
 0.89291412652165E+00
 0.89154659102562E+00
 0.89025600839219E+00
 0.88884089202933E+00
 0.88754764052510E+00
 0.88624890096938E+00
 0.88490222488448E+00
 0.88347904061546E+00
 0.88211971306139E+00
 0.88080963299235E+00
 0.87941657872547E+00
 0.87819787364582E+00
 0.87675680919942E+00
 0.87538056018041E+00
 0.87411762018597E+00
 0.87267895332526E+00
 0.87130385040391E+00
 0.86991741104833E+00
