 0.10813086768930E+04
 0.10813086768930E+04
 0.10813086768930E+04
 0.10813086768930E+04
 0.10813086768930E+04
 0.10813086768930E+04
 0.10813086768930E+04
 0.10813086768930E+04
 0.10813086768930E+04
 0.10813001936183E+04
 0.10814168631599E+04
 0.10812570832628E+04
 0.10811551961542E+04
 0.10812320685437E+04
 0.10810722137684E+04
 0.10811364702020E+04
 0.10811003400226E+04
 0.10812669424037E+04
 0.10812031220861E+04
 0.10810840125707E+04
 0.10811366249169E+04
 0.10812648701833E+04
 0.10812242502846E+04
 0.10809762595047E+04
 0.10809137327792E+04
 0.10811161062353E+04
 0.10811856459128E+04
 0.10810086898520E+04
 0.10808888165124E+04
 0.10811159352041E+04
 0.10813884389582E+04
 0.10807881042039E+04
 0.10818224035720E+04
 0.10821154593875E+04
 0.10814450645981E+04
 0.10822675070131E+04
 0.10818978398556E+04
 0.10814881342044E+04
 0.10764865404315E+04
 0.10816576593750E+04
 0.10810676011520E+04
 0.10760877373606E+04
 0.10813796091157E+04
 0.10764882626590E+04
 0.10779413628320E+04
 0.10781268429541E+04
 0.10776884438823E+04
 0.10764133677836E+04
 0.10820524988497E+04
 0.10778763294528E+04
 0.10817831037788E+04
 0.10794141078796E+04
 0.10768264863566E+04
 0.10761398168554E+04
 0.10762722135427E+04
 0.10797029849101E+04
 0.10794911915657E+04
 0.10815041442403E+04
 0.10815940627196E+04
 0.10771002466431E+04
 0.10800927492634E+04
 0.10784014115872E+04
 0.10803280767932E+04
 0.10776293759371E+04
 0.10766988156372E+04
 0.10782066054191E+04
 0.10794809242678E+04
 0.10869378836604E+04
 0.10810537653937E+04
 0.10891874995451E+04
 0.10832047214635E+04
 0.10843357432822E+04
 0.10810701187976E+04
 0.10835185097980E+04
 0.10775935841801E+04
 0.10811459736120E+04
 0.10823122604912E+04
 0.10784257356520E+04
 0.10855014355725E+04
 0.10848400872257E+04
 0.10823189651964E+04
 0.10805594457672E+04
 0.10841749047117E+04
 0.10868071808113E+04
 0.10805238385810E+04
 0.10833020465395E+04
 0.10835072430626E+04
 0.10857089215393E+04
 0.10850623374320E+04
 0.10827569005713E+04
 0.10839108973106E+04
 0.10820823003287E+04
 0.10838532048668E+04
 0.10788894030207E+04
 0.10778531005763E+04
 0.10866439711417E+04
 0.10795488788958E+04
 0.10845881295297E+04
 0.10798081523246E+04
 0.10788648930479E+04
 0.10788081445658E+04
 0.10833650426955E+04
 0.10796341569793E+04
 0.10793431991465E+04
 0.10841222834541E+04
 0.10772490444355E+04
 0.10861124026636E+04
 0.10862511732973E+04
 0.10883155301243E+04
 0.10807191771168E+04
 0.10783061344362E+04
 0.10784247539807E+04
 0.10835848950542E+04
 0.10866513487142E+04
 0.10869917861983E+04
 0.10785031062772E+04
 0.10868786205341E+04
 0.10887922749345E+04
 0.10772969894192E+04
 0.10785816355702E+04
 0.10878115840014E+04
 0.10755942249416E+04
 0.10895657619735E+04
 0.10842504785063E+04
 0.10840115275700E+04
 0.10874945187903E+04
 0.10889621518728E+04
 0.10811304476401E+04
 0.10779999303268E+04
 0.10801789351566E+04
 0.10753341998601E+04
 0.10785523374394E+04
 0.10818668790139E+04
 0.10882823674174E+04
 0.10844157200264E+04
 0.10826888311744E+04
 0.10815228710126E+04
 0.10857590650694E+04
 0.10792479781254E+04
 0.10874233922814E+04
 0.10816208954714E+04
 0.10805236874592E+04
 0.10793779127103E+04
 0.10769500891639E+04
 0.10848575616200E+04
 0.10802512377914E+04
 0.10799270978160E+04
 0.10751269651445E+04
 0.10770778539625E+04
 0.10780911266414E+04
 0.10771874447073E+04
 0.10846359356545E+04
 0.10796690714975E+04
 0.10833236874184E+04
 0.10865283692481E+04
 0.10822493114351E+04
 0.10785593915650E+04
 0.10865823197289E+04
 0.10832132246029E+04
 0.10785312154656E+04
 0.10886245221078E+04
 0.10890067728558E+04
 0.10833818245573E+04
 0.10858473642721E+04
 0.10864604764438E+04
 0.10892054832522E+04
 0.10828419494851E+04
 0.10853146353700E+04
 0.10854381320650E+04
 0.10842326803623E+04
 0.10832234911945E+04
 0.10887948642240E+04
 0.10895288663249E+04
 0.10876145438550E+04
 0.10901819525995E+04
 0.10925288620817E+04
 0.10883907381279E+04
 0.10896828971628E+04
 0.11013802152444E+04
 0.10982120398125E+04
 0.10942968047471E+04
 0.10954657943460E+04
 0.10972486544173E+04
 0.11062450494388E+04
 0.10995503305998E+04
 0.11030419801017E+04
 0.10987943162027E+04
 0.10985530230690E+04
 0.11079572320557E+04
 0.11046770299390E+04
 0.11154169012643E+04
 0.11022702142383E+04
 0.11095750048750E+04
 0.11037005983331E+04
 0.11051416769445E+04
 0.11099997520392E+04
 0.11205171955682E+04
 0.11169926170957E+04
 0.11208726977779E+04
 0.11202911540150E+04
 0.11167696628098E+04
 0.11286434880537E+04
 0.11290362561926E+04
 0.11299674043443E+04
 0.11221361816587E+04
 0.11295493855003E+04
 0.11214807266435E+04
 0.11316581115125E+04
 0.11265068769551E+04
 0.11304594869455E+04
 0.11389009601641E+04
 0.11416221449592E+04
 0.11365047646555E+04
 0.11353765697126E+04
 0.11463449923651E+04
 0.11390920257582E+04
 0.11445868118547E+04
 0.11497232490838E+04
 0.11542111387563E+04
 0.11439752511155E+04
 0.11513738713946E+04
 0.11488264434822E+04
 0.11519530390058E+04
 0.11512094667328E+04
 0.11616572945635E+04
 0.11628854682459E+04
 0.11715076948177E+04
 0.11670438478776E+04
 0.11636195541361E+04
 0.11715466703832E+04
 0.11709764796485E+04
 0.11710744260254E+04
 0.11740041521339E+04
 0.11825546940520E+04
 0.11765936898658E+04
 0.11891759649663E+04
 0.11824302354674E+04
 0.11928948247719E+04
 0.11910742154698E+04
 0.11973377870920E+04
 0.11908991633997E+04
 0.11985332569539E+04
 0.11892933450952E+04
 0.12013655941030E+04
 0.11990522505989E+04
 0.11989633386499E+04
 0.12054267185038E+04
 0.12036962134449E+04
 0.12166767426212E+04
 0.12195745189642E+04
 0.12180142320730E+04
 0.12157265457010E+04
 0.12181961052689E+04
 0.12210060585743E+04
 0.12240540889735E+04
 0.12316721043282E+04
 0.12259417128091E+04
 0.12266135396658E+04
 0.12308087621040E+04
 0.12316904174206E+04
 0.12436184777475E+04
 0.12392797150202E+04
 0.12462377920334E+04
 0.12540235972355E+04
 0.12416779326267E+04
 0.12487630139316E+04
 0.12503711653779E+04
 0.12521945649886E+04
 0.12597557353114E+04
 0.12628968513538E+04
 0.12608474199728E+04
 0.12704739863955E+04
 0.12693908862112E+04
 0.12796613512542E+04
 0.12761259078569E+04
 0.12710569878284E+04
 0.12862857704908E+04
 0.12763361969576E+04
 0.12873023331330E+04
 0.12879294107901E+04
 0.12956466603543E+04
 0.12934567543288E+04
 0.13010060952836E+04
 0.12939840689294E+04
 0.13096810251110E+04
 0.13017205988872E+04
 0.13022018691492E+04
 0.13069517619290E+04
 0.13212820604243E+04
 0.13135024346852E+04
 0.13158691498155E+04
 0.13215123410951E+04
 0.13219821338322E+04
 0.13196446151174E+04
 0.13309598974426E+04
 0.13331665813467E+04
 0.13290479329664E+04
 0.13459922693822E+04
 0.13483474861588E+04
 0.13356370743225E+04
