 0.10000000133514E-09
 0.10000000133514E-09
 0.10000000133514E-09
 0.10000000133514E-09
 0.10000000133514E-09
 0.10000000133514E-09
 0.10000000133514E-09
 0.10000000133514E-09
 0.10000000133514E-09
 0.10000000133514E-09
 0.10000000133514E-09
 0.10000000133514E-09
 0.10000000133514E-09
 0.10000000133514E-09
 0.10000000133514E-09
 0.10000000133514E-09
 0.10000000133514E-09
 0.10000000133514E-09
 0.10000000133514E-09
 0.10000000133514E-09
 0.10000000133514E-09
 0.10000000133514E-09
 0.10000000133514E-09
 0.10000000133514E-09
 0.10000000133514E-09
 0.10000000133514E-09
 0.10000000133514E-09
 0.10000000133514E-09
 0.35129057864479E-06
 0.35129057864479E-06
 0.87130114829348E-06
 0.13166885096966E-05
 0.19414727255201E-05
 0.28006835611149E-05
 0.39599343377066E-05
 0.54971820465306E-05
 0.75032479406611E-05
 0.10083289232660E-04
 0.13356989425738E-04
 0.17459488023810E-04
 0.22542880810679E-04
 0.28775139536146E-04
 0.36340701263357E-04
 0.45442189781575E-04
 0.56300276631818E-04
 0.69152065550623E-04
 0.84251175010161E-04
 0.10187202882916E-03
 0.12230593128123E-03
 0.14585863556073E-03
 0.17285722591955E-03
 0.20364254870691E-03
 0.23857354722306E-03
 0.27803139648552E-03
 0.32240974931199E-03
 0.37211895706471E-03
 0.42758483064805E-03
 0.48925031019026E-03
 0.55757497527962E-03
 0.63302429220759E-03
 0.71616093987335E-03
 0.80739316819043E-03
 0.90728418643990E-03
 0.10164552450471E-02
 0.11353577451280E-02
 0.12646831137106E-02
 0.14049504171210E-02
 0.15566135439202E-02
 0.17206839485492E-02
 0.18975408665275E-02
 0.20880390131870E-02
 0.22927567427995E-02
 0.25123128980218E-02
 0.27477228738272E-02
 0.29995618328258E-02
 0.32699134575106E-02
 0.35573088940962E-02
 0.38638593270109E-02
 0.41892808011079E-02
 0.45361873928307E-02
 0.49046952781452E-02
 0.52958548490696E-02
 0.57099661597073E-02
 0.61492673762748E-02
 0.66148712418904E-02
 0.71066669144593E-02
 0.76263637981608E-02
 0.81761277699071E-02
 0.87560204374252E-02
 0.93686448034206E-02
 0.10012841458987E-01
 0.10692267766319E-01
 0.11407879269138E-01
 0.12162526234911E-01
 0.12955053896395E-01
 0.13787235282235E-01
 0.14665656801486E-01
 0.15585641297589E-01
 0.16553015384842E-01
 0.17569057073134E-01
 0.18637941866927E-01
 0.19756911088690E-01
 0.20931057378365E-01
 0.22164117822462E-01
 0.23458136315971E-01
 0.24815372735041E-01
 0.26234753592565E-01
 0.27729390869786E-01
 0.29293361760477E-01
 0.30929299843423E-01
 0.32643194549328E-01
 0.34443080359779E-01
 0.36326630637979E-01
 0.38302672389775E-01
 0.40375744224316E-01
 0.42545524756939E-01
 0.44816578465457E-01
 0.47198788055154E-01
 0.49698408737536E-01
 0.52314086350705E-01
 0.55053921532218E-01
 0.57927111635486E-01
 0.60941089945061E-01
 0.64105067957301E-01
 0.67415775420743E-01
 0.70883458861385E-01
 0.74517952034448E-01
 0.78342889500040E-01
 0.82350467034539E-01
 0.86545681912054E-01
 0.90947144978610E-01
 0.95577244212796E-01
 0.10041356520922E+00
 0.10549740823691E+00
 0.11083807477908E+00
 0.11641966705316E+00
 0.12228941054093E+00
 0.12843572282111E+00
 0.13487508906443E+00
 0.14159278749809E+00
 0.14862810111719E+00
 0.15597207922608E+00
 0.16363210692759E+00
 0.17159660068128E+00
 0.17987075866067E+00
 0.18842808222394E+00
 0.19727001745518E+00
 0.20635443657294E+00
 0.21566365156827E+00
 0.22515456972505E+00
 0.23472648386957E+00
 0.24439817433895E+00
 0.25409305850549E+00
 0.26370668658741E+00
 0.27322404263653E+00
 0.28256476543670E+00
 0.29171153497769E+00
 0.30061979969973E+00
 0.30929286151402E+00
 0.31770969662864E+00
 0.32588047281571E+00
 0.33382355652521E+00
 0.34154601826215E+00
 0.34906510207528E+00
 0.35639379534986E+00
 0.36355173541586E+00
 0.37054902547824E+00
 0.37739724531529E+00
 0.38410645815338E+00
 0.39068587534167E+00
 0.39713911519618E+00
 0.40347732848507E+00
 0.40970079577848E+00
 0.41581450344120E+00
 0.42182422878346E+00
 0.42773252209089E+00
 0.43353941203288E+00
 0.43925154473081E+00
 0.44486752102397E+00
 0.45039240056528E+00
 0.45582482559148E+00
 0.46116974766745E+00
 0.46642746262482E+00
 0.47160139900498E+00
 0.47669073270300E+00
 0.48169927555219E+00
 0.48662704818849E+00
 0.49147665433349E+00
 0.49624969400082E+00
 0.50094737003402E+00
 0.50557126615614E+00
 0.51012357308839E+00
 0.51460494140569E+00
 0.51901711996746E+00
 0.52336156611325E+00
 0.52763937489301E+00
 0.53185248992209E+00
 0.53600236948426E+00
 0.54009011157803E+00
 0.54411668814268E+00
 0.54808418709972E+00
 0.55199316707248E+00
 0.55584522755616E+00
 0.55964130296050E+00
 0.56338322002730E+00
 0.56707124261721E+00
 0.57070742708088E+00
 0.57429225474280E+00
 0.57782703821494E+00
 0.58131268219208E+00
 0.58475056127308E+00
 0.58814124824272E+00
 0.59148618296408E+00
 0.59478568888476E+00
 0.59804158738831E+00
 0.60125405372354E+00
 0.60442416804833E+00
 0.60755279501686E+00
 0.61064075869001E+00
 0.61368937145761E+00
 0.61669866702737E+00
 0.61966991029218E+00
 0.62260389835538E+00
 0.62550114947468E+00
 0.62836217634121E+00
 0.63118816941550E+00
 0.63397961497730E+00
 0.63673686975291E+00
 0.63946126425107E+00
 0.64215299427484E+00
 0.64481252226948E+00
 0.64744098775887E+00
 0.65003855524428E+00
 0.65260572381407E+00
 0.65514372201142E+00
 0.65765218247334E+00
 0.66013212797673E+00
 0.66258413528063E+00
 0.66500845292732E+00
 0.66740608225915E+00
 0.66977689144094E+00
 0.67212166910179E+00
 0.67444086204260E+00
 0.67673469381141E+00
 0.67900412887713E+00
 0.68124885290668E+00
 0.68346989610923E+00
 0.68566774330213E+00
 0.68784227069508E+00
 0.68999420403008E+00
 0.69212350434616E+00
 0.69423137046348E+00
 0.69631737998768E+00
 0.69838225326233E+00
 0.70042629017504E+00
 0.70244979016479E+00
 0.70445309219452E+00
 0.70643662685342E+00
 0.70840065181053E+00
 0.71034529922374E+00
 0.71227097188983E+00
 0.71417807544091E+00
 0.71606698695008E+00
 0.71793770517951E+00
 0.71979062543409E+00
 0.72162626027260E+00
 0.72344457306619E+00
 0.72524585743654E+00
 0.72703045744389E+00
 0.72879857937312E+00
 0.73055056706981E+00
 0.73228643133899E+00
 0.73400667264147E+00
 0.73571141932519E+00
 0.73740073900376E+00
 0.73907523059054E+00
 0.74073471661048E+00
 0.74237963485004E+00
 0.74401005920061E+00
 0.74562641493829E+00
 0.74722878412535E+00
 0.74881698183780E+00
 0.75039197358750E+00
 0.75195320628334E+00
 0.75350121887748E+00
 0.75503632347449E+00
 0.75655854293492E+00
 0.75806808160519E+00
 0.75956484516457E+00
 0.76104930999396E+00
 0.76252176544849E+00
 0.76398193001084E+00
 0.76543021477539E+00
 0.76686684646372E+00
 0.76829183755703E+00
 0.76970554249796E+00
 0.77110792299949E+00
 0.77249912514248E+00
 0.77387933702563E+00
 0.77524874516373E+00
