 0.83176571363982E+02
 0.83176571363993E+02
 0.83176571364246E+02
 0.83176571419259E+02
 0.83176573347217E+02
 0.83176591494077E+02
 0.83176671867343E+02
 0.83176896760619E+02
 0.83177367131976E+02
 0.83178179585701E+02
 0.83179412468727E+02
 0.83181122434615E+02
 0.83183345317745E+02
 0.83186103500883E+02
 0.83189404508070E+02
 0.83193251398494E+02
 0.83197635365325E+02
 0.83202544243043E+02
 0.83207962297651E+02
 0.83213869147952E+02
 0.83195984915326E+02
 0.83196517301091E+02
 0.83197154023081E+02
 0.83197905673900E+02
 0.83198783674984E+02
 0.83199797365855E+02
 0.83200963933512E+02
 0.83202280106097E+02
 0.83203762291296E+02
 0.83205429942156E+02
 0.83207302844997E+02
 0.83209371212489E+02
 0.83211667930586E+02
 0.83214215660217E+02
 0.83216989423699E+02
 0.83220037707255E+02
 0.83223361091022E+02
 0.83226994815407E+02
 0.83230919955740E+02
 0.83235136398785E+02
 0.83239754388499E+02
 0.83244689995529E+02
 0.83249967230163E+02
 0.83255621624600E+02
 0.83261702533112E+02
 0.83268160871914E+02
 0.83274973342079E+02
 0.83282191830673E+02
 0.83289857132689E+02
 0.83297956702018E+02
 0.83306446320808E+02
 0.83315393658298E+02
 0.83324759788176E+02
 0.83334573484952E+02
 0.83344878003044E+02
 0.83355631248638E+02
 0.83366820648222E+02
 0.83378551360623E+02
 0.83390714954931E+02
 0.83403289392430E+02
 0.83416629575817E+02
 0.83430216664393E+02
 0.83444335353062E+02
 0.83459164853444E+02
 0.83474322857607E+02
 0.83490325891679E+02
 0.83506763150288E+02
 0.83523495287532E+02
 0.83541127814840E+02
 0.83559185188360E+02
 0.83578225303729E+02
 0.83597804615637E+02
 0.83617704872628E+02
 0.83638892162741E+02
 0.83660416074261E+02
 0.83682982646717E+02
 0.83706247957638E+02
 0.83730603892898E+02
 0.83755262515497E+02
 0.83781381777204E+02
 0.83808255823260E+02
 0.83836107111500E+02
 0.83864899564179E+02
 0.83894837406049E+02
 0.83926427515528E+02
 0.83958740688058E+02
 0.83992247373310E+02
 0.84027473708153E+02
 0.84064032480841E+02
 0.84102263957084E+02
 0.84141380979273E+02
 0.84182068393224E+02
 0.84225013488433E+02
 0.84269970751458E+02
 0.84315959618073E+02
 0.84363687885703E+02
 0.84414495041322E+02
 0.84466639952952E+02
 0.84521365783055E+02
 0.84578251741336E+02
 0.84638139703174E+02
 0.84700068048150E+02
 0.84764615508815E+02
 0.84832555732582E+02
 0.84903916396703E+02
 0.84978037979035E+02
 0.85054875879607E+02
 0.85136723877669E+02
 0.85221903021803E+02
 0.85310323271029E+02
 0.85402689885413E+02
 0.85500305126869E+02
 0.85602376154771E+02
 0.85709871602293E+02
 0.85823327800609E+02
 0.85941425444806E+02
 0.86065584938877E+02
 0.86196298901659E+02
 0.86334389098299E+02
 0.86479655961942E+02
 0.86632172998676E+02
 0.86792498331084E+02
 0.86963826248398E+02
 0.87145005308192E+02
 0.87335192564684E+02
 0.87535798637576E+02
 0.87747995063552E+02
 0.87976039462630E+02
 0.88217433746452E+02
 0.88472661680083E+02
 0.88744793959135E+02
 0.89037381932199E+02
 0.89346645194148E+02
 0.89679427421602E+02
 0.90038118642301E+02
 0.90419164905925E+02
 0.90833575817050E+02
 0.91279677625780E+02
 0.91761419628442E+02
 0.92292038269714E+02
 0.92837868440064E+02
 0.93455959726601E+02
 0.94123602033738E+02
 0.94850494820949E+02
 0.95647145108578E+02
 0.96514926221794E+02
 0.97470539024062E+02
 0.98515260124029E+02
 0.99664822668848E+02
 0.10092906068409E+03
 0.10229517026862E+03
 0.10379893264956E+03
 0.10544497543482E+03
 0.10720972625876E+03
 0.10911839461579E+03
 0.11114778716645E+03
 0.11330726901193E+03
 0.11557280534260E+03
 0.11795347751567E+03
 0.12041600449937E+03
 0.12295383318701E+03
 0.12557016501541E+03
 0.12824092990310E+03
 0.13095824836903E+03
 0.13370391305979E+03
 0.13649058481817E+03
 0.13929817699371E+03
 0.14212391628072E+03
 0.14496765319982E+03
 0.14782012420588E+03
 0.15066711218472E+03
 0.15354202152866E+03
 0.15641548861865E+03
 0.15926928229109E+03
 0.16214214154479E+03
 0.16501899218234E+03
 0.16786926120222E+03
 0.17074020878509E+03
 0.17359889629189E+03
 0.17648089677829E+03
 0.17931202562273E+03
 0.18216920466681E+03
 0.18501302642024E+03
 0.18788776683693E+03
 0.19072746978269E+03
 0.19359128576022E+03
 0.19641999117753E+03
 0.19926791846379E+03
 0.20210628748511E+03
 0.20495780651646E+03
 0.20779323483376E+03
 0.21065021180984E+03
 0.21350293597168E+03
 0.21635323889583E+03
 0.21919352061670E+03
 0.22202869091660E+03
 0.22486903770626E+03
 0.22773591141372E+03
 0.23058789413842E+03
 0.23343258890578E+03
 0.23629141434234E+03
 0.23913766003827E+03
 0.24201155462661E+03
 0.24486503072865E+03
 0.24775234223818E+03
 0.25060422052867E+03
 0.25348285982784E+03
 0.25637164912490E+03
 0.25925256586369E+03
 0.26213192555136E+03
 0.26503204489022E+03
 0.26792985692630E+03
 0.27084940170174E+03
 0.27374749710275E+03
 0.27665607483756E+03
 0.27957452983282E+03
 0.28249705999938E+03
 0.28542819865708E+03
 0.28835013398668E+03
 0.29130652488322E+03
 0.29424429608139E+03
 0.29720496501262E+03
 0.30018493640321E+03
 0.30314215935512E+03
 0.30612414471362E+03
 0.30909046455926E+03
 0.31207838107849E+03
 0.31506772144301E+03
 0.31807748977011E+03
 0.32108032011530E+03
 0.32407757799676E+03
 0.32710939302396E+03
 0.33014418760939E+03
 0.33317097007827E+03
 0.33623413606808E+03
 0.33926650020350E+03
 0.34233090588447E+03
 0.34538228699164E+03
 0.34848072290340E+03
 0.35154756441660E+03
 0.35462514646429E+03
 0.35773245915898E+03
 0.36082529025372E+03
 0.36393696210446E+03
 0.36706591528479E+03
 0.37017214763907E+03
 0.37332369478728E+03
 0.37647038937504E+03
 0.37961710421757E+03
 0.38278322579372E+03
 0.38592713843044E+03
 0.38912404673017E+03
 0.39229101069766E+03
 0.39548746417689E+03
 0.39868965973237E+03
 0.40189174972045E+03
 0.40511346353431E+03
 0.40834901150697E+03
 0.41155849694596E+03
 0.41481780631728E+03
 0.41804859592938E+03
 0.42132616824866E+03
 0.42458510127934E+03
 0.42785379901788E+03
 0.43113175694277E+03
 0.43442971919545E+03
 0.43773418073970E+03
 0.44104470328845E+03
 0.44435512696117E+03
 0.44768031150117E+03
 0.45101110237341E+03
 0.45434669983276E+03
 0.45770830048769E+03
 0.46107266278617E+03
 0.46442957179819E+03
 0.46781982194858E+03
 0.47119438436978E+03
 0.47457312263877E+03
 0.47799101147843E+03
 0.48140996874072E+03
 0.48482689133159E+03
 0.48825638223827E+03
 0.49168425743746E+03
 0.49512274567714E+03
 0.49856960229974E+03
 0.50204875774408E+03
 0.50550649887642E+03
 0.50898766684086E+03
 0.51246479316773E+03
 0.51595233835634E+03
 0.51947315126092E+03
 0.52296494369850E+03
 0.52649572770579E+03
 0.53001876036346E+03
 0.53355239266509E+03
 0.53710735449472E+03
 0.54066810102411E+03
 0.54422379323571E+03
 0.54780031463453E+03
 0.55137637775225E+03
