 0.51033030801949E+03
 0.51033030801932E+03
 0.51033030801738E+03
 0.51033030806993E+03
 0.51033030954641E+03
 0.51033031525878E+03
 0.51033028379629E+03
 0.51032998622612E+03
 0.51032880070411E+03
 0.51032557666431E+03
 0.51031863191651E+03
 0.51030585479791E+03
 0.51028490316393E+03
 0.51025330867298E+03
 0.51020873716372E+03
 0.51014888615643E+03
 0.51007185866419E+03
 0.50997595623584E+03
 0.50985976883933E+03
 0.50972220160226E+03
 0.50952771738296E+03
 0.50933596237527E+03
 0.50912046841258E+03
 0.50888114317770E+03
 0.50861805644966E+03
 0.50833152288741E+03
 0.50802180553600E+03
 0.50768994452302E+03
 0.50733648546645E+03
 0.50696203813378E+03
 0.50656728053325E+03
 0.50615391664144E+03
 0.50572239020972E+03
 0.50527353295636E+03
 0.50480962316056E+03
 0.50433074188622E+03
 0.50383843586950E+03
 0.50333313207723E+03
 0.50281693312407E+03
 0.50229122771600E+03
 0.50175404699771E+03
 0.50120916819811E+03
 0.50065708213505E+03
 0.50009783580103E+03
 0.49953085318827E+03
 0.49895853536643E+03
 0.49838237801148E+03
 0.49780144324334E+03
 0.49721507074238E+03
 0.49662410900228E+03
 0.49603026572222E+03
 0.49543176020230E+03
 0.49483003897712E+03
 0.49422421400228E+03
 0.49361319443096E+03
 0.49299819762498E+03
 0.49237952247548E+03
 0.49175395752816E+03
 0.49112460941019E+03
 0.49049209461567E+03
 0.48984554537171E+03
 0.48920036674627E+03
 0.48854776687682E+03
 0.48788243676844E+03
 0.48721555353438E+03
 0.48653156856280E+03
 0.48584265780676E+03
 0.48515285175301E+03
 0.48444424600993E+03
 0.48373079492898E+03
 0.48299621928335E+03
 0.48225361142899E+03
 0.48150947581046E+03
 0.48073579062739E+03
 0.47996062065394E+03
 0.47916367745290E+03
 0.47835518493144E+03
 0.47752454465013E+03
 0.47669451491410E+03
 0.47583277630918E+03
 0.47495994522808E+03
 0.47407056902428E+03
 0.47316622179832E+03
 0.47224190391627E+03
 0.47128474885638E+03
 0.47032141077978E+03
 0.46933969014672E+03
 0.46832663159263E+03
 0.46729384834402E+03
 0.46623358722596E+03
 0.46516828403636E+03
 0.46408102283472E+03
 0.46295506492561E+03
 0.46179893700472E+03
 0.46063999893546E+03
 0.45946108611964E+03
 0.45823038294684E+03
 0.45699403453524E+03
 0.45572309417843E+03
 0.45443013565147E+03
 0.45309742827934E+03
 0.45175057768950E+03
 0.45037815231724E+03
 0.44896476799937E+03
 0.44751301491161E+03
 0.44604222651746E+03
 0.44455519231364E+03
 0.44300488348416E+03
 0.44143245827625E+03
 0.43984361572518E+03
 0.43822668500602E+03
 0.43655886848282E+03
 0.43486121824639E+03
 0.43311951218769E+03
 0.43132854479983E+03
 0.42952055246294E+03
 0.42767227257488E+03
 0.42578181778635E+03
 0.42384080089152E+03
 0.42185951062734E+03
 0.41984481849061E+03
 0.41779583255131E+03
 0.41566447294647E+03
 0.41348373173689E+03
 0.41127623766022E+03
 0.40902928580189E+03
 0.40673581106200E+03
 0.40434650597210E+03
 0.40191307342854E+03
 0.39944180675579E+03
 0.39690680503944E+03
 0.39428153248129E+03
 0.39163133696446E+03
 0.38889471801552E+03
 0.38606912335544E+03
 0.38321950238861E+03
 0.38025577971235E+03
 0.37723036038791E+03
 0.37414127405305E+03
 0.37104054210076E+03
 0.36781790370716E+03
 0.36458274172953E+03
 0.36130844720976E+03
 0.35803318806752E+03
 0.35476161270779E+03
 0.35157022086087E+03
 0.34846091987982E+03
 0.34554085137876E+03
 0.34286425852815E+03
 0.34053988852637E+03
 0.33875344002531E+03
 0.33757070200704E+03
 0.33717317332501E+03
 0.33776413107915E+03
 0.33947450258075E+03
 0.34244818469660E+03
 0.34678920670489E+03
 0.35254238457568E+03
 0.35974873299134E+03
 0.36834086600333E+03
 0.37825856703037E+03
 0.38945701463632E+03
 0.40180177876388E+03
 0.41519430231585E+03
 0.42949730395569E+03
 0.44469125432121E+03
 0.46064147096668E+03
 0.47728265740489E+03
 0.49456936246538E+03
 0.51242386518185E+03
 0.53074722689174E+03
 0.54966421581884E+03
 0.56901746747787E+03
 0.58870172949318E+03
 0.60888254921875E+03
 0.62947635872683E+03
 0.65032182849670E+03
 0.67164157233759E+03
 0.69326398314548E+03
 0.71536263356986E+03
 0.73755727208555E+03
 0.76023264911218E+03
 0.78318471817447E+03
 0.80664084032751E+03
 0.83025556856771E+03
 0.85433706610221E+03
 0.87857248871333E+03
 0.90324764634930E+03
 0.92821049128651E+03
 0.95358198951952E+03
 0.97920615500127E+03
 0.10052878498944E+04
 0.10316880230724E+04
 0.10584176742810E+04
 0.10854362238581E+04
 0.11127705124802E+04
 0.11404817079411E+04
 0.11686911382134E+04
 0.11971698397956E+04
 0.12259598043608E+04
 0.12551880533595E+04
 0.12847030020198E+04
 0.13147389690283E+04
 0.13450214504316E+04
 0.13758698105295E+04
 0.14068816493475E+04
 0.14384257448627E+04
 0.14704067665961E+04
 0.15027235274069E+04
 0.15354148515134E+04
 0.15686193863435E+04
 0.16022023970194E+04
 0.16363141488829E+04
 0.16706951783388E+04
 0.17055459340640E+04
 0.17408646652687E+04
 0.17766214137560E+04
 0.18128484363559E+04
 0.18494402312567E+04
 0.18866728907081E+04
 0.19242206024457E+04
 0.19623481864209E+04
 0.20010389698608E+04
 0.20400333877084E+04
 0.20796341338408E+04
 0.21195929162086E+04
 0.21601499423019E+04
 0.22011826709415E+04
 0.22428217461263E+04
 0.22848935753783E+04
 0.23274122971562E+04
 0.23706470229649E+04
 0.24143966354151E+04
 0.24585960570849E+04
 0.25035438214872E+04
 0.25488025538567E+04
 0.25947937237500E+04
 0.26412273061478E+04
 0.26885061338017E+04
 0.27361197420117E+04
 0.27843501638887E+04
 0.28333360911836E+04
 0.28827866044368E+04
 0.29329339735332E+04
 0.29837773086629E+04
 0.30350490246990E+04
 0.30872217877596E+04
 0.31399665396876E+04
 0.31933170877410E+04
 0.32474206253492E+04
 0.33019932677288E+04
 0.33575674479671E+04
 0.34135780354854E+04
 0.34704433767734E+04
 0.35280091262742E+04
 0.35862442417593E+04
 0.36452960316671E+04
 0.37051341396877E+04
 0.37654890710351E+04
 0.38269020248275E+04
 0.38888331406668E+04
 0.39518226473129E+04
 0.40154249258935E+04
 0.40798428495352E+04
 0.41450874080314E+04
 0.42112511031949E+04
 0.42782460482854E+04
 0.43460786899679E+04
 0.44147185516398E+04
 0.44842831944530E+04
 0.45547241844825E+04
 0.46260436380062E+04
 0.46984097458483E+04
 0.47716659180252E+04
 0.48457567219848E+04
 0.49209847390256E+04
 0.49970210868945E+04
 0.50740103348191E+04
 0.51522256818531E+04
 0.52314042798228E+04
 0.53115503541940E+04
 0.53927623260650E+04
 0.54749913983713E+04
 0.55583078503062E+04
 0.56427242883479E+04
 0.57284328289630E+04
 0.58150590262723E+04
 0.59029545547704E+04
 0.59919268145597E+04
 0.60821089744459E+04
 0.61736823558365E+04
 0.62662165596577E+04
 0.63602223309844E+04
 0.64553844514597E+04
 0.65518608218166E+04
 0.66497367860666E+04
 0.67489428336112E+04
 0.68494192387051E+04
 0.69513611879235E+04
 0.70546643039588E+04
