 0.64710694463868E-04
 0.64709147731278E-04
 0.64706566878458E-04
 0.64702952542888E-04
 0.64698298816402E-04
 0.64692602331337E-04
 0.64685860037704E-04
 0.64678060706825E-04
 0.64669200242873E-04
 0.64659267906494E-04
 0.64648259763499E-04
 0.64636162011087E-04
 0.64622968127483E-04
 0.64608669895151E-04
 0.64593256911937E-04
 0.64576715925570E-04
 0.64559042018531E-04
 0.64540219872774E-04
 0.64520238416328E-04
 0.64499084983556E-04
 0.64476739318554E-04
 0.64453193902584E-04
 0.64428428803505E-04
 0.64402417982894E-04
 0.64375141792436E-04
 0.64346577681626E-04
 0.64316690179116E-04
 0.64285460473837E-04
 0.64252853845530E-04
 0.64218831197541E-04
 0.64183351256046E-04
 0.64146391513204E-04
 0.64107902961113E-04
 0.64067840760766E-04
 0.64026189722334E-04
 0.63982896796055E-04
 0.63937930609418E-04
 0.63891251863375E-04
 0.63842842502887E-04
 0.63792690097884E-04
 0.63740710621006E-04
 0.63686941493484E-04
 0.63631363262631E-04
 0.63573949664450E-04
 0.63514667802303E-04
 0.63453551504681E-04
 0.63390627054888E-04
 0.63325869491163E-04
 0.63259276661225E-04
 0.63190866020313E-04
 0.63120697738221E-04
 0.63048743920144E-04
 0.62975066915568E-04
 0.62899685865535E-04
 0.62822600141021E-04
 0.62743879817584E-04
 0.62663573241244E-04
 0.62581661146481E-04
 0.62498249572096E-04
 0.62413407023464E-04
 0.62326965664812E-04
 0.62239291078153E-04
 0.62150257954899E-04
 0.62059820009938E-04
 0.61968254626641E-04
 0.61875312191436E-04
 0.61781299356739E-04
 0.61686351625319E-04
 0.61590156376152E-04
 0.61493076794242E-04
 0.61394816619449E-04
 0.61295715547301E-04
 0.61195933143218E-04
 0.61094987935166E-04
 0.60993471150488E-04
 0.60891045823642E-04
 0.60787955242415E-04
 0.60684026790543E-04
 0.60579738449804E-04
 0.60474533594540E-04
 0.60368824768093E-04
 0.60262535264545E-04
 0.60155721759594E-04
 0.60048316434797E-04
 0.59940125293894E-04
 0.59831630302227E-04
 0.59722620322603E-04
 0.59612856436659E-04
 0.59502549356033E-04
 0.59391562634965E-04
 0.59280253098247E-04
 0.59168318028075E-04
 0.59055402990264E-04
 0.58941606250064E-04
 0.58827378322008E-04
 0.58712281424609E-04
 0.58595720589241E-04
 0.58478374157106E-04
 0.58359580947494E-04
 0.58239415272464E-04
 0.58117333561308E-04
 0.57993633531759E-04
 0.57867789118442E-04
 0.57739206499843E-04
 0.57607505637148E-04
 0.57472632066700E-04
 0.57334121493278E-04
 0.57190183762146E-04
 0.57040923922849E-04
 0.56885387720882E-04
 0.56722023353912E-04
 0.56548312013902E-04
 0.56362615648086E-04
 0.56161438349365E-04
 0.55941004149524E-04
 0.55700302719416E-04
 0.55440236836777E-04
 0.55169944293862E-04
 0.54903914951662E-04
 0.54654618262132E-04
 0.54426076275102E-04
 0.54217283956076E-04
 0.54023277134760E-04
 0.53841923340554E-04
 0.53670254193370E-04
 0.53504780039677E-04
 0.53342953737317E-04
 0.53182025621756E-04
 0.53021591312483E-04
 0.52860876563486E-04
 0.52698613389728E-04
 0.52533684705412E-04
 0.52367381221067E-04
 0.52198120180713E-04
 0.52025780452514E-04
 0.51851785180199E-04
 0.51674074363130E-04
 0.51494021285076E-04
 0.51311563533241E-04
 0.51127171315394E-04
 0.50940945688940E-04
 0.50752133187798E-04
 0.50561413510469E-04
 0.50369199149594E-04
 0.50175061145227E-04
 0.49980238013618E-04
 0.49783382151856E-04
 0.49585797827471E-04
 0.49386786815396E-04
 0.49186443515596E-04
 0.48986927503520E-04
 0.48785843152760E-04
 0.48583040340817E-04
 0.48381161237172E-04
 0.48178197518093E-04
 0.47975595773587E-04
 0.47772449596950E-04
 0.47569675751471E-04
 0.47366292371944E-04
 0.47163472495664E-04
 0.46961004915749E-04
 0.46758296858557E-04
 0.46555851321039E-04
 0.46353752382511E-04
 0.46152552929976E-04
 0.45951250196961E-04
 0.45750569612034E-04
 0.45550499986418E-04
 0.45350603439261E-04
 0.45151597785499E-04
 0.44953801282388E-04
 0.44755688892332E-04
 0.44558484629191E-04
 0.44363023144283E-04
 0.44167375390617E-04
 0.43972231078949E-04
 0.43779225975731E-04
 0.43585868348536E-04
 0.43394161343193E-04
 0.43201819951671E-04
 0.43012991283574E-04
 0.42823488632238E-04
 0.42635485388109E-04
 0.42446753398923E-04
 0.42260895850161E-04
 0.42074458090186E-04
 0.41890607725485E-04
 0.41706778429992E-04
 0.41524395886087E-04
 0.41342249532747E-04
 0.41161875891155E-04
 0.40981809574001E-04
 0.40802444475900E-04
 0.40624522328800E-04
 0.40447819430849E-04
 0.40272820464908E-04
 0.40098227208382E-04
 0.39924207479492E-04
 0.39751112160307E-04
 0.39579915314688E-04
 0.39409128990775E-04
 0.39239907809764E-04
 0.39070483788811E-04
 0.38903350852393E-04
 0.38735986553287E-04
 0.38571238213535E-04
 0.38406349752691E-04
 0.38242423372656E-04
 0.38079830012679E-04
 0.37918455172551E-04
 0.37757539956064E-04
 0.37597845555222E-04
 0.37438361709054E-04
 0.37281087551126E-04
 0.37124397845018E-04
 0.36968567647579E-04
 0.36813753929886E-04
 0.36659550664557E-04
 0.36507434383058E-04
 0.36354885267783E-04
 0.36204126621104E-04
 0.36053675182151E-04
 0.35904058491233E-04
 0.35756075378831E-04
 0.35608223093496E-04
 0.35462353785640E-04
 0.35316904075225E-04
 0.35172503649045E-04
 0.35028615120952E-04
 0.34886001571029E-04
 0.34744718666556E-04
 0.34603244578872E-04
 0.34463135706871E-04
 0.34323956644474E-04
 0.34185059243304E-04
 0.34048288321323E-04
 0.33911549729697E-04
 0.33776000093055E-04
 0.33640583124835E-04
 0.33506699485923E-04
 0.33373938066072E-04
 0.33241057806416E-04
 0.33109939917821E-04
 0.32979326999401E-04
 0.32849019798715E-04
 0.32720541974610E-04
 0.32591992917911E-04
 0.32464281400247E-04
 0.32337876591361E-04
 0.32211695990711E-04
 0.32087119889437E-04
 0.31962268468073E-04
 0.31839266597129E-04
 0.31716138477523E-04
 0.31594172922196E-04
 0.31473121368238E-04
 0.31352469937763E-04
 0.31232609631638E-04
 0.31114107761630E-04
 0.30995312120195E-04
 0.30878045146761E-04
 0.30760817362264E-04
 0.30644732318341E-04
 0.30529816301857E-04
 0.30415029644867E-04
 0.30300965157951E-04
 0.30187426007373E-04
 0.30074589941160E-04
 0.29963097043728E-04
 0.29851868778617E-04
 0.29741252402582E-04
 0.29631514797571E-04
 0.29522164384091E-04
 0.29413433440297E-04
 0.29305700675224E-04
 0.29198458149243E-04
 0.29091643611389E-04
 0.28986146268954E-04
 0.28880698160115E-04
 0.28775820048311E-04
 0.28672002070827E-04
 0.28568311219992E-04
 0.28465395802968E-04
 0.28363409207205E-04
 0.28261698411233E-04
 0.28160617970741E-04
 0.28060447927955E-04
 0.27960833620194E-04
 0.27861658209856E-04
 0.27763022134886E-04
 0.27664523636408E-04
 0.27567834328027E-04
 0.27470688124251E-04
 0.27374498182574E-04
 0.27278909105667E-04
 0.27183499211339E-04
 0.27088822882707E-04
 0.26994760345555E-04
 0.26901135606589E-04
 0.26808158755480E-04
