 0.35172473832405E+01
 0.35172473832405E+01
 0.35172473832405E+01
 0.35172473832405E+01
 0.35172473832405E+01
 0.35172473832405E+01
 0.35172473832405E+01
 0.35172473832405E+01
 0.35172473832405E+01
 0.35172473355199E+01
 0.35172494853538E+01
 0.35172464520117E+01
 0.35172442927179E+01
 0.35172457325827E+01
 0.35172428048518E+01
 0.35172440253569E+01
 0.35172432470528E+01
 0.35172466664678E+01
 0.35172454076261E+01
 0.35172431366911E+01
 0.35172443199566E+01
 0.35172464710992E+01
 0.35172457061238E+01
 0.35172408921983E+01
 0.35172413240833E+01
 0.35172417285969E+01
 0.35172470152722E+01
 0.35172422939136E+01
 0.35172431944054E+01
 0.35172422986552E+01
 0.35172520642692E+01
 0.35172395194210E+01
 0.35172574282744E+01
 0.35172593921263E+01
 0.35172432348834E+01
 0.35172662999573E+01
 0.35172537863485E+01
 0.35172517407183E+01
 0.35172762847185E+01
 0.35172543279729E+01
 0.35172407133383E+01
 0.35172682789355E+01
 0.35172532291100E+01
 0.35172774297303E+01
 0.35172901211209E+01
 0.35172931092390E+01
 0.35172896812883E+01
 0.35172747619130E+01
 0.35172608233006E+01
 0.35172905142725E+01
 0.35172570776399E+01
 0.35172996234700E+01
 0.35172789065649E+01
 0.35172713691225E+01
 0.35172711051462E+01
 0.35173016946710E+01
 0.35172164889624E+01
 0.35172543929772E+01
 0.35172977708321E+01
 0.35172852236248E+01
 0.35173016042675E+01
 0.35172979841982E+01
 0.35172324120885E+01
 0.35172884995767E+01
 0.35171983632958E+01
 0.35172961858542E+01
 0.35173001127670E+01
 0.35171592734533E+01
 0.35173022850115E+01
 0.35171988413969E+01
 0.35172879184570E+01
 0.35172760189954E+01
 0.35172516720680E+01
 0.35172845339889E+01
 0.35172119816734E+01
 0.35173107452692E+01
 0.35172759446098E+01
 0.35172273117835E+01
 0.35172194598975E+01
 0.35172176885485E+01
 0.35172480367477E+01
 0.35172887248480E+01
 0.35173110037271E+01
 0.35172709048444E+01
 0.35172864081715E+01
