 0.34787160937283E+03
 0.34787161156786E+03
 0.34787162174707E+03
 0.34787165058348E+03
 0.34787171495032E+03
 0.34787184514726E+03
 0.34787209541200E+03
 0.34787254476070E+03
 0.34787327709232E+03
 0.34787435994924E+03
 0.34787583013785E+03
 0.34787768749408E+03
 0.34787992073842E+03
 0.34788245853366E+03
 0.34788527382545E+03
 0.34788821988411E+03
 0.34789127068704E+03
 0.34789434164044E+03
 0.34789734050047E+03
 0.34790019425351E+03
 0.34788676020913E+03
 0.34788482812853E+03
 0.34788208327483E+03
 0.34787830254752E+03
 0.34787312958053E+03
 0.34786614196814E+03
 0.34785660640785E+03
 0.34784411408209E+03
 0.34782757864171E+03
 0.34780567031626E+03
 0.34777684004968E+03
 0.34774012475100E+03
 0.34769331154007E+03
 0.34763435721327E+03
 0.34756224043016E+03
 0.34747406344795E+03
 0.34736792423679E+03
 0.34724171909212E+03
 0.34709422354505E+03
 0.34692401811764E+03
 0.34672686852811E+03
 0.34650396011918E+03
 0.34625369250124E+03
 0.34597465148397E+03
 0.34566488349382E+03
 0.34532543336494E+03
 0.34495693551489E+03
 0.34455794364808E+03
 0.34412756034666E+03
 0.34366639003715E+03
 0.34317566642703E+03
 0.34265405784200E+03
 0.34210286251848E+03
 0.34152099328497E+03
 0.34090782884169E+03
 0.34026421256627E+03
 0.33959006477754E+03
 0.33888215592470E+03
 0.33814239981980E+03
 0.33737168784325E+03
 0.33655750754950E+03
 0.33571382965784E+03
 0.33483041350174E+03
 0.33390028757003E+03
 0.33293278866382E+03
 0.33190816051659E+03
 0.33083668006249E+03
 0.32971957248095E+03
 0.32853221290103E+03
 0.32728565241767E+03
 0.32595495731572E+03
 0.32454817080084E+03
 0.32306358569722E+03
 0.32145969723233E+03
 0.31975777619625E+03
 0.31791715067433E+03
 0.31593094206150E+03
 0.31376346676537E+03
 0.31141549500152E+03
 0.30879918873166E+03
 0.30588797574360E+03
 0.30259026015720E+03
 0.29877131617446E+03
 0.29416553818005E+03
 0.28781990839031E+03
