 0.83176571363982E+02
 0.83176571363993E+02
 0.83176571364246E+02
 0.83176571419259E+02
 0.83176573347217E+02
 0.83176591494080E+02
 0.83176671867324E+02
 0.83176896760746E+02
 0.83177367132597E+02
 0.83178179586737E+02
 0.83179412468905E+02
 0.83181122433857E+02
 0.83183345320076E+02
 0.83186103525338E+02
 0.83189404591830E+02
 0.83193252062502E+02
 0.83197637761520E+02
 0.83202551129136E+02
 0.83207980092907E+02
 0.83213911234989E+02
 0.83196016469605E+02
 0.83196583471658E+02
 0.83197284581615E+02
 0.83198149800612E+02
 0.83199218763172E+02
 0.83200540436152E+02
 0.83202184670588E+02
 0.83204217108787E+02
 0.83206740279919E+02
 0.83209879026831E+02
 0.83213779216565E+02
 0.83218575463696E+02
 0.83224466929757E+02
 0.83231659978462E+02
 0.83240330295619E+02
 0.83250746101566E+02
 0.83263192624238E+02
 0.83277844111037E+02
 0.83294975055922E+02
 0.83314830890579E+02
 0.83337802852011E+02
 0.83364041621469E+02
 0.83393844732408E+02
 0.83427497552536E+02
 0.83465339574749E+02
 0.83507555798647E+02
 0.83554383975179E+02
 0.83606163348845E+02
 0.83663222959073E+02
 0.83725840124423E+02
 0.83794248668514E+02
 0.83868845698449E+02
 0.83949911797998E+02
 0.84037870365940E+02
 0.84133091259544E+02
 0.84235940430469E+02
 0.84346852387236E+02
 0.84466416951539E+02
 0.84594946453945E+02
 0.84732905164052E+02
 0.84881560779436E+02
 0.85040510060540E+02
 0.85210992200262E+02
 0.85394117928261E+02
 0.85589669519135E+02
 0.85800011962823E+02
 0.86024982435443E+02
 0.86264976809332E+02
 0.86523165547323E+02
 0.86799162449139E+02
 0.87096586937137E+02
 0.87415485142011E+02
 0.87757123193967E+02
 0.88127242951866E+02
 0.88524708665748E+02
 0.88955961026125E+02
 0.89423781158232E+02
 0.89934473043052E+02
 0.90489825422828E+02
 0.91105312825606E+02
 0.91787445538358E+02
 0.92553766324852E+02
 0.93430278222504E+02
 0.94467408800022E+02
 0.95811018043310E+02
