 0.64710694463868E-04
 0.64709147731278E-04
 0.64706566878458E-04
 0.64702952542888E-04
 0.64698298816402E-04
 0.64692602331337E-04
 0.64685860037704E-04
 0.64678060740075E-04
 0.64669200482377E-04
 0.64659268997092E-04
 0.64648260092632E-04
 0.64636161444102E-04
 0.64622968023325E-04
 0.64608669359240E-04
 0.64593257394827E-04
 0.64576716684907E-04
 0.64559040947570E-04
 0.64540220398804E-04
 0.64520238295003E-04
 0.64499085143694E-04
 0.64476739427788E-04
 0.64453193885691E-04
 0.64428428014516E-04
 0.64402418051044E-04
 0.64375142639659E-04
 0.64346576195695E-04
 0.64316690532328E-04
 0.64285458755137E-04
 0.64252851576674E-04
 0.64218825701303E-04
 0.64183341347077E-04
 0.64146376383912E-04
 0.64107875584895E-04
 0.64067798431818E-04
 0.64026129161156E-04
 0.63982805972919E-04
 0.63937799568450E-04
 0.63891063687305E-04
 0.63842582179686E-04
 0.63792332182442E-04
 0.63740222857818E-04
 0.63686294611353E-04
 0.63630511960771E-04
 0.63572841265583E-04
 0.63513242705512E-04
 0.63451743255579E-04
 0.63388349269405E-04
 0.63323032967356E-04
 0.63255769105322E-04
 0.63186569668214E-04
 0.63115472051604E-04
 0.63042443676553E-04
 0.62967519863797E-04
 0.62890701253615E-04
 0.62811976357056E-04
 0.62731388435473E-04
 0.62648971187807E-04
 0.62564678393091E-04
 0.62478603709386E-04
 0.62390790085147E-04
 0.62301037210244E-04
 0.62209703816993E-04
 0.62116638386673E-04
 0.62021768206745E-04
 0.61925359164190E-04
 0.61827126637794E-04
 0.61727361416628E-04
 0.61626191106565E-04
 0.61523268378800E-04
 0.61418939661336E-04
 0.61312890672478E-04
 0.61205440840344E-04
 0.61096770548278E-04
 0.60986308933854E-04
 0.60874720472038E-04
 0.60761585741220E-04
 0.60647178209855E-04
 0.60531296530228E-04
 0.60414470038451E-04
 0.60296067588971E-04
 0.60176531564594E-04
 0.60055809690166E-04
 0.59933966619040E-04
 0.59810919379890E-04
 0.59686443486269E-04
 0.59561146486937E-04
 0.59434786957957E-04
 0.59307133952815E-04
 0.59178469620011E-04
 0.59048664273807E-04
 0.58918232045198E-04
 0.58786857375676E-04
 0.58654166392919E-04
 0.58520427363986E-04
 0.58386246306014E-04
 0.58251257827898E-04
 0.58114857779238E-04
 0.57978035906118E-04
 0.57840214424578E-04
 0.57701689932624E-04
 0.57562095021052E-04
 0.57422054729595E-04
 0.57281305376530E-04
 0.57139558553216E-04
 0.56996910245298E-04
 0.56853806165783E-04
 0.56710336096324E-04
 0.56565495838266E-04
 0.56420237693342E-04
 0.56274643393237E-04
 0.56128564089389E-04
 0.55981448547971E-04
 0.55833894447135E-04
 0.55685546138087E-04
 0.55536324556493E-04
 0.55386953000019E-04
 0.55236959174918E-04
 0.55086333868914E-04
 0.54934881821682E-04
 0.54782934323179E-04
 0.54630584279876E-04
 0.54477815659483E-04
 0.54323734270961E-04
 0.54168953299120E-04
 0.54014043468384E-04
 0.53858733851316E-04
 0.53702852972045E-04
 0.53545451703808E-04
 0.53387559351917E-04
 0.53229308041241E-04
 0.53070190361499E-04
 0.52909644467671E-04
 0.52749007492460E-04
 0.52587007461409E-04
 0.52423560714437E-04
 0.52259905499673E-04
 0.52094183786503E-04
 0.51927376672580E-04
 0.51759239958144E-04
 0.51590138988649E-04
 0.51419794101222E-04
 0.51247475210320E-04
 0.51073574071464E-04
 0.50898275412218E-04
 0.50721089579816E-04
 0.50542898790383E-04
 0.50362564488190E-04
 0.50181351820606E-04
 0.49998439882291E-04
 0.49814024914389E-04
 0.49630390504233E-04
 0.49445180707867E-04
 0.49258628265287E-04
 0.49073072537050E-04
 0.48886394908359E-04
 0.48700201460081E-04
 0.48513303488010E-04
 0.48326192593950E-04
 0.48137869665764E-04
 0.47949214983028E-04
 0.47759671085160E-04
 0.47568592453801E-04
 0.47376340695542E-04
 0.47183058855279E-04
 0.46989149098951E-04
 0.46793628288140E-04
 0.46597451864755E-04
 0.46400379472488E-04
 0.46202489312274E-04
 0.46004048658033E-04
 0.45805868199530E-04
 0.45606236788919E-04
 0.45406667054614E-04
 0.45208121087602E-04
 0.45008603483465E-04
 0.44808866259735E-04
 0.44610767831608E-04
 0.44411900759097E-04
 0.44213900549744E-04
 0.44015201737732E-04
 0.43819252625648E-04
 0.43622489838682E-04
 0.43427198784041E-04
 0.43230752861570E-04
 0.43036925406068E-04
 0.42842582212382E-04
 0.42650655962575E-04
 0.42458615175868E-04
 0.42267630789222E-04
 0.42077315160074E-04
 0.41888446801186E-04
 0.41699665321987E-04
 0.41511886805120E-04
 0.41325452522387E-04
 0.41140486852601E-04
 0.40956903632021E-04
 0.40773846477828E-04
 0.40591249935090E-04
 0.40409932304597E-04
 0.40230396261015E-04
 0.40051447489680E-04
 0.39874155355712E-04
 0.39696525400985E-04
 0.39521588432863E-04
 0.39346212643948E-04
 0.39173424059484E-04
 0.39000773114992E-04
 0.38829091095747E-04
 0.38658914082046E-04
 0.38490020269462E-04
 0.38321686046226E-04
 0.38154581982187E-04
 0.37987717080888E-04
 0.37823352953623E-04
 0.37659678553813E-04
 0.37496747249132E-04
 0.37335111187661E-04
 0.37174149429192E-04
 0.37015098941185E-04
 0.36856008371512E-04
 0.36698780773626E-04
 0.36541879920538E-04
 0.36385802152924E-04
 0.36231636725798E-04
 0.36077689821401E-04
 0.35925566415390E-04
 0.35774095041616E-04
 0.35623774870848E-04
 0.35473896688307E-04
 0.35325635950865E-04
 0.35178562793991E-04
 0.35031711612568E-04
 0.34885810975365E-04
 0.34741280061122E-04
 0.34597028194268E-04
 0.34454837724124E-04
 0.34313001481492E-04
 0.34172522926265E-04
 0.34031686766029E-04
 0.33892986960340E-04
 0.33755149539090E-04
 0.33617673636559E-04
 0.33481710611822E-04
 0.33346172890987E-04
 0.33211466527482E-04
 0.33078322355911E-04
 0.32945178373110E-04
 0.32813170565179E-04
 0.32682303897910E-04
 0.32551674408345E-04
 0.32422963385382E-04
 0.32293779577651E-04
 0.32166522660979E-04
 0.32039735712531E-04
 0.31913543927541E-04
 0.31788410824294E-04
 0.31663913612118E-04
 0.31540121061506E-04
 0.31417824352451E-04
 0.31295227500340E-04
 0.31174544810542E-04
 0.31053559490773E-04
 0.30934068982426E-04
 0.30815128970976E-04
 0.30697260694316E-04
 0.30579548404698E-04
 0.30462712786362E-04
 0.30346705382802E-04
 0.30231581214428E-04
 0.30117384208552E-04
 0.30003395531053E-04
 0.29890475450175E-04
 0.29778010018393E-04
 0.29666144431750E-04
 0.29555553914158E-04
 0.29445130860976E-04
 0.29335486588805E-04
 0.29227191504605E-04
 0.29118418987589E-04
 0.29010909832516E-04
 0.28904105083327E-04
 0.28798144490646E-04
 0.28692506485475E-04
 0.28587633234942E-04
 0.28483566053683E-04
 0.28379572273347E-04
 0.28276940527042E-04
 0.28174534822441E-04
 0.28073067961374E-04
 0.27972257777241E-04
 0.27871096143802E-04
 0.27772126573832E-04
 0.27672511554798E-04
 0.27573999636764E-04
 0.27476072328698E-04
 0.27378455908377E-04
 0.27281539741771E-04
 0.27185182299869E-04
 0.27089531179115E-04
 0.26994365849382E-04
