 0.64710694463868E-04
 0.64709147731278E-04
 0.64706566878458E-04
 0.64702952542888E-04
 0.64698298816402E-04
 0.64692602331337E-04
 0.64685859458746E-04
 0.64678060521696E-04
 0.64669200738551E-04
 0.64659267484592E-04
 0.64648260202098E-04
 0.64636161620464E-04
 0.64622968192107E-04
 0.64608669239382E-04
 0.64593254797898E-04
 0.64576716028542E-04
 0.64559041307275E-04
 0.64540219746078E-04
 0.64520239575480E-04
 0.64499085001529E-04
 0.64476738093771E-04
 0.64453195042627E-04
 0.64428430029986E-04
 0.64402421253541E-04
 0.64375148124320E-04
 0.64346588060786E-04
 0.64316709061041E-04
 0.64285491483958E-04
 0.64252904851304E-04
 0.64218910428087E-04
 0.64183474545820E-04
 0.64146576311705E-04
 0.64108172787714E-04
 0.64068228103169E-04
 0.64026733478279E-04
 0.63983646511272E-04
 0.63938949836710E-04
 0.63892607343692E-04
 0.63844624248822E-04
 0.63794997069228E-04
 0.63743660234312E-04
 0.63690678930209E-04
 0.63636034277897E-04
 0.63579728445036E-04
 0.63521750704916E-04
 0.63462152903247E-04
 0.63400988260811E-04
 0.63338251184609E-04
 0.63273959773929E-04
 0.63208167149611E-04
 0.63140946290998E-04
 0.63072300125139E-04
 0.63002315837806E-04
 0.62931024283017E-04
 0.62858466583705E-04
 0.62784724145411E-04
 0.62709859735014E-04
 0.62633885893478E-04
 0.62556925245619E-04
 0.62479062678679E-04
 0.62400154531114E-04
 0.62320561309779E-04
 0.62240192009466E-04
 0.62158997190456E-04
 0.62077261856089E-04
 0.61994779755509E-04
 0.61911808827467E-04
 0.61828499035806E-04
 0.61744548112498E-04
 0.61660297262511E-04
 0.61575494498511E-04
 0.61490406222247E-04
 0.61405173533024E-04
 0.61319355604778E-04
 0.61233466309347E-04
 0.61147147824306E-04
 0.61060606531838E-04
 0.60973672274017E-04
 0.60886672576546E-04
 0.60799078288843E-04
 0.60711199701818E-04
 0.60622880696215E-04
 0.60534078359435E-04
 0.60444617108584E-04
 0.60354231818218E-04
 0.60263102198226E-04
 0.60170962460802E-04
 0.60077357488129E-04
 0.59982189403823E-04
 0.59885022615129E-04
 0.59785735093364E-04
 0.59683642545165E-04
 0.59577823513365E-04
 0.59467501062611E-04
 0.59352025067110E-04
 0.59229539092697E-04
 0.59097039691772E-04
 0.58951620304774E-04
