 0.13708380095672E+03
 0.13708380095668E+03
 0.13708380095628E+03
 0.13708380104278E+03
 0.13708380419564E+03
 0.13708383395743E+03
 0.13708396560561E+03
 0.13708433276320E+03
 0.13708509673953E+03
 0.13708640656966E+03
 0.13708837510282E+03
 0.13709107221545E+03
 0.13709452878159E+03
 0.13709874545755E+03
 0.13710369749085E+03
 0.13710934226686E+03
 0.13711562574206E+03
 0.13712248251827E+03
 0.13712984303218E+03
 0.13713763313371E+03
 0.13710579150533E+03
 0.13710386046890E+03
 0.13710161987946E+03
 0.13709906004893E+03
 0.13709617788264E+03
 0.13709297379005E+03
 0.13708945555298E+03
 0.13708563093956E+03
 0.13708151892643E+03
 0.13707714221922E+03
 0.13707252893582E+03
 0.13706770369235E+03
 0.13706270559906E+03
 0.13705757246964E+03
 0.13705233332164E+03
 0.13704703734229E+03
 0.13704172167605E+03
 0.13703643189117E+03
 0.13703120182124E+03
 0.13702606611785E+03
 0.13702108661485E+03
 0.13701627657041E+03
 0.13701167122291E+03
 0.13700730816214E+03
 0.13700322311994E+03
 0.13699942891456E+03
 0.13699593928808E+03
 0.13699278354225E+03
 0.13698998610584E+03
 0.13698755659311E+03
 0.13698549458958E+03
 0.13698382377108E+03
 0.13698254342509E+03
 0.13698166312252E+03
 0.13698119979861E+03
 0.13698114804790E+03
 0.13698151002286E+03
 0.13698231467717E+03
 0.13698353719961E+03
 0.13698519950559E+03
 0.13698737324784E+03
 0.13698996448656E+03
 0.13699304934180E+03
 0.13699668869556E+03
 0.13700082194188E+03
 0.13700559089084E+03
 0.13701093506248E+03
 0.13701686944013E+03
 0.13702356722799E+03
 0.13703097882086E+03
 0.13703928735113E+03
 0.13704845586382E+03
 0.13705849447391E+03
 0.13706976022756E+03
 0.13708204926711E+03
 0.13709565933123E+03
 0.13711061523825E+03
 0.13712714162273E+03
 0.13714513233982E+03
 0.13716506087911E+03
 0.13718687462498E+03
 0.13721080740439E+03
 0.13723699128548E+03
 0.13726570279745E+03
 0.13729729277279E+03
 0.13733168150362E+03
 0.13736922306718E+03
 0.13741038642254E+03
 0.13745526691256E+03
 0.13750432290799E+03
 0.13755744315443E+03
 0.13761528948841E+03
 0.13767845394273E+03
 0.13774725547600E+03
 0.13782156852144E+03
 0.13790204602961E+03
 0.13799002654769E+03
 0.13808479243762E+03
 0.13818765377076E+03
 0.13829890258215E+03
 0.13841968175655E+03
 0.13854974289562E+03
 0.13869024149475E+03
 0.13884242298964E+03
 0.13900701971523E+03
 0.13918437041666E+03
 0.13937503314731E+03
 0.13958223339442E+03
 0.13980517262084E+03
 0.14004472043385E+03
 0.14030269513046E+03
 0.14058181219545E+03
 0.14088222223605E+03
 0.14120674041004E+03
 0.14155759189670E+03
 0.14193450015695E+03
 0.14234100977171E+03
 0.14277984143429E+03
 0.14325479817170E+03
 0.14376674947194E+03
 0.14431926834335E+03
 0.14491587672579E+03
 0.14556443006287E+03
 0.14626768608500E+03
 0.14702644308853E+03
 0.14784743993533E+03
 0.14873785976349E+03
 0.14971217651991E+03
 0.15077079790218E+03
 0.15191999575049E+03
 0.15317474093141E+03
 0.15455272200777E+03
 0.15605101410462E+03
 0.15769927208969E+03
 0.15951678214232E+03
 0.16150409974515E+03
 0.16371187650704E+03
 0.16614962513072E+03
 0.16886074614896E+03
 0.17182296675752E+03
 0.17516336045691E+03
 0.17887717399936E+03
 0.18302544876178E+03
 0.18765659819846E+03
 0.19285183356846E+03
 0.19864731862004E+03
 0.20516367142666E+03
 0.21242445444712E+03
 0.22055180946973E+03
 0.22961485198830E+03
 0.23953136356847E+03
 0.25049778611290E+03
 0.26253346650109E+03
 0.27544296073339E+03
 0.28936091575753E+03
 0.30407529224614E+03
 0.31960956594031E+03
 0.33581700670433E+03
 0.35270411430983E+03
 0.37008869960780E+03
 0.38795272024796E+03
 0.40630451289737E+03
 0.42505779799172E+03
 0.44416651586410E+03
 0.46356337537248E+03
 0.48334648361535E+03
 0.50340662396552E+03
 0.52377301531856E+03
 0.54444161526641E+03
 0.56539495077899E+03
 0.58655498529404E+03
 0.60811701183321E+03
 0.62993376966547E+03
 0.65191230624615E+03
 0.67428051319678E+03
 0.69697294662336E+03
 0.71979906194659E+03
 0.74303156169857E+03
 0.76650752511856E+03
 0.79040615136259E+03
 0.81436200527754E+03
 0.83877623107298E+03
 0.86340651670048E+03
 0.88855660649551E+03
 0.91381280577375E+03
 0.93953781671120E+03
 0.96540472700568E+03
 0.99171160136737E+03
 0.10183330008052E+04
 0.10453223744700E+04
 0.10725925779501E+04
 0.11003157657757E+04
 0.11283896182432E+04
 0.11567788261216E+04
 0.11854744532522E+04
 0.12144901137838E+04
 0.12439409939627E+04
 0.12738429617004E+04
 0.13040986524199E+04
 0.13346484250294E+04
 0.13656518538946E+04
 0.13969729829814E+04
 0.14288875650113E+04
 0.14609912709480E+04
 0.14937165306355E+04
 0.15266501295139E+04
 0.15601408839137E+04
 0.15940758249562E+04
 0.16283870438596E+04
 0.16631087402720E+04
 0.16983529693536E+04
 0.17340256665796E+04
 0.17702849382579E+04
 0.18067902871373E+04
 0.18438252789651E+04
 0.18813821730428E+04
 0.19193860465660E+04
 0.19579395449531E+04
 0.19968473978799E+04
 0.20364350843326E+04
 0.20763946343800E+04
 0.21169861558759E+04
 0.21581378442241E+04
 0.21996648422490E+04
 0.22418679196259E+04
 0.22844672370092E+04
 0.23276774277647E+04
 0.23714187728253E+04
 0.24158228133584E+04
 0.24606852817181E+04
 0.25060827836778E+04
 0.25522086625581E+04
 0.25989359074384E+04
 0.26461829482922E+04
 0.26941776176308E+04
 0.27425654922370E+04
 0.27916977757980E+04
 0.28413783426259E+04
 0.28919655910069E+04
 0.29429553204750E+04
 0.29946166363435E+04
 0.30470641717789E+04
 0.31000548831037E+04
 0.31538368660172E+04
 0.32083329465621E+04
 0.32633823460717E+04
 0.33193459258948E+04
 0.33759722686384E+04
 0.34332757395973E+04
 0.34914713333415E+04
 0.35501699644234E+04
 0.36099519375947E+04
 0.36702519195815E+04
 0.37314307375434E+04
 0.37934654926759E+04
 0.38562518642820E+04
 0.39199142549622E+04
 0.39844370610673E+04
 0.40496267427010E+04
 0.41159666546154E+04
 0.41828844844041E+04
 0.42509765070399E+04
 0.43197834158905E+04
 0.43895563445788E+04
 0.44601791918876E+04
 0.45319026545658E+04
 0.46045554853364E+04
 0.46781602685085E+04
 0.47527050010766E+04
 0.48282065842232E+04
 0.49048643405901E+04
 0.49824630203098E+04
 0.50611912348143E+04
 0.51410160323112E+04
 0.52217655325512E+04
 0.53037722854607E+04
 0.53868772840798E+04
 0.54709278098926E+04
 0.55564824422006E+04
 0.56430431560622E+04
 0.57307970651375E+04
 0.58197173246944E+04
 0.59099716306417E+04
 0.60014605235812E+04
 0.60941940260493E+04
 0.61884074626549E+04
 0.62837216851672E+04
 0.63805306368611E+04
 0.64786189790406E+04
 0.65781029857049E+04
 0.66793136778710E+04
 0.67814996296258E+04
 0.68855579764048E+04
 0.69909728269368E+04
 0.70979485638907E+04
 0.72065692939611E+04
 0.73167651168657E+04
 0.74286075542055E+04
 0.75420763004313E+04
 0.76572770494946E+04
