 0.11312241377893E+03
 0.11312241377892E+03
 0.11312241377876E+03
 0.11312241378960E+03
 0.11312241419240E+03
 0.11312241800312E+03
 0.11312243433318E+03
 0.11312247901926E+03
 0.11312256863174E+03
 0.11312271436291E+03
 0.11312291745852E+03
 0.11312316756298E+03
 0.11312344639015E+03
 0.11312372109917E+03
 0.11312396185674E+03
 0.11312411504721E+03
 0.11312414290684E+03
 0.11312399610053E+03
 0.11312362092215E+03
 0.11312296489600E+03
 0.11311678480450E+03
 0.11311404076161E+03
 0.11311074239579E+03
 0.11310681157221E+03
 0.11310214269208E+03
 0.11309661754741E+03
 0.11309005785350E+03
 0.11308234336888E+03
 0.11307321395043E+03
 0.11306236211691E+03
 0.11304941942455E+03
 0.11303411642181E+03
 0.11301592838300E+03
 0.11299433435107E+03
 0.11296898856938E+03
 0.11293916136093E+03
 0.11290420118826E+03
 0.11286360259140E+03
 0.11281679531418E+03
 0.11276320149156E+03
 0.11270170252675E+03
 0.11263212348128E+03
 0.11255380511233E+03
 0.11246604351390E+03
 0.11236804353148E+03
 0.11225953353793E+03
 0.11214016630530E+03
 0.11200917126537E+03
 0.11186590165921E+03
 0.11170993849839E+03
 0.11154101898842E+03
 0.11135822008738E+03
 0.11116136580715E+03
 0.11094956319736E+03
 0.11072213057887E+03
 0.11047859464351E+03
 0.11021824017783E+03
 0.10993965523636E+03
 0.10964272936826E+03
 0.10932662884656E+03
 0.10898790457645E+03
 0.10862880327422E+03
 0.10824621572295E+03
 0.10783765637024E+03
 0.10740385859004E+03
 0.10693989122110E+03
 0.10644593244176E+03
 0.10592234064906E+03
 0.10536117299737E+03
 0.10476347387164E+03
 0.10412166530638E+03
 0.10343588120774E+03
 0.10270448255085E+03
 0.10191346886708E+03
 0.10106535547375E+03
 0.10014760714101E+03
 0.99153893489034E+02
 0.98067335280478E+02
 0.96884524985914E+02
 0.95568647311275E+02
 0.94095212294315E+02
 0.92412478550266E+02
 0.90424094127069E+02
 0.87819795545565E+02
