 0.64710694463868E-04
 0.64709147731278E-04
 0.64706566878458E-04
 0.64702952542888E-04
 0.64698298816402E-04
 0.64692603055967E-04
 0.64685860332363E-04
 0.64678061097579E-04
 0.64669200505917E-04
 0.64659268007380E-04
 0.64648259767720E-04
 0.64636161399761E-04
 0.64622967640213E-04
 0.64608669004068E-04
 0.64593256529743E-04
 0.64576716019836E-04
 0.64559040580323E-04
 0.64540220026399E-04
 0.64520237191290E-04
 0.64499084530734E-04
 0.64476741539388E-04
 0.64453198569478E-04
 0.64428437747706E-04
 0.64402436826215E-04
 0.64375175979124E-04
 0.64346636065748E-04
 0.64316789818305E-04
 0.64285621421030E-04
 0.64253107555560E-04
 0.64219217534279E-04
 0.64183927810666E-04
 0.64147228955152E-04
 0.64109094124867E-04
 0.64069503439205E-04
 0.64028467606508E-04
 0.63985964632053E-04
 0.63942013922465E-04
 0.63896583706843E-04
 0.63849721437153E-04
 0.63801453028237E-04
 0.63751746094225E-04
 0.63700697393367E-04
 0.63648340894629E-04
 0.63594709146644E-04
 0.63539839831749E-04
 0.63483832486125E-04
 0.63426777668604E-04
 0.63368725805172E-04
 0.63309740815042E-04
 0.63249926398488E-04
 0.63189399747932E-04
 0.63128228129887E-04
 0.63066535779989E-04
 0.63004417086182E-04
 0.62941939439531E-04
 0.62879247216227E-04
 0.62816453481316E-04
 0.62753604190749E-04
 0.62690843700552E-04
 0.62628316826204E-04
 0.62565924288450E-04
 0.62503999381565E-04
 0.62442494849446E-04
 0.62381401225055E-04
 0.62320968369727E-04
 0.62260951100440E-04
 0.62201683539826E-04
 0.62143110819503E-04
 0.62085023870193E-04
 0.62027593334009E-04
 0.61970528322244E-04
 0.61913897936390E-04
 0.61857574123626E-04
 0.61801025306399E-04
 0.61744372720234E-04
 0.61686873324332E-04
 0.61628198749250E-04
 0.61567608429564E-04
 0.61504393992496E-04
 0.61437014382471E-04
 0.61364088018533E-04
 0.61282996397438E-04
 0.61189803446820E-04
 0.61076571583697E-04
