 0.10813086768930E+04
 0.10813086768930E+04
 0.10813086768930E+04
 0.10813086768930E+04
 0.10813086768930E+04
 0.10813086768930E+04
 0.10813086768930E+04
 0.10813086768930E+04
 0.10813086768930E+04
 0.10813001936183E+04
 0.10814168631599E+04
 0.10812570832628E+04
 0.10811551961542E+04
 0.10812320685437E+04
 0.10810722137684E+04
 0.10811364702020E+04
 0.10811003400226E+04
 0.10812669424037E+04
 0.10812031220861E+04
 0.10810840125707E+04
 0.10811366249169E+04
 0.10812648701833E+04
 0.10812242502846E+04
 0.10809851105832E+04
 0.10809219017360E+04
 0.10811770826320E+04
 0.10812776377352E+04
 0.10811978755135E+04
 0.10809967061595E+04
 0.10811950898117E+04
 0.10816384438844E+04
 0.10811229234774E+04
 0.10818199836285E+04
 0.10820770529234E+04
 0.10813438404759E+04
 0.10824215584401E+04
 0.10817955413161E+04
 0.10814608937572E+04
 0.10764616841683E+04
 0.10818116665478E+04
 0.10810294799094E+04
 0.10760502050929E+04
 0.10814534982813E+04
 0.10765977337070E+04
 0.10777882187178E+04
 0.10778333563427E+04
 0.10778217785369E+04
 0.10765377757492E+04
 0.10821259761890E+04
 0.10776261990386E+04
 0.10816191770110E+04
 0.10793327243317E+04
 0.10767504303443E+04
 0.10762783111136E+04
 0.10763350973991E+04
 0.10796000690572E+04
 0.10793827267204E+04
 0.10814598302828E+04
 0.10818601507946E+04
 0.10771550268014E+04
 0.10800635685985E+04
 0.10785375656977E+04
 0.10803325570500E+04
 0.10776296792922E+04
 0.10767554829704E+04
 0.10781388130906E+04
 0.10793296962348E+04
 0.10868249422154E+04
 0.10813664875306E+04
 0.10886511077637E+04
 0.10830593703860E+04
 0.10843232295055E+04
 0.10806741116960E+04
 0.10830481171487E+04
 0.10776926000414E+04
 0.10809937278028E+04
 0.10764745683256E+04
 0.10783192248192E+04
 0.10844871564391E+04
 0.10839413229385E+04
 0.10823463735308E+04
 0.10803963628660E+04
 0.10833758693143E+04
 0.10869676456096E+04
