 0.53405578660231E+07
 0.53405578660231E+07
 0.53405578660231E+07
 0.53405578660231E+07
 0.53405578660231E+07
 0.53405578660231E+07
 0.53405578660231E+07
 0.53405578660231E+07
 0.53405578660231E+07
 0.53405578660231E+07
 0.53405578660232E+07
 0.53405578660234E+07
 0.53405578660238E+07
 0.53405578660235E+07
 0.53405578660229E+07
 0.53405578660228E+07
 0.53405578660221E+07
 0.53405578660210E+07
 0.53405578660193E+07
 0.53405578660168E+07
 0.53405578660177E+07
 0.53405578660124E+07
 0.53405578660079E+07
 0.53405578660016E+07
 0.53405578659956E+07
 0.53405578659918E+07
 0.53405578659989E+07
 0.53405578659818E+07
 0.53405578659580E+07
 0.53405578659415E+07
 0.53405578659423E+07
 0.53405578659141E+07
 0.53405578659082E+07
 0.53405578659050E+07
 0.53405578658558E+07
 0.53405578658335E+07
 0.53405578657789E+07
 0.53405578658163E+07
 0.53405578657017E+07
 0.53405578655027E+07
 0.53405578654978E+07
 0.53405578654732E+07
 0.53405578653888E+07
 0.53405578652139E+07
 0.53405578654340E+07
 0.53405578653595E+07
 0.53405578650196E+07
 0.53405578645329E+07
 0.53405578643852E+07
 0.53405578643639E+07
 0.53405578639214E+07
 0.53405578635816E+07
 0.53405578624888E+07
 0.53405578622847E+07
 0.53405578617838E+07
 0.53405578607609E+07
 0.53405578590692E+07
 0.53405578593438E+07
 0.53405578583974E+07
 0.53405578549939E+07
 0.53405578596231E+07
 0.53405578549584E+07
 0.53405578543924E+07
 0.53405578557045E+07
 0.53405578509553E+07
 0.53405578561701E+07
 0.53405578582348E+07
 0.53405578471322E+07
 0.53405578463864E+07
 0.53405578359517E+07
 0.53405578415353E+07
 0.53405578484327E+07
 0.53405578209278E+07
 0.53405578391847E+07
 0.53405578148523E+07
 0.53405578220603E+07
 0.53405578244468E+07
 0.53405578298095E+07
 0.53405577998223E+07
 0.53405578040150E+07
 0.53405578159415E+07
 0.53405577951974E+07
 0.53405577469084E+07
 0.53405577532389E+07
