 0.21140089951492E+08
 0.21140089951487E+08
 0.21140089951416E+08
 0.21140089951002E+08
 0.21140089949331E+08
 0.21140089944668E+08
 0.21140090048756E+08
 0.21140090529863E+08
 0.21140092253766E+08
 0.21140096868061E+08
 0.21140107191146E+08
 0.21140126663303E+08
 0.21140160644776E+08
 0.21140214944179E+08
 0.21140295305510E+08
 0.21140410037780E+08
 0.21140565539344E+08
 0.21140769128658E+08
 0.21141027793785E+08
 0.21141349027431E+08
 0.21141743347263E+08
 0.21142210933195E+08
 0.21142763774575E+08
 0.21143408559615E+08
 0.21144156281272E+08
 0.21145016138637E+08
 0.21146002410138E+08
 0.21147116432840E+08
 0.21148377953446E+08
 0.21149806148589E+08
 0.21151423739533E+08
 0.21153230049884E+08
 0.21155256633176E+08
 0.21157524387431E+08
 0.21160019674169E+08
 0.21162777329327E+08
 0.21165781827983E+08
 0.21169063204228E+08
 0.21172576482047E+08
 0.21176294928513E+08
 0.21180259691210E+08
 0.21184358400548E+08
 0.21188542640176E+08
 0.21192759103358E+08
 0.21196956583842E+08
 0.21200993609000E+08
 0.21204730524198E+08
 0.21208077480515E+08
 0.21210923302793E+08
 0.21213098342909E+08
 0.21214407484087E+08
 0.21214723012773E+08
 0.21213825380509E+08
 0.21211556028367E+08
 0.21207747747805E+08
 0.21202160299944E+08
 0.21194580742930E+08
 0.21184877096463E+08
 0.21172775764633E+08
 0.21158010392479E+08
 0.21140626895200E+08
 0.21120072519483E+08
 0.21096319928013E+08
 0.21069243622279E+08
 0.21038386342139E+08
 0.21003889848774E+08
 0.20965180584644E+08
 0.20922120828893E+08
 0.20874702397479E+08
 0.20822491361664E+08
 0.20765467989677E+08
 0.20703226986848E+08
 0.20635568847947E+08
 0.20562419095561E+08
 0.20483268169043E+08
 0.20398127474884E+08
 0.20306634090828E+08
 0.20208401310058E+08
 0.20103532058813E+08
 0.19991513688812E+08
 0.19872251757131E+08
 0.19745996031515E+08
 0.19613473883460E+08
 0.19475703373730E+08
