 0.11312241377893E+03
 0.11312241377892E+03
 0.11312241377876E+03
 0.11312241378960E+03
 0.11312241419240E+03
 0.11312241800312E+03
 0.11312243433314E+03
 0.11312247901929E+03
 0.11312256863194E+03
 0.11312271436522E+03
 0.11312291745958E+03
 0.11312316756617E+03
 0.11312344638810E+03
 0.11312372109530E+03
 0.11312396189430E+03
 0.11312411524204E+03
 0.11312414350918E+03
 0.11312399832647E+03
 0.11312362740562E+03
 0.11312298185111E+03
 0.11311683038612E+03
 0.11311414049034E+03
 0.11311094701854E+03
 0.11310720811693E+03
 0.11310287269510E+03
 0.11309790140025E+03
 0.11309222450915E+03
 0.11308586618411E+03
 0.11307875214307E+03
 0.11307080490865E+03
 0.11306193897872E+03
 0.11305221194024E+03
 0.11304147927048E+03
 0.11302964797891E+03
 0.11301684052905E+03
 0.11300284039775E+03
 0.11298765747415E+03
 0.11297113164580E+03
 0.11295336640466E+03
 0.11293436369531E+03
 0.11291361507988E+03
 0.11289150361637E+03
 0.11286793005500E+03
 0.11284273890083E+03
 0.11281568302495E+03
 0.11278697730814E+03
 0.11275676068627E+03
 0.11272475882217E+03
 0.11269077363220E+03
 0.11265485601021E+03
 0.11261721176419E+03
 0.11257747686415E+03
 0.11253587252595E+03
 0.11249219168327E+03
 0.11244625468479E+03
 0.11239824876197E+03
 0.11234816961471E+03
 0.11229554725694E+03
 0.11224085173741E+03
 0.11218421232848E+03
 0.11212384334385E+03
 0.11206230852912E+03
 0.11199817778619E+03
 0.11193054423587E+03
 0.11186135382277E+03
 0.11178791448691E+03
 0.11171234435470E+03
 0.11163536669770E+03
 0.11155382848589E+03
 0.11147025077398E+03
 0.11138169746016E+03
 0.11129043212288E+03
 0.11119753089270E+03
 0.11109826690152E+03
 0.11099724950819E+03
 0.11089101001976E+03
 0.11078114146749E+03
 0.11066584938879E+03
 0.11054897719378E+03
 0.11042471403277E+03
 0.11029649536159E+03
 0.11016334838483E+03
 0.11002539108927E+03
 0.10988148338181E+03
 0.10972909946765E+03
 0.10957290202856E+03
 0.10941033540856E+03
 0.10923896356680E+03
 0.10906052536878E+03
 0.10887314178590E+03
 0.10868079474360E+03
 0.10847997739372E+03
 0.10826713589838E+03
 0.10804355042036E+03
 0.10781387827398E+03
 0.10757425787587E+03
 0.10731793215745E+03
 0.10705372840537E+03
 0.10677486744351E+03
 0.10648341494065E+03
 0.10617481690369E+03
 0.10585414191937E+03
 0.10551765365267E+03
 0.10516111848640E+03
 0.10478414883268E+03
 0.10439034102518E+03
 0.10397858100669E+03
 0.10353705586639E+03
 0.10307398306160E+03
 0.10258927828248E+03
 0.10207846208415E+03
 0.10153407434084E+03
 0.10095934385234E+03
 0.10034874012279E+03
 0.99697825487018E+02
 0.99013050856131E+02
 0.98285508778322E+02
 0.97510495860875E+02
 0.96682032322766E+02
 0.95800214801632E+02
 0.94862200064478E+02
 0.93861453611087E+02
 0.92778603551496E+02
 0.91616651944732E+02
 0.90377078440006E+02
 0.89049125538919E+02
 0.87621462947918E+02
 0.86064528587228E+02
 0.84389398449341E+02
 0.82591969777362E+02
 0.80652638058240E+02
 0.78550824334303E+02
 0.76321362233549E+02
 0.73938032511558E+02
 0.71411444888445E+02
 0.68808296707374E+02
 0.66109598222494E+02
 0.63386942430815E+02
 0.60685415142005E+02
 0.58052386105338E+02
 0.55514406024958E+02
 0.53071844999100E+02
 0.50750630923482E+02
 0.48562299887527E+02
 0.46493385437824E+02
 0.44557389914984E+02
 0.42729499226426E+02
 0.41018928521040E+02
 0.39405812515440E+02
 0.37886873428028E+02
 0.36477767352916E+02
 0.35138573881181E+02
 0.33869201852509E+02
 0.32684093356450E+02
 0.31559636223566E+02
 0.30504328966977E+02
 0.29502425801244E+02
 0.28558425607267E+02
 0.27658281625380E+02
 0.26809706001927E+02
 0.26005251638438E+02
 0.25236945101676E+02
 0.24507211505654E+02
 0.23812445916514E+02
 0.23153537751912E+02
 0.22522935792971E+02
 0.21921076198582E+02
 0.21346643536827E+02
 0.20796797647179E+02
 0.20270698808698E+02
 0.19770299979069E+02
 0.19286802859369E+02
 0.18824113304675E+02
 0.18383191158179E+02
 0.17957197701727E+02
 0.17547016643928E+02
 0.17157246462474E+02
 0.16778509465069E+02
 0.16415631851815E+02
 0.16062949408194E+02
 0.15729591840824E+02
 0.15404063983884E+02
 0.15092168006090E+02
 0.14786436607135E+02
 0.14495738915117E+02
 0.14211865693398E+02
 0.13940785397593E+02
 0.13676934390123E+02
 0.13422166857505E+02
 0.13174341264490E+02
 0.12935580842067E+02
 0.12702600346842E+02
 0.12477273144863E+02
 0.12259145902615E+02
 0.12047852617049E+02
 0.11843931971958E+02
 0.11644995401641E+02
 0.11450704141611E+02
 0.11262594977817E+02
 0.11080834948204E+02
 0.10902983891667E+02
 0.10731113652483E+02
 0.10562197399326E+02
 0.10399441367865E+02
 0.10239311181943E+02
 0.10085357576527E+02
 0.99342114914478E+01
 0.97868581509722E+01
 0.96435402616241E+01
 0.95043398433410E+01
 0.93674934206202E+01
 0.92346861000264E+01
 0.91039959229409E+01
 0.89776894667526E+01
 0.88543701135021E+01
 0.87335924328060E+01
 0.86156715724980E+01
 0.85003542732191E+01
 0.83882992479212E+01
 0.82779075537055E+01
 0.81707187013909E+01
 0.80652185062730E+01
 0.79616535950224E+01
 0.78611406362729E+01
 0.77622083114862E+01
 0.76663082674722E+01
 0.75718602000935E+01
 0.74797841126422E+01
 0.73890415775673E+01
 0.73005913450044E+01
 0.72142220707130E+01
 0.71286931912637E+01
 0.70454215529617E+01
 0.69638717309780E+01
 0.68832390710692E+01
 0.68051683747869E+01
 0.67281516132120E+01
 0.66528204508731E+01
 0.65782415830867E+01
 0.65056628550546E+01
 0.64347732936648E+01
 0.63644123343140E+01
 0.62959533402436E+01
 0.62284732118217E+01
 0.61621730530214E+01
 0.60975580942302E+01
 0.60333593477307E+01
 0.59705518261610E+01
 0.59089630845762E+01
 0.58483061049008E+01
 0.57890830343112E+01
 0.57302664849722E+01
 0.56730438082203E+01
 0.56164975347147E+01
 0.55610340753514E+01
 0.55063631635045E+01
 0.54525589549142E+01
 0.53995959625368E+01
 0.53480259380446E+01
 0.52966151246130E+01
 0.52465168971192E+01
 0.51967398420844E+01
 0.51481728483499E+01
 0.51003190348861E+01
 0.50532507860598E+01
 0.50065892681969E+01
 0.49607646601928E+01
 0.49158563347404E+01
 0.48716842336501E+01
 0.48279133218009E+01
 0.47849082651437E+01
 0.47427061728028E+01
 0.47009422701440E+01
 0.46596603039509E+01
 0.46191410111309E+01
 0.45793876652699E+01
 0.45398111349183E+01
 0.45013821120420E+01
 0.44630153249264E+01
 0.44252619896806E+01
 0.43880986594641E+01
 0.43515709361773E+01
 0.43154582896500E+01
 0.42799228619277E+01
 0.42447750988860E+01
 0.42100745944675E+01
 0.41762063684135E+01
 0.41424302990139E+01
 0.41093984881193E+01
 0.40766136572790E+01
 0.40440866431492E+01
 0.40124758341347E+01
 0.39808652082302E+01
 0.39499020401676E+01
 0.39192482538897E+01
 0.38890002122756E+01
 0.38591404175522E+01
 0.38296476337565E+01
 0.38004507786718E+01
 0.37717936032606E+01
