 0.61503569054433E+01
 0.61503569442521E+01
 0.61503571242289E+01
 0.61503576334659E+01
 0.61503587495692E+01
 0.61503608442607E+01
 0.61503643810685E+01
 0.61503698960624E+01
 0.61503779716234E+01
 0.61503891932744E+01
 0.61504041437850E+01
 0.61504233830955E+01
 0.61504477073542E+01
 0.61504776391990E+01
 0.61505143219946E+01
 0.61505580921669E+01
 0.61506105723705E+01
 0.61506729809957E+01
 0.61507467200233E+01
 0.61508335462734E+01
 0.61509339073996E+01
 0.61510520820223E+01
 0.61511885000248E+01
 0.61513448531906E+01
 0.61515225351857E+01
 0.61517230451522E+01
 0.61519461402016E+01
 0.61521949599143E+01
 0.61524684943127E+01
 0.61527645616503E+01
 0.61530804092691E+01
 0.61534180677575E+01
 0.61537710396083E+01
 0.61541339731836E+01
 0.61545097842388E+01
 0.61548870075000E+01
 0.61552625142940E+01
 0.61556260446769E+01
 0.61559770763944E+01
 0.61563108649419E+01
 0.61566017749927E+01
 0.61568595727517E+01
 0.61570742699143E+01
 0.61572333468845E+01
 0.61573209012512E+01
 0.61573389999834E+01
 0.61572868113809E+01
 0.61571471329711E+01
 0.61569055784360E+01
 0.61565581492381E+01
 0.61561069472793E+01
 0.61555316266043E+01
 0.61548353024144E+01
 0.61540047825277E+01
 0.61530275491420E+01
 0.61519065112235E+01
 0.61506371651332E+01
 0.61491968647283E+01
 0.61476008531842E+01
 0.61458517539678E+01
 0.61438741968775E+01
 0.61417688673629E+01
 0.61394772561393E+01
 0.61369615328016E+01
 0.61342983254223E+01
 0.61313804049480E+01
 0.61282921330000E+01
 0.61250629764256E+01
 0.61215683189438E+01
 0.61179110345256E+01
 0.61139760588885E+01
 0.61098565368436E+01
 0.61055983163293E+01
 0.61010174853290E+01
 0.60963024892327E+01
 0.60913197247385E+01
 0.60861396583584E+01
 0.60806965861134E+01
 0.60751476120235E+01
 0.60692756403087E+01
 0.60632216493595E+01
 0.60569570686460E+01
 0.60504943720717E+01
 0.60438015610367E+01
 0.60367921998735E+01
 0.60296573228181E+01
 0.60223112277642E+01
 0.60146740107873E+01
 0.60068270981247E+01
 0.59987157772346E+01
 0.59905002297646E+01
 0.59820727230299E+01
 0.59733138131450E+01
 0.59642915457146E+01
 0.59551946928722E+01
 0.59459002924124E+01
 0.59361987194483E+01
 0.59264139303711E+01
 0.59163324431588E+01
 0.59060569710487E+01
 0.58954522202652E+01
 0.58847159271396E+01
 0.58737477968325E+01
 0.58624429288116E+01
 0.58508165682971E+01
 0.58390188851028E+01
 0.58270391286951E+01
 0.58145515472162E+01
 0.58018394641705E+01
 0.57889199729496E+01
 0.57757115386555E+01
 0.57620265983424E+01
 0.57480022767156E+01
 0.57335186999085E+01
 0.57184998985930E+01
 0.57031531326557E+01
 0.56872626029123E+01
 0.56707618361434E+01
 0.56535347852914E+01
 0.56356044372532E+01
 0.56169278505287E+01
 0.55973756239293E+01
 0.55764905447208E+01
 0.55543743678237E+01
 0.55310124487306E+01
 0.55061178338507E+01
 0.54793776391603E+01
 0.54500739149395E+01
 0.54182737661176E+01
 0.53836448723302E+01
 0.53454903619667E+01
 0.53030098109776E+01
 0.52564148283541E+01
 0.52045893384275E+01
 0.51471085040753E+01
 0.50848657532789E+01
 0.50169151804151E+01
 0.49446592100283E+01
 0.48692553896393E+01
 0.47922848773812E+01
 0.47150373236559E+01
 0.46381573490153E+01
 0.45630421708716E+01
 0.44906227170859E+01
 0.44209474840424E+01
 0.43547882669365E+01
 0.42916138157841E+01
 0.42318907413527E+01
 0.41751005606225E+01
 0.41212148226190E+01
 0.40708016321031E+01
 0.40225957369536E+01
 0.39766149779408E+01
 0.39333578535003E+01
 0.38920562374546E+01
 0.38530077645924E+01
 0.38156942006464E+01
 0.37802777204667E+01
 0.37462897364912E+01
 0.37140020597634E+01
 0.36831687349904E+01
 0.36535210732354E+01
 0.36251502386617E+01
 0.35979379267128E+01
 0.35719239346984E+01
 0.35468477149042E+01
 0.35227314606362E+01
 0.34995347489635E+01
 0.34771617765475E+01
 0.34555880358766E+01
 0.34348931017487E+01
 0.34147578887708E+01
 0.33953323920656E+01
 0.33766604073715E+01
 0.33584897461874E+01
 0.33408579337877E+01
 0.33239483903487E+01
 0.33074047752168E+01
 0.32914188765034E+01
 0.32757734430044E+01
 0.32608345788373E+01
 0.32461515296996E+01
 0.32319599833603E+01
 0.32179625127017E+01
 0.32045228633003E+01
 0.31913106769575E+01
 0.31785753760309E+01
 0.31660911863234E+01
 0.31539384356562E+01
 0.31420305009336E+01
 0.31304605085112E+01
 0.31190918013569E+01
 0.31080074408963E+01
 0.30971911887124E+01
 0.30866304871115E+01
 0.30763524812876E+01
 0.30662546916734E+01
 0.30563237785605E+01
 0.30466308335537E+01
 0.30371867981660E+01
 0.30278833954221E+01
 0.30188173946405E+01
 0.30098519705672E+01
 0.30011373723344E+01
 0.29925113446245E+01
 0.29841422446147E+01
 0.29758737782664E+01
 0.29677538729540E+01
 0.29597962077454E+01
 0.29520068906841E+01
 0.29443020442044E+01
 0.29367652665976E+01
 0.29293038863151E+01
 0.29220311357191E+01
 0.29148801349484E+01
 0.29078297385650E+01
 0.29008971433016E+01
 0.28940709990423E+01
 0.28873862806518E+01
 0.28807625279503E+01
 0.28742801414741E+01
 0.28678619754128E+01
 0.28615216444753E+01
 0.28553189474078E+01
 0.28491777343497E+01
 0.28431761072115E+01
 0.28372310572371E+01
 0.28313929430280E+01
 0.28256067022697E+01
 0.28199251974733E+01
 0.28143382133659E+01
 0.28087782813133E+01
 0.28033244506976E+01
 0.27979480373281E+01
 0.27926048243350E+01
 0.27873880165669E+01
 0.27822136655937E+01
 0.27771181698857E+01
 0.27720489236445E+01
 0.27670782656677E+01
 0.27621893530320E+01
 0.27573154186332E+01
 0.27525370438896E+01
 0.27478011716242E+01
 0.27431199640666E+01
 0.27385243532860E+01
 0.27339391513856E+01
 0.27294231969060E+01
 0.27249668156358E+01
 0.27205534069422E+01
 0.27162139506656E+01
 0.27118862486159E+01
 0.27076437239564E+01
 0.27034304244823E+01
 0.26992720866371E+01
 0.26951508428443E+01
 0.26910721164857E+01
 0.26870345076537E+01
 0.26830736751120E+01
 0.26791116210439E+01
 0.26752222999435E+01
 0.26713425950265E+01
 0.26675302717939E+01
 0.26637535842727E+01
 0.26600176595732E+01
 0.26562981204016E+01
 0.26526234068239E+01
 0.26489995088645E+01
 0.26454146859122E+01
 0.26418470067409E+01
 0.26383211645591E+01
 0.26348401021338E+01
 0.26313796107860E+01
 0.26279427147850E+01
 0.26245489338438E+01
 0.26211990582829E+01
 0.26178525839865E+01
 0.26145772573331E+01
 0.26112978352886E+01
 0.26080529013634E+01
 0.26048412522814E+01
 0.26016664490410E+01
 0.25985130100199E+01
 0.25953930312349E+01
 0.25922930029267E+01
 0.25892174755096E+01
 0.25861945487518E+01
 0.25831709545974E+01
 0.25801943205956E+01
 0.25772285680330E+01
 0.25742746272386E+01
 0.25713813072194E+01
 0.25684811567324E+01
 0.25656222912021E+01
 0.25627800411082E+01
 0.25599614896333E+01
 0.25571657179720E+01
 0.25543912750469E+01
 0.25516329187292E+01
 0.25489094376783E+01
