 0.10813086768930E+04
 0.10813086768930E+04
 0.10813086768930E+04
 0.10813086768930E+04
 0.10813086768930E+04
 0.10813086768930E+04
 0.10813086768930E+04
 0.10813086768930E+04
 0.10813086768930E+04
 0.10813001936183E+04
 0.10814168631599E+04
 0.10812570832628E+04
 0.10811551961542E+04
 0.10812320685437E+04
 0.10810722137684E+04
 0.10811364702020E+04
 0.10811003400226E+04
 0.10812669424037E+04
 0.10812031220861E+04
 0.10810840125707E+04
 0.10811366249169E+04
 0.10812648701833E+04
 0.10812242502846E+04
 0.10809762595047E+04
 0.10809137327792E+04
 0.10811161062353E+04
 0.10811856459128E+04
 0.10810086898520E+04
 0.10808888165124E+04
 0.10811159352041E+04
 0.10814173555767E+04
 0.10808174824676E+04
 0.10817490437272E+04
 0.10819370872882E+04
 0.10812999802165E+04
 0.10824263590270E+04
 0.10817131071502E+04
 0.10813313888777E+04
 0.10764185705976E+04
 0.10817456986820E+04
 0.10810231004953E+04
 0.10824124878700E+04
 0.10814320789010E+04
 0.10766641664187E+04
 0.10779009058906E+04
 0.10779011346895E+04
 0.10778211670455E+04
 0.10766331418491E+04
 0.10819210992907E+04
 0.10777995779062E+04
 0.10815935914170E+04
 0.10793245133932E+04
 0.10768200052953E+04
 0.10760452543305E+04
 0.10761643468213E+04
 0.10798402470904E+04
 0.10793238506215E+04
 0.10817534616365E+04
 0.10814481125169E+04
 0.10770603514600E+04
 0.10800501764420E+04
 0.10783928151457E+04
 0.10802435513452E+04
 0.10778884354213E+04
 0.10769673883477E+04
 0.10780411448936E+04
 0.10793964285752E+04
 0.10866339010302E+04
 0.10809889123579E+04
 0.10888938233165E+04
 0.10830167424837E+04
 0.10844659781565E+04
 0.10811362248335E+04
 0.10832151033314E+04
 0.10774620263089E+04
 0.10808619242736E+04
 0.10761687072429E+04
 0.10785635556632E+04
 0.10857705541010E+04
 0.10847434953986E+04
 0.10826809158588E+04
 0.10809834991379E+04
 0.10837723988544E+04
 0.10877238162860E+04
 0.10803159030909E+04
 0.10832274425731E+04
 0.10843707774603E+04
 0.10859438832818E+04
 0.10842884473303E+04
 0.10827315009183E+04
 0.10844938593769E+04
 0.10762958967452E+04
 0.10844359321778E+04
 0.10785871005382E+04
 0.10774820267055E+04
 0.10862873929035E+04
 0.10799719687137E+04
 0.10845869636782E+04
 0.10805611073500E+04
 0.10792529512854E+04
 0.10798705601780E+04
 0.10821202320249E+04
 0.10793138896803E+04
 0.10786788206441E+04
 0.10841709795708E+04
 0.10770324006811E+04
 0.10858590085168E+04
 0.10859848811516E+04
 0.10877423957390E+04
 0.10800338826552E+04
 0.10782348053814E+04
 0.10782490420370E+04
 0.10830885164879E+04
 0.10865143349549E+04
 0.10875021090932E+04
 0.10794703320964E+04
 0.10873567526248E+04
 0.10898520781042E+04
 0.10762336385059E+04
 0.10781269519483E+04
 0.10889975545141E+04
 0.10780015789163E+04
 0.10773077410397E+04
 0.10842047996728E+04
 0.10839546557177E+04
 0.10867062969698E+04
 0.10805123903364E+04
 0.10848610893150E+04
 0.10763821471569E+04
 0.10824954092742E+04
 0.10770168388653E+04
 0.10788932738084E+04
 0.10779901355253E+04
 0.10875193974091E+04
 0.10852581577002E+04
 0.10828312920093E+04
 0.10797131234335E+04
 0.10840285184844E+04
 0.10774390388843E+04
 0.10871230026720E+04
 0.10804416839282E+04
 0.10835593772424E+04
 0.10761749590767E+04
 0.10807553474683E+04
 0.10861829732439E+04
 0.10762080324056E+04
 0.10831957664961E+04
 0.10805646865199E+04
 0.10798351321712E+04
 0.10768431871375E+04
 0.10760426878281E+04
 0.10756645076564E+04
 0.10787138227190E+04
 0.10816664238193E+04
 0.10822871974701E+04
 0.10808536999377E+04
 0.10808312568055E+04
 0.10832751244760E+04
 0.10815324099801E+04
 0.10854533931216E+04
 0.10906914200551E+04
 0.10864386616534E+04
 0.10860142648112E+04
 0.10930238964579E+04
 0.10894345105127E+04
 0.10927612485379E+04
 0.10916017167805E+04
 0.10859733047963E+04
 0.10853909861575E+04
 0.10840060720303E+04
 0.10916916813914E+04
 0.10887963487922E+04
 0.10873762293702E+04
 0.10909810546261E+04
 0.10977022416070E+04
 0.10890997299285E+04
 0.10963887096340E+04
 0.10925268023081E+04
 0.10916099038750E+04
 0.10938365263555E+04
 0.10935526822364E+04
 0.10925747370992E+04
 0.11062184090164E+04
 0.11061734726595E+04
 0.11068749692302E+04
 0.10980281468956E+04
 0.11063672495347E+04
 0.11010874693784E+04
 0.11062849850268E+04
 0.11030099614262E+04
 0.11134420290670E+04
 0.11047035703988E+04
 0.11074258406949E+04
 0.11042900163635E+04
 0.11087429887145E+04
 0.11146806089367E+04
 0.11218351408965E+04
 0.11155735804421E+04
 0.11201828354287E+04
 0.11178724905748E+04
 0.11182644664203E+04
 0.11158410330590E+04
 0.11250097151851E+04
 0.11179791654995E+04
 0.11282216354133E+04
 0.11246349886989E+04
 0.11258364907051E+04
 0.11299935188026E+04
 0.11344088154934E+04
 0.11290820212429E+04
 0.11394538121799E+04
 0.11423510752365E+04
 0.11430493138365E+04
 0.11342278032070E+04
 0.11408424960391E+04
 0.11400552824737E+04
 0.11529622205333E+04
 0.11458188296776E+04
 0.11490690106230E+04
 0.11566513137033E+04
 0.11510451266952E+04
 0.11600610536323E+04
 0.11537665841590E+04
 0.11589801941941E+04
 0.11584040936381E+04
 0.11631705679460E+04
 0.11576217100213E+04
 0.11640759285947E+04
 0.11624305984382E+04
 0.11668148490111E+04
 0.11726395409102E+04
 0.11761571080289E+04
 0.11841181920597E+04
 0.11791232335029E+04
 0.11840140942056E+04
 0.11815754976324E+04
 0.11933403677634E+04
 0.11816748520904E+04
 0.11973753733667E+04
 0.11869539829265E+04
 0.11871728051439E+04
 0.12002185654995E+04
 0.11936817364767E+04
 0.11917493068499E+04
 0.12082537484469E+04
 0.12028370631312E+04
 0.12126612681063E+04
 0.12033217404408E+04
 0.12092650018352E+04
 0.12101142753185E+04
 0.12177228851667E+04
 0.12095976326335E+04
 0.12202696434151E+04
 0.12233895634855E+04
 0.12201845451942E+04
 0.12277576616128E+04
 0.12384391106226E+04
 0.12385642865824E+04
 0.12316494911498E+04
 0.12442256654361E+04
 0.12347431173018E+04
 0.12422631607864E+04
 0.12405012136606E+04
 0.12408454467551E+04
 0.12440390331603E+04
 0.12597457401587E+04
 0.12542920819119E+04
 0.12511527029669E+04
 0.12651496525494E+04
 0.12548421430361E+04
 0.12643306331367E+04
 0.12623984045412E+04
 0.12747104794923E+04
 0.12734363743064E+04
 0.12660518581270E+04
 0.12810415085984E+04
 0.12740943861964E+04
 0.12770767921792E+04
 0.12764133456359E+04
 0.12864077073251E+04
 0.12838352377567E+04
 0.12895460852173E+04
 0.12944020790357E+04
 0.13054916986359E+04
 0.12952046721412E+04
 0.12988325187626E+04
 0.13019952581134E+04
 0.13055296934532E+04
 0.13210413086742E+04
 0.13183600387110E+04
 0.13090760566840E+04
 0.13204916622723E+04
 0.13147236723489E+04
 0.13149031108348E+04
 0.13312443758559E+04
 0.13298140423023E+04
 0.13258073550691E+04
 0.13299786347484E+04
 0.13287031057124E+04
 0.13330865224314E+04
