 0.16432730420240E+00
 0.16432730420236E+00
 0.16432730420183E+00
 0.16432730419992E+00
 0.16432730418737E+00
 0.16432730411556E+00
 0.16432730225346E+00
 0.16432729422928E+00
 0.16432726668530E+00
 0.16432719381932E+00
 0.16432703279927E+00
 0.16432672136063E+00
 0.16432618676652E+00
 0.16432532435148E+00
 0.16432404578152E+00
 0.16432219997679E+00
 0.16431968609356E+00
 0.16431637565359E+00
 0.16431213003779E+00
 0.16430682164806E+00
 0.16430023197447E+00
 0.16429238238131E+00
 0.16428303150688E+00
 0.16427202717408E+00
 0.16425917113508E+00
 0.16424427361428E+00
 0.16422702147841E+00
 0.16420733155348E+00
 0.16418478154148E+00
 0.16415888037569E+00
 0.16412904186175E+00
 0.16409502208339E+00
 0.16405591283912E+00
 0.16401086938340E+00
 0.16395960027752E+00
 0.16390074984947E+00
 0.16383356349951E+00
 0.16375671759542E+00
 0.16366964815632E+00
 0.16357142095192E+00
 0.16345958364192E+00
 0.16333408601068E+00
 0.16319417301814E+00
 0.16303824931867E+00
 0.16286468026263E+00
 0.16267333858100E+00
 0.16246376376284E+00
 0.16223453155773E+00
 0.16198421606826E+00
 0.16171251267122E+00
 0.16141933614443E+00
 0.16110311848521E+00
 0.16076413669820E+00
 0.16040121246110E+00
 0.16001343208588E+00
 0.15960078013703E+00
 0.15916308209555E+00
 0.15869810335078E+00
 0.15820708703546E+00
 0.15769007157451E+00
 0.15714041471060E+00
 0.15656612599967E+00
 0.15596138896461E+00
 0.15532310914843E+00
 0.15465697500523E+00
 0.15395221668162E+00
 0.15321598675854E+00
 0.15244952416941E+00
 0.15164101199083E+00
 0.15079753236566E+00
 0.14990713156463E+00
 0.14897711387961E+00
 0.14801011524679E+00
 0.14698566735132E+00
 0.14592014862939E+00
 0.14479878256728E+00
 0.14362425814933E+00
 0.14238729400017E+00
 0.14110189966466E+00
 0.13974001655650E+00
 0.13831467797375E+00
 0.13681444188366E+00
 0.13523967060934E+00
 0.13357812875126E+00
 0.13181109475565E+00
 0.12995865594687E+00
 0.12799553387009E+00
 0.12590228611494E+00
 0.12367759438873E+00
 0.12129533531752E+00
 0.11876116286062E+00
 0.11602864023267E+00
 0.11304149179829E+00
 0.10975202057935E+00
 0.10611789886702E+00
 0.10196777196791E+00
 0.96858441668444E-01
