 0.67197792076794E+03
 0.67197792076794E+03
 0.67197792076794E+03
 0.67197792076794E+03
 0.67197792076794E+03
 0.67197823877565E+03
 0.67197734998231E+03
 0.67197756846389E+03
 0.67197660663052E+03
 0.67195495340662E+03
 0.67205188985754E+03
 0.67192827157642E+03
 0.67949582194605E+03
 0.67190633634510E+03
 0.67942965274651E+03
 0.67947464841225E+03
 0.67945965267033E+03
 0.67194504189428E+03
 0.67189650447335E+03
 0.67943843846552E+03
 0.67948095413615E+03
 0.67192548138852E+03
 0.67191238274192E+03
 0.67935637383980E+03
 0.68186673919309E+03
 0.67945151781423E+03
 0.67950787439510E+03
 0.67949313631372E+03
 0.67193778838868E+03
 0.67951028570618E+03
 0.67209280639693E+03
 0.67937705289978E+03
 0.67237150624391E+03
 0.67256474077067E+03
 0.67195839033881E+03
 0.67273829778293E+03
 0.67232723168342E+03
 0.67231474030813E+03
 0.67322097241447E+03
 0.67242657884108E+03
 0.67937972915577E+03
 0.67281339066840E+03
 0.67204059199045E+03
 0.67338897165835E+03
 0.67438114868029E+03
 0.67450140151130E+03
 0.67435200128696E+03
 0.67326581182189E+03
 0.67263932045041E+03
 0.67420650016545E+03
 0.67228235981537E+03
 0.67553378526232E+03
 0.67348263029991E+03
 0.67284932695499E+03
 0.67319300084934E+03
 0.67590620247185E+03
 0.68061338279972E+03
 0.67228964915083E+03
 0.67725071176480E+03
 0.67358689416252E+03
 0.67586584619745E+03
 0.67470887431071E+03
 0.68118506393544E+03
 0.67381740064016E+03
 0.67821928844134E+03
 0.67435553365940E+03
 0.67513687364916E+03
 0.67586893824289E+03
 0.67652345304509E+03
 0.67232248705146E+03
 0.67791869364779E+03
 0.67878135334864E+03
 0.68123468205735E+03
 0.67788295229917E+03
 0.67798346501426E+03
 0.67585141356057E+03
 0.68201823343149E+03
 0.67874581323768E+03
 0.67329220013115E+03
 0.67267604037438E+03
 0.67624230899111E+03
 0.68000324756238E+03
 0.67701383935113E+03
 0.67911111027479E+03
 0.67354591824891E+03
 0.67526193030491E+03
 0.67620619195506E+03
 0.67232150120382E+03
 0.67539688589439E+03
 0.67382092128489E+03
 0.68181150391192E+03
 0.67868248904299E+03
 0.67308459225072E+03
 0.67998572971563E+03
 0.67752941903517E+03
 0.68376860924573E+03
 0.67402870242936E+03
