 0.22012047225508E+01
 0.22012047225508E+01
 0.22012047225508E+01
 0.22012047225508E+01
 0.22012047225508E+01
 0.22012047225508E+01
 0.22012047225508E+01
 0.22012047225508E+01
 0.22012047225509E+01
 0.22012046921021E+01
 0.22012050888252E+01
 0.22012045357365E+01
 0.22012041451643E+01
 0.22012044430752E+01
 0.22012038045248E+01
 0.22012040697297E+01
 0.22012039230940E+01
 0.22012045719827E+01
 0.22012043316713E+01
 0.22012038525428E+01
 0.22012040699015E+01
 0.22012045662938E+01
 0.22012044163182E+01
 0.22012033875765E+01
 0.22012030677681E+01
 0.22012038572034E+01
 0.22012041777049E+01
 0.22012041365520E+01
 0.22012045655887E+01
 0.22012041546514E+01
 0.22012052446655E+01
 0.22012035249675E+01
 0.22012061860726E+01
 0.22012065781476E+01
 0.22012046487777E+01
 0.22012067990333E+01
 0.22012060240180E+01
 0.22012060074128E+01
 0.22012140412949E+01
 0.22012062653282E+01
 0.22012035217124E+01
 0.22012068628478E+01
 0.22012050754286E+01
 0.22012179359188E+01
 0.22012371119910E+01
 0.22012391857273E+01
 0.22012365799729E+01
 0.22012152453190E+01
 0.22012067024502E+01
 0.22012342190070E+01
 0.22012059818093E+01
 0.22012538959932E+01
 0.22012206095858E+01
 0.22012070496451E+01
 0.22012149856863E+01
 0.22012582404492E+01
 0.22011927520284E+01
 0.22012063219554E+01
 0.22012669602348E+01
 0.22012253795908E+01
 0.22012588432189E+01
 0.22012457690703E+01
 0.22012001396175E+01
 0.22012324488248E+01
 0.22011570026844E+01
 0.22012431894926E+01
 0.22012544084974E+01
 0.22011822085886E+01
 0.22012666275892E+01
 0.22012104751653E+01
 0.22012685242209E+01
 0.22012646025917E+01
 0.22012068420784E+01
 0.22012694827582E+01
 0.22011710731920E+01
 0.22012706860155E+01
 0.22012160353585E+01
 0.22011932242251E+01
 0.22012067273350E+01
 0.22012124603603E+01
 0.22012200213268E+01
 0.22012185577098E+01
 0.22012809555893E+01
 0.22012575229976E+01
 0.22012252424198E+01
 0.22012965341820E+01
 0.22012364537109E+01
 0.22012219679566E+01
 0.22012488110583E+01
 0.22012609877082E+01
 0.22013286073282E+01
 0.22012941068055E+01
 0.22012895814181E+01
 0.22013521924369E+01
 0.22012752936373E+01
 0.22013805129403E+01
 0.22013529776741E+01
