 0.21140089951492E+08
 0.21140089951487E+08
 0.21140089951416E+08
 0.21140089951002E+08
 0.21140089949331E+08
 0.21140089944668E+08
 0.21140090048756E+08
 0.21140090529858E+08
 0.21140092253777E+08
 0.21140096868180E+08
 0.21140107191006E+08
 0.21140126663441E+08
 0.21140160644887E+08
 0.21140214944372E+08
 0.21140295300508E+08
 0.21140410028037E+08
 0.21140565521417E+08
 0.21140768983261E+08
 0.21141027428667E+08
 0.21141348091656E+08
 0.21141741181591E+08
 0.21142206269745E+08
 0.21142754534392E+08
 0.21143391150146E+08
 0.21144125126107E+08
 0.21144962954368E+08
 0.21145915623607E+08
 0.21146980368989E+08
 0.21148172407690E+08
 0.21149505001076E+08
 0.21150996267140E+08
 0.21152640980324E+08
 0.21154466811959E+08
 0.21156492523719E+08
 0.21158705044780E+08
 0.21161141805092E+08
 0.21163803973561E+08
 0.21166718762103E+08
 0.21169864521021E+08
 0.21173239069792E+08
 0.21176913731116E+08
 0.21180807441965E+08
 0.21184927975959E+08
 0.21189267555812E+08
 0.21193837355343E+08
 0.21198560964893E+08
 0.21203373001400E+08
 0.21208263007221E+08
 0.21213204163881E+08
 0.21218118649457E+08
 0.21222901006369E+08
 0.21227527731943E+08
 0.21231872865419E+08
 0.21235887628927E+08
 0.21239492788492E+08
 0.21242562408160E+08
 0.21244985898662E+08
 0.21246737798608E+08
 0.21247627757438E+08
 0.21247510220357E+08
 0.21246567311770E+08
 0.21244271931887E+08
 0.21240739869649E+08
 0.21235980663034E+08
 0.21229592275821E+08
 0.21221841985709E+08
 0.21212312200361E+08
 0.21200787528749E+08
 0.21187595881296E+08
 0.21172285358905E+08
 0.21155097116254E+08
 0.21135641958913E+08
 0.21113681760815E+08
 0.21089667243626E+08
 0.21062928560864E+08
 0.21033784607340E+08
 0.21001893968764E+08
 0.20967331498867E+08
 0.20929671537045E+08
 0.20889267764160E+08
 0.20845761094094E+08
 0.20799032842106E+08
 0.20749089586506E+08
 0.20695835958515E+08
 0.20639184667295E+08
 0.20579005962110E+08
 0.20515152379870E+08
 0.20447670164936E+08
 0.20376496867101E+08
 0.20301594946928E+08
 0.20223115056901E+08
 0.20141101828042E+08
 0.20055739373714E+08
 0.19967629173667E+08
 0.19878239181086E+08
 0.19789675740895E+08
 0.19706466562566E+08
