 0.12287856071230E+01
 0.12287856154771E+01
 0.12287856532512E+01
 0.12287857575042E+01
 0.12287859811654E+01
 0.12287863952374E+01
 0.12287871001454E+01
 0.12287882577224E+01
 0.12287901441655E+01
 0.12287932080131E+01
 0.12287981102179E+01
 0.12288057403468E+01
 0.12288172093561E+01
 0.12288337967630E+01
 0.12288569442016E+01
 0.12288881487535E+01
 0.12289289861753E+01
 0.12289810218061E+01
 0.12290457833523E+01
 0.12291247501847E+01
 0.12292192631289E+01
 0.12293307263321E+01
 0.12294602809638E+01
 0.12296090275099E+01
 0.12297779413044E+01
 0.12299679187543E+01
 0.12301797018370E+01
 0.12304141092253E+01
 0.12306716994610E+01
 0.12309529487043E+01
 0.12312582494199E+01
 0.12315881799734E+01
 0.12319429124254E+01
 0.12323226535256E+01
 0.12327279488028E+01
 0.12331587057415E+01
 0.12336152033582E+01
 0.12340973818487E+01
 0.12346056462745E+01
 0.12351401659038E+01
 0.12357002173460E+01
 0.12362868265373E+01
 0.12368996423442E+01
 0.12375387122902E+01
 0.12382037396621E+01
 0.12388952912410E+01
 0.12396137209109E+01
 0.12403587902502E+01
 0.12411303630595E+01
 0.12419287708499E+01
 0.12427546164328E+01
 0.12436076067012E+01
 0.12444884500489E+01
 0.12453971286665E+01
 0.12463338592182E+01
 0.12472993954656E+01
 0.12482943030100E+01
 0.12493183873490E+01
 0.12503730793823E+01
 0.12514594456738E+01
 0.12525753880935E+01
 0.12537258236894E+01
 0.12549096136808E+01
 0.12561263777636E+01
 0.12573800420100E+01
 0.12586685947505E+01
 0.12599959378268E+01
 0.12613646456826E+01
 0.12627719147785E+01
 0.12642229767986E+01
 0.12657165988829E+01
 0.12672570419913E+01
 0.12688478008686E+01
 0.12704862545678E+01
 0.12721801723306E+01
 0.12739277568041E+01
 0.12757353052266E+01
 0.12776040183802E+01
 0.12795397953513E+01
 0.12815434638683E+01
 0.12836203260709E+01
 0.12857775615321E+01
 0.12880167261755E+01
 0.12903454002315E+01
 0.12927726060903E+01
 0.12953008662688E+01
 0.12979451834941E+01
 0.13007136338217E+01
 0.13036171252776E+01
 0.13066725970089E+01
 0.13098921488588E+01
 0.13133053484918E+01
 0.13169485196063E+01
 0.13208648436891E+01
 0.13251034864631E+01
 0.13297796102217E+01
 0.13351789583549E+01
