 0.53405578660231E+07
 0.53405578660231E+07
 0.53405578660231E+07
 0.53405578660231E+07
 0.53405578660231E+07
 0.53405578660231E+07
 0.53405578660231E+07
 0.53405578660231E+07
 0.53405578660231E+07
 0.53405578660231E+07
 0.53405578660232E+07
 0.53405578660234E+07
 0.53405578660238E+07
 0.53405578660235E+07
 0.53405578660229E+07
 0.53405578660228E+07
 0.53405578660221E+07
 0.53405578660210E+07
 0.53405578660193E+07
 0.53405578660168E+07
 0.53405578660177E+07
 0.53405578660124E+07
 0.53405578660079E+07
 0.53405578660015E+07
 0.53405578659954E+07
 0.53405578659916E+07
 0.53405578659985E+07
 0.53405578659813E+07
 0.53405578659573E+07
 0.53405578659407E+07
 0.53405578659407E+07
 0.53405578659121E+07
 0.53405578659050E+07
 0.53405578659011E+07
 0.53405578658515E+07
 0.53405578658285E+07
 0.53405578657731E+07
 0.53405578658099E+07
 0.53405578656947E+07
 0.53405578654958E+07
 0.53405578654913E+07
 0.53405578654684E+07
 0.53405578653868E+07
 0.53405578652154E+07
 0.53405578654405E+07
 0.53405578653745E+07
 0.53405578650449E+07
 0.53405578645714E+07
 0.53405578644396E+07
 0.53405578644389E+07
 0.53405578640201E+07
 0.53405578637133E+07
 0.53405578626571E+07
 0.53405578624944E+07
 0.53405578620432E+07
 0.53405578610768E+07
 0.53405578594527E+07
 0.53405578597997E+07
 0.53405578589373E+07
 0.53405578556318E+07
 0.53405578603704E+07
 0.53405578558249E+07
 0.53405578553936E+07
 0.53405578568619E+07
 0.53405578522798E+07
 0.53405578576810E+07
 0.53405578599394E+07
 0.53405578490629E+07
 0.53405578485570E+07
 0.53405578383852E+07
 0.53405578442682E+07
 0.53405578514946E+07
 0.53405578243321E+07
 0.53405578429568E+07
 0.53405578189931E+07
 0.53405578266598E+07
 0.53405578295484E+07
 0.53405578354446E+07
 0.53405578060272E+07
 0.53405578109186E+07
 0.53405578235317E+07
 0.53405578036359E+07
 0.53405577565029E+07
 0.53405577642873E+07
 0.53405577858933E+07
 0.53405577652414E+07
