 0.61503569054433E+01
 0.61503569442521E+01
 0.61503571242289E+01
 0.61503576334659E+01
 0.61503587495692E+01
 0.61503608442607E+01
 0.61503643810685E+01
 0.61503698960624E+01
 0.61503779716234E+01
 0.61503891932745E+01
 0.61504041437638E+01
 0.61504233830922E+01
 0.61504477073924E+01
 0.61504776390064E+01
 0.61505143218037E+01
 0.61505580923940E+01
 0.61506105727477E+01
 0.61506729810759E+01
 0.61507467199832E+01
 0.61508335460636E+01
 0.61509339072195E+01
 0.61510520823635E+01
 0.61511884998667E+01
 0.61513448528174E+01
 0.61515225349061E+01
 0.61517230428055E+01
 0.61519461384368E+01
 0.61521949580696E+01
 0.61524684927316E+01
 0.61527645699549E+01
 0.61530804119463E+01
 0.61534180730276E+01
 0.61537710334034E+01
 0.61541339882976E+01
 0.61545097450484E+01
 0.61548869792090E+01
 0.61552624385782E+01
 0.61556258572945E+01
 0.61559767574945E+01
 0.61563104082358E+01
 0.61566009360571E+01
 0.61568583773248E+01
 0.61570725632789E+01
 0.61572308758383E+01
 0.61573170144974E+01
 0.61573338156356E+01
 0.61572793170384E+01
 0.61571362882878E+01
 0.61568905698107E+01
 0.61565377024977E+01
 0.61560789208803E+01
 0.61554953054634E+01
 0.61547875791460E+01
 0.61539430590063E+01
 0.61529480336379E+01
 0.61518046842590E+01
 0.61505100033772E+01
 0.61490373442841E+01
 0.61474032290285E+01
 0.61456088147552E+01
 0.61435783557508E+01
 0.61414105301699E+01
 0.61390451681762E+01
 0.61364443675316E+01
 0.61336818202764E+01
 0.61306520178101E+01
 0.61274355939876E+01
 0.61240615815208E+01
 0.61204012355069E+01
 0.61165575962828E+01
 0.61124151419561E+01
 0.61080652955085E+01
 0.61035518849189E+01
 0.60986821614229E+01
 0.60936531233410E+01
 0.60883234012521E+01
 0.60827644026782E+01
 0.60769061436287E+01
 0.60709021588230E+01
 0.60645385697139E+01
 0.60579519958434E+01
 0.60511118095935E+01
 0.60440283002452E+01
 0.60366653834233E+01
 0.60289367230978E+01
 0.60210368797321E+01
 0.60128710328825E+01
 0.60043561351890E+01
 0.59955805660047E+01
 0.59864805843388E+01
 0.59772236941373E+01
 0.59676973709888E+01
 0.59577691200737E+01
 0.59475142356920E+01
 0.59371412908089E+01
 0.59265005600589E+01
 0.59153844609294E+01
 0.59041296638258E+01
 0.58925189711518E+01
 0.58806545609213E+01
 0.58683907702413E+01
 0.58559519432287E+01
 0.58432245650190E+01
 0.58301156054654E+01
 0.58166337462714E+01
 0.58029413367433E+01
 0.57890451322428E+01
 0.57745969141512E+01
 0.57599128302023E+01
 0.57450231347642E+01
 0.57298729116678E+01
 0.57142514852124E+01
 0.56983416308539E+01
 0.56820491921576E+01
 0.56652966707939E+01
 0.56483575652714E+01
 0.56310482315193E+01
 0.56133394622808E+01
 0.55951642979367E+01
 0.55766183544709E+01
 0.55577299130290E+01
 0.55384824341042E+01
 0.55185173395813E+01
 0.54980536029544E+01
 0.54772779183585E+01
 0.54560459700544E+01
 0.54342859888077E+01
 0.54116173305863E+01
 0.53883775672278E+01
 0.53645997252712E+01
 0.53400161550677E+01
 0.53143804650761E+01
 0.52881488876430E+01
 0.52607343839047E+01
 0.52320372167946E+01
 0.52024673684075E+01
 0.51711243675867E+01
 0.51383152061667E+01
 0.51037991679766E+01
 0.50675754695564E+01
 0.50293342799668E+01
 0.49885696990795E+01
 0.49452852045288E+01
 0.48993825510425E+01
 0.48504532720077E+01
 0.47988089417185E+01
 0.47439124550001E+01
 0.46864261800240E+01
 0.46261810983203E+01
 0.45636861516000E+01
 0.45005579949769E+01
 0.44361039845042E+01
 0.43712191547370E+01
 0.43076681582313E+01
 0.42449800726708E+01
 0.41844496532941E+01
 0.41258795355935E+01
 0.40699397619849E+01
 0.40162027808061E+01
 0.39653063262817E+01
 0.39169911783663E+01
 0.38709788029344E+01
 0.38273357968994E+01
 0.37859925919443E+01
 0.37469466223509E+01
 0.37097529611957E+01
 0.36744802519246E+01
 0.36409891364240E+01
 0.36090838177806E+01
 0.35787360115050E+01
 0.35499787725775E+01
 0.35223246429948E+01
 0.34959759404273E+01
 0.34709659735870E+01
 0.34468475631323E+01
 0.34237168835920E+01
 0.34017531416102E+01
 0.33804925110632E+01
 0.33601532557229E+01
 0.33404119400077E+01
 0.33217143372181E+01
 0.33035009469589E+01
 0.32860336218192E+01
 0.32689637361297E+01
 0.32526832177449E+01
 0.32367935397212E+01
 0.32215822920063E+01
 0.32067754721997E+01
 0.31924166965293E+01
 0.31784818335601E+01
 0.31650003358488E+01
 0.31518317865682E+01
 0.31390381968118E+01
 0.31266279796774E+01
 0.31145836833846E+01
 0.31028926341890E+01
 0.30914845058679E+01
 0.30803011078029E+01
 0.30694255962542E+01
 0.30588638023528E+01
 0.30485272693353E+01
 0.30384852771026E+01
 0.30285732666905E+01
 0.30189862257279E+01
 0.30095056908120E+01
 0.30003572498538E+01
 0.29913242513600E+01
 0.29824959379587E+01
 0.29738730666483E+01
 0.29654268627356E+01
 0.29571239460924E+01
 0.29490066035028E+01
 0.29409899126765E+01
 0.29332098474763E+01
 0.29255568009077E+01
 0.29180389991412E+01
 0.29106544498566E+01
 0.29034006735243E+01
 0.28963143343344E+01
 0.28893049539801E+01
 0.28824523910778E+01
 0.28756720301019E+01
 0.28690014247886E+01
 0.28624776575030E+01
 0.28560361847612E+01
 0.28497353353881E+01
 0.28435245793177E+01
 0.28374147329712E+01
 0.28313716536059E+01
 0.28254419420496E+01
 0.28196275551124E+01
 0.28138528151476E+01
 0.28081845797608E+01
 0.28025976009433E+01
 0.27970603413976E+01
 0.27916594902254E+01
 0.27862911802683E+01
 0.27810392937509E+01
 0.27758053935867E+01
 0.27706812311429E+01
 0.27656342644226E+01
 0.27606229924578E+01
 0.27557070810071E+01
 0.27508398450240E+01
 0.27460289082759E+01
 0.27413032767128E+01
 0.27366071346541E+01
 0.27319770577627E+01
 0.27274176063611E+01
 0.27228906415978E+01
 0.27184571333493E+01
 0.27140429765622E+01
 0.27097072119132E+01
 0.27053985761980E+01
 0.27011443629476E+01
 0.26969586960501E+01
 0.26927973078475E+01
 0.26886808746639E+01
 0.26846491633740E+01
 0.26806171582458E+01
 0.26766667084306E+01
 0.26727180236806E+01
 0.26688395482398E+01
 0.26649990741735E+01
 0.26612127378413E+01
 0.26574356882982E+01
 0.26537083620075E+01
 0.26500239132396E+01
 0.26463962491184E+01
 0.26427793995758E+01
 0.26392129511501E+01
 0.26356820481607E+01
 0.26321688347618E+01
 0.26286991409374E+01
 0.26252790287262E+01
 0.26218690408310E+01
 0.26184985973490E+01
 0.26151859137655E+01
 0.26118704935508E+01
 0.26085929680687E+01
 0.26053595182062E+01
 0.26021492412352E+01
 0.25989652815059E+01
 0.25958114565535E+01
 0.25926933258419E+01
 0.25895897180382E+01
 0.25865304812869E+01
 0.25834861310787E+01
 0.25804858189044E+01
 0.25775011912497E+01
 0.25745245182097E+01
 0.25716124182110E+01
 0.25686956209898E+01
 0.25658122154262E+01
 0.25629509621300E+01
 0.25601029909098E+01
 0.25572936450682E+01
 0.25545016610206E+01
 0.25517346269309E+01
 0.25489937320599E+01
