 0.11076108624053E+04
 0.11076108624053E+04
 0.11076108624053E+04
 0.11076108624053E+04
 0.11076108624053E+04
 0.11076108624053E+04
 0.11076108624053E+04
 0.11076108624053E+04
 0.11076108624053E+04
 0.11076069849429E+04
 0.11077207589677E+04
 0.11075620357473E+04
 0.11074536527897E+04
 0.11075278816512E+04
 0.11073768013985E+04
 0.11074388962902E+04
 0.11074004255882E+04
 0.11075722226820E+04
 0.11075073314257E+04
 0.11073908208067E+04
 0.11074505137451E+04
 0.11075634452914E+04
 0.11075230248308E+04
 0.11072735383435E+04
 0.11072083062127E+04
 0.11074034957076E+04
 0.11074802993500E+04
 0.11073194081377E+04
 0.11071830621956E+04
 0.11074200282617E+04
 0.11077501184247E+04
 0.11070845298907E+04
 0.11081425436318E+04
 0.11080868871715E+04
 0.11075020519802E+04
 0.11089266001441E+04
 0.11078976786864E+04
 0.11078315673522E+04
 0.11093181920806E+04
 0.11081496424374E+04
 0.11073218568586E+04
 0.11088190547320E+04
 0.11077010503207E+04
 0.11094665491989E+04
 0.11107619799272E+04
 0.11110187946689E+04
 0.11106169146774E+04
 0.11094503345796E+04
 0.11083579760106E+04
 0.11106851711851E+04
 0.11079492747580E+04
 0.11121191684250E+04
 0.11097002079355E+04
 0.11090439217972E+04
 0.11092677042651E+04
 0.11128002178112E+04
 0.11120943775433E+04
 0.11080455598252E+04
 0.11146115396754E+04
 0.11100529961538E+04
 0.11130816527164E+04
 0.11116869399602E+04
 0.11063878994686E+04
 0.11108298275338E+04
 0.11096760564926E+04
 0.11110634359984E+04
 0.11120527052026E+04
 0.11197262731682E+04
 0.11139102230963E+04
 0.11086714956702E+04
 0.11163764223226E+04
 0.11177616760435E+04
 0.11073441541480E+04
 0.11165889342617E+04
 0.11106235055082E+04
 0.11144516214823E+04
 0.11091490253676E+04
 0.11111871952774E+04
 0.11185690089051E+04
 0.11176597886724E+04
 0.11153712581571E+04
 0.11071694714553E+04
 0.11169621667275E+04
 0.11204669216997E+04
 0.11133057909299E+04
 0.11157436008096E+04
 0.11178255265336E+04
 0.11195817853114E+04
 0.11174652677350E+04
 0.11153564732294E+04
 0.11170034010371E+04
 0.11084949912816E+04
 0.11169302437130E+04
 0.11124439038427E+04
 0.11105304890307E+04
 0.11194640180608E+04
 0.11128616627725E+04
 0.11168135166532E+04
 0.11129030924814E+04
 0.11117315597374E+04
 0.11113567905865E+04
 0.11153241540116E+04
 0.11135387586293E+04
 0.11122219574769E+04
 0.11182639948318E+04
 0.11094901786158E+04
 0.11202819576224E+04
 0.11073281519963E+04
 0.11074476174510E+04
 0.11145859404856E+04
 0.11113332143455E+04
 0.11135679007499E+04
 0.11172337291461E+04
 0.11207893225300E+04
 0.11206780623743E+04
 0.11076740210241E+04
 0.11084494756561E+04
 0.11085869532671E+04
 0.11084950895875E+04
 0.11095111366006E+04
 0.11093433914270E+04
 0.11105176229555E+04
 0.11101173740883E+04
 0.11189751585741E+04
 0.11145894393902E+04
 0.11089764680797E+04
 0.11106777230451E+04
 0.11182457738240E+04
 0.11113819864282E+04
 0.11143126400085E+04
 0.11114030312289E+04
 0.11117043578246E+04
 0.11148097194325E+04
 0.11106576392027E+04
 0.11171714162420E+04
 0.11192514925770E+04
 0.11157890894459E+04
 0.11194812861748E+04
 0.11141324706473E+04
 0.11204969566479E+04
 0.11184507518450E+04
 0.11186461153401E+04
 0.11095421783600E+04
 0.11148606295619E+04
 0.11185537571488E+04
 0.11130864059490E+04
 0.11160535489306E+04
 0.11116565630184E+04
 0.11147341212047E+04
 0.11250231148144E+04
 0.11218356040654E+04
 0.11197799510505E+04
 0.11131589841389E+04
 0.11133480450839E+04
 0.11212864586985E+04
 0.11157756608951E+04
 0.11202968594556E+04
 0.11233361292931E+04
 0.11263188697320E+04
 0.11227061276671E+04
 0.11181397915737E+04
 0.11207884143636E+04
 0.11179637059216E+04
 0.11183609710599E+04
 0.11297820793200E+04
 0.11243041493055E+04
 0.11255252376490E+04
 0.11322249638270E+04
 0.11347530820100E+04
 0.11251188171428E+04
 0.11320966240809E+04
 0.11274195645952E+04
 0.11287730113027E+04
 0.11333017086347E+04
 0.11317309600745E+04
 0.11339178847727E+04
 0.11400334663373E+04
 0.11421194109819E+04
 0.11392320377448E+04
 0.11364911547499E+04
 0.11418560773097E+04
 0.11404410212420E+04
 0.11463537526331E+04
 0.11503415728632E+04
 0.11434183119928E+04
 0.11524078420817E+04
 0.11487023610787E+04
 0.11464870719968E+04
 0.11476007854912E+04
 0.11457816092840E+04
 0.11510687968468E+04
 0.11493500203759E+04
 0.11651506537090E+04
 0.11575814974876E+04
 0.11628116348385E+04
 0.11710242481235E+04
 0.11621105912578E+04
 0.11590401675707E+04
 0.11618969932909E+04
 0.11759553225014E+04
 0.11747270123532E+04
 0.11683519388610E+04
 0.11746970003883E+04
 0.11739747381019E+04
 0.11803086952545E+04
 0.11753499910696E+04
 0.11843009988567E+04
 0.11935310572905E+04
 0.11848661356075E+04
 0.11898876958779E+04
 0.11864531618402E+04
 0.11960857936208E+04
 0.11978508887923E+04
 0.11905267230017E+04
 0.11939987119349E+04
 0.12074889767513E+04
 0.11987137654472E+04
 0.12100458914362E+04
 0.12071314335642E+04
 0.12174278400432E+04
 0.12176162588767E+04
 0.12102654718001E+04
 0.12187658652805E+04
 0.12107905402259E+04
 0.12271001103059E+04
 0.12258483259179E+04
 0.12185034904742E+04
 0.12282945971599E+04
 0.12325014279276E+04
 0.12268720108600E+04
 0.12414891666630E+04
 0.12304507960543E+04
 0.12361501133744E+04
 0.12434497970129E+04
 0.12412416578015E+04
 0.12511328467083E+04
 0.12473911917750E+04
 0.12492872044513E+04
 0.12618616178978E+04
 0.12640524108144E+04
 0.12670210078894E+04
 0.12652585144445E+04
 0.12721905490174E+04
 0.12658713297700E+04
 0.12681629637952E+04
 0.12728595793478E+04
 0.12804002161689E+04
 0.12821323366244E+04
 0.12775135123359E+04
 0.12854423842730E+04
 0.12838789454444E+04
 0.12955020585667E+04
 0.12851962803430E+04
 0.12963995789278E+04
 0.12963070461027E+04
 0.12930532012925E+04
 0.12975910648217E+04
 0.12972642021081E+04
 0.13134227852778E+04
 0.13167882438151E+04
 0.13073964945796E+04
 0.13122608138928E+04
 0.13275773217778E+04
 0.13209842970131E+04
 0.13155447729811E+04
 0.13185257227368E+04
 0.13295767431888E+04
 0.13290662359158E+04
 0.13304567486730E+04
 0.13325721455197E+04
 0.13386019874172E+04
 0.13362636172525E+04
 0.13529072448095E+04
 0.13422650905349E+04
 0.13613633196709E+04
 0.13549621118698E+04
 0.13529686269635E+04
 0.13728226793250E+04
 0.13666729179466E+04
 0.13680629922232E+04
 0.13726582018017E+04
 0.13705153243073E+04
 0.13840805866752E+04
 0.13724478950131E+04
 0.13911773190790E+04
 0.13781687421672E+04
 0.13855561622033E+04
 0.13944145583198E+04
 0.13941765742305E+04
 0.14077960710552E+04
 0.14054304745321E+04
 0.14027637761158E+04
 0.14159839137915E+04
 0.14172753850989E+04
 0.14224340824996E+04
 0.14119065488650E+04
 0.14139254004012E+04
 0.14207526567937E+04
 0.14166178441975E+04
 0.14210815256408E+04
