 0.30964654458033E+03
 0.30964654458037E+03
 0.30964654458102E+03
 0.30964654462233E+03
 0.30964654557380E+03
 0.30964654936996E+03
 0.30964653212187E+03
 0.30964635945306E+03
 0.30964566553023E+03
 0.30964377523013E+03
 0.30963970462720E+03
 0.30963222550580E+03
 0.30961998037097E+03
 0.30960155328449E+03
 0.30957561171801E+03
 0.30954086597259E+03
 0.30949625383109E+03
 0.30944084649765E+03
 0.30937388596521E+03
 0.30929479832989E+03
 0.30918212738246E+03
 0.30907210095846E+03
 0.30894874948247E+03
 0.30881207602651E+03
 0.30866216911243E+03
 0.30849925101634E+03
 0.30832352338288E+03
 0.30813558417943E+03
 0.30793577934327E+03
 0.30772449434846E+03
 0.30750214851692E+03
 0.30726967726961E+03
 0.30702738250474E+03
 0.30677575894682E+03
 0.30651603144087E+03
 0.30624831565296E+03
 0.30597345680547E+03
 0.30569174392247E+03
 0.30540430381012E+03
 0.30511190509111E+03
 0.30481360665717E+03
 0.30451136675114E+03
 0.30420549486226E+03
 0.30389607554715E+03
 0.30358285066875E+03
 0.30326706478398E+03
 0.30294953503818E+03
 0.30262978929319E+03
 0.30230756465468E+03
 0.30198331250706E+03
 0.30165788269112E+03
 0.30133045608853E+03
 0.30100174381433E+03
 0.30067129367528E+03
 0.30033858036323E+03
 0.30000423165055E+03
 0.29966840844110E+03
 0.29932942298187E+03
 0.29898887775491E+03
 0.29864706314791E+03
 0.29829845761056E+03
 0.29795075071338E+03
 0.29759946479155E+03
 0.29724185530880E+03
 0.29688354128404E+03
 0.29651656584385E+03
 0.29614700558335E+03
 0.29577689931129E+03
 0.29539664123229E+03
 0.29501364093737E+03
 0.29461930249492E+03
 0.29422017217892E+03
 0.29381926278332E+03
 0.29340212939446E+03
 0.29298298222775E+03
 0.29255115664983E+03
 0.29211152216241E+03
 0.29165868049379E+03
 0.29120334148593E+03
 0.29072954643365E+03
 0.29024679937311E+03
 0.28975239052570E+03
 0.28924652798651E+03
 0.28872610457484E+03
 0.28818438665078E+03
 0.28763463545842E+03
 0.28706956409685E+03
 0.28648246044979E+03
 0.28587902589995E+03
 0.28525381767545E+03
 0.28461827798606E+03
 0.28396330518178E+03
 0.28327883422906E+03
 0.28256921541441E+03
 0.28184841873577E+03
 0.28110503392694E+03
 0.28032258277420E+03
 0.27952476493011E+03
 0.27869461754338E+03
 0.27783816075979E+03
 0.27694378303667E+03
 0.27602649536615E+03
 0.27507676237392E+03
 0.27408616674232E+03
 0.27305388471609E+03
 0.27199008305324E+03
 0.27089418742216E+03
 0.26973772365955E+03
 0.26854309289495E+03
 0.26731084904008E+03
 0.26603454823870E+03
 0.26469593521943E+03
 0.26330694179249E+03
 0.26185761966617E+03
 0.26033913714796E+03
 0.25877105263115E+03
 0.25713632226091E+03
 0.25542908742041E+03
 0.25364056188083E+03
 0.25177700496003E+03
 0.24983623659942E+03
 0.24781390948795E+03
 0.24567681183292E+03
 0.24343850972760E+03
 0.24111330228179E+03
 0.23868541032212E+03
 0.23614510515195E+03
 0.23345323438595E+03
 0.23063797741681E+03
 0.22770241356247E+03
 0.22461849632969E+03
 0.22136049700110E+03
 0.21797536124270E+03
 0.21440709578774E+03
 0.21064919234973E+03
 0.20675315479801E+03
 0.20266040868470E+03
 0.19834393310830E+03
 0.19389126564980E+03
 0.18929169065345E+03
 0.18455964766047E+03
 0.17969354880960E+03
 0.17475734848434E+03
 0.16981494262461E+03
 0.16491193128932E+03
 0.16016367028204E+03
 0.15561852417063E+03
 0.15140971360888E+03
 0.14759740445333E+03
 0.14426717220522E+03
 0.14151469578189E+03
 0.13931234016218E+03
 0.13768093047019E+03
 0.13662055874731E+03
 0.13607571268144E+03
 0.13600307681492E+03
 0.13634733793510E+03
 0.13705012683721E+03
 0.13806870766526E+03
 0.13934412092719E+03
 0.14083866935925E+03
 0.14252485278645E+03
 0.14436760789032E+03
 0.14633913552937E+03
 0.14841048303635E+03
 0.15058156394755E+03
 0.15282676541960E+03
 0.15513459300059E+03
 0.15750092496899E+03
 0.15991136384402E+03
 0.16234614269365E+03
 0.16483450062026E+03
 0.16734573542494E+03
 0.16986229789381E+03
 0.17241976233699E+03
 0.17499874783124E+03
 0.17756688409919E+03
 0.18017103764464E+03
 0.18277545966425E+03
 0.18541592102719E+03
 0.18802139063600E+03
 0.19066491516405E+03
 0.19330087309316E+03
 0.19597872682335E+03
 0.19862805293698E+03
 0.20131019013196E+03
 0.20396860629016E+03
 0.20664723408631E+03
 0.20933373628489E+03
 0.21202809861256E+03
 0.21471947888651E+03
 0.21743326502444E+03
 0.22015258429631E+03
 0.22287114394774E+03
 0.22558845938937E+03
 0.22830317944009E+03
 0.23102875585054E+03
 0.23377753678269E+03
 0.23652495565953E+03
 0.23926544586176E+03
 0.24201996767789E+03
 0.24476578854249E+03
 0.24754851205273E+03
 0.25030713441376E+03
 0.25310609046716E+03
 0.25587157475497E+03
 0.25867049379426E+03
 0.26147176749805E+03
 0.26427227685895E+03
 0.26707959204726E+03
 0.26990363055841E+03
 0.27272690957559E+03
 0.27557958605258E+03
 0.27840723810950E+03
 0.28124994269239E+03
 0.28410284814011E+03
 0.28696513026661E+03
 0.28983602248621E+03
 0.29269754582719E+03
 0.29558771688055E+03
 0.29846931463119E+03
 0.30137944599968E+03
 0.30429967811176E+03
 0.30721031507470E+03
 0.31014101687432E+03
 0.31306113564909E+03
 0.31599436092855E+03
 0.31893378640576E+03
 0.32189639758769E+03
 0.32485594026088E+03
 0.32780913544300E+03
 0.33079731025106E+03
 0.33378155685028E+03
 0.33677487553505E+03
 0.33979529193882E+03
 0.34278882399862E+03
 0.34581780998562E+03
 0.34882857569632E+03
 0.35188293343847E+03
 0.35492060384829E+03
 0.35796103683015E+03
 0.36103137519574E+03
 0.36408984951436E+03
 0.36716766681492E+03
 0.37025864496300E+03
 0.37334068248897E+03
 0.37645371537424E+03
 0.37956985755762E+03
 0.38268438982998E+03
 0.38582582518668E+03
 0.38894534278700E+03
 0.39210061391719E+03
 0.39524338272280E+03
 0.39841461612806E+03
 0.40159124421418E+03
 0.40475972772325E+03
 0.40795751059175E+03
 0.41116617323613E+03
 0.41434887728978E+03
 0.41758133710478E+03
 0.42078831192387E+03
 0.42404290164853E+03
 0.42728028156999E+03
 0.43052996042757E+03
 0.43377514327508E+03
 0.43705978807361E+03
 0.44034300006688E+03
 0.44363080959288E+03
 0.44690757077979E+03
 0.45022071056214E+03
 0.45352781348455E+03
 0.45684398549438E+03
 0.46018814237256E+03
 0.46353140649952E+03
 0.46686580146150E+03
 0.47023542842921E+03
 0.47360623062961E+03
 0.47695573277207E+03
 0.48035462783762E+03
 0.48375441800921E+03
 0.48714657755851E+03
 0.49055594398332E+03
 0.49397810790035E+03
 0.49740787469711E+03
 0.50083719888402E+03
 0.50429304694406E+03
 0.50773562084556E+03
 0.51120342992553E+03
 0.51465655431919E+03
 0.51813278552567E+03
 0.52164278152409E+03
 0.52510686182208E+03
 0.52862157127345E+03
 0.53213273399467E+03
 0.53565590377299E+03
 0.53920361982781E+03
 0.54273798821654E+03
 0.54628994271852E+03
 0.54984749910230E+03
 0.55340831156578E+03
