 0.11312761337694E+03
 0.11312761337693E+03
 0.11312761337676E+03
 0.11312761338642E+03
 0.11312761377878E+03
 0.11312761756219E+03
 0.11312763402502E+03
 0.11312767865643E+03
 0.11312776828854E+03
 0.11312791430250E+03
 0.11312811795238E+03
 0.11312836887709E+03
 0.11312864841061E+03
 0.11312892431707E+03
 0.11312915959902E+03
 0.11312932049333E+03
 0.11312934369132E+03
 0.11312919190705E+03
 0.11312882858663E+03
 0.11312817931593E+03
 0.11312200287419E+03
 0.11311929735916E+03
 0.11311610005313E+03
 0.11311236190789E+03
 0.11310802117992E+03
 0.11310306048144E+03
 0.11309741276698E+03
 0.11309101350999E+03
 0.11308387799804E+03
 0.11307592896979E+03
 0.11306708748696E+03
 0.11305733344446E+03
 0.11304662477245E+03
 0.11303485267207E+03
 0.11302201882484E+03
 0.11300796542387E+03
 0.11299286672308E+03
 0.11297633941676E+03
 0.11295851638110E+03
 0.11293942295800E+03
 0.11291884211548E+03
 0.11289680634166E+03
 0.11287350940612E+03
 0.11284835825107E+03
 0.11282178212273E+03
 0.11279344402433E+03
 0.11276348949646E+03
 0.11273188561435E+03
 0.11269859663637E+03
 0.11266338482105E+03
 0.11262661661706E+03
 0.11258804832787E+03
 0.11254772327022E+03
 0.11250581274463E+03
 0.11246131566139E+03
 0.11241556621360E+03
 0.11236808175868E+03
 0.11231904271136E+03
 0.11226765292956E+03
 0.11221413651890E+03
 0.11215933681947E+03
 0.11210257725070E+03
 0.11204397745418E+03
 0.11198326378979E+03
 0.11192105040938E+03
 0.11185686180695E+03
 0.11178972529384E+03
 0.11172277103774E+03
 0.11165089027803E+03
 0.11158021034517E+03
 0.11150473927953E+03
 0.11142888383430E+03
 0.11134853710243E+03
 0.11126840463537E+03
 0.11118586961189E+03
 0.11110050528392E+03
 0.11101305094640E+03
 0.11092300469848E+03
 0.11082978782516E+03
 0.11073684097874E+03
 0.11063757505648E+03
 0.11053680667437E+03
 0.11043548409726E+03
 0.11032906080369E+03
 0.11021962235636E+03
 0.11010604921297E+03
 0.10999156966941E+03
 0.10987317582668E+03
 0.10974899124352E+03
 0.10962383432610E+03
 0.10949524885393E+03
 0.10935898493279E+03
 0.10922333351370E+03
 0.10908148500026E+03
 0.10893449951908E+03
 0.10878157867713E+03
 0.10862627692200E+03
 0.10846511078717E+03
 0.10829879521693E+03
 0.10812681306257E+03
 0.10794856505380E+03
 0.10776541772728E+03
 0.10757678652021E+03
 0.10737906943793E+03
 0.10717589274486E+03
 0.10696658243743E+03
 0.10675013431624E+03
 0.10652447997021E+03
 0.10628824193947E+03
 0.10604872651807E+03
 0.10579647754032E+03
 0.10553470460193E+03
 0.10526504431663E+03
 0.10498253718933E+03
 0.10468885009885E+03
 0.10439199364486E+03
 0.10406918703237E+03
 0.10374052119939E+03
 0.10339849339409E+03
 0.10304432821900E+03
 0.10267186560846E+03
 0.10228562400969E+03
 0.10187831995383E+03
 0.10146215308114E+03
 0.10101709687813E+03
 0.10056302063044E+03
 0.10008519898965E+03
 0.99571616853894E+02
 0.99037549331102E+02
 0.98487612967177E+02
 0.97901140031984E+02
 0.97286947093044E+02
 0.96652595070746E+02
 0.95967692820495E+02
 0.95248729109616E+02
 0.94497882546663E+02
 0.93702055463342E+02
 0.92850051134492E+02
 0.91956774225522E+02
 0.91017672700982E+02
 0.90005129604206E+02
 0.88939693763630E+02
 0.87793649356307E+02
 0.86588851967299E+02
 0.85281489687285E+02
 0.83899872761720E+02
 0.82441006319394E+02
 0.80858406030303E+02
 0.79167932812769E+02
 0.77360803724526E+02
 0.75476005957366E+02
 0.73430683946241E+02
 0.71304501340665E+02
 0.69047256631081E+02
 0.66686920922169E+02
 0.64249338114250E+02
 0.61728370584142E+02
 0.59166195150896E+02
 0.56583515441727E+02
 0.53997595547497E+02
 0.51464000336442E+02
 0.48998408051961E+02
 0.46611620038162E+02
 0.44339042096066E+02
 0.42181733934772E+02
 0.40134885598922E+02
 0.38232991998924E+02
 0.36438453120500E+02
 0.34771131185275E+02
 0.33209495821199E+02
 0.31761248478402E+02
 0.30402216168022E+02
 0.29152592124978E+02
 0.27977816852081E+02
 0.26888889599118E+02
 0.25863858938482E+02
 0.24908557514472E+02
 0.24013429946989E+02
 0.23178577630668E+02
 0.22396407708907E+02
 0.21658112281175E+02
 0.20961847969155E+02
 0.20306233881775E+02
 0.19689734196134E+02
 0.19107738676611E+02
 0.18554645383966E+02
 0.18031182065338E+02
 0.17534781783843E+02
 0.17066893743956E+02
 0.16618104359331E+02
 0.16193951450975E+02
 0.15787254246260E+02
 0.15398843045015E+02
 0.15029758932956E+02
 0.14676975385433E+02
 0.14339099346794E+02
 0.14015438022126E+02
 0.13706502178749E+02
 0.13409135472052E+02
 0.13123296859658E+02
