 0.10000000133514E-09
 0.10000000133514E-09
 0.10000000133514E-09
 0.10000000133514E-09
 0.10000000133514E-09
 0.10000000133514E-09
 0.10000000133514E-09
 0.10000000133514E-09
 0.10000000133514E-09
 0.10000000133514E-09
 0.10000000133514E-09
 0.10000000133514E-09
 0.10000000133514E-09
 0.10000000133514E-09
 0.10000000133514E-09
 0.10000000133514E-09
 0.10000000133514E-09
 0.10000000133514E-09
 0.10000000133514E-09
 0.10000000133514E-09
 0.10000000133514E-09
 0.10000000133514E-09
 0.10000000133514E-09
 0.10000000133514E-09
 0.10000000133514E-09
 0.10000000133514E-09
 0.10000000133514E-09
 0.10000000133514E-09
 0.10000000133514E-09
 0.10000000133514E-09
 0.10000000133514E-09
 0.10000000133514E-09
 0.10730279699556E-04
 0.10730279699556E-04
 0.19795407160279E-04
 0.19795407160279E-04
 0.34270504747631E-04
 0.44167978914632E-04
 0.56221028688347E-04
 0.70742824199202E-04
 0.88073610464611E-04
 0.10856682816017E-03
 0.13259422024258E-03
 0.16056084854915E-03
 0.19286266125521E-03
 0.22993463903767E-03
 0.27220820920177E-03
 0.32013559428120E-03
 0.37417643873164E-03
 0.43480657496006E-03
 0.50249863756471E-03
 0.57774475741202E-03
 0.66102884402062E-03
 0.75284016458274E-03
 0.85373889341100E-03
 0.96416550032601E-03
 0.10846467930209E-02
 0.12156928095017E-02
 0.13578463084978E-02
 0.15116452582810E-02
 0.16775549331136E-02
 0.18560974851787E-02
 0.20478008601342E-02
 0.22533744245548E-02
 0.24731187100129E-02
 0.27075472668347E-02
 0.29574375911181E-02
 0.32231016867988E-02
 0.35054752457420E-02
 0.38043448190711E-02
 0.41211428075385E-02
 0.44560455250265E-02
 0.48096286614301E-02
 0.51823906856857E-02
 0.55749470074022E-02
 0.59882158580165E-02
 0.64225251077873E-02
 0.68783951108353E-02
 0.73573242012348E-02
 0.78581700569468E-02
 0.83839920410117E-02
 0.89341892774673E-02
 0.95082983344785E-02
 0.10110783213754E-01
 0.10739273435960E-01
 0.11394650291040E-01
 0.12078394811423E-01
 0.12791798017331E-01
 0.13535704062724E-01
 0.14309622134708E-01
 0.15115119065159E-01
 0.15955411636323E-01
 0.16827868104794E-01
 0.17736803503497E-01
 0.18681576934430E-01
 0.19664782127962E-01
 0.20686333754562E-01
 0.21747437147956E-01
 0.22849910312629E-01
 0.23995518347386E-01
 0.25185593606128E-01
 0.26421983248800E-01
 0.27703625341833E-01
 0.29038037771568E-01
 0.30420500395471E-01
 0.31857792857652E-01
 0.33348671835110E-01
 0.34896534897446E-01
 0.36507268226444E-01
 0.38174500739007E-01
 0.39908943595167E-01
 0.41711778738012E-01
 0.43580817510198E-01
 0.45525344125180E-01
 0.47545985135544E-01
 0.49637914476818E-01
 0.51824175144735E-01
 0.54093099391260E-01
 0.56449992206513E-01
 0.58897845202616E-01
 0.61451469297902E-01
 0.64105715242986E-01
 0.66871855179130E-01
 0.69744690281409E-01
 0.72747318048647E-01
 0.75863824432574E-01
 0.79116489797119E-01
 0.82522393076092E-01
 0.86068777376748E-01
 0.89762724809673E-01
 0.93626866314399E-01
 0.97665540221283E-01
 0.10186436492483E+00
 0.10627858585033E+00
 0.11089055828520E+00
 0.11570521822681E+00
 0.12074509258322E+00
 0.12603577982732E+00
 0.13156092823805E+00
 0.13733416118970E+00
 0.14339840628265E+00
 0.14973252782634E+00
 0.15636924298612E+00
 0.16329155345172E+00
 0.17054995115933E+00
 0.17810382904739E+00
 0.18594847995041E+00
 0.19413308788468E+00
 0.20262110645799E+00
 0.21139649727070E+00
 0.22037737579889E+00
 0.22963937984286E+00
 0.23903666356105E+00
 0.24859001880502E+00
 0.25821814256750E+00
 0.26784974805274E+00
 0.27745153608721E+00
 0.28694339985912E+00
 0.29628040550517E+00
 0.30543282785195E+00
 0.31434624915440E+00
 0.32301387891711E+00
 0.33143704495102E+00
 0.33960567673593E+00
 0.34753680417199E+00
 0.35524821039341E+00
 0.36273923513659E+00
 0.37004215371468E+00
 0.37716137862511E+00
 0.38411507761421E+00
 0.39091083198139E+00
 0.39756295868995E+00
 0.40407287255475E+00
 0.41045561066799E+00
 0.41671214674631E+00
 0.42285218290634E+00
 0.42887741093737E+00
 0.43479215823205E+00
 0.44059993867352E+00
 0.44630369111438E+00
 0.45190781143699E+00
 0.45741455425408E+00
 0.46282565814210E+00
 0.46814381494839E+00
 0.47337127651199E+00
 0.47851061180370E+00
 0.48356325314906E+00
 0.48853165353285E+00
 0.49341745995893E+00
 0.49822269514680E+00
 0.50294927497588E+00
 0.50759950665617E+00
 0.51217428754651E+00
 0.51667554043806E+00
 0.52110532636487E+00
 0.52546494099011E+00
 0.52975592540603E+00
 0.53397983077631E+00
 0.53813874895922E+00
 0.54223355449347E+00
