 0.10189891284960E+00
 0.10189891284961E+00
 0.10189891284978E+00
 0.10189891285078E+00
 0.10189891285480E+00
 0.10189891286596E+00
 0.10189891261479E+00
 0.10189891145552E+00
 0.10189890729663E+00
 0.10189889613221E+00
 0.10189887143467E+00
 0.10189882426971E+00
 0.10189874225053E+00
 0.10189861152775E+00
 0.10189841759471E+00
 0.10189814120166E+00
 0.10189776652631E+00
 0.10189727643558E+00
 0.10189665367454E+00
 0.10189588117132E+00
 0.10189493470846E+00
 0.10189381578138E+00
 0.10189249872041E+00
 0.10189097142786E+00
 0.10188921623345E+00
 0.10188722024416E+00
 0.10188496256861E+00
 0.10188245703529E+00
 0.10187967645208E+00
 0.10187659883307E+00
 0.10187319523789E+00
 0.10186949340547E+00
 0.10186544310976E+00
 0.10186101635697E+00
 0.10185626226428E+00
 0.10185110431035E+00
 0.10184555412534E+00
 0.10183955282577E+00
 0.10183315270172E+00
 0.10182635473775E+00
 0.10181897244289E+00
 0.10181115742923E+00
 0.10180288153689E+00
 0.10179409851860E+00
 0.10178471653257E+00
 0.10177483513603E+00
 0.10176452376502E+00
 0.10175368937124E+00
 0.10174227400783E+00
 0.10173031840787E+00
 0.10171793715281E+00
 0.10170502401588E+00
 0.10169168057103E+00
 0.10167786720703E+00
 0.10166356936694E+00
 0.10164890587245E+00
 0.10163391846890E+00
 0.10161848979324E+00
 0.10160285388582E+00
 0.10158718402143E+00
 0.10157078569035E+00
 0.10155479691664E+00
 0.10153871106710E+00
 0.10152229180760E+00
 0.10150638654207E+00
 0.10149002783257E+00
 0.10147418775911E+00
 0.10145928343735E+00
 0.10144416259529E+00
 0.10142994505621E+00
 0.10141561752766E+00
 0.10140220174413E+00
 0.10139029492807E+00
 0.10137808152187E+00
 0.10136766859592E+00
 0.10135776775812E+00
 0.10134919125603E+00
 0.10134138133387E+00
 0.10133597452299E+00
 0.10133094667114E+00
 0.10132782544500E+00
 0.10132634251063E+00
 0.10132668195625E+00
 0.10132865448104E+00
 0.10133156014172E+00
 0.10133723377800E+00
 0.10134493646750E+00
 0.10135391478624E+00
 0.10136504327695E+00
 0.10137779867696E+00
 0.10139367956192E+00
 0.10141166271901E+00
 0.10143073125214E+00
 0.10145134692515E+00
 0.10147513681863E+00
 0.10150082227206E+00
 0.10152661042358E+00
 0.10155480847962E+00
 0.10158359205806E+00
 0.10161318011670E+00
 0.10164226750732E+00
 0.10167169268241E+00
 0.10169997870078E+00
 0.10172542262329E+00
 0.10174709127982E+00
 0.10176452106434E+00
 0.10177617322479E+00
 0.10177727676469E+00
 0.10176737270010E+00
 0.10174339897369E+00
 0.10170057806176E+00
 0.10163236697153E+00
 0.10153321170475E+00
 0.10139403631137E+00
 0.10120375935203E+00
 0.10095265650471E+00
 0.10062371216608E+00
 0.10019870207863E+00
 0.99657047229183E-01
 0.98982387188492E-01
 0.98164405715892E-01
 0.97203054340374E-01
 0.96100511126927E-01
 0.94892196612656E-01
 0.93624953367942E-01
 0.92338975781502E-01
 0.91066448174238E-01
 0.89824186476456E-01
 0.88645736033797E-01
 0.87545334680788E-01
 0.86521749747860E-01
 0.85570696516957E-01
 0.84706516491453E-01
 0.83912225343094E-01
 0.83184329700962E-01
 0.82529577715010E-01
 0.81929785368127E-01
 0.81388227080092E-01
 0.80900357686595E-01
 0.80463669786306E-01
 0.80073426254158E-01
 0.79724176458927E-01
 0.79414244829303E-01
 0.79142010676851E-01
 0.78903602767108E-01
 0.78698593450686E-01
 0.78522605633330E-01
 0.78375680316559E-01
 0.78255002911477E-01
 0.78159003701981E-01
 0.78088137379183E-01
 0.78038810232381E-01
 0.78010387887854E-01
 0.78002593673772E-01
 0.78013866972226E-01
 0.78043360076986E-01
 0.78090256188897E-01
 0.78153540380380E-01
 0.78232984030536E-01
 0.78327205675881E-01
 0.78435752784784E-01
 0.78558596777848E-01
 0.78694795126026E-01
 0.78843886355197E-01
 0.79004678139487E-01
 0.79178043403096E-01
 0.79362807108175E-01
 0.79558533177226E-01
 0.79765376947545E-01
 0.79982357922504E-01
 0.80208634229261E-01
 0.80446238432654E-01
 0.80692739286475E-01
 0.80947053776713E-01
 0.81211688044228E-01
 0.81485704184896E-01
 0.81765570113759E-01
 0.82055968371640E-01
 0.82353501465063E-01
 0.82660759431798E-01
 0.82970963867691E-01
 0.83291922766939E-01
 0.83618633509764E-01
 0.83956121584559E-01
 0.84296800611856E-01
 0.84647372874810E-01
 0.85000624111323E-01
 0.85363096494917E-01
 0.85731118425642E-01
 0.86106482596737E-01
 0.86486712351777E-01
 0.86874878868956E-01
 0.87269696098246E-01
 0.87669544566302E-01
 0.88073964730579E-01
 0.88482122443291E-01
 0.88897620899489E-01
 0.89320344452871E-01
 0.89748363906711E-01
 0.90179377147865E-01
