 0.11076108624053E+04
 0.11076108624053E+04
 0.11076108624053E+04
 0.11076108624053E+04
 0.11076108624053E+04
 0.11076108624053E+04
 0.11076108624053E+04
 0.11076108624053E+04
 0.11076108624053E+04
 0.11076069849429E+04
 0.11077207589677E+04
 0.11075620357473E+04
 0.11074536527897E+04
 0.11075278816512E+04
 0.11073768013985E+04
 0.11074388962902E+04
 0.11074004255882E+04
 0.11075722226820E+04
 0.11075073314257E+04
 0.11073908208067E+04
 0.11074505137451E+04
 0.11075634452914E+04
 0.11075230248308E+04
 0.11072735383435E+04
 0.11072083062127E+04
 0.11074034957076E+04
 0.11074802993500E+04
 0.11073194081377E+04
 0.11071830621956E+04
 0.11074172800215E+04
 0.11077408560143E+04
 0.11071796139388E+04
 0.11081637237194E+04
 0.11083288187234E+04
 0.11076182736108E+04
 0.11085747524623E+04
 0.11083285766215E+04
 0.11078324365431E+04
 0.11091004760957E+04
 0.11081191065146E+04
 0.11073302081261E+04
 0.11087687668792E+04
 0.11077107435369E+04
 0.11096378205017E+04
 0.11108477745487E+04
 0.11108780441628E+04
 0.11106843519764E+04
 0.11093998616604E+04
 0.11083539380554E+04
 0.11108250257831E+04
 0.11081982711336E+04
 0.11122805067730E+04
 0.11097415475200E+04
 0.11089532953014E+04
 0.11091598540198E+04
 0.11126366537842E+04
 0.11121576932055E+04
 0.11081076098762E+04
 0.11144808648321E+04
 0.11098859098990E+04
 0.11130274143321E+04
 0.11114528714642E+04
 0.11065511958947E+04
 0.11107224112422E+04
 0.11096847134048E+04
 0.11113426615870E+04
 0.11123580284824E+04
 0.11198741691303E+04
 0.11138509319027E+04
 0.11088626416536E+04
 0.11163309721488E+04
 0.11175906412848E+04
 0.11074916048227E+04
 0.11168180419500E+04
 0.11103756546814E+04
 0.11139934254815E+04
 0.11090181945552E+04
 0.11115488224368E+04
 0.11184879709325E+04
 0.11172732010383E+04
 0.11155938526493E+04
 0.11065418701266E+04
 0.11171575291610E+04
 0.11203563105888E+04
 0.11134691501505E+04
 0.11157303346300E+04
 0.11162111568774E+04
 0.11190298709309E+04
 0.11180115443121E+04
 0.11161078074117E+04
 0.11172484727599E+04
 0.11090552203544E+04
 0.11177847020441E+04
 0.11123695026950E+04
 0.11116081882530E+04
 0.11204833963784E+04
 0.11125808496236E+04
 0.11187624207185E+04
 0.11141417383178E+04
 0.11119973034287E+04
 0.11118654223750E+04
 0.11147059426617E+04
 0.11136703232607E+04
 0.11120946368204E+04
 0.11148864642643E+04
 0.11107949172600E+04
 0.11189664521201E+04
 0.11078988289867E+04
 0.11073311695718E+04
 0.11131840220999E+04
 0.11120035821200E+04
 0.11127442654475E+04
 0.11166466048410E+04
 0.11197473543975E+04
 0.11187171168318E+04
 0.11070838378997E+04
 0.11084388778932E+04
 0.11099474239560E+04
 0.11101091125992E+04
 0.11111914739352E+04
 0.11193860998669E+04
 0.11101045617301E+04
 0.11098570327296E+04
 0.11155525694635E+04
 0.11162236560307E+04
 0.11203296311834E+04
 0.11115724115048E+04
 0.11149974054380E+04
 0.11097520171845E+04
 0.11145140034084E+04
 0.11082617832952E+04
 0.11066875174588E+04
 0.11163976187439E+04
 0.11078936156017E+04
 0.11164016222989E+04
 0.11179077014561E+04
 0.11151494359706E+04
 0.11185251861499E+04
 0.11132340798075E+04
 0.11207249877483E+04
 0.11168604514385E+04
 0.11146093587818E+04
 0.11096886630844E+04
 0.11119490680666E+04
 0.11200993995844E+04
 0.11080061104513E+04
 0.11155555172665E+04
 0.11066880164225E+04
 0.11197968985689E+04
 0.11205584122018E+04
 0.11098228190396E+04
 0.11140710857747E+04
 0.11132629223583E+04
 0.11144056077073E+04
 0.11200683839205E+04
 0.11121383410986E+04
 0.11241851319891E+04
 0.11206612523555E+04
 0.11216556131888E+04
 0.11126320309214E+04
 0.11122342302483E+04
 0.11192136560644E+04
 0.11175701237042E+04
 0.11178124693280E+04
 0.11161319723071E+04
 0.11239133800460E+04
 0.11174715494030E+04
 0.11235438061948E+04
 0.11215526501635E+04
 0.11197565309900E+04
 0.11263109282354E+04
 0.11245668639593E+04
 0.11215017903808E+04
 0.11358550044340E+04
 0.11358029002410E+04
 0.11312394923256E+04
 0.11324896373005E+04
 0.11280017792695E+04
 0.11405838628168E+04
 0.11383243156860E+04
 0.11411274836796E+04
 0.11443537188032E+04
 0.11425496916059E+04
 0.11392701497765E+04
 0.11497635387681E+04
 0.11383816732819E+04
 0.11404365901737E+04
 0.11484300225355E+04
 0.11530961925636E+04
 0.11528717517111E+04
 0.11568496915555E+04
 0.11498571594858E+04
 0.11610648537834E+04
 0.11508891233094E+04
 0.11619400188428E+04
 0.11540597642534E+04
 0.11545088561739E+04
 0.11691767667724E+04
 0.11587929280018E+04
 0.11641899885564E+04
 0.11661204838264E+04
 0.11730496079221E+04
 0.11720621925189E+04
 0.11738889553014E+04
 0.11676813313514E+04
 0.11717548189937E+04
 0.11720256053862E+04
 0.11828625220370E+04
 0.11850915076321E+04
 0.11877533783885E+04
 0.11924862958736E+04
 0.11847770411237E+04
 0.11878363700557E+04
 0.12010175639565E+04
 0.11959191698535E+04
 0.11957835473084E+04
 0.11976297348189E+04
 0.12065966535933E+04
 0.11959362815594E+04
 0.12104311199570E+04
 0.12013564602207E+04
 0.12086909231393E+04
 0.12112521369515E+04
 0.12172812688995E+04
 0.12199152370317E+04
 0.12162928809437E+04
 0.12227064127859E+04
 0.12261087138346E+04
 0.12295927289626E+04
 0.12246332507471E+04
 0.12244886618728E+04
 0.12343309978726E+04
 0.12330277645851E+04
 0.12334896748263E+04
 0.12369150337024E+04
 0.12423165904400E+04
 0.12507664777419E+04
 0.12549525592797E+04
 0.12496813387787E+04
 0.12567114438178E+04
 0.12507876074427E+04
 0.12617498162634E+04
 0.12556977627406E+04
 0.12627441863544E+04
 0.12629616899825E+04
 0.12619020791756E+04
 0.12701838267724E+04
 0.12794775427325E+04
 0.12818175464879E+04
 0.12735613139372E+04
 0.12773695715430E+04
 0.12918726515697E+04
 0.12866097535920E+04
 0.12987870724534E+04
 0.12989161646255E+04
 0.12933134253632E+04
 0.13063114750295E+04
 0.13034201216157E+04
 0.13003938328577E+04
 0.13079963773379E+04
 0.13111839599500E+04
 0.13194161043213E+04
 0.13227332126477E+04
 0.13247927224046E+04
 0.13182253710474E+04
 0.13200890408623E+04
 0.13202961481334E+04
 0.13272869102105E+04
 0.13258439429370E+04
 0.13448421262709E+04
 0.13377078885800E+04
 0.13400340032701E+04
 0.13548938001881E+04
 0.13529622706949E+04
 0.13593186753977E+04
 0.13488082730594E+04
 0.13628544462652E+04
 0.13561443443870E+04
 0.13558937969684E+04
 0.13687186175022E+04
 0.13771549537407E+04
 0.13739973931716E+04
 0.13803370535982E+04
 0.13706973063898E+04
 0.13780601958779E+04
 0.13823561444223E+04
 0.13941045185821E+04
 0.13855360163170E+04
 0.14005470622886E+04
 0.13856673485838E+04
 0.13971735169862E+04
 0.13950811827584E+04
 0.14071420840172E+04
 0.14018075545381E+04
 0.14166541887951E+04
 0.14189401605249E+04
 0.14247006654078E+04
 0.14188584370164E+04
 0.14255974733753E+04
 0.14219750179952E+04
