 0.10000000133514E-09
 0.10000000133514E-09
 0.10000000133514E-09
 0.10000000133514E-09
 0.10000000133514E-09
 0.10000000133514E-09
 0.10000000133514E-09
 0.10000000133514E-09
 0.10000000133514E-09
 0.10000000133514E-09
 0.10000000133514E-09
 0.10000000133514E-09
 0.10000000133514E-09
 0.10000000133514E-09
 0.10000000133514E-09
 0.10000000133514E-09
 0.10000000133514E-09
 0.10000000133514E-09
 0.10000000133514E-09
 0.10000000133514E-09
 0.10000000133514E-09
 0.10000000133514E-09
 0.18095536672260E-08
 0.18095536672260E-08
 0.23308833332536E-07
 0.51567951310800E-07
 0.94173159393131E-07
 0.16507870424609E-06
 0.27894591316401E-06
 0.45605247673526E-06
 0.72368788883316E-06
 0.11176410540507E-05
 0.16841091049904E-05
 0.24811764213832E-05
 0.35807538977880E-05
 0.50708779278995E-05
 0.70569587599599E-05
 0.96644405320487E-05
 0.13039929145073E-04
 0.17353204398721E-04
 0.22800722406855E-04
 0.29604506273744E-04
 0.38013979051758E-04
 0.48310410609719E-04
 0.60806800974153E-04
 0.75846933430139E-04
 0.93806040801003E-04
 0.11509941154777E-03
 0.14017752279862E-03
 0.16952124044697E-03
 0.20365341270768E-03
 0.24313458552618E-03
 0.28855742910191E-03
 0.34056728257993E-03
 0.39984549294576E-03
 0.46710793491821E-03
 0.54307582318336E-03
 0.62863127336554E-03
 0.72457728876776E-03
 0.83167392756393E-03
 0.95366581392892E-03
 0.10863592175477E-02
 0.12332789197047E-02
 0.13954537342355E-02
 0.15738910476846E-02
 0.17700627344371E-02
 0.19848644380611E-02
 0.22191293521132E-02
 0.24752400125995E-02
 0.27536110316573E-02
 0.30563366210222E-02
 0.33844540600546E-02
 0.37391711598878E-02
 0.41229337283889E-02
 0.45366273915544E-02
 0.49822077811660E-02
 0.54617577660472E-02
 0.59774008304667E-02
 0.65280514136704E-02
 0.71197723647790E-02
 0.77534073890803E-02
 0.84306568297748E-02
 0.91521116362001E-02
 0.99222703642426E-02
 0.10744861724405E-01
 0.11618656689095E-01
 0.12548662783750E-01
 0.13536774444208E-01
 0.14587966249025E-01
 0.15703563921720E-01
 0.16882832713091E-01
 0.18133930012269E-01
 0.19461205982270E-01
 0.20865691385677E-01
 0.22348644233130E-01
 0.23913784347597E-01
 0.25575323001818E-01
 0.27324829214844E-01
 0.29170487585169E-01
 0.31120040950772E-01
 0.33179722627132E-01
 0.35342683468046E-01
 0.37623823705839E-01
 0.40029346454259E-01
 0.42564636786123E-01
 0.45230998059199E-01
 0.48029522747945E-01
 0.50989907864099E-01
 0.54094284256607E-01
 0.57347697923299E-01
 0.60768553963592E-01
 0.64367532893816E-01
 0.68146763727929E-01
 0.72116341982125E-01
 0.76290107209563E-01
 0.80662245240805E-01
 0.85241147098624E-01
 0.90048370937455E-01
 0.95095136649668E-01
 0.10037615749606E+00
 0.10590279285449E+00
 0.11168796522529E+00
 0.11775631127517E+00
 0.12410642719010E+00
 0.13072960469956E+00
 0.13762792510829E+00
 0.14482183440859E+00
 0.15234906474751E+00
 0.16018040876284E+00
 0.16828410021152E+00
 0.17668494486387E+00
 0.18539941839880E+00
 0.19432607645205E+00
 0.20349723677696E+00
 0.21286416061031E+00
 0.22230483652055E+00
 0.23182411308928E+00
 0.24128847221747E+00
 0.25062316368241E+00
 0.25973418607851E+00
 0.26857307872077E+00
 0.27713359212384E+00
 0.28538896387557E+00
 0.29333603018686E+00
 0.30101203521765E+00
 0.30842656505237E+00
 0.31562369425266E+00
 0.32262115036109E+00
 0.32945193449437E+00
 0.33613337545869E+00
 0.34267434607677E+00
 0.34910418907677E+00
 0.35543491788259E+00
 0.36166451776433E+00
 0.36781077577183E+00
 0.37387337947992E+00
 0.37986066497618E+00
 0.38577426007532E+00
 0.39161864591242E+00
 0.39739419678233E+00
 0.40310277652456E+00
 0.40874658029763E+00
 0.41432502926971E+00
 0.41983880089762E+00
 0.42528793779197E+00
 0.43067388673166E+00
 0.43599555223754E+00
 0.44125459627591E+00
 0.44644943971748E+00
 0.45158107571829E+00
 0.45664971668222E+00
 0.46165654551319E+00
 0.46659952389182E+00
 0.47147963561656E+00
 0.47629800032518E+00
 0.48105631973376E+00
 0.48575133921663E+00
 0.49038730081203E+00
 0.49496290810596E+00
 0.49947888173203E+00
 0.50393489146297E+00
 0.50833329917163E+00
 0.51267359322283E+00
 0.51695771204438E+00
 0.52118441101495E+00
 0.52535604891845E+00
 0.52947226747209E+00
 0.53353503350797E+00
 0.53754377524416E+00
 0.54150046827319E+00
 0.54540457741555E+00
 0.54925850155313E+00
 0.55306153560956E+00
 0.55681523031073E+00
 0.56052033717759E+00
 0.56417720863649E+00
 0.56778681085426E+00
 0.57135036498243E+00
 0.57486838136921E+00
 0.57834104610102E+00
 0.58176977733939E+00
 0.58515531055945E+00
 0.58849823234228E+00
 0.59179889951910E+00
 0.59505881792104E+00
 0.59827781158690E+00
 0.60145733715904E+00
 0.60459778605261E+00
 0.60770001657882E+00
 0.61076401491367E+00
 0.61379109484634E+00
 0.61678162011820E+00
 0.61973678050054E+00
 0.62265631755342E+00
 0.62554115072926E+00
 0.62839221685337E+00
 0.63120989628701E+00
 0.63399467613980E+00
 0.63674703166895E+00
 0.63946801018462E+00
 0.64215748754575E+00
 0.64481664918955E+00
 0.64744574782277E+00
 0.65004491166628E+00
 0.65261515883139E+00
 0.65515662719758E+00
 0.65766989611855E+00
 0.66015568594818E+00
 0.66261437393222E+00
 0.66504634859451E+00
 0.66745161163564E+00
 0.66983162989403E+00
 0.67218578467911E+00
 0.67451490567859E+00
 0.67681967864130E+00
 0.67909995409504E+00
 0.68135648020479E+00
 0.68358978262226E+00
 0.68579981752617E+00
 0.68798738178973E+00
 0.69015229875176E+00
 0.69229552627727E+00
 0.69441680852173E+00
 0.69651692964061E+00
 0.69859648606109E+00
 0.70065474161902E+00
 0.70269323246062E+00
 0.70471139737423E+00
 0.70671009153439E+00
 0.70868949270806E+00
 0.71064944184836E+00
 0.71259075319427E+00
 0.71451347024289E+00
 0.71641824148071E+00
 0.71830469627569E+00
 0.72017339377325E+00
 0.72202498994109E+00
 0.72385929714775E+00
 0.72567623264340E+00
 0.72747708844384E+00
 0.72926122071441E+00
 0.73102913332704E+00
 0.73278110672676E+00
 0.73451739741453E+00
 0.73623801662474E+00
 0.73794328663360E+00
 0.73963382024553E+00
 0.74130914391290E+00
 0.74296969056081E+00
 0.74461605877650E+00
 0.74624826706380E+00
 0.74786607223425E+00
 0.74947014666683E+00
 0.75106037037692E+00
 0.75263726368744E+00
 0.75420082183185E+00
 0.75575111613117E+00
 0.75728848043006E+00
 0.75881313626526E+00
 0.76032512265073E+00
 0.76182455399540E+00
 0.76331172557291E+00
 0.76478672259942E+00
 0.76624978601398E+00
 0.76770090771275E+00
 0.76914053323461E+00
 0.77056847861133E+00
 0.77198512052536E+00
 0.77339051624697E+00
 0.77478468622358E+00
 0.77616811278439E+00
 0.77754037780757E+00
 0.77890239018376E+00
 0.78025342100229E+00
 0.78159436895302E+00
 0.78292498055840E+00
 0.78424525816047E+00
 0.78555559257869E+00
 0.78685580492901E+00
 0.78814630153773E+00
