 0.10795098908076E+04
 0.10795098908076E+04
 0.10795098908076E+04
 0.10795098908076E+04
 0.10795098908076E+04
 0.10795098908076E+04
 0.10795098908076E+04
 0.10795098908076E+04
 0.10795098908076E+04
 0.10795204695579E+04
 0.10793534522789E+04
 0.10796090611243E+04
 0.10796546482137E+04
 0.10795797082771E+04
 0.10795000585310E+04
 0.10793813043206E+04
 0.10797916670243E+04
 0.10796270542626E+04
 0.10796416469556E+04
 0.10795161055014E+04
 0.10795252118518E+04
 0.10797506805587E+04
 0.10795230573106E+04
 0.10795441720300E+04
 0.10795805835280E+04
 0.10796668978026E+04
 0.10796564894077E+04
 0.10795385905490E+04
 0.10794742540924E+04
 0.10799350942607E+04
 0.10797434146322E+04
 0.10798369159468E+04
 0.10796250056781E+04
 0.10804608528528E+04
 0.10791921967623E+04
 0.10800991429940E+04
 0.10796306128219E+04
 0.10801271930382E+04
 0.10806578143431E+04
 0.10798769952813E+04
 0.10806100916145E+04
 0.10808344495403E+04
 0.10797491316695E+04
 0.10809709209845E+04
 0.10799688889449E+04
 0.10802857207623E+04
 0.10800585161086E+04
 0.10796344482276E+04
 0.10781939125788E+04
 0.10771078004167E+04
 0.10792314282571E+04
 0.10805562155874E+04
 0.10809325393241E+04
 0.10816480702173E+04
 0.10777365705677E+04
 0.10777388246280E+04
 0.10778371006281E+04
 0.10802589867501E+04
 0.10815687508565E+04
 0.10824095218462E+04
 0.10791624446901E+04
 0.10825939405897E+04
 0.10855686146309E+04
 0.10801781120645E+04
 0.10807235750483E+04
 0.10784611415748E+04
 0.10822210167458E+04
 0.10764320489282E+04
 0.10885317906097E+04
 0.10767291801249E+04
 0.10790446831341E+04
 0.10796390971982E+04
 0.10796986755100E+04
 0.10857144511878E+04
 0.10878407897814E+04
 0.10863183391712E+04
 0.10844997848746E+04
 0.10826214125831E+04
 0.10851165859274E+04
 0.10828374343170E+04
 0.10860904925312E+04
 0.10792309046767E+04
 0.10828227907169E+04
 0.10872946159536E+04
 0.10765374732306E+04
 0.10861696722103E+04
 0.10865319228641E+04
 0.10764936208093E+04
 0.10770616743901E+04
 0.10821830245400E+04
 0.10878799209544E+04
 0.10812899292730E+04
 0.10863802022338E+04
 0.10822564259101E+04
 0.10884339731780E+04
 0.10825462602655E+04
 0.10818292174251E+04
 0.10873072837233E+04
 0.10898014886508E+04
 0.10766982670484E+04
 0.10807319859527E+04
 0.10762464974700E+04
 0.10859414209521E+04
 0.10813574888077E+04
 0.10870630629720E+04
 0.10809281341250E+04
 0.10873635752374E+04
 0.10796608674266E+04
 0.10797416983268E+04
 0.10789391332704E+04
 0.10902343946715E+04
 0.10877286364412E+04
 0.10764194351685E+04
 0.10803893943871E+04
 0.10760392130906E+04
 0.10816929261891E+04
 0.10776062256041E+04
 0.10799239455574E+04
 0.10849098820375E+04
 0.10861106009742E+04
 0.10800526232090E+04
 0.10818055564651E+04
 0.10789219814371E+04
 0.10784154928007E+04
 0.10830402825773E+04
 0.10840336198517E+04
 0.10794826142875E+04
 0.10876835837760E+04
 0.10862398539688E+04
 0.10780466303584E+04
 0.10884131086957E+04
 0.10822659360231E+04
 0.10822384400626E+04
 0.10857451841953E+04
 0.10840253483578E+04
 0.10851208722915E+04
 0.10844876216303E+04
 0.10874188649780E+04
 0.10796635386449E+04
 0.10874674004049E+04
 0.10901499205224E+04
 0.10876587574181E+04
 0.10871565556514E+04
 0.10858721395056E+04
 0.10815891718307E+04
 0.10767070140481E+04
 0.10829553362451E+04
 0.10872543335527E+04
 0.10876266358249E+04
 0.10783934565735E+04
 0.10815926690768E+04
 0.10830211512451E+04
 0.10846558429597E+04
 0.10869755007304E+04
 0.10806470256712E+04
 0.10838778308690E+04
 0.10886378063621E+04
 0.10929936669658E+04
 0.10823954052528E+04
 0.10898483975140E+04
 0.10937053009298E+04
 0.10893795705880E+04
 0.10913851835949E+04
 0.10850255493011E+04
 0.10878749712556E+04
 0.10876688069641E+04
 0.10907791932670E+04
 0.10926692438795E+04
 0.10883936188333E+04
 0.10964259460835E+04
 0.10936349812374E+04
 0.10871910679056E+04
 0.10963129437473E+04
 0.11012982052499E+04
 0.10970151226099E+04
 0.11004966788915E+04
 0.10979289927537E+04
 0.11030961643369E+04
 0.11013607068028E+04
 0.11037201615558E+04
 0.10951462478438E+04
 0.10967821146982E+04
 0.11032353869727E+04
 0.11053868015692E+04
 0.11010941677807E+04
 0.10999625347335E+04
 0.11092698946854E+04
 0.11047873209775E+04
 0.11095888780382E+04
 0.11069049465514E+04
 0.11086994754476E+04
 0.11068463447777E+04
 0.11102029461528E+04
 0.11142578916314E+04
 0.11147490878720E+04
 0.11175968955989E+04
 0.11164892502515E+04
 0.11122278454681E+04
 0.11235558443079E+04
 0.11198933298395E+04
