 0.25955948765236E+10
 0.25957148730912E+10
 0.25959148576897E+10
 0.25961948734867E+10
 0.25965548504590E+10
 0.25969948552159E+10
 0.25975148633276E+10
 0.25981148473157E+10
 0.25987948407824E+10
 0.25995548376198E+10
 0.26003948342979E+10
 0.26013148286469E+10
 0.26023148169599E+10
 0.26033948127992E+10
 0.26045548163266E+10
 0.26057948207731E+10
 0.26071148218405E+10
 0.26085148551289E+10
 0.26099948673716E+10
 0.26115549170739E+10
 0.26131949759569E+10
 0.26149150716837E+10
 0.26167152033158E+10
 0.26185953612599E+10
 0.26205555776873E+10
 0.26225958187514E+10
 0.26247161718682E+10
 0.26269165764846E+10
 0.26291970339710E+10
 0.26315575990617E+10
 0.26339982616256E+10
 0.26365189852487E+10
 0.26391198502356E+10
 0.26418008017418E+10
 0.26445617900040E+10
 0.26474029482070E+10
 0.26503240793061E+10
 0.26533252903309E+10
 0.26564065237314E+10
 0.26595676960528E+10
 0.26628089014815E+10
 0.26661300469926E+10
 0.26695308241876E+10
 0.26730117061921E+10
 0.26765720624795E+10
 0.26802121209487E+10
 0.26839317030738E+10
 0.26877305943431E+10
 0.26916088862554E+10
 0.26955662426733E+10
 0.26996023348733E+10
 0.27037171692753E+10
 0.27079104736862E+10
 0.27121821229021E+10
 0.27165316406279E+10
 0.27209588375194E+10
 0.27254631215606E+10
 0.27300444253918E+10
 0.27347021191934E+10
 0.27394358553590E+10
 0.27442453845752E+10
 0.27491296604193E+10
 0.27540880413212E+10
 0.27591205387365E+10
 0.27642255699086E+10
 0.27694028681000E+10
 0.27746518688032E+10
 0.27799724443180E+10
 0.27853620503101E+10
 0.27908203949596E+10
 0.27963466436815E+10
 0.28019401457463E+10
 0.28075995273582E+10
 0.28133219930991E+10
 0.28191087961339E+10
 0.28249569013416E+10
 0.28308673495154E+10
 0.28368370125357E+10
 0.28428625461698E+10
 0.28489473655570E+10
 0.28550857319455E+10
 0.28612744903108E+10
 0.28675191131252E+10
 0.28738117589947E+10
 0.28801513415594E+10
 0.28865408269552E+10
 0.28929708072370E+10
 0.28994468417757E+10
 0.29059595466206E+10
 0.29125122650687E+10
 0.29191010826616E+10
 0.29257248207807E+10
 0.29323804766678E+10
 0.29390612350787E+10
 0.29457726019137E+10
 0.29525115104628E+10
 0.29592672298723E+10
 0.29660436973187E+10
 0.29728379378940E+10
 0.29796458751959E+10
 0.29864649286407E+10
 0.29932949681917E+10
 0.30001281433463E+10
 0.30069651399489E+10
 0.30138001516343E+10
 0.30206361471172E+10
 0.30274579870135E+10
 0.30342729634545E+10
 0.30410809563649E+10
 0.30478770017534E+10
 0.30546401701429E+10
 0.30613784838101E+10
 0.30681073172246E+10
 0.30747966838865E+10
 0.30814498915998E+10
 0.30880837298890E+10
 0.30946524549520E+10
 0.31011998699786E+10
 0.31076873365417E+10
 0.31141365844749E+10
 0.31205332276876E+10
 0.31268802198990E+10
 0.31331619349140E+10
 0.31394085172406E+10
 0.31455768804147E+10
 0.31516843002884E+10
 0.31577617863541E+10
 0.31637477802115E+10
 0.31696791866329E+10
 0.31755986612042E+10
 0.31814607669403E+10
 0.31872695343543E+10
 0.31930763051170E+10
 0.31988402215504E+10
 0.32046417378681E+10
 0.32104453350976E+10
 0.32163151714617E+10
 0.32222333182931E+10
 0.32282740467308E+10
 0.32344796544291E+10
 0.32408396046121E+10
 0.32474127820239E+10
 0.32542681314404E+10
 0.32613864236973E+10
 0.32688006459166E+10
 0.32765314146968E+10
 0.32845811447341E+10
 0.32928988801857E+10
 0.33014961754780E+10
 0.33103257208179E+10
 0.33193799065322E+10
 0.33286178586146E+10
 0.33380289595410E+10
 0.33475791081545E+10
 0.33572824269399E+10
 0.33671410270348E+10
 0.33771339376993E+10
 0.33872732257330E+10
 0.33975474042465E+10
 0.34079576284878E+10
 0.34185026855702E+10
 0.34291886907334E+10
 0.34400144869512E+10
 0.34509422590706E+10
 0.34620307532818E+10
 0.34732544541731E+10
 0.34845845780395E+10
 0.34960550072502E+10
 0.35076440880810E+10
 0.35193470194110E+10
 0.35311722364768E+10
 0.35431220719477E+10
 0.35551822763423E+10
 0.35673638649736E+10
 0.35796602555917E+10
 0.35920554598100E+10
 0.36045644887988E+10
 0.36171908626077E+10
 0.36299162917764E+10
 0.36427409962711E+10
 0.36556654173541E+10
 0.36687202092074E+10
 0.36818622263699E+10
 0.36950900629566E+10
 0.37084427193063E+10
 0.37218799443461E+10
 0.37354224733877E+10
 0.37490570484872E+10
 0.37627806030102E+10
 0.37766279278140E+10
 0.37905478804860E+10
 0.38045694397789E+10
 0.38186955819788E+10
 0.38328974900430E+10
 0.38471967992371E+10
 0.38615951775308E+10
 0.38760809874627E+10
 0.38906665847426E+10
 0.39053353926960E+10
 0.39200987174846E+10
