 0.16432730420240E+00
 0.16432730420236E+00
 0.16432730420183E+00
 0.16432730419992E+00
 0.16432730418737E+00
 0.16432730411556E+00
 0.16432730225332E+00
 0.16432729422964E+00
 0.16432726668594E+00
 0.16432719381826E+00
 0.16432703279871E+00
 0.16432672136210E+00
 0.16432618676276E+00
 0.16432532433573E+00
 0.16432404582498E+00
 0.16432220008380E+00
 0.16431968654938E+00
 0.16431637670506E+00
 0.16431213377481E+00
 0.16430683272575E+00
 0.16430025863458E+00
 0.16429244491324E+00
 0.16428316827626E+00
 0.16427230656937E+00
 0.16425971137850E+00
 0.16424526781377E+00
 0.16422877100354E+00
 0.16421028834921E+00
 0.16418959735052E+00
 0.16416646705407E+00
 0.16414063558935E+00
 0.16411225105576E+00
 0.16408087367251E+00
 0.16404619549310E+00
 0.16400853108889E+00
 0.16396719670714E+00
 0.16392214779886E+00
 0.16387284463920E+00
 0.16381949282706E+00
 0.16376196696888E+00
 0.16369866377784E+00
 0.16363053708717E+00
 0.16355714317516E+00
 0.16347783194759E+00
 0.16339168227681E+00
 0.16329909208172E+00
 0.16320023908954E+00
 0.16309404779745E+00
 0.16297960904648E+00
 0.16285689443836E+00
 0.16272623345601E+00
 0.16258618090540E+00
 0.16243707531618E+00
 0.16227802658741E+00
 0.16210808673076E+00
 0.16192758476827E+00
 0.16173608833958E+00
 0.16153178373853E+00
 0.16131561915364E+00
 0.16108794856553E+00
 0.16084274742934E+00
 0.16058719261521E+00
 0.16031668719794E+00
 0.16002811928704E+00
 0.15972662509321E+00
 0.15940360891977E+00
 0.15906517648158E+00
 0.15871260239104E+00
 0.15833584273475E+00
 0.15794200016989E+00
 0.15752115102918E+00
 0.15707987903456E+00
 0.15661996088605E+00
 0.15612683565382E+00
 0.15561333905826E+00
 0.15506799842164E+00
 0.15449411669176E+00
 0.15388536850772E+00
 0.15325251350432E+00
 0.15257611115977E+00
 0.15186565506309E+00
 0.15111667614038E+00
 0.15032763287281E+00
 0.14949325236031E+00
 0.14860363505375E+00
 0.14767161903962E+00
 0.14668790018480E+00
 0.14564049913294E+00
 0.14453488429255E+00
 0.14336051720829E+00
 0.14212973635641E+00
 0.14082701083032E+00
 0.13943648912204E+00
 0.13795898234591E+00
 0.13640768462107E+00
 0.13476815793890E+00
 0.13300533526499E+00
 0.13115154557638E+00
 0.12917650650304E+00
 0.12708166785501E+00
 0.12484007205669E+00
 0.12246955686808E+00
 0.11994355793398E+00
 0.11723966199751E+00
 0.11433881472800E+00
 0.11124646329297E+00
 0.10794998187771E+00
 0.10436934568704E+00
 0.10052767135477E+00
 0.96403026994772E-01
 0.91954415195095E-01
 0.87123723797353E-01
 0.81924118927351E-01
 0.76357837959666E-01
 0.70487248503029E-01
 0.64533063934458E-01
 0.58686131746198E-01
 0.53172445436295E-01
 0.48155374535619E-01
 0.43718033632807E-01
 0.39846317249517E-01
 0.36478745835542E-01
 0.33506990057090E-01
 0.30893360104834E-01
 0.28599608578058E-01
 0.26563328739140E-01
 0.24743427232896E-01
 0.23087639284976E-01
 0.21594987251357E-01
 0.20246070600144E-01
 0.19014418462354E-01
 0.17878144940212E-01
 0.16846975842328E-01
 0.15891732112901E-01
 0.15004427912905E-01
 0.14192853293796E-01
 0.13430545815092E-01
 0.12723050919518E-01
 0.12065114807765E-01
 0.11454959327856E-01
 0.10886165088710E-01
 0.10350668002162E-01
 0.98496227674150E-02
 0.93810609402749E-02
 0.89395519587048E-02
 0.85270783914852E-02
 0.81362299738141E-02
 0.77701591574429E-02
 0.74237925636828E-02
 0.70957245926347E-02
 0.67904582108197E-02
 0.64995265870427E-02
 0.62214675874614E-02
 0.59616414796522E-02
 0.57141493033968E-02
 0.54807637305561E-02
 0.52586064126650E-02
 0.50489328113000E-02
 0.48484386940506E-02
 0.46590842640915E-02
 0.44794130516797E-02
 0.43077009735099E-02
 0.41441797437337E-02
 0.39888872289398E-02
 0.38413481216334E-02
 0.37001988037582E-02
 0.35656756155264E-02
 0.34374209457797E-02
 0.33147940774070E-02
 0.31978111343160E-02
 0.30866951098845E-02
 0.29794246392684E-02
 0.28771919061614E-02
 0.27802199251920E-02
 0.26866675480784E-02
 0.25969166830009E-02
 0.25119849773369E-02
 0.24297368360858E-02
 0.23512381926112E-02
 0.22753882172813E-02
 0.22039306217300E-02
 0.21345255214896E-02
 0.20683124662410E-02
 0.20037508546913E-02
 0.19427898746748E-02
 0.18835289206281E-02
 0.18272405739960E-02
 0.17727240582055E-02
 0.17204614182134E-02
 0.16699272866499E-02
 0.16215928448491E-02
 0.15747079342314E-02
 0.15295537880088E-02
 0.14862388947667E-02
 0.14444753421950E-02
 0.14045098430435E-02
 0.13658040402784E-02
 0.13282204620037E-02
 0.12920945426663E-02
 0.12573697454538E-02
