 0.10813086768930E+04
 0.10813086768930E+04
 0.10813086768930E+04
 0.10813086768930E+04
 0.10813086768930E+04
 0.10813086768930E+04
 0.10813086768930E+04
 0.10813086768930E+04
 0.10813086768930E+04
 0.10813001936183E+04
 0.10814168631599E+04
 0.10812570832628E+04
 0.10811551961542E+04
 0.10812320685437E+04
 0.10810722137684E+04
 0.10811364702020E+04
 0.10811003400226E+04
 0.10812669424037E+04
 0.10812031220861E+04
 0.10810840125707E+04
 0.10811366249169E+04
 0.10812648701833E+04
 0.10812242502846E+04
 0.10809762595047E+04
 0.10809137327792E+04
 0.10811161062353E+04
 0.10811766236246E+04
 0.10810144947739E+04
 0.10808545561333E+04
 0.10810137732540E+04
 0.10812298621995E+04
 0.10811260237784E+04
 0.10819663574312E+04
 0.10821491439942E+04
 0.10812935525994E+04
 0.10824596876702E+04
 0.10817384975076E+04
 0.10817357223468E+04
 0.10764427735754E+04
 0.10817891781484E+04
 0.10809853373012E+04
 0.10824446906397E+04
 0.10815968191571E+04
 0.10764555270808E+04
 0.10778649059804E+04
 0.10780119444824E+04
 0.10777578058536E+04
 0.10765439589892E+04
 0.10820382176049E+04
 0.10779216345222E+04
 0.10818290130490E+04
 0.10792194592783E+04
 0.10766822303773E+04
 0.10761933986879E+04
 0.10761572117288E+04
 0.10799222632711E+04
 0.10793445403778E+04
 0.10815849001448E+04
 0.10817588349414E+04
 0.10771126484742E+04
 0.10801141337552E+04
 0.10788298080630E+04
 0.10800977921369E+04
 0.10778312973717E+04
 0.10765524826441E+04
 0.10781326745296E+04
 0.10790979751381E+04
 0.10864757422621E+04
 0.10812465009084E+04
 0.10890055945051E+04
 0.10837147771852E+04
 0.10845585102130E+04
 0.10812772885261E+04
 0.10836841112908E+04
 0.10772718832770E+04
 0.10812123585984E+04
 0.10823991104727E+04
 0.10789056025338E+04
 0.10846576298046E+04
 0.10843460170811E+04
 0.10823712348793E+04
 0.10808878990806E+04
 0.10839890687233E+04
 0.10866961980273E+04
 0.10801266278787E+04
 0.10834725711275E+04
 0.10833842377010E+04
 0.10858114628173E+04
 0.10836365454112E+04
 0.10828847872603E+04
 0.10826410352332E+04
 0.10823369959751E+04
 0.10837510079215E+04
 0.10781064183042E+04
 0.10778508661270E+04
 0.10839053570113E+04
 0.10797625936079E+04
 0.10850153052564E+04
 0.10815448643950E+04
 0.10788414289064E+04
 0.10789845040807E+04
 0.10810052631448E+04
 0.10808576390175E+04
 0.10774210150676E+04
 0.10844370747378E+04
 0.10766215736713E+04
 0.10848584058721E+04
 0.10870046817247E+04
 0.10877554118224E+04
 0.10827437305593E+04
 0.10777895846416E+04
 0.10782357878062E+04
 0.10815869944578E+04
 0.10855458411059E+04
 0.10856119895872E+04
 0.10782515070485E+04
 0.10855735493178E+04
 0.10764132362469E+04
 0.10741159307014E+04
 0.10751324326757E+04
 0.10861359218510E+04
 0.10742872011191E+04
 0.10746277326621E+04
 0.10832651364025E+04
 0.10791582953704E+04
 0.10759849610377E+04
 0.10751383702944E+04
 0.10789837683859E+04
 0.10754468611957E+04
 0.10791294684563E+04
 0.10725141224518E+04
 0.10712969233745E+04
 0.10767609307014E+04
 0.10712023016797E+04
 0.10788407632852E+04
 0.10801617211236E+04
 0.10788204699726E+04
 0.10716694413240E+04
 0.10796773429433E+04
 0.10824137935795E+04
 0.10775924552837E+04
 0.10800180249141E+04
 0.10738126821102E+04
 0.10712238823243E+04
 0.10765987294464E+04
 0.10742801590516E+04
 0.10677173155552E+04
 0.10691934169337E+04
 0.10706234288347E+04
 0.10766609003857E+04
 0.10676253507273E+04
 0.10734471055522E+04
 0.10689041561717E+04
 0.10750875324206E+04
 0.10792453603135E+04
 0.10769844071691E+04
 0.10803746902324E+04
 0.10795908698896E+04
 0.10740622247007E+04
 0.10719872116948E+04
 0.10740730379374E+04
 0.10774313931794E+04
 0.10749373644261E+04
 0.10753455652567E+04
 0.10749193674685E+04
 0.10767827690481E+04
 0.10766029875615E+04
 0.10745256305851E+04
 0.10756141341829E+04
 0.10783710116007E+04
 0.10766304885490E+04
 0.10771587213976E+04
 0.10749593824305E+04
 0.10822444308524E+04
 0.10813096260412E+04
 0.10859207078200E+04
 0.10841735479613E+04
 0.10779234091768E+04
 0.10893156862856E+04
 0.10832403443602E+04
 0.10846480310534E+04
 0.10867094007370E+04
 0.10888810238937E+04
 0.10864029853532E+04
 0.10875324518606E+04
 0.10941780103169E+04
 0.11004082348758E+04
 0.10965263478806E+04
 0.10999541653095E+04
 0.10957849259970E+04
 0.10946907020519E+04
 0.11038138740083E+04
 0.11003112467176E+04
 0.10982909444453E+04
 0.11051465293077E+04
 0.11014069609519E+04
 0.10993627577124E+04
 0.11089898908912E+04
 0.11098705323947E+04
 0.11055924191442E+04
