 0.13708380095672E+03
 0.13708380095668E+03
 0.13708380095628E+03
 0.13708380104278E+03
 0.13708380419564E+03
 0.13708383395744E+03
 0.13708396560568E+03
 0.13708433276311E+03
 0.13708509673882E+03
 0.13708640656846E+03
 0.13708837510161E+03
 0.13709107221412E+03
 0.13709452878535E+03
 0.13709874551610E+03
 0.13710369768008E+03
 0.13710934392780E+03
 0.13711563197060E+03
 0.13712250074454E+03
 0.13712989093348E+03
 0.13713774800824E+03
 0.13710594640366E+03
 0.13710418646728E+03
 0.13710226508880E+03
 0.13710027038846E+03
 0.13709834219404E+03
 0.13709668254107E+03
 0.13709557394616E+03
 0.13709538245508E+03
 0.13709658740186E+03
 0.13709978164326E+03
 0.13710568968120E+03
 0.13711515488035E+03
 0.13712918315486E+03
 0.13714891686867E+03
 0.13717562356320E+03
 0.13721076126637E+03
 0.13725632948347E+03
 0.13731328998983E+03
 0.13738385337926E+03
 0.13746996725882E+03
 0.13757393358994E+03
 0.13769787191402E+03
 0.13784428122705E+03
 0.13801568532320E+03
 0.13821500263054E+03
 0.13844486829688E+03
 0.13870833973916E+03
 0.13900877759241E+03
 0.13934975246211E+03
 0.13973503600457E+03
 0.14016835277720E+03
 0.14065424904274E+03
 0.14119730938778E+03
 0.14180292890846E+03
 0.14247637561704E+03
 0.14322388377899E+03
 0.14405246475251E+03
 0.14496995193280E+03
 0.14598408048397E+03
 0.14710458022696E+03
 0.14834488110197E+03
 0.14971321512578E+03
 0.15122639097225E+03
 0.15290308764605E+03
 0.15475662092121E+03
 0.15681931835332E+03
 0.15911187781787E+03
 0.16166091752856E+03
 0.16452075022150E+03
 0.16772637729433E+03
 0.17135712613495E+03
 0.17547553527721E+03
 0.18017323667081E+03
 0.18561415532276E+03
 0.19193208905235E+03
 0.19940597996179E+03
 0.20837065011999E+03
 0.21936101621472E+03
 0.23309740443575E+03
 0.25107764436072E+03
 0.27567553633531E+03
 0.31210220911674E+03
 0.37384386763360E+03
 0.51496634398961E+03
                  NaN
