 0.35172473832405E+01
 0.35172473832405E+01
 0.35172473832405E+01
 0.35172473832405E+01
 0.35172473832405E+01
 0.35172473832405E+01
 0.35172473832405E+01
 0.35172473832405E+01
 0.35172473832405E+01
 0.35172473355199E+01
 0.35172494853538E+01
 0.35172464520117E+01
 0.35172442927179E+01
 0.35172457325827E+01
 0.35172428048518E+01
 0.35172440253569E+01
 0.35172432470528E+01
 0.35172466664678E+01
 0.35172454076261E+01
 0.35172431366911E+01
 0.35172443199566E+01
 0.35172464710992E+01
 0.35172457069793E+01
 0.35172407318903E+01
 0.35172393752262E+01
 0.35172432845318E+01
 0.35172447656780E+01
 0.35172416609498E+01
 0.35172388201837E+01
 0.35172436700012E+01
 0.35172500000957E+01
 0.35172367050662E+01
 0.35172569089317E+01
 0.35172568639325E+01
 0.35172486979339E+01
 0.35172664082361E+01
 0.35172529828220E+01
 0.35172513988106E+01
 0.35172719103088E+01
 0.35172566751335E+01
 0.35172400522923E+01
 0.35172699452154E+01
 0.35172507455818E+01
 0.35172772253028E+01
 0.35172911293425E+01
 0.35172928113163E+01
 0.35172897629461E+01
 0.35172764262391E+01
 0.35172585519604E+01
 0.35172920410220E+01
 0.35172550673369E+01
 0.35172996595446E+01
 0.35172795664263E+01
 0.35172725584490E+01
 0.35172743034012E+01
 0.35173017176254E+01
 0.35172171407954E+01
 0.35172533606932E+01
 0.35172997325266E+01
 0.35172869011591E+01
 0.35173013365331E+01
 0.35172963736626E+01
 0.35172198189771E+01
 0.35172889364128E+01
 0.35171943090863E+01
 0.35172922108585E+01
 0.35172973148293E+01
 0.35171530535855E+01
 0.35173003055590E+01
 0.35171956099986E+01
 0.35172842887463E+01
 0.35172683028395E+01
 0.35172442731149E+01
 0.35172836294330E+01
 0.35172046713202E+01
 0.35172975290752E+01
 0.35172612646446E+01
 0.35172071132906E+01
 0.35171847026448E+01
 0.35171973783521E+01
 0.35172204300761E+01
 0.35172353212948E+01
 0.35172711982151E+01
 0.35172318457306E+01
 0.35172224760641E+01
 0.35172808439241E+01
 0.35172051713448E+01
 0.35171566684799E+01
 0.35171903686801E+01
 0.35172043238689E+01
 0.35172683988363E+01
 0.35172545666863E+01
 0.35171684873716E+01
 0.35172701515304E+01
 0.35171801954360E+01
 0.35171959948825E+01
 0.35171892491300E+01
 0.35171771633230E+01
 0.35172720800592E+01
 0.35172679913859E+01
 0.35171747542596E+01
 0.35171897646926E+01
 0.35171927133844E+01
 0.35171845172050E+01
 0.35172253350634E+01
 0.35172329026768E+01
 0.35171761351500E+01
 0.35170900150685E+01
 0.35171226626868E+01
 0.35171617838819E+01
 0.35172341351915E+01
 0.35171598324081E+01
 0.35172176985855E+01
 0.35171468199189E+01
 0.35171526647705E+01
 0.35171406045801E+01
 0.35170910332396E+01
 0.35171004766932E+01
 0.35170723617375E+01
 0.35170765375088E+01
 0.35170935365480E+01
 0.35170601009188E+01
 0.35170690025494E+01
 0.35171190464265E+01
 0.35171161585832E+01
 0.35170193574997E+01
 0.35170204295398E+01
 0.35170121721823E+01
 0.35170658473286E+01
 0.35170687589064E+01
 0.35169291324717E+01
 0.35169228437025E+01
 0.35169332926182E+01
 0.35169445431516E+01
 0.35168728982075E+01
 0.35168873196727E+01
 0.35169152408778E+01
 0.35168219549351E+01
 0.35168450153722E+01
 0.35167517818625E+01
 0.35166614581674E+01
 0.35167082231513E+01
 0.35167184307389E+01
 0.35165687341823E+01
 0.35165590271001E+01
 0.35165947412730E+01
 0.35165114526188E+01
 0.35165250788717E+01
 0.35165097658003E+01
 0.35164096330176E+01
 0.35163451718753E+01
 0.35162935270755E+01
 0.35163144638581E+01
 0.35162942545980E+01
 0.35161462442492E+01
 0.35161023592121E+01
 0.35160129858842E+01
 0.35159807548714E+01
 0.35157587999542E+01
 0.35156522861998E+01
 0.35154657628448E+01
 0.35153968888819E+01
 0.35152409346423E+01
 0.35151475466092E+01
 0.35148709058245E+01
 0.35146411421318E+01
 0.35145342500345E+01
 0.35141881942752E+01
 0.35140363250839E+01
 0.35136691176376E+01
 0.35133523299962E+01
 0.35130135667916E+01
 0.35127948772132E+01
 0.35125077805355E+01
 0.35120108508645E+01
 0.35116396336605E+01
 0.35112272005602E+01
 0.35109141653327E+01
 0.35104832772534E+01
 0.35098709435772E+01
 0.35094243631004E+01
 0.35088822900188E+01
 0.35084880087282E+01
 0.35077836486353E+01
 0.35072478048725E+01
 0.35067375141149E+01
 0.35060706470526E+01
 0.35053694925187E+01
 0.35047276444208E+01
 0.35041230946629E+01
 0.35033279044198E+01
 0.35026582487922E+01
 0.35018245449615E+01
 0.35010840147556E+01
 0.35001795186817E+01
 0.34994536788486E+01
 0.34984000498974E+01
 0.34975324586099E+01
 0.34966439438027E+01
 0.34957874683186E+01
 0.34947071956502E+01
 0.34937417149797E+01
 0.34927544471367E+01
 0.34917147474688E+01
 0.34906888821108E+01
 0.34895271993143E+01
 0.34884530772447E+01
 0.34873172111388E+01
 0.34862499311255E+01
 0.34849571200515E+01
 0.34836672180922E+01
 0.34825103682744E+01
 0.34812036455933E+01
 0.34798946026340E+01
 0.34787968490765E+01
 0.34773398032638E+01
 0.34760239566783E+01
 0.34746145734110E+01
 0.34731756890794E+01
 0.34718600019292E+01
 0.34703382871063E+01
 0.34689729815744E+01
 0.34674691832587E+01
 0.34659427427560E+01
 0.34642765732444E+01
 0.34627284663702E+01
 0.34611036274479E+01
 0.34595482783426E+01
 0.34578561696835E+01
 0.34562533535053E+01
 0.34546782471491E+01
 0.34530074099185E+01
 0.34511764583284E+01
 0.34495348691271E+01
 0.34475562457594E+01
 0.34458697398215E+01
 0.34441243243543E+01
 0.34422974490448E+01
 0.34403767146223E+01
 0.34386123291386E+01
 0.34366930482331E+01
 0.34347564131924E+01
 0.34328807918010E+01
 0.34309224787937E+01
 0.34289801396646E+01
 0.34270418824930E+01
 0.34250960484663E+01
 0.34231216775193E+01
 0.34210673426588E+01
 0.34189793148656E+01
 0.34170499306864E+01
 0.34150092082979E+01
 0.34128319728642E+01
 0.34108058294638E+01
 0.34086872355859E+01
 0.34065611261777E+01
 0.34044201438090E+01
 0.34023819106854E+01
 0.34002120835588E+01
 0.33978448436177E+01
 0.33957661568797E+01
 0.33936132043687E+01
 0.33911883639718E+01
 0.33891396281086E+01
 0.33866901986720E+01
 0.33844943351565E+01
 0.33821891834209E+01
 0.33798087216321E+01
 0.33775888146054E+01
 0.33753553399962E+01
 0.33729174150753E+01
 0.33707304366807E+01
 0.33681212292135E+01
 0.33659103789774E+01
 0.33636678250127E+01
 0.33610933993325E+01
 0.33588717317206E+01
 0.33564748472486E+01
 0.33540499030870E+01
 0.33516067311417E+01
 0.33489654913502E+01
 0.33465491648144E+01
 0.33441207352819E+01
 0.33415483201666E+01
 0.33392193150889E+01
 0.33366992015510E+01
 0.33342093998199E+01
 0.33318383410654E+01
 0.33292027814067E+01
 0.33266923400940E+01
 0.33241025738774E+01
 0.33217390441239E+01
 0.33191303851306E+01
 0.33167133655753E+01
 0.33140435743592E+01
 0.33114564953670E+01
 0.33089220649296E+01
 0.33064735767270E+01
 0.33038832714359E+01
 0.33011825383935E+01
