 0.10190117950350E+00
 0.10190117950351E+00
 0.10190117950369E+00
 0.10190117950488E+00
 0.10190117950674E+00
 0.10190117949805E+00
 0.10190117931093E+00
 0.10190117807678E+00
 0.10190117391227E+00
 0.10190116291004E+00
 0.10190113840820E+00
 0.10190109115382E+00
 0.10190100936948E+00
 0.10190087884666E+00
 0.10190068355746E+00
 0.10190040841347E+00
 0.10190003238439E+00
 0.10189954069391E+00
 0.10189892002946E+00
 0.10189814658334E+00
 0.10189720167101E+00
 0.10189607794281E+00
 0.10189476015230E+00
 0.10189323183242E+00
 0.10189147493045E+00
 0.10188948339926E+00
 0.10188723759604E+00
 0.10188471644852E+00
 0.10188192648839E+00
 0.10187884924383E+00
 0.10187545620716E+00
 0.10187174561841E+00
 0.10186770623233E+00
 0.10186330346233E+00
 0.10185854313902E+00
 0.10185337095937E+00
 0.10184785862927E+00
 0.10184186372307E+00
 0.10183544602370E+00
 0.10182861558849E+00
 0.10182130060183E+00
 0.10181351627043E+00
 0.10180533833873E+00
 0.10179654618765E+00
 0.10178730867165E+00
 0.10177749498938E+00
 0.10176717549179E+00
 0.10175633119241E+00
 0.10174496144876E+00
 0.10173297021994E+00
 0.10172051118802E+00
 0.10170749120461E+00
 0.10169393028633E+00
 0.10167991206856E+00
 0.10166501924380E+00
 0.10164982176715E+00
 0.10163412737278E+00
 0.10161801324598E+00
 0.10160116451576E+00
 0.10158367543490E+00
 0.10156592955639E+00
 0.10154763114826E+00
 0.10152886440494E+00
 0.10150952638332E+00
 0.10148988921006E+00
 0.10146976800823E+00
 0.10144879815166E+00
 0.10142827009669E+00
 0.10140609691416E+00
 0.10138486874672E+00
 0.10136207791590E+00
 0.10133965205949E+00
 0.10131581259942E+00
 0.10129263599564E+00
 0.10126904426858E+00
 0.10124484008751E+00
 0.10122043795153E+00
 0.10119563806903E+00
 0.10117018282727E+00
 0.10114564724370E+00
 0.10111923400589E+00
 0.10109301229085E+00
 0.10106748928784E+00
 0.10104073862709E+00
 0.10101368170706E+00
 0.10098592218222E+00
 0.10095883576612E+00
 0.10093125418895E+00
 0.10090240444337E+00
 0.10087434197238E+00
 0.10084617475144E+00
 0.10081610531230E+00
 0.10078767833361E+00
 0.10075818961361E+00
 0.10072798932996E+00
 0.10069694467185E+00
 0.10066651444676E+00
 0.10063534408159E+00
 0.10060390817098E+00
 0.10057186822377E+00
 0.10053922613613E+00
 0.10050660114791E+00
 0.10047367068945E+00
 0.10043932026457E+00
 0.10040481076025E+00
 0.10037022910806E+00
 0.10033503755502E+00
 0.10029867748997E+00
 0.10026075714357E+00
 0.10022399799114E+00
 0.10018502333585E+00
 0.10014512374691E+00
 0.10010499620428E+00
 0.10006302262427E+00
 0.10001982465115E+00
 0.99978570958025E-01
 0.99930783467406E-01
 0.99884311139956E-01
 0.99836366567525E-01
 0.99787367106249E-01
 0.99735476262087E-01
 0.99682666204179E-01
 0.99626061988894E-01
 0.99570334546651E-01
 0.99508700288935E-01
 0.99448036606309E-01
 0.99383713054496E-01
 0.99311613900152E-01
 0.99237104492260E-01
 0.99162016840531E-01
 0.99079500264607E-01
 0.98992789716373E-01
 0.98904344731704E-01
 0.98804392274405E-01
 0.98698595608223E-01
 0.98587714043846E-01
 0.98467203129961E-01
 0.98334088191037E-01
 0.98192556311174E-01
 0.98041197107441E-01
 0.97871461063555E-01
 0.97687656531846E-01
 0.97485933526298E-01
 0.97265015947890E-01
 0.97015650985684E-01
 0.96744013736490E-01
 0.96448307742800E-01
 0.96112943583477E-01
 0.95741939362883E-01
 0.95330699279308E-01
 0.94890133099133E-01
 0.94394425022504E-01
 0.93867111520501E-01
 0.93295053308938E-01
 0.92687052273214E-01
 0.92054492721466E-01
 0.91398889030982E-01
 0.90736370252283E-01
 0.90077288660589E-01
 0.89428849632275E-01
 0.88808299204352E-01
 0.88222317685878E-01
 0.87673075552899E-01
 0.87171818151367E-01
 0.86717178738350E-01
 0.86307589801974E-01
 0.85951520457892E-01
 0.85638823448737E-01
 0.85373220784620E-01
 0.85150465517867E-01
 0.84969825315621E-01
 0.84827203288629E-01
 0.84723361310185E-01
 0.84653165128463E-01
 0.84615796728666E-01
 0.84608393721432E-01
 0.84629720025478E-01
 0.84677871886208E-01
 0.84750882185911E-01
 0.84847138971778E-01
 0.84965642550414E-01
 0.85105184624693E-01
 0.85264241366897E-01
 0.85441083498727E-01
 0.85635300561017E-01
 0.85846797341846E-01
 0.86073372508462E-01
 0.86314906966564E-01
 0.86568862409339E-01
 0.86838205722053E-01
 0.87118266758352E-01
 0.87411891127927E-01
 0.87718347449475E-01
 0.88034142388666E-01
 0.88360347816421E-01
 0.88697334611481E-01
 0.89043897051405E-01
 0.89399177698350E-01
 0.89764378818535E-01
 0.90139110595804E-01
