 0.30966386294506E+03
 0.30966386294510E+03
 0.30966386294574E+03
 0.30966386298241E+03
 0.30966386388633E+03
 0.30966386761272E+03
 0.30966385083566E+03
 0.30966367797331E+03
 0.30966298400405E+03
 0.30966109445740E+03
 0.30965702590182E+03
 0.30964955004353E+03
 0.30963730736215E+03
 0.30961887988951E+03
 0.30959291451869E+03
 0.30955819087591E+03
 0.30951355400541E+03
 0.30945811550446E+03
 0.30939117416725E+03
 0.30931206274324E+03
 0.30919927200407E+03
 0.30908917538234E+03
 0.30896579423632E+03
 0.30882910772179E+03
 0.30867916395626E+03
 0.30851625803093E+03
 0.30834060356700E+03
 0.30815250436214E+03
 0.30795260452571E+03
 0.30774128442171E+03
 0.30751898746323E+03
 0.30728639066550E+03
 0.30704413437755E+03
 0.30679265932923E+03
 0.30653278765076E+03
 0.30626481528108E+03
 0.30599013974536E+03
 0.30570829183869E+03
 0.30542049411669E+03
 0.30512757305571E+03
 0.30482951996731E+03
 0.30452711275979E+03
 0.30422158414720E+03
 0.30391158894183E+03
 0.30359900980074E+03
 0.30328319657852E+03
 0.30296503934174E+03
 0.30264471644494E+03
 0.30232243159255E+03
 0.30199761452188E+03
 0.30167159119385E+03
 0.30134370571555E+03
 0.30101412574565E+03
 0.30068342795008E+03
 0.30034842968779E+03
 0.30001322482750E+03
 0.29967627417574E+03
 0.29933787561020E+03
 0.29899543589110E+03
 0.29864950611677E+03
 0.29830246803924E+03
 0.29795194245772E+03
 0.29759810420903E+03
 0.29723985424617E+03
 0.29687875660742E+03
 0.29651307570299E+03
 0.29613980048128E+03
 0.29576769503695E+03
 0.29538138138109E+03
 0.29499895661025E+03
 0.29460202438327E+03
 0.29420392192869E+03
 0.29379136960667E+03
 0.29337875189485E+03
 0.29295790619604E+03
 0.29252691404212E+03
 0.29208809850782E+03
 0.29163973634044E+03
 0.29117955130516E+03
 0.29071776874540E+03
 0.29023454291028E+03
 0.28974391753666E+03
 0.28924860422228E+03
 0.28873483247861E+03
 0.28820848968802E+03
 0.28766616776656E+03
 0.28711708157778E+03
 0.28655239122947E+03
 0.28596635428149E+03
 0.28537248667017E+03
 0.28476427798475E+03
 0.28412838168449E+03
 0.28348892743006E+03
 0.28282680097925E+03
 0.28214345527197E+03
 0.28143725229991E+03
 0.28071817681149E+03
 0.27997589580451E+03
 0.27921297724762E+03
 0.27842647275392E+03
 0.27761560341598E+03
 0.27678389680538E+03
 0.27592874110125E+03
 0.27504093200918E+03
 0.27412906051284E+03
 0.27319230903486E+03
 0.27222679683420E+03
 0.27122708827469E+03
 0.27018901280519E+03
 0.26913181256081E+03
 0.26803013464476E+03
 0.26689178639911E+03
 0.26572081341944E+03
 0.26450423419862E+03
 0.26324558373246E+03
 0.26196723814553E+03
 0.26060394041034E+03
 0.25921299762858E+03
 0.25777315731283E+03
 0.25628550382212E+03
 0.25473367308210E+03
 0.25313217028187E+03
 0.25145624021266E+03
 0.24974147839768E+03
 0.24793170481171E+03
 0.24608213218574E+03
 0.24415085554746E+03
 0.24210354313877E+03
 0.23998336175007E+03
 0.23780259546403E+03
 0.23550326554635E+03
 0.23311162206161E+03
 0.23064949570629E+03
 0.22802975763127E+03
 0.22530160866622E+03
 0.22247560790515E+03
 0.21951127168977E+03
 0.21638672605948E+03
 0.21314519577252E+03
 0.20980605362431E+03
 0.20622531581494E+03
 0.20253905076705E+03
 0.19869764556416E+03
 0.19471687618978E+03
 0.19054476381758E+03
 0.18627366627703E+03
 0.18193091218419E+03
 0.17744350173838E+03
 0.17290981268920E+03
 0.16837026812748E+03
 0.16397323175428E+03
 0.15963176366357E+03
 0.15557116102352E+03
 0.15178870760320E+03
 0.14839289995422E+03
 0.14547075978117E+03
 0.14305035048620E+03
 0.14118080038792E+03
 0.13986570642241E+03
 0.13908837185119E+03
 0.13882270845166E+03
 0.13901974265970E+03
 0.13963309249202E+03
 0.14060081045866E+03
 0.14187687456667E+03
 0.14342627006733E+03
 0.14517267491538E+03
 0.14712018050643E+03
 0.14921086875894E+03
 0.15143380572361E+03
 0.15375460603585E+03
 0.15617835115502E+03
 0.15864337533802E+03
 0.16118325371802E+03
 0.16375777740618E+03
 0.16639420251399E+03
 0.16905649149922E+03
 0.17174673501959E+03
 0.17444752425721E+03
 0.17716230962874E+03
 0.17990379495918E+03
 0.18266478817385E+03
 0.18543539746026E+03
 0.18820288195803E+03
 0.19097960428011E+03
 0.19377694628206E+03
 0.19657280546154E+03
 0.19937626194802E+03
 0.20216435740015E+03
 0.20498258960372E+03
 0.20778184772461E+03
 0.21060129918902E+03
 0.21343670637545E+03
 0.21625717175025E+03
 0.21907914262337E+03
 0.22191034955254E+03
 0.22474281788490E+03
 0.22757233842739E+03
 0.23041308903167E+03
 0.23326366375929E+03
