 0.21140089951492E+08
 0.21140089951487E+08
 0.21140089951416E+08
 0.21140089951002E+08
 0.21140089949331E+08
 0.21140089944668E+08
 0.21140090048753E+08
 0.21140090529864E+08
 0.21140092253790E+08
 0.21140096868176E+08
 0.21140107191165E+08
 0.21140126663461E+08
 0.21140160645068E+08
 0.21140214944652E+08
 0.21140295299785E+08
 0.21140410022799E+08
 0.21140565507287E+08
 0.21140768967994E+08
 0.21141027356037E+08
 0.21141347827178E+08
 0.21141740617765E+08
 0.21142204986074E+08
 0.21142751689913E+08
 0.21143385302202E+08
 0.21144113856261E+08
 0.21144942313629E+08
 0.21145879337360E+08
 0.21146919260652E+08
 0.21148073452028E+08
 0.21149351037604E+08
 0.21150763785994E+08
 0.21152300312348E+08
 0.21153981470081E+08
 0.21155818375384E+08
 0.21157790826499E+08
 0.21159930736882E+08
 0.21162232240484E+08
 0.21164720490481E+08
 0.21167373381847E+08
 0.21170190010904E+08
 0.21173248089254E+08
 0.21176485408627E+08
 0.21179913118906E+08
 0.21183551797038E+08
 0.21187440757061E+08
 0.21191538837292E+08
 0.21195820694969E+08
 0.21200326445987E+08
 0.21205083616373E+08
 0.21210077942362E+08
 0.21215268100628E+08
 0.21220707816531E+08
 0.21226351369841E+08
 0.21232227798991E+08
 0.21238352676115E+08
 0.21244688420015E+08
 0.21251219369615E+08
 0.21258016077168E+08
 0.21264981076929E+08
 0.21272074199997E+08
 0.21279582049188E+08
 0.21287054764374E+08
 0.21294719319773E+08
 0.21302694647769E+08
 0.21310639269575E+08
 0.21318981318465E+08
 0.21327330339288E+08
 0.21335534213908E+08
 0.21344102127192E+08
 0.21352576410608E+08
 0.21361422920940E+08
 0.21370216884187E+08
 0.21378722719202E+08
 0.21387751202679E+08
 0.21396429505457E+08
 0.21405325511895E+08
 0.21414107887381E+08
 0.21423048265040E+08
 0.21431450565328E+08
 0.21440235439484E+08
 0.21448761690407E+08
 0.21457145051804E+08
 0.21465314900475E+08
 0.21473402056423E+08
 0.21481737155694E+08
 0.21489491652345E+08
 0.21497030132003E+08
 0.21504687577346E+08
 0.21512083660906E+08
 0.21519431616201E+08
 0.21526045052704E+08
 0.21532381992681E+08
 0.21538929240032E+08
 0.21545394073251E+08
 0.21550950651054E+08
 0.21556092423130E+08
 0.21561733038030E+08
 0.21566507031222E+08
 0.21571241364618E+08
 0.21575566562975E+08
 0.21579962825938E+08
 0.21583672441374E+08
 0.21587063268072E+08
 0.21590559414135E+08
 0.21594099309518E+08
 0.21597066054755E+08
 0.21599510548456E+08
 0.21602719289757E+08
 0.21605563051823E+08
 0.21607946163859E+08
 0.21610282902157E+08
 0.21613158025541E+08
 0.21616214750493E+08
 0.21619801279533E+08
 0.21624284711595E+08
 0.21628880567796E+08
 0.21634425522490E+08
 0.21641264008072E+08
 0.21649807308537E+08
 0.21660086156026E+08
 0.21672397424430E+08
 0.21687280171053E+08
 0.21706653035020E+08
 0.21730305838425E+08
 0.21758585959521E+08
 0.21792878657999E+08
 0.21834819183852E+08
 0.21887671689617E+08
 0.21952087345875E+08
 0.22030234574563E+08
 0.22126202412176E+08
 0.22245191058479E+08
 0.22388480171994E+08
 0.22564265456284E+08
 0.22778878067326E+08
 0.23033714293895E+08
 0.23340082115682E+08
 0.23697654360097E+08
 0.24107591198225E+08
 0.24565103407912E+08
 0.25063680045096E+08
 0.25598896525108E+08
 0.26155981240026E+08
 0.26722628781006E+08
 0.27290897755020E+08
 0.27845660342122E+08
 0.28386063109031E+08
 0.28900746652895E+08
 0.29389591384397E+08
 0.29848684405987E+08
 0.30269810493849E+08
 0.30660721392959E+08
 0.31020582685269E+08
 0.31343137589897E+08
 0.31634565523061E+08
 0.31892217633504E+08
 0.32119580061214E+08
 0.32316247149952E+08
 0.32485226496304E+08
 0.32625982174791E+08
 0.32740427261866E+08
 0.32830571184233E+08
 0.32897045379995E+08
 0.32941145178554E+08
 0.32963931097482E+08
 0.32966916392400E+08
 0.32951094878266E+08
 0.32917551374219E+08
 0.32867295857689E+08
 0.32801383306069E+08
 0.32721060119643E+08
 0.32626389366876E+08
 0.32518854969071E+08
 0.32399976323040E+08
 0.32269199633184E+08
 0.32127567908688E+08
 0.31977258168697E+08
 0.31816887473050E+08
 0.31648525298065E+08
 0.31470813035815E+08
 0.31288806554842E+08
 0.31098083723297E+08
 0.30902170626927E+08
 0.30697887993292E+08
 0.30491169428784E+08
 0.30277680788120E+08
 0.30062000911920E+08
 0.29840648708094E+08
 0.29616189729083E+08
 0.29388152659045E+08
 0.29157754273716E+08
 0.28923280838337E+08
 0.28686528285658E+08
 0.28448252551022E+08
 0.28208674616878E+08
 0.27968486185340E+08
 0.27726125810291E+08
 0.27481300928469E+08
 0.27236165803811E+08
 0.26991794727028E+08
 0.26745876034191E+08
 0.26500948141482E+08
 0.26253018898623E+08
 0.26007867146541E+08
 0.25760175665944E+08
 0.25515493100990E+08
 0.25269952962490E+08
 0.25024469845755E+08
 0.24780252433427E+08
 0.24537291847129E+08
 0.24293867637350E+08
 0.24051928167147E+08
 0.23809860797747E+08
 0.23571312184536E+08
 0.23333037861981E+08
 0.23095551674786E+08
 0.22859930672250E+08
 0.22625161028478E+08
 0.22392904151746E+08
 0.22161116185488E+08
 0.21931890593263E+08
 0.21702540771304E+08
 0.21474805503989E+08
 0.21250054254858E+08
 0.21025837282697E+08
 0.20805048754579E+08
 0.20585337645653E+08
 0.20367730407680E+08
 0.20150873460421E+08
 0.19936854720158E+08
 0.19725559567598E+08
 0.19513792186792E+08
 0.19305246867489E+08
 0.19098891941574E+08
 0.18892432621139E+08
 0.18690934210063E+08
 0.18489754090571E+08
 0.18291090551693E+08
 0.18092988643132E+08
 0.17898029365822E+08
 0.17705340863595E+08
 0.17513584572417E+08
 0.17325016162372E+08
 0.17137721966376E+08
 0.16951777515183E+08
 0.16769224443210E+08
 0.16587464625743E+08
 0.16407532789045E+08
 0.16230110492561E+08
 0.16053872577613E+08
 0.15880999618912E+08
 0.15708051581718E+08
 0.15538676212435E+08
 0.15370401733009E+08
 0.15204422308920E+08
 0.15039867935465E+08
 0.14877144498047E+08
 0.14715929580586E+08
 0.14558170244145E+08
 0.14400014576136E+08
 0.14245651383542E+08
 0.14090905588824E+08
 0.13939281323329E+08
 0.13789680853345E+08
 0.13641819026038E+08
 0.13494722284619E+08
 0.13349603214823E+08
 0.13206176424177E+08
 0.13065504973059E+08
 0.12925171541823E+08
 0.12786875731264E+08
 0.12650807483160E+08
 0.12515471038747E+08
 0.12381459737641E+08
 0.12249933896004E+08
 0.12119688733130E+08
 0.11990850470336E+08
 0.11864387883302E+08
 0.11738238784241E+08
 0.11613658769190E+08
 0.11490801308866E+08
 0.11369791237738E+08
 0.11250109941399E+08
 0.11131616129456E+08
 0.11014580768502E+08
 0.10899150715635E+08
 0.10785281768472E+08
 0.10672414538236E+08
 0.10561608654226E+08
 0.10451316292032E+08
 0.10341793539076E+08
 0.10235401578532E+08
 0.10128728397712E+08
 0.10024354151119E+08
 0.99205731408031E+07
 0.98178386657008E+07
 0.97170007532145E+07
 0.96170098629112E+07
 0.95182293116799E+07
 0.94207130281556E+07
