 0.16432730420240E+00
 0.16432730420236E+00
 0.16432730420183E+00
 0.16432730419992E+00
 0.16432730418737E+00
 0.16432730411556E+00
 0.16432730225332E+00
 0.16432729422964E+00
 0.16432726668586E+00
 0.16432719381834E+00
 0.16432703280102E+00
 0.16432672136132E+00
 0.16432618676871E+00
 0.16432532434233E+00
 0.16432404580218E+00
 0.16432220009762E+00
 0.16431968649218E+00
 0.16431637669854E+00
 0.16431213382480E+00
 0.16430683271007E+00
 0.16430025887429E+00
 0.16429244500825E+00
 0.16428316855475E+00
 0.16427230783243E+00
 0.16425971459250E+00
 0.16424527549217E+00
 0.16422878747943E+00
 0.16421032151040E+00
 0.16418966192657E+00
 0.16416658545185E+00
 0.16414084405767E+00
 0.16411260633897E+00
 0.16408145437884E+00
 0.16404712303035E+00
 0.16400996796416E+00
 0.16396936966600E+00
 0.16392535973404E+00
 0.16387748281686E+00
 0.16382605661793E+00
 0.16377109527535E+00
 0.16371113405866E+00
 0.16364732454496E+00
 0.16357940075673E+00
 0.16350692236409E+00
 0.16342922258917E+00
 0.16334698499621E+00
 0.16326062404047E+00
 0.16316939396492E+00
 0.16307282969208E+00
 0.16297110377211E+00
 0.16286487173706E+00
 0.16275325923521E+00
 0.16263687036162E+00
 0.16251521967986E+00
 0.16238795061677E+00
 0.16225559579077E+00
 0.16211841437124E+00
 0.16197502119896E+00
 0.16182693895992E+00
 0.16167477511902E+00
 0.16151345048536E+00
 0.16135040431900E+00
 0.16118166765986E+00
 0.16100494888277E+00
 0.16082576936503E+00
 0.16063683511939E+00
 0.16044417563935E+00
 0.16025007521813E+00
 0.16004579317129E+00
 0.15983858308144E+00
 0.15962046083755E+00
 0.15939803873530E+00
 0.15917455982064E+00
 0.15893659047428E+00
 0.15869775496468E+00
 0.15844858571373E+00
 0.15819351284068E+00
 0.15792810072880E+00
 0.15766300202042E+00
 0.15738269880695E+00
 0.15709681779286E+00
 0.15680316540662E+00
 0.15650240875442E+00
 0.15619153679085E+00
 0.15586453716428E+00
 0.15553428202389E+00
 0.15519425990225E+00
 0.15483801694599E+00
 0.15447172537444E+00
 0.15409008206494E+00
 0.15370455455017E+00
 0.15330621501342E+00
 0.15288662369544E+00
 0.15244935268039E+00
 0.15200784031854E+00
 0.15155257355469E+00
 0.15106704547678E+00
 0.15057447063438E+00
 0.15005822780007E+00
 0.14952552351921E+00
 0.14896467958352E+00
 0.14839050568076E+00
 0.14779382949476E+00
 0.14716699010499E+00
 0.14650871188740E+00
 0.14582987343496E+00
 0.14512911956429E+00
 0.14438069223701E+00
 0.14360424172782E+00
 0.14280155727348E+00
 0.14196420979815E+00
 0.14107825653022E+00
 0.14015300577237E+00
 0.13917761963801E+00
 0.13814630194513E+00
 0.13707309930205E+00
 0.13594410141780E+00
 0.13475222532102E+00
 0.13348829109613E+00
 0.13215748182317E+00
 0.13075413037013E+00
 0.12927425474143E+00
 0.12768567743284E+00
 0.12600008998466E+00
 0.12422430764569E+00
 0.12234519834532E+00
 0.12035060781461E+00
 0.11820577236776E+00
 0.11593226124932E+00
 0.11353295513339E+00
 0.11098560484130E+00
 0.10826751039001E+00
 0.10542619437257E+00
 0.10241891174960E+00
 0.99242251329503E-01
 0.95952173278951E-01
 0.92485997148366E-01
 0.88889391667869E-01
 0.85170390602735E-01
 0.81350383822383E-01
 0.77444968425266E-01
 0.73437992012823E-01
 0.69368270078735E-01
 0.65272320542022E-01
 0.61156184862594E-01
 0.57082246050642E-01
 0.53047289215214E-01
 0.49122324283776E-01
 0.45312652819972E-01
 0.41654653755178E-01
 0.38229934772033E-01
 0.34992452333947E-01
 0.31957902591911E-01
 0.29188367353364E-01
 0.26636764403737E-01
 0.24325474134938E-01
 0.22224858227792E-01
 0.20331757577348E-01
 0.18616418456726E-01
 0.17079157611389E-01
 0.15699305813381E-01
 0.14451282760130E-01
 0.13327352209573E-01
 0.12316352456478E-01
 0.11407162668952E-01
 0.10581844209833E-01
 0.98355878797757E-02
 0.91592872267522E-02
 0.85436938648593E-02
 0.79838916016717E-02
 0.74755220885669E-02
 0.70078772993929E-02
 0.65800233989345E-02
 0.61906097180860E-02
 0.58301789607661E-02
 0.54977127209551E-02
 0.51938876283319E-02
 0.49111457644480E-02
 0.46504723122985E-02
 0.44070086237238E-02
 0.41845019607209E-02
 0.39754765861550E-02
 0.37818405415042E-02
 0.35988498002007E-02
 0.34303893565637E-02
 0.32713098734094E-02
 0.31242542094442E-02
 0.29850933471502E-02
 0.28550784219911E-02
 0.27323965679140E-02
 0.26177345321373E-02
 0.25087778170104E-02
 0.24063170765745E-02
 0.23097632916918E-02
 0.22188663508096E-02
 0.21331895614597E-02
 0.20519332809279E-02
 0.19744174831243E-02
 0.19012261600585E-02
 0.18321739478651E-02
