 0.13708380095672E+03
 0.13708380095668E+03
 0.13708380095628E+03
 0.13708380104278E+03
 0.13708380419564E+03
 0.13708383395743E+03
 0.13708396560561E+03
 0.13708433276320E+03
 0.13708509673953E+03
 0.13708640656966E+03
 0.13708837510282E+03
 0.13709107221545E+03
 0.13709452878158E+03
 0.13709874545735E+03
 0.13710369749105E+03
 0.13710934226648E+03
 0.13711562574158E+03
 0.13712248251817E+03
 0.13712984303269E+03
 0.13713763313351E+03
 0.13710579150409E+03
 0.13710386046827E+03
 0.13710161987738E+03
 0.13709906004981E+03
 0.13709617789157E+03
 0.13709297378092E+03
 0.13708945557526E+03
 0.13708563097118E+03
 0.13708151888006E+03
 0.13707714211699E+03
 0.13707252905807E+03
 0.13706770355344E+03
 0.13706270554524E+03
 0.13705757268958E+03
 0.13705233294186E+03
 0.13704703726375E+03
 0.13704172228920E+03
 0.13703643310244E+03
 0.13703120355239E+03
 0.13702606894569E+03
 0.13702109184340E+03
 0.13701628350086E+03
 0.13701168122982E+03
 0.13700732234410E+03
 0.13700324329492E+03
 0.13699945747001E+03
 0.13699597768755E+03
 0.13699283543768E+03
 0.13699005446298E+03
 0.13698764561066E+03
 0.13698560942757E+03
 0.13698396988899E+03
 0.13698272809618E+03
 0.13698189406840E+03
 0.13698148628885E+03
 0.13698149908810E+03
 0.13698193802351E+03
 0.13698283137043E+03
 0.13698416084116E+03
 0.13698593759582E+03
 0.13698824613483E+03
 0.13699099101919E+03
 0.13699424878643E+03
 0.13699808519913E+03
 0.13700243854912E+03
 0.13700745511431E+03
 0.13701307625058E+03
 0.13701931843086E+03
 0.13702636319045E+03
 0.13703415696812E+03
 0.13704289343022E+03
 0.13705253694580E+03
 0.13706310697284E+03
 0.13707493635608E+03
 0.13708788675043E+03
 0.13710224757575E+03
 0.13711803305786E+03
 0.13713548101546E+03
 0.13715450647843E+03
 0.13717560601810E+03
 0.13719873889418E+03
 0.13722416665235E+03
 0.13725203168805E+03
 0.13728265118882E+03
 0.13731640468078E+03
 0.13735324842799E+03
 0.13739358714997E+03
 0.13743793549753E+03
 0.13748642105084E+03
 0.13753959366167E+03
 0.13759741698869E+03
 0.13766063930564E+03
 0.13772991459835E+03
 0.13780563835581E+03
 0.13788788406249E+03
 0.13797741821398E+03
 0.13807570428716E+03
 0.13818220777506E+03
 0.13829848143030E+03
 0.13842497194353E+03
 0.13856314853839E+03
 0.13871299337535E+03
 0.13887602888769E+03
 0.13905381698462E+03
 0.13924766273910E+03
 0.13945828294432E+03
 0.13968677283650E+03
 0.13993713634672E+03
 0.14020924087620E+03
 0.14050475504699E+03
 0.14082653031334E+03
 0.14117850020485E+03
 0.14156193501843E+03
 0.14198121644406E+03
 0.14244028103241E+03
 0.14294114203848E+03
 0.14348890115153E+03
 0.14408974565535E+03
 0.14475045584971E+03
 0.14547483266172E+03
 0.14627128631175E+03
 0.14714768957526E+03
 0.14811769661537E+03
 0.14918980758807E+03
 0.15037178857219E+03
 0.15167756150668E+03
 0.15312297704433E+03
 0.15473315383239E+03
 0.15651704503059E+03
 0.15848885365817E+03
 0.16067476980743E+03
 0.16310517203594E+03
 0.16577919984963E+03
 0.16875692097351E+03
 0.17200026773293E+03
 0.17560744718890E+03
 0.17958192285018E+03
 0.18394879115602E+03
 0.18874728179113E+03
 0.19400858325763E+03
 0.19977222943553E+03
 0.20612109475902E+03
 0.21309034758530E+03
 0.22071794856153E+03
 0.22908568359666E+03
 0.23819469367392E+03
 0.24814683854661E+03
 0.25890755567277E+03
 0.27055115550862E+03
 0.28307810516384E+03
 0.29631696356991E+03
 0.31042003737037E+03
 0.32536775572779E+03
 0.34089805800994E+03
 0.35714126232754E+03
 0.37390900700216E+03
 0.39124574845920E+03
 0.40904200142276E+03
 0.42736231826345E+03
 0.44604734205568E+03
 0.46509322934853E+03
 0.48458513859243E+03
 0.50444398696459E+03
 0.52462601981224E+03
 0.54509587603888E+03
 0.56595824998825E+03
 0.58713140823327E+03
 0.60861794670005E+03
 0.63045412843109E+03
 0.65259753188636E+03
 0.67499635580954E+03
 0.69781576631348E+03
 0.72095289781826E+03
 0.74429937120275E+03
 0.76808080776720E+03
 0.79222761156276E+03
 0.81657356880594E+03
 0.84136846733047E+03
 0.86645230185334E+03
 0.89200609116306E+03
 0.91767223741632E+03
 0.94385149373109E+03
 0.97031381792374E+03
 0.99735861004701E+03
 0.10245585440331E+04
 0.10522958257131E+04
 0.10802184076625E+04
 0.11086808240024E+04
 0.11374684649134E+04
 0.11667287816266E+04
 0.11962946722486E+04
 0.12264237179204E+04
 0.12569398213629E+04
 0.12878647996462E+04
 0.13191695722422E+04
 0.13508614957401E+04
 0.13830344882667E+04
 0.14157826209298E+04
 0.14489286380273E+04
 0.14824434889665E+04
