 0.98445526788544E+00
 0.98445526788544E+00
 0.98445526788544E+00
 0.98445526788544E+00
 0.98445526788544E+00
 0.98445526788544E+00
 0.98445526788544E+00
 0.98445526788544E+00
 0.98445526788544E+00
 0.98445524117202E+00
 0.98445644462219E+00
 0.98445474659539E+00
 0.98445353785076E+00
 0.98445434386831E+00
 0.98445270496311E+00
 0.98445338818560E+00
 0.98445295250129E+00
 0.98445486664520E+00
 0.98445416196184E+00
 0.98445289072232E+00
 0.98445355309864E+00
 0.98445475728037E+00
 0.98445432953585E+00
 0.98445154454734E+00
 0.98445078510554E+00
 0.98445297348158E+00
 0.98445380260766E+00
 0.98445206052500E+00
 0.98445025502222E+00
 0.98445298704210E+00
 0.98445540243580E+00
 0.98445270914934E+00
 0.98446084873893E+00
 0.98446067617615E+00
 0.98445591123378E+00
 0.98446534389154E+00
 0.98446131593566E+00
 0.98445888479936E+00
 0.98447151591552E+00
 0.98446070226534E+00
 0.98445107687950E+00
 0.98446650320068E+00
 0.98445618424541E+00
 0.98447218875861E+00
 0.98448014467735E+00
 0.98448091966115E+00
 0.98447837329629E+00
 0.98447212434079E+00
 0.98446193999172E+00
 0.98447990326845E+00
 0.98446206157093E+00
 0.98448479071232E+00
 0.98447413432645E+00
 0.98446952644892E+00
 0.98446809925789E+00
 0.98448565018022E+00
 0.98443740880740E+00
 0.98446026548208E+00
 0.98448358102400E+00
 0.98447714237789E+00
 0.98448539233904E+00
 0.98448389533914E+00
 0.98444221380498E+00
 0.98447864908845E+00
 0.98442666461552E+00
 0.98448088899575E+00
 0.98448332615000E+00
 0.98440520968706E+00
 0.98448513425412E+00
 0.98442852676629E+00
 0.98447898367705E+00
 0.98446444561616E+00
 0.98445130143771E+00
 0.98447444528161E+00
 0.98443106252308E+00
 0.98448513162661E+00
 0.98447019278786E+00
 0.98443358626523E+00
 0.98442397960278E+00
 0.98442914444109E+00
 0.98444012267592E+00
 0.98444370639900E+00
 0.98447284078478E+00
 0.98444486749560E+00
 0.98444404857467E+00
 0.98447954730243E+00
 0.98442589184894E+00
 0.98441011977368E+00
 0.98442888567198E+00
 0.98443568064145E+00
 0.98447882386421E+00
 0.98446840871179E+00
 0.98443415067537E+00
 0.98448167880728E+00
 0.98443390091747E+00
 0.98445619893504E+00
 0.98443970705052E+00
 0.98443929792339E+00
 0.98449632277622E+00
 0.98449961033698E+00
 0.98445166911727E+00
 0.98446263274598E+00
 0.98447146195654E+00
 0.98447502238020E+00
 0.98450971008823E+00
 0.98451806290974E+00
 0.98450254290661E+00
 0.98448595356830E+00
 0.98447069694808E+00
 0.98451862680908E+00
 0.98457442170715E+00
 0.98454955227732E+00
 0.98460635206767E+00
 0.98455770189566E+00
 0.98458441660200E+00
 0.98462144373250E+00
 0.98462072973737E+00
 0.98466341446592E+00
 0.98466914985629E+00
 0.98472243943565E+00
 0.98474284611113E+00
 0.98479349769394E+00
 0.98484095241679E+00
 0.98490388415425E+00
 0.98495101251517E+00
 0.98497890413232E+00
 0.98504301050232E+00
 0.98505494884790E+00
 0.98518726629595E+00
 0.98524378892399E+00
 0.98522952868463E+00
 0.98533331529405E+00
 0.98536002535551E+00
 0.98541614812222E+00
 0.98544730006302E+00
 0.98551791642603E+00
 0.98562236511381E+00
 0.98558720262876E+00
 0.98570339076992E+00
 0.98572162204274E+00
 0.98577072172171E+00
 0.98582199920898E+00
 0.98592238700872E+00
 0.98597410057258E+00
 0.98597167870103E+00
 0.98608807533791E+00
 0.98608918590369E+00
 0.98615802907265E+00
 0.98617627116522E+00
 0.98618933804310E+00
 0.98624273146823E+00
 0.98628546196953E+00
 0.98634430242625E+00
 0.98637662780101E+00
 0.98633037668974E+00
 0.98637237679861E+00
 0.98637872322008E+00
 0.98636122594895E+00
 0.98634762482753E+00
 0.98633456395975E+00
 0.98639720282089E+00
 0.98633784474816E+00
 0.98632679663706E+00
 0.98628008205558E+00
 0.98623406572546E+00
 0.98617073591516E+00
 0.98612594850044E+00
 0.98600967880955E+00
 0.98596289429773E+00
 0.98590856522830E+00
 0.98576797467844E+00
 0.98570675447412E+00
 0.98558570535648E+00
 0.98546394822626E+00
 0.98530937695011E+00
 0.98512975662849E+00
 0.98492893643465E+00
 0.98474290933830E+00
 0.98456948359677E+00
 0.98437229698363E+00
 0.98414484283045E+00
 0.98390139488948E+00
 0.98372983264329E+00
 0.98346437801803E+00
 0.98314430981423E+00
 0.98282236137039E+00
 0.98255183930368E+00
 0.98229944036830E+00
 0.98197000739264E+00
 0.98155085126170E+00
 0.98127606505757E+00
 0.98084314214968E+00
 0.98043342147806E+00
 0.98006950459352E+00
 0.97962836232488E+00
 0.97927524764543E+00
 0.97871993862486E+00
 0.97831175035838E+00
 0.97783908721685E+00
 0.97733206031587E+00
 0.97686542378992E+00
 0.97632323574968E+00
 0.97575313974002E+00
 0.97521890910044E+00
 0.97466524213273E+00
 0.97411494861908E+00
 0.97348830836734E+00
 0.97287919269821E+00
 0.97232685748254E+00
 0.97159827351855E+00
 0.97104241104435E+00
 0.97033541226690E+00
 0.96967797975398E+00
 0.96897818467887E+00
 0.96827545411335E+00
 0.96746904510465E+00
 0.96669113656448E+00
 0.96595144005327E+00
 0.96524161943318E+00
 0.96442721374584E+00
 0.96369169344919E+00
 0.96285361999912E+00
 0.96207781851318E+00
 0.96119584770911E+00
 0.96032858813792E+00
 0.95953736887506E+00
 0.95855370328339E+00
 0.95772910142456E+00
 0.95682199894189E+00
 0.95590109420081E+00
 0.95506092925976E+00
 0.95412075629377E+00
 0.95311565498441E+00
 0.95213175416549E+00
 0.95126505062721E+00
 0.95018653584544E+00
 0.94922397811395E+00
 0.94829447497039E+00
 0.94718353988928E+00
 0.94615766427683E+00
 0.94512781897886E+00
 0.94409962388708E+00
 0.94305452029316E+00
 0.94199762343665E+00
 0.94092093050241E+00
 0.93978043347879E+00
 0.93874604884172E+00
 0.93759116472617E+00
 0.93659510116495E+00
 0.93535470669844E+00
 0.93436306518490E+00
 0.93321834118728E+00
 0.93200539732418E+00
 0.93078238061804E+00
 0.92961717160142E+00
 0.92856466966683E+00
 0.92732228037415E+00
 0.92607314442513E+00
 0.92497633082025E+00
 0.92379997653245E+00
 0.92254072258576E+00
 0.92130907452083E+00
 0.92008361368614E+00
 0.91891013316084E+00
 0.91759764487919E+00
 0.91637991184371E+00
 0.91514554399882E+00
 0.91394168400353E+00
 0.91262094858990E+00
 0.91134799203906E+00
 0.91005013846130E+00
 0.90881592728320E+00
 0.90758841770175E+00
 0.90620245467761E+00
 0.90501492531698E+00
 0.90359332785785E+00
 0.90227720507992E+00
 0.90100717832138E+00
 0.89971632809716E+00
 0.89847381210389E+00
 0.89706019939867E+00
 0.89572009715800E+00
 0.89446488389908E+00
 0.89305273456258E+00
 0.89172571822711E+00
 0.89044571394337E+00
 0.88903209792438E+00
 0.88770664170652E+00
 0.88642774827069E+00
 0.88508605574867E+00
 0.88359150902331E+00
 0.88233212356695E+00
 0.88088846290782E+00
 0.87962547105853E+00
 0.87817230871157E+00
 0.87680201787570E+00
 0.87549262923053E+00
 0.87411759812480E+00
 0.87274526854448E+00
 0.87128239190836E+00
