 0.64710694463868E-04
 0.64709147731278E-04
 0.64706566878458E-04
 0.64702952542888E-04
 0.64698298816402E-04
 0.64692602331337E-04
 0.64685860037704E-04
 0.64678060941009E-04
 0.64669200427554E-04
 0.64659269159163E-04
 0.64648259435051E-04
 0.64636161633031E-04
 0.64622968183617E-04
 0.64608669591487E-04
 0.64593254839774E-04
 0.64576715866649E-04
 0.64559042074645E-04
 0.64540218603138E-04
 0.64520238619996E-04
 0.64499083453660E-04
 0.64476739917332E-04
 0.64453194347388E-04
 0.64428428337712E-04
 0.64402416202771E-04
 0.64375142504563E-04
 0.64346578035288E-04
 0.64316691528373E-04
 0.64285458931125E-04
 0.64252851815352E-04
 0.64218824741784E-04
 0.64183343568208E-04
 0.64146378217791E-04
 0.64107882120032E-04
 0.64067807028133E-04
 0.64026143240061E-04
 0.63982827869852E-04
 0.63937833238226E-04
 0.63891112242133E-04
 0.63842653470953E-04
 0.63792432130374E-04
 0.63740364485850E-04
 0.63686484405523E-04
 0.63630770619917E-04
 0.63573188070953E-04
 0.63513699060749E-04
 0.63452334485941E-04
 0.63389113221893E-04
 0.63324004630512E-04
 0.63256993968952E-04
 0.63188099970532E-04
 0.63117368090779E-04
 0.63044773814404E-04
 0.62970362594048E-04
 0.62894139254444E-04
 0.62816106213482E-04
 0.62736325448192E-04
 0.62654824560497E-04
 0.62571581068036E-04
 0.62486699448572E-04
 0.62400232467631E-04
 0.62312003629402E-04
 0.62222367869853E-04
 0.62131204886128E-04
 0.62038445262276E-04
 0.61944370140123E-04
 0.61848704115863E-04
 0.61751773486999E-04
 0.61653694637732E-04
 0.61554151668350E-04
 0.61453494939093E-04
 0.61351434870557E-04
 0.61248287082503E-04
 0.61144250887983E-04
 0.61038787594131E-04
 0.60932532751434E-04
 0.60825128955130E-04
 0.60716806723739E-04
 0.60607428076831E-04
 0.60497479729459E-04
 0.60386363791044E-04
 0.60274526820993E-04
 0.60161915816485E-04
 0.60048582306590E-04
 0.59934480621676E-04
 0.59819385970202E-04
 0.59703861464929E-04
 0.59587675979617E-04
 0.59470628098405E-04
 0.59352962205864E-04
 0.59234556259898E-04
 0.59115832570125E-04
 0.58996528472384E-04
 0.58876275668135E-04
 0.58755288333592E-04
 0.58634076906588E-04
 0.58512271830787E-04
 0.58389356395388E-04
 0.58266087843360E-04
 0.58141925528633E-04
 0.58017123038636E-04
 0.57891236795231E-04
 0.57764749271823E-04
 0.57637363435576E-04
 0.57508740766412E-04
 0.57378809747824E-04
 0.57247847486595E-04
 0.57115836802103E-04
 0.56981604717458E-04
 0.56845966854248E-04
 0.56708647412275E-04
 0.56569373051977E-04
 0.56427307827089E-04
 0.56282662416042E-04
 0.56134717015330E-04
 0.55982965411711E-04
 0.55827696447825E-04
 0.55667783472217E-04
 0.55502535612589E-04
 0.55331012426621E-04
 0.55152759861566E-04
 0.54966971436343E-04
 0.54772985032292E-04
 0.54568867885885E-04
 0.54356042889611E-04
 0.54137001162522E-04
 0.53914844390958E-04
 0.53693776056037E-04
 0.53476660100692E-04
 0.53268175679682E-04
 0.53069670144446E-04
 0.52879693394886E-04
 0.52696238927489E-04
 0.52519287079712E-04
 0.52345487619284E-04
 0.52173268348946E-04
 0.52002738707896E-04
 0.51830992140468E-04
 0.51658318207851E-04
 0.51484113750154E-04
 0.51308502620369E-04
 0.51130911025310E-04
 0.50950673450357E-04
 0.50768182472925E-04
 0.50583629822984E-04
 0.50396648621227E-04
 0.50208263277551E-04
 0.50017261568867E-04
 0.49824888281040E-04
 0.49630509913087E-04
 0.49434184469012E-04
 0.49238003583406E-04
 0.49039673947610E-04
 0.48839200017969E-04
 0.48639120282185E-04
 0.48437467806168E-04
 0.48235734035702E-04
 0.48033169426343E-04
 0.47830456879424E-04
 0.47626943425793E-04
 0.47423646587297E-04
 0.47220443527427E-04
 0.47016755615862E-04
 0.46812872644600E-04
 0.46609368637575E-04
 0.46406597378024E-04
 0.46203536128614E-04
 0.46000760744526E-04
 0.45798540544651E-04
 0.45596531567255E-04
 0.45395200280069E-04
 0.45195061923567E-04
 0.44994461926483E-04
 0.44794737536377E-04
 0.44596697146438E-04
 0.44398350050457E-04
 0.44200510968922E-04
 0.44004768856891E-04
 0.43808842212214E-04
 0.43614239665162E-04
 0.43419285979482E-04
 0.43227611901475E-04
 0.43035276134864E-04
 0.42844672059908E-04
 0.42653155110362E-04
 0.42464503262143E-04
 0.42275482700010E-04
 0.42089019291821E-04
 0.41902487881573E-04
 0.41717283400048E-04
 0.41532722371472E-04
 0.41349667287879E-04
 0.41166870895716E-04
 0.40985025403406E-04
 0.40804639661069E-04
 0.40625500375282E-04
 0.40448033382460E-04
 0.40270941754079E-04
 0.40094323160196E-04
 0.39918931925893E-04
 0.39745363241377E-04
 0.39572217413959E-04
 0.39400828554968E-04
 0.39229337744492E-04
 0.39060005367674E-04
 0.38890329951641E-04
 0.38723364867121E-04
 0.38556273756226E-04
 0.38390283489284E-04
 0.38225663477342E-04
 0.38062174105692E-04
 0.37899398796508E-04
 0.37737637637010E-04
 0.37576113339735E-04
 0.37416976643158E-04
 0.37258460339177E-04
 0.37100850439443E-04
 0.36944096450471E-04
 0.36788249640673E-04
 0.36634147400557E-04
 0.36480001780239E-04
 0.36327469925854E-04
 0.36175263566186E-04
 0.36024085319500E-04
 0.35874323734525E-04
 0.35724980046890E-04
 0.35577400381949E-04
 0.35430518753655E-04
 0.35284612190600E-04
 0.35139011091771E-04
 0.34995006903712E-04
 0.34852146134681E-04
 0.34709594945412E-04
 0.34567863906964E-04
 0.34427335589697E-04
 0.34286963778130E-04
 0.34148834627210E-04
 0.34010860682210E-04
 0.33873997636349E-04
 0.33737342518315E-04
 0.33602194144377E-04
 0.33468114295566E-04
 0.33334101325485E-04
 0.33201850357052E-04
 0.33069843921043E-04
 0.32938582787734E-04
 0.32808673351814E-04
 0.32678989015370E-04
 0.32550454347412E-04
 0.32422806328928E-04
 0.32295380819176E-04
 0.32169900188396E-04
 0.32044096751303E-04
 0.31919862816579E-04
 0.31795824859523E-04
 0.31672788756525E-04
 0.31550842097733E-04
 0.31429038657640E-04
 0.31308115456440E-04
 0.31188978873332E-04
 0.31069151406339E-04
 0.30951058305346E-04
 0.30832896543567E-04
 0.30715828386775E-04
 0.30600002415516E-04
 0.30484475401709E-04
 0.30369508759033E-04
 0.30255145568930E-04
 0.30141648116530E-04
 0.30029162462282E-04
 0.29917107952505E-04
 0.29805651581949E-04
 0.29695400607166E-04
 0.29584846493187E-04
 0.29475456325329E-04
 0.29367093326942E-04
 0.29259070149244E-04
 0.29151370477687E-04
 0.29045539829032E-04
 0.28939097181942E-04
 0.28833580053596E-04
 0.28728829105685E-04
 0.28624721820070E-04
 0.28521256164192E-04
 0.28418462770258E-04
 0.28316257309378E-04
 0.28214445296568E-04
 0.28113758255516E-04
 0.28013149122035E-04
 0.27913672818094E-04
 0.27814588240855E-04
 0.27715398292267E-04
 0.27618033769111E-04
 0.27520114216189E-04
 0.27423482435481E-04
 0.27327395880713E-04
 0.27231382247556E-04
 0.27136114538175E-04
 0.27041832105704E-04
 0.26947595896602E-04
 0.26854161423303E-04
