 0.21140089951492E+08
 0.21140089951487E+08
 0.21140089951416E+08
 0.21140089951002E+08
 0.21140089949331E+08
 0.21140089944668E+08
 0.21140090048753E+08
 0.21140090529864E+08
 0.21140092253792E+08
 0.21140096868175E+08
 0.21140107191157E+08
 0.21140126663480E+08
 0.21140160645075E+08
 0.21140214945043E+08
 0.21140295299237E+08
 0.21140410023451E+08
 0.21140565507724E+08
 0.21140768969010E+08
 0.21141027355861E+08
 0.21141347836824E+08
 0.21141740618861E+08
 0.21142204986209E+08
 0.21142751679202E+08
 0.21143385305650E+08
 0.21144113896136E+08
 0.21144942394960E+08
 0.21145879531115E+08
 0.21146919687313E+08
 0.21148074203557E+08
 0.21149352507719E+08
 0.21150766191191E+08
 0.21152304711009E+08
 0.21153988159627E+08
 0.21155828805543E+08
 0.21157807268706E+08
 0.21159954425481E+08
 0.21162267074402E+08
 0.21164768856451E+08
 0.21167439603551E+08
 0.21170278702299E+08
 0.21173364612888E+08
 0.21176634867936E+08
 0.21180100903165E+08
 0.21183783560400E+08
 0.21187721091105E+08
 0.21191872160211E+08
 0.21196207767071E+08
 0.21200768877447E+08
 0.21205576844820E+08
 0.21210616592148E+08
 0.21215840736798E+08
 0.21221294095269E+08
 0.21226927292741E+08
 0.21232763719454E+08
 0.21238808812897E+08
 0.21245011064475E+08
 0.21251348798337E+08
 0.21257879630047E+08
 0.21264493258345E+08
 0.21271130192295E+08
 0.21278068047149E+08
 0.21284840001834E+08
 0.21291652462980E+08
 0.21298605895330E+08
 0.21305345168107E+08
 0.21312280490770E+08
 0.21318992014262E+08
 0.21325325697086E+08
 0.21331744338693E+08
 0.21337796934575E+08
 0.21343902102002E+08
 0.21349634720965E+08
 0.21354741748317E+08
 0.21359982965491E+08
 0.21364495662797E+08
 0.21368801228863E+08
 0.21372582783281E+08
 0.21376038760190E+08
 0.21378513568893E+08
 0.21380854034718E+08
 0.21382434671761E+08
 0.21383335440076E+08
 0.21383495814813E+08
 0.21382990376231E+08
 0.21382109568453E+08
 0.21380087838813E+08
 0.21377233592441E+08
 0.21373810289353E+08
 0.21369488954697E+08
 0.21364429561045E+08
 0.21358027755860E+08
 0.21350654338052E+08
 0.21342724764109E+08
 0.21333968501282E+08
 0.21323691517646E+08
 0.21312346934562E+08
 0.21300579675419E+08
 0.21287376766862E+08
 0.21273372332526E+08
 0.21258281595742E+08
 0.21242504263409E+08
 0.21225519583683E+08
 0.21207630320210E+08
 0.21189187050067E+08
 0.21170238075772E+08
 0.21150485040131E+08
 0.21130071643286E+08
 0.21110067119416E+08
 0.21089875806565E+08
 0.21069850731063E+08
 0.21050534563207E+08
 0.21032913306532E+08
 0.21017308305930E+08
 0.21004914952830E+08
 0.20997083817948E+08
 0.20994788315498E+08
 0.21000737808062E+08
 0.21017989193530E+08
 0.21050933552073E+08
 0.21105036053796E+08
 0.21188250618922E+08
 0.21311264284441E+08
 0.21491278775447E+08
 0.21744864973798E+08
 0.22088702705644E+08
 0.22535218220693E+08
 0.23085910995236E+08
 0.23734364083850E+08
 0.24447936387835E+08
 0.25194646446985E+08
 0.25953843258908E+08
 0.26710163395112E+08
 0.27436456330771E+08
 0.28135369599429E+08
 0.28802047433448E+08
 0.29423680102203E+08
 0.30012513586897E+08
 0.30561049118038E+08
 0.31070375511808E+08
 0.31539456728218E+08
 0.31971569537740E+08
 0.32370226246986E+08
 0.32734781629428E+08
 0.33066075991986E+08
 0.33366773203981E+08
 0.33635617747567E+08
 0.33877338338046E+08
 0.34090431190312E+08
 0.34277713142114E+08
 0.34440202758894E+08
 0.34576452814279E+08
 0.34690789708775E+08
 0.34783887402733E+08
 0.34854674026808E+08
 0.34905685311228E+08
 0.34937221975248E+08
 0.34950496704915E+08
 0.34946254490712E+08
 0.34925439660395E+08
 0.34888837099107E+08
 0.34837320273377E+08
 0.34771470673058E+08
 0.34691941979415E+08
 0.34599742344481E+08
 0.34495721781073E+08
 0.34379858778449E+08
 0.34253121521175E+08
 0.34116256289841E+08
 0.33969525395197E+08
 0.33813828081008E+08
 0.33650265858948E+08
 0.33477537688766E+08
 0.33297457776034E+08
 0.33111588078129E+08
 0.32917851446461E+08
 0.32717574323836E+08
 0.32513343960835E+08
 0.32302454347123E+08
 0.32087310467047E+08
 0.31865764917631E+08
 0.31643651595382E+08
 0.31415270986012E+08
 0.31184647047037E+08
 0.30947790197182E+08
 0.30711107978504E+08
 0.30469521204555E+08
 0.30228218492041E+08
 0.29983039838245E+08
 0.29736484392942E+08
 0.29487643631600E+08
 0.29238266355671E+08
 0.28986275619004E+08
 0.28733097471401E+08
 0.28479884289587E+08
 0.28226418330133E+08
 0.27973645282973E+08
 0.27719347064494E+08
 0.27463800611260E+08
 0.27208599251776E+08
 0.26954984196026E+08
 0.26700468818714E+08
 0.26447713393176E+08
 0.26193231019193E+08
 0.25941535896360E+08
 0.25687850829643E+08
 0.25438274211676E+08
 0.25187333174438E+08
 0.24937512032465E+08
 0.24689471286650E+08
 0.24442761315080E+08
 0.24196697469186E+08
 0.23951908323552E+08
 0.23706938285091E+08
 0.23466135453680E+08
 0.23226030428580E+08
 0.22987305595387E+08
 0.22749841690620E+08
 0.22513838610899E+08
 0.22281012801852E+08
 0.22047857842463E+08
 0.21817679656872E+08
 0.21588011757997E+08
 0.21360278476896E+08
 0.21135258953912E+08
 0.20911020811167E+08
 0.20690261408363E+08
 0.20470923968562E+08
 0.20253574805321E+08
 0.20036905954046E+08
 0.19823464980420E+08
 0.19612424799773E+08
 0.19402186327800E+08
 0.19193717840726E+08
 0.18987838417503E+08
 0.18782484212553E+08
 0.18581728911731E+08
 0.18381543317490E+08
 0.18183808507331E+08
 0.17986807078342E+08
 0.17792971100139E+08
 0.17601515296561E+08
 0.17410566287860E+08
 0.17223321233091E+08
 0.17036887034418E+08
 0.16852280137684E+08
 0.16670590388260E+08
 0.16489732268967E+08
 0.16311440694626E+08
 0.16135219832134E+08
 0.15959839468699E+08
 0.15788446395831E+08
 0.15616940930290E+08
 0.15448732415936E+08
 0.15281358129787E+08
 0.15116222653867E+08
 0.14953528314844E+08
 0.14791561374710E+08
 0.14631638229873E+08
 0.14475328305199E+08
 0.14318319396810E+08
 0.14164800521002E+08
 0.14011666857969E+08
 0.13860921033007E+08
 0.13712778795943E+08
 0.13565650059789E+08
 0.13419953946761E+08
 0.13275786754414E+08
 0.13133562946366E+08
 0.12993528862683E+08
 0.12854695203308E+08
 0.12717360235549E+08
 0.12582483134813E+08
 0.12447595975459E+08
 0.12315112436121E+08
 0.12184750659179E+08
 0.12055438700039E+08
 0.11927123005487E+08
 0.11802238512174E+08
 0.11676871141237E+08
 0.11553453882387E+08
 0.11431684450514E+08
 0.11311392949157E+08
 0.11192569797146E+08
 0.11075223452301E+08
 0.10959247111405E+08
 0.10844312068516E+08
 0.10731548953446E+08
 0.10619331024458E+08
 0.10509257752278E+08
 0.10400212468783E+08
 0.10291447802190E+08
 0.10185793739378E+08
 0.10079764480543E+08
 0.99760347333115E+07
 0.98734972051653E+07
 0.97715097439658E+07
 0.96709847630523E+07
 0.95722672115596E+07
 0.94740355168413E+07
 0.93773298739667E+07
