 0.11312241377893E+03
 0.11312241377892E+03
 0.11312241377876E+03
 0.11312241378960E+03
 0.11312241419240E+03
 0.11312241800312E+03
 0.11312243433314E+03
 0.11312247901929E+03
 0.11312256863194E+03
 0.11312271436522E+03
 0.11312291745954E+03
 0.11312316756607E+03
 0.11312344638824E+03
 0.11312372109318E+03
 0.11312396189506E+03
 0.11312411524511E+03
 0.11312414350847E+03
 0.11312399832824E+03
 0.11312362738355E+03
 0.11312298185163E+03
 0.11311683036096E+03
 0.11311414047384E+03
 0.11311094705726E+03
 0.11310720817005E+03
 0.11310287279161E+03
 0.11309790140066E+03
 0.11309222471049E+03
 0.11308586643298E+03
 0.11307875235885E+03
 0.11307080547093E+03
 0.11306194036951E+03
 0.11305221450356E+03
 0.11304148377691E+03
 0.11302965590177E+03
 0.11301685343244E+03
 0.11300286148317E+03
 0.11298769143644E+03
 0.11297118289176E+03
 0.11295344578594E+03
 0.11293448053685E+03
 0.11291378201482E+03
 0.11289174031629E+03
 0.11286826282613E+03
 0.11284319312172E+03
 0.11281629202575E+03
 0.11278778933307E+03
 0.11275782514545E+03
 0.11272613476204E+03
 0.11269253067943E+03
 0.11265707825978E+03
 0.11262000031950E+03
 0.11258093412604E+03
 0.11254011525326E+03
 0.11249737091041E+03
 0.11245251105361E+03
 0.11240574847387E+03
 0.11235711567694E+03
 0.11230613095758E+03
 0.11225328024425E+03
 0.11219875802573E+03
 0.11214078264568E+03
 0.11208192131585E+03
 0.11202069891250E+03
 0.11195638176721E+03
 0.11189079866402E+03
 0.11182137535959E+03
 0.11175022421321E+03
 0.11167806160033E+03
 0.11160181570646E+03
 0.11152396821284E+03
 0.11144168963162E+03
 0.11135727568534E+03
 0.11127179419391E+03
 0.11118046195771E+03
 0.11108810660885E+03
 0.11099119694450E+03
 0.11089143466756E+03
 0.11078699341956E+03
 0.11068177889938E+03
 0.11057002229569E+03
 0.11045535695148E+03
 0.11033663660056E+03
 0.11021417694560E+03
 0.11008687277951E+03
 0.10995236317328E+03
 0.10981529672909E+03
 0.10967308102198E+03
 0.10952356594375E+03
 0.10936856336870E+03
 0.10920624629925E+03
 0.10904063754803E+03
 0.10886853481749E+03
 0.10868636030557E+03
 0.10849559167667E+03
 0.10830096028957E+03
 0.10809868181716E+03
 0.10788261443844E+03
 0.10766140492188E+03
 0.10742840281659E+03
 0.10718614739141E+03
 0.10693026570438E+03
 0.10666601524646E+03
 0.10638990986569E+03
 0.10609836283699E+03
 0.10579115365593E+03
 0.10547173763336E+03
 0.10514008218976E+03
 0.10478481893607E+03
 0.10441454480501E+03
 0.10402906295249E+03
 0.10362499345141E+03
 0.10319620738375E+03
 0.10274625165456E+03
 0.10227075240433E+03
 0.10176582347068E+03
 0.10123855489868E+03
 0.10068184321539E+03
 0.10009297015615E+03
 0.99467245802092E+02
 0.98806220347545E+02
 0.98108172892114E+02
 0.97370196547413E+02
 0.96576808363546E+02
 0.95733221660534E+02
 0.94841709384393E+02
 0.93896188016850E+02
 0.92888750774345E+02
 0.91800290693258E+02
 0.90639239871173E+02
 0.89404174543916E+02
 0.88079096446214E+02
 0.86646369670019E+02
 0.85125739691464E+02
 0.83486754070037E+02
 0.81703194431757E+02
 0.79832750908511E+02
 0.77801406639528E+02
 0.75639497361650E+02
 0.73349542316462E+02
 0.70953282699057E+02
 0.68464351130025E+02
 0.65890103126463E+02
 0.63274905722706E+02
 0.60659879988228E+02
 0.58065033817311E+02
 0.55541942060782E+02
 0.53087237609618E+02
 0.50740134278644E+02
 0.48495640963591E+02
 0.46361465308234E+02
 0.44368973389070E+02
 0.42475619186780E+02
 0.40680783715752E+02
 0.39011272413943E+02
 0.37434996427495E+02
 0.35960373925043E+02
 0.34571788196038E+02
 0.33271725066122E+02
 0.32042122608124E+02
 0.30889796860764E+02
 0.29806706011022E+02
 0.28780565901370E+02
 0.27812412998432E+02
 0.26899653120466E+02
 0.26039137765640E+02
 0.25221405930620E+02
 0.24447888036667E+02
 0.23714100866421E+02
 0.23016220866619E+02
 0.22354257072181E+02
 0.21727961969555E+02
 0.21126286427448E+02
 0.20555032552613E+02
 0.20013691145179E+02
 0.19493629858976E+02
 0.18995585485816E+02
 0.18524900860103E+02
 0.18069979687543E+02
 0.17637159683597E+02
 0.17217423622423E+02
 0.16823043392826E+02
 0.16439625444209E+02
 0.16073870966305E+02
 0.15717634139941E+02
 0.15379716501732E+02
 0.15050941140967E+02
 0.14738813426983E+02
 0.14435240676181E+02
 0.14143646589445E+02
 0.13861403486383E+02
 0.13590268464900E+02
 0.13326463116611E+02
 0.13071945276808E+02
 0.12826419534114E+02
 0.12589779827535E+02
 0.12361749606791E+02
 0.12139622150503E+02
 0.11923661878727E+02
 0.11714743083984E+02
 0.11513606501631E+02
 0.11317354956857E+02
 0.11128327555575E+02
 0.10942525383915E+02
 0.10764496002392E+02
 0.10589155686761E+02
 0.10421293539456E+02
 0.10256456394245E+02
 0.10096275431992E+02
 0.99408581654229E+01
 0.97900008428505E+01
 0.96423367215275E+01
 0.94988217284987E+01
 0.93578802770990E+01
 0.92225578456030E+01
 0.90899120000595E+01
 0.89604281291584E+01
 0.88343326195253E+01
 0.87108920704275E+01
 0.85914767886080E+01
 0.84738002925482E+01
 0.83596525920324E+01
 0.82475417478603E+01
 0.81375483497644E+01
 0.80310744846519E+01
 0.79263437646747E+01
 0.78250182478107E+01
 0.77253592035387E+01
 0.76279960967658E+01
 0.75322698189201E+01
 0.74391391747842E+01
 0.73484486044514E+01
 0.72586658560719E+01
 0.71710229090242E+01
 0.70856527108630E+01
 0.70011748686646E+01
 0.69193311491978E+01
 0.68388349047284E+01
 0.67601230651952E+01
 0.66822700048196E+01
 0.66066153457853E+01
 0.65326027216882E+01
 0.64592273975169E+01
 0.63880251470640E+01
 0.63179922242857E+01
 0.62489003627772E+01
 0.61817453141917E+01
 0.61151054443305E+01
 0.60501313520348E+01
 0.59862158668294E+01
 0.59232319249986E+01
 0.58621433111930E+01
 0.58012129684596E+01
 0.57420721090033E+01
 0.56835762835470E+01
 0.56262098418072E+01
 0.55698841108700E+01
 0.55143953547281E+01
 0.54597573169491E+01
 0.54065742810269E+01
 0.53536251017523E+01
 0.53020565412433E+01
 0.52507622376254E+01
 0.52007397986504E+01
 0.51515346501313E+01
 0.51032717271497E+01
 0.50553603770017E+01
 0.50083454717496E+01
 0.49620850834088E+01
 0.49166903045364E+01
 0.48719438399436E+01
 0.48278738792475E+01
 0.47846496883872E+01
 0.47416446672678E+01
 0.46995221039846E+01
 0.46579664922417E+01
 0.46172509772131E+01
 0.45769599115861E+01
 0.45375689796103E+01
 0.44983436765844E+01
 0.44598822342263E+01
 0.44218980024569E+01
 0.43844891794400E+01
 0.43477039746703E+01
 0.43113657966584E+01
 0.42756747855570E+01
 0.42401767236723E+01
 0.42055223673337E+01
 0.41711945294826E+01
 0.41374723239433E+01
 0.41041098457160E+01
 0.40710038815594E+01
 0.40387925981570E+01
 0.40066464617725E+01
 0.39750967668587E+01
 0.39438700268251E+01
 0.39130241006754E+01
 0.38827766644186E+01
 0.38527036404930E+01
 0.38230901723312E+01
 0.37938779879611E+01
