 0.35172473832405E+01
 0.35172473832405E+01
 0.35172473832405E+01
 0.35172473832405E+01
 0.35172473832405E+01
 0.35172473832405E+01
 0.35172473832405E+01
 0.35172473832405E+01
 0.35172473832405E+01
 0.35172473355199E+01
 0.35172494853538E+01
 0.35172464520117E+01
 0.35172442927179E+01
 0.35172457325827E+01
 0.35172428048518E+01
 0.35172440253569E+01
 0.35172432470528E+01
 0.35172466664678E+01
 0.35172454076261E+01
 0.35172431366911E+01
 0.35172443199566E+01
 0.35172464710992E+01
 0.35172457069793E+01
 0.35172407318903E+01
 0.35172393752262E+01
 0.35172432845318E+01
 0.35172447656780E+01
 0.35172416609498E+01
 0.35172388201837E+01
 0.35172436700012E+01
 0.35172495659139E+01
 0.35172373038944E+01
 0.35172576732757E+01
 0.35172594672092E+01
 0.35172484106669E+01
 0.35172675708920E+01
 0.35172604750610E+01
 0.35172529622221E+01
 0.35172751181716E+01
 0.35172530522392E+01
 0.35172406450631E+01
 0.35172665082746E+01
 0.35172527000762E+01
 0.35172769997782E+01
 0.35172924010248E+01
 0.35172928357033E+01
 0.35172896875056E+01
 0.35172749628057E+01
 0.35172597605516E+01
 0.35172901898715E+01
 0.35172531597549E+01
 0.35172994535077E+01
 0.35172799479349E+01
 0.35172731618749E+01
 0.35172747382043E+01
 0.35173015545432E+01
 0.35172160436748E+01
 0.35172519979280E+01
 0.35172999559053E+01
 0.35172840721514E+01
 0.35173012254350E+01
 0.35172971566382E+01
 0.35172248090135E+01
 0.35172873809886E+01
 0.35171955925647E+01
 0.35172945903041E+01
 0.35172980100526E+01
 0.35171513981793E+01
 0.35173008567182E+01
 0.35171982007179E+01
 0.35172866616914E+01
 0.35172710074985E+01
 0.35172447040785E+01
 0.35172804556614E+01
 0.35171984562178E+01
 0.35172984003760E+01
 0.35172650934937E+01
 0.35172089762104E+01
 0.35171890923927E+01
 0.35171826488750E+01
 0.35172172522020E+01
 0.35172285168950E+01
 0.35172776855636E+01
 0.35172168647124E+01
 0.35172233048000E+01
 0.35172861921325E+01
 0.35171973113594E+01
 0.35171543627081E+01
 0.35171935967957E+01
 0.35172062940320E+01
 0.35172495495996E+01
 0.35172631210010E+01
 0.35171913501768E+01
 0.35172744403667E+01
 0.35171830360772E+01
 0.35172359105068E+01
 0.35171982432832E+01
 0.35171984218712E+01
 0.35172818886339E+01
 0.35172793109021E+01
 0.35171882977250E+01
 0.35171922062695E+01
 0.35172069610136E+01
 0.35171964791832E+01
 0.35172488702983E+01
 0.35172561028229E+01
 0.35172216082826E+01
 0.35171594557665E+01
 0.35171333522552E+01
 0.35172074015599E+01
 0.35172780917620E+01
 0.35172168295179E+01
 0.35172868568243E+01
 0.35171833177491E+01
 0.35172301039010E+01
 0.35172321383845E+01
 0.35172083735975E+01
 0.35172420621338E+01
 0.35172249923914E+01
 0.35172318547388E+01
 0.35172528744824E+01
 0.35172619229292E+01
 0.35172721372558E+01
 0.35173265485737E+01
 0.35173733665028E+01
 0.35173171041076E+01
 0.35173323712221E+01
 0.35173710796096E+01
 0.35174592466070E+01
 0.35174906536530E+01
 0.35174078411000E+01
 0.35174876080967E+01
 0.35175161675817E+01
 0.35175745753221E+01
 0.35175177170297E+01
 0.35176218513126E+01
 0.35177265800822E+01
 0.35176580842389E+01
 0.35177671212162E+01
 0.35177532193581E+01
 0.35178044521441E+01
 0.35178667324694E+01
 0.35180042810279E+01
 0.35179094355382E+01
 0.35179374042621E+01
 0.35180772056786E+01
 0.35180723956031E+01
 0.35181585805792E+01
 0.35180955971619E+01
 0.35181045017380E+01
 0.35181212596949E+01
 0.35181379707157E+01
 0.35181070104557E+01
 0.35181283977284E+01
 0.35180438220393E+01
 0.35181129574478E+01
 0.35180487291402E+01
 0.35179111392250E+01
 0.35178012915075E+01
 0.35177743755199E+01
 0.35176538756625E+01
 0.35175585296738E+01
 0.35174974934573E+01
 0.35173508873477E+01
 0.35171370738152E+01
 0.35170205311686E+01
 0.35168166970850E+01
 0.35167077144885E+01
 0.35164912224426E+01
 0.35161209518249E+01
 0.35159792336798E+01
 0.35157867973916E+01
 0.35154218827473E+01
 0.35152275090241E+01
 0.35148144085188E+01
 0.35144379028919E+01
 0.35141133314092E+01
 0.35136588606838E+01
 0.35134348081034E+01
 0.35128659514705E+01
 0.35124637391645E+01
 0.35120301807572E+01
 0.35114402041993E+01
 0.35109991476461E+01
 0.35104542788984E+01
 0.35099428885184E+01
 0.35093234303046E+01
 0.35088116438333E+01
 0.35080686077212E+01
 0.35074392088101E+01
 0.35066805600001E+01
 0.35060315125366E+01
 0.35052695930660E+01
 0.35045098173610E+01
 0.35037511348441E+01
 0.35029166087655E+01
 0.35021249966263E+01
 0.35013795820569E+01
 0.35003185294683E+01
 0.34994471304385E+01
 0.34984993386305E+01
 0.34977147912612E+01
 0.34965717373844E+01
 0.34956883635774E+01
 0.34945467652183E+01
 0.34935493763434E+01
 0.34923982023923E+01
 0.34912963493311E+01
 0.34901370410362E+01
 0.34889997413133E+01
 0.34877636041569E+01
 0.34866911824818E+01
 0.34854301686054E+01
 0.34840629396748E+01
 0.34827160828263E+01
 0.34814774034319E+01
 0.34800562429763E+01
 0.34786812790538E+01
 0.34773167682569E+01
 0.34758989535117E+01
 0.34745058457365E+01
 0.34729609443843E+01
 0.34716056168855E+01
 0.34700922049955E+01
 0.34683868159283E+01
 0.34669429499585E+01
 0.34653455484901E+01
 0.34637013900916E+01
 0.34620532671116E+01
 0.34604768295275E+01
 0.34588343829465E+01
 0.34572485703518E+01
 0.34554500460090E+01
 0.34538032019189E+01
 0.34518972995822E+01
 0.34501044317246E+01
 0.34483227353197E+01
 0.34465536928159E+01
 0.34447094395761E+01
 0.34428533230172E+01
 0.34409768479951E+01
 0.34392063734716E+01
 0.34370597688265E+01
 0.34351334465767E+01
 0.34334030806530E+01
 0.34314328096020E+01
 0.34292953650610E+01
 0.34272743381892E+01
 0.34254218948934E+01
 0.34232602731530E+01
 0.34212027022584E+01
 0.34192281538843E+01
 0.34169424596761E+01
 0.34150492082533E+01
 0.34128261810395E+01
 0.34106902837302E+01
 0.34086054646766E+01
 0.34062463296927E+01
 0.34042168726796E+01
 0.34019610756658E+01
 0.33998907693472E+01
 0.33974899770948E+01
 0.33953045847247E+01
 0.33931854860331E+01
 0.33907805494197E+01
 0.33886069865885E+01
 0.33861806537678E+01
 0.33837930165941E+01
 0.33815503626939E+01
 0.33792266935863E+01
 0.33770171927847E+01
 0.33744674707887E+01
 0.33721310062074E+01
 0.33697483852337E+01
 0.33672714247199E+01
 0.33650073766730E+01
 0.33625836526910E+01
 0.33601493081721E+01
 0.33578805884227E+01
 0.33554275536694E+01
 0.33528454758661E+01
 0.33503389955956E+01
 0.33479419717810E+01
 0.33454052752023E+01
 0.33430688013567E+01
 0.33405463795679E+01
 0.33378196546023E+01
 0.33352673875207E+01
 0.33329532388033E+01
 0.33302786919346E+01
 0.33278263620281E+01
 0.33252857399514E+01
 0.33228372687962E+01
 0.33200829057796E+01
 0.33176810908427E+01
 0.33149658221376E+01
 0.33124564832270E+01
 0.33099715503604E+01
 0.33072303821873E+01
 0.33045900485908E+01
