 0.10813086768930E+04
 0.10813086768930E+04
 0.10813086768930E+04
 0.10813086768930E+04
 0.10813086768930E+04
 0.10813086768930E+04
 0.10813086768930E+04
 0.10813086768930E+04
 0.10813086768930E+04
 0.10813001936183E+04
 0.10814168631599E+04
 0.10812570832628E+04
 0.10811551961542E+04
 0.10812320685437E+04
 0.10810722137684E+04
 0.10811364702020E+04
 0.10811003400226E+04
 0.10812669424037E+04
 0.10812031220861E+04
 0.10810840125707E+04
 0.10811366249169E+04
 0.10812648701833E+04
 0.10812242502846E+04
 0.10809762595047E+04
 0.10809137327792E+04
 0.10811161062353E+04
 0.10811856459128E+04
 0.10810086898520E+04
 0.10808888165124E+04
 0.10811227935650E+04
 0.10814166921486E+04
 0.10808244125906E+04
 0.10818458765035E+04
 0.10819517684307E+04
 0.10813677212535E+04
 0.10824493113355E+04
 0.10820253972366E+04
 0.10815996171626E+04
 0.10764603329817E+04
 0.10815898609864E+04
 0.10810016641466E+04
 0.10823739209942E+04
 0.10815948340715E+04
 0.10765815197900E+04
 0.10780487529375E+04
 0.10781230374061E+04
 0.10777592096332E+04
 0.10764362606815E+04
 0.10819832631334E+04
 0.10777848507535E+04
 0.10816193278556E+04
 0.10791563695315E+04
 0.10767961159295E+04
 0.10762520909558E+04
 0.10763923843919E+04
 0.10797149533126E+04
 0.10792761747611E+04
 0.10815241201596E+04
 0.10813919458971E+04
 0.10770393758781E+04
 0.10801166929527E+04
 0.10786040428053E+04
 0.10802237384832E+04
 0.10774622343827E+04
 0.10767886258438E+04
 0.10784686253177E+04
 0.10792375178165E+04
 0.10869669948493E+04
 0.10810308308800E+04
 0.10891026639303E+04
 0.10831248548273E+04
 0.10843242100507E+04
 0.10810881124240E+04
 0.10836267249388E+04
 0.10770802462580E+04
 0.10813957325988E+04
 0.10823937475707E+04
 0.10787993847921E+04
 0.10850482371244E+04
 0.10852551982502E+04
 0.10825267000354E+04
 0.10805654919483E+04
 0.10838091257203E+04
 0.10871435483544E+04
 0.10805029129309E+04
 0.10826831252152E+04
 0.10842720023119E+04
 0.10865017671964E+04
 0.10841831345191E+04
 0.10825310031328E+04
 0.10850361302376E+04
 0.10763437847615E+04
 0.10839932796464E+04
 0.10783666286302E+04
 0.10773284734192E+04
 0.10857529119408E+04
 0.10800344787292E+04
 0.10830388042394E+04
 0.10804994631624E+04
 0.10791362432166E+04
 0.10786532721286E+04
 0.10832586086650E+04
 0.10790189923006E+04
 0.10777830110348E+04
 0.10842499950150E+04
 0.10769742045807E+04
 0.10861346520319E+04
 0.10761461053039E+04
 0.10877996150354E+04
 0.10803271953259E+04
 0.10781167093452E+04
 0.10796328908874E+04
 0.10824543094566E+04
 0.10885523698623E+04
 0.10863620887242E+04
 0.10805478664772E+04
 0.10893657438446E+04
 0.10789256666450E+04
 0.10775301137986E+04
 0.10895892822417E+04
 0.10874112367012E+04
 0.10776731375046E+04
 0.10900498790270E+04
 0.10854036273601E+04
 0.10832567822688E+04
 0.10900544086810E+04
 0.10892655663013E+04
 0.10824694882426E+04
 0.10777729864335E+04
 0.10828646097749E+04
 0.10759065363663E+04
 0.10808842682054E+04
 0.10819076534311E+04
 0.10860063306127E+04
 0.10866507817751E+04
 0.10832760354582E+04
 0.10835042733024E+04
 0.10857430925909E+04
 0.10817175587998E+04
 0.10890680849296E+04
 0.10767239702432E+04
 0.10846360734685E+04
 0.10786911750987E+04
 0.10873231157608E+04
 0.10883256204443E+04
 0.10822727212573E+04
 0.10843388607433E+04
 0.10774174644802E+04
 0.10908813390188E+04
 0.10896689078269E+04
 0.10793529107797E+04
 0.10850046827125E+04
 0.10815902676935E+04
 0.10778522167982E+04
 0.10912959428213E+04
 0.10833431969384E+04
 0.10873106122352E+04
 0.10921690380979E+04
 0.10809363117835E+04
 0.10866904683288E+04
 0.10907603621806E+04
 0.10850475370370E+04
 0.10923085675867E+04
 0.10828387893442E+04
 0.10939015215656E+04
 0.10908880108185E+04
 0.10864706332212E+04
 0.10869849722913E+04
 0.10961147290755E+04
 0.10864517063266E+04
 0.10922953919337E+04
 0.10922282178475E+04
 0.10971048617152E+04
 0.10956727728896E+04
 0.10975548259748E+04
 0.10944337856297E+04
 0.11015047726847E+04
 0.10929516041114E+04
 0.11011101688428E+04
 0.10925975997118E+04
 0.10931193576183E+04
 0.10988947554508E+04
 0.10992000671621E+04
 0.11005849605609E+04
 0.10998466449097E+04
 0.11047170680114E+04
 0.11035151813591E+04
 0.11012716313271E+04
 0.11042326198930E+04
 0.11139369830630E+04
 0.11041835407933E+04
 0.11152442590766E+04
 0.11153448039176E+04
 0.11157090211940E+04
 0.11194829270539E+04
 0.11094239165643E+04
 0.11166289116742E+04
 0.11256110698524E+04
 0.11144776341418E+04
 0.11151039443233E+04
 0.11213493412326E+04
 0.11217533886546E+04
 0.11303494035418E+04
 0.11344185457510E+04
 0.11235791805212E+04
 0.11362030717327E+04
 0.11253560694186E+04
 0.11312656538079E+04
 0.11392281772590E+04
 0.11349197365200E+04
 0.11339925835403E+04
 0.11377803550730E+04
 0.11414353188378E+04
 0.11370715200660E+04
 0.11396629391907E+04
 0.11403870699843E+04
 0.11468723082781E+04
 0.11457134694426E+04
 0.11503573047876E+04
 0.11522066173819E+04
 0.11515937024308E+04
 0.11614571321378E+04
 0.11567147142819E+04
 0.11537363046907E+04
 0.11651096589037E+04
 0.11613910765053E+04
 0.11630710979122E+04
 0.11671402637271E+04
 0.11770915669530E+04
 0.11669800354396E+04
 0.11704176880707E+04
 0.11832558677421E+04
 0.11748933109931E+04
 0.11836093617237E+04
 0.11842313215477E+04
 0.11880933547920E+04
 0.11821529925362E+04
 0.11885993222469E+04
 0.11902951339458E+04
 0.11922449534262E+04
 0.11972839381072E+04
 0.11893930884050E+04
 0.12046681664902E+04
 0.11954441312923E+04
 0.11992396968711E+04
 0.12027157174747E+04
 0.12064569924632E+04
 0.12065358803610E+04
 0.12091280069267E+04
 0.12175072162824E+04
 0.12225315055081E+04
 0.12179943376491E+04
 0.12176767728073E+04
 0.12224690408634E+04
 0.12210493670120E+04
 0.12312105999372E+04
 0.12370094828461E+04
 0.12305398004184E+04
 0.12305123464054E+04
 0.12456792453666E+04
 0.12330311937624E+04
 0.12521379466927E+04
 0.12416547933865E+04
 0.12432614881447E+04
 0.12527847441912E+04
 0.12456674406006E+04
 0.12591145556551E+04
 0.12569028999444E+04
 0.12698238385986E+04
 0.12605525939456E+04
 0.12590324836877E+04
 0.12680136147757E+04
 0.12646104679434E+04
 0.12742803406822E+04
 0.12746053092223E+04
 0.12859058098114E+04
 0.12897845489080E+04
 0.12874411280257E+04
 0.12826960529833E+04
 0.12841388343538E+04
 0.12992770915765E+04
 0.12884920857441E+04
 0.12876181424974E+04
 0.12984594606725E+04
 0.12953899312614E+04
 0.12989017350535E+04
 0.13053634126179E+04
 0.13092570940811E+04
 0.13101256903393E+04
 0.13170406625052E+04
 0.13273774312646E+04
 0.13140452334584E+04
 0.13179605814887E+04
 0.13284841573121E+04
 0.13258741955625E+04
 0.13329204692084E+04
 0.13441717989216E+04
 0.13326190595144E+04
 0.13350560653709E+04
 0.13457317801758E+04
