 0.16431646807701E+00
 0.16431646807697E+00
 0.16431646807651E+00
 0.16431646810801E+00
 0.16431646927819E+00
 0.16431648034875E+00
 0.16431652778923E+00
 0.16431665760741E+00
 0.16431691794218E+00
 0.16431734131408E+00
 0.16431793132731E+00
 0.16431865791806E+00
 0.16431946793325E+00
 0.16432026598928E+00
 0.16432096555381E+00
 0.16432141105881E+00
 0.16432149316818E+00
 0.16432107139762E+00
 0.16431999374956E+00
 0.16431811839424E+00
 0.16430024803981E+00
 0.16429243410331E+00
 0.16428315768967E+00
 0.16427229709550E+00
 0.16425970428313E+00
 0.16424526466295E+00
 0.16422877724686E+00
 0.16421031120661E+00
 0.16418965137319E+00
 0.16416657451955E+00
 0.16414083319271E+00
 0.16411259481165E+00
 0.16408144170554E+00
 0.16404710681879E+00
 0.16400994685229E+00
 0.16396933916006E+00
 0.16392531805220E+00
 0.16387741954742E+00
 0.16382596424933E+00
 0.16377095504866E+00
 0.16371092898642E+00
 0.16364701978636E+00
 0.16357896127677E+00
 0.16350630275131E+00
 0.16342835432868E+00
 0.16334578540816E+00
 0.16325900520562E+00
 0.16316725080315E+00
 0.16306998376704E+00
 0.16296739815480E+00
 0.16286014344539E+00
 0.16274717554706E+00
 0.16262918128827E+00
 0.16250566697818E+00
 0.16237609012850E+00
 0.16224107231487E+00
 0.16210071418621E+00
 0.16195363343877E+00
 0.16180124013694E+00
 0.16164410227591E+00
 0.16147709584490E+00
 0.16130762561456E+00
 0.16113145191550E+00
 0.16094647646050E+00
 0.16075796951548E+00
 0.16055854494547E+00
 0.16035428542861E+00
 0.16014725500638E+00
 0.15992865518155E+00
 0.15970561754296E+00
 0.15947005375190E+00
 0.15922855708681E+00
 0.15898419280451E+00
 0.15872331047099E+00
 0.15845972354197E+00
 0.15818337387809E+00
 0.15789914158070E+00
 0.15760185229986E+00
 0.15730264516760E+00
 0.15698514513482E+00
 0.15665971475880E+00
 0.15632313169687E+00
 0.15597632660917E+00
 0.15561621016978E+00
 0.15523616327006E+00
 0.15484937019091E+00
 0.15444855621349E+00
 0.15402773011726E+00
 0.15359206496462E+00
 0.15313650236082E+00
 0.15267239858857E+00
 0.15219084232452E+00
 0.15168193319865E+00
 0.15114992974093E+00
 0.15060811725004E+00
 0.15004604781679E+00
 0.14944682393856E+00
 0.14883458133347E+00
 0.14819105927077E+00
 0.14752345910079E+00
 0.14681994480124E+00
 0.14609518649773E+00
 0.14533982950979E+00
 0.14454435301685E+00
 0.14370850479082E+00
 0.14284201453917E+00
 0.14194509469007E+00
 0.14098746409934E+00
 0.13999282049305E+00
 0.13896106620317E+00
 0.13788365805641E+00
 0.13674493140438E+00
 0.13555506159701E+00
 0.13430329463843E+00
 0.13298040977068E+00
 0.13160598474204E+00
 0.13016255950613E+00
 0.12864440951517E+00
 0.12704101354259E+00
 0.12535808162608E+00
 0.12359307567357E+00
 0.12174071772483E+00
 0.11976487410064E+00
 0.11768174864617E+00
 0.11550013991225E+00
 0.11320866965358E+00
 0.11079240989764E+00
 0.10821111633766E+00
 0.10549121005065E+00
 0.10263591538049E+00
 0.99616084205822E-01
 0.96401658816581E-01
 0.93047682732552E-01
 0.89499151274013E-01
 0.85715988583262E-01
 0.81836293971941E-01
 0.77724629874229E-01
 0.73465093038391E-01
 0.69084175868504E-01
 0.64644078778339E-01
 0.60188394310303E-01
 0.55747338629408E-01
 0.51409902237377E-01
 0.47248372984259E-01
 0.43292546403564E-01
 0.39611919395463E-01
 0.36187953150617E-01
 0.33058792679300E-01
 0.30198764266958E-01
 0.27599300322787E-01
 0.25277989244722E-01
 0.23166648083617E-01
 0.21250168914477E-01
 0.19541774432342E-01
 0.17994482299774E-01
 0.16604743164019E-01
 0.15347139890572E-01
 0.14214592103156E-01
 0.13183366335915E-01
 0.12252194121262E-01
 0.11408058318679E-01
 0.10636100262516E-01
 0.99325578703421E-02
 0.92913137121154E-02
 0.87063668621868E-02
 0.81681244968969E-02
 0.76747892832437E-02
 0.72209957612379E-02
 0.68022375964063E-02
 0.64165893548703E-02
 0.60620812011663E-02
 0.57309958201407E-02
 0.54252543307140E-02
 0.51432561171279E-02
 0.48794311629628E-02
 0.46332862527457E-02
 0.44065180090347E-02
 0.41927512128870E-02
 0.39943034772382E-02
 0.38064496955472E-02
 0.36340667053882E-02
 0.34703046442610E-02
 0.33176053284350E-02
 0.31721821385213E-02
 0.30372491882319E-02
 0.29087813649680E-02
 0.27893872223210E-02
 0.26756655246101E-02
 0.25686596077740E-02
 0.24671648862506E-02
 0.23715912340352E-02
 0.22804133132847E-02
 0.21941393525718E-02
 0.21124899254225E-02
 0.20352606445218E-02
 0.19622017084343E-02
 0.18923179252482E-02
 0.18255892462930E-02
 0.17621760790968E-02
 0.17021841006600E-02
 0.16446505669328E-02
 0.15901700344138E-02
 0.15375133309090E-02
 0.14878911689659E-02
 0.14398141309925E-02
 0.13945273056687E-02
 0.13507607743994E-02
 0.13088990250487E-02
 0.12689120432675E-02
 0.12306915618278E-02
 0.11938461176756E-02
 0.11585725606118E-02
 0.11244463362324E-02
 0.10921606882301E-02
 0.10609700443943E-02
 0.10309587429905E-02
 0.10021466014872E-02
 0.97433662999122E-03
 0.94780589762163E-03
 0.92201972789132E-03
 0.89734660400364E-03
 0.87343946233383E-03
 0.85029755141528E-03
 0.82819207829082E-03
 0.80673253465920E-03
 0.78623881904852E-03
 0.76633935326837E-03
 0.74714464622287E-03
 0.72850997409070E-03
 0.71060642852205E-03
 0.69338602859861E-03
 0.67654606716562E-03
 0.66030712627750E-03
 0.64467894924086E-03
 0.62939837146638E-03
 0.61476905128893E-03
 0.60054838548489E-03
 0.58680386926276E-03
 0.57336582571359E-03
 0.56045636805635E-03
 0.54796934000538E-03
 0.53572869985993E-03
 0.52398276072138E-03
 0.51255672806464E-03
 0.50140766013949E-03
 0.49068861451012E-03
 0.48016628719835E-03
 0.47001678943009E-03
 0.46013843595827E-03
 0.45050668540007E-03
 0.44126209976945E-03
 0.43213693053186E-03
 0.42337094363070E-03
 0.41478892419970E-03
 0.40645794462802E-03
 0.39836032943173E-03
 0.39046270965651E-03
 0.38276343422228E-03
 0.37534282018547E-03
 0.36802699505441E-03
 0.36097113416466E-03
 0.35402054878031E-03
 0.34730738354174E-03
 0.34076659530766E-03
 0.33441145928928E-03
 0.32816178467555E-03
 0.32208635128054E-03
 0.31616382561193E-03
 0.31040554559114E-03
 0.30478129595585E-03
 0.29929233678050E-03
 0.29395716933631E-03
 0.28869667052798E-03
 0.28359016007636E-03
 0.27859703148359E-03
 0.27374785714494E-03
 0.26899114380929E-03
 0.26438100240367E-03
 0.25982984248445E-03
 0.25540567721885E-03
 0.25107369031640E-03
 0.24684354209919E-03
 0.24271895692773E-03
 0.23867861470877E-03
 0.23474323962826E-03
 0.23086158861544E-03
 0.22710341183203E-03
 0.22341105170296E-03
 0.21981330087874E-03
 0.21628266719022E-03
 0.21280743514660E-03
 0.20945313633104E-03
 0.20613218663596E-03
 0.20289865822658E-03
 0.19972340084670E-03
 0.19661145178194E-03
 0.19358361077731E-03
 0.19059652187034E-03
 0.18767777563877E-03
 0.18482064605735E-03
