 0.10000000133514E-09
 0.10000000133514E-09
 0.10000000133514E-09
 0.10000000133514E-09
 0.10000000133514E-09
 0.10000000133514E-09
 0.10000000133514E-09
 0.10000000133514E-09
 0.10000000133514E-09
 0.10000000133514E-09
 0.10000000133514E-09
 0.10000000133514E-09
 0.10000000133514E-09
 0.10000000133514E-09
 0.10000000133514E-09
 0.10000000133514E-09
 0.10000000133514E-09
 0.10000000133514E-09
 0.10000000133514E-09
 0.10000000133514E-09
 0.10000000133514E-09
 0.10000000133514E-09
 0.41833461107353E-04
 0.41833461107353E-04
 0.86268914642580E-04
 0.11906147521948E-03
 0.16064685981434E-03
 0.21241572152865E-03
 0.27581195755234E-03
 0.35231455688952E-03
 0.44341269397920E-03
 0.55057209920610E-03
 0.67531104916585E-03
 0.81904608220990E-03
 0.98317743837396E-03
 0.11691062440863E-02
 0.13781156032489E-02
 0.16114907513005E-02
 0.18704029693673E-02
 0.21559573358978E-02
 0.24692957726339E-02
 0.28114068432412E-02
 0.31831505399725E-02
 0.35854398304345E-02
 0.40191428924834E-02
 0.44849745288237E-02
 0.49835403107152E-02
 0.55155868203627E-02
 0.60817348979792E-02
 0.66824264242071E-02
 0.73182069061354E-02
 0.79895108574918E-02
 0.86967126128103E-02
 0.94403335798194E-02
 0.10220751911296E-01
 0.11038285037511E-01
 0.11893134283684E-01
 0.12785623175669E-01
 0.13716334860803E-01
 0.14684305749674E-01
 0.15692224276007E-01
 0.16738102892295E-01
 0.17822462462618E-01
 0.18947149304021E-01
 0.20110179895036E-01
 0.21314218376824E-01
 0.22557654464109E-01
 0.23838783625704E-01
 0.25163077662908E-01
 0.26526780832871E-01
 0.27932789968537E-01
 0.29379642886683E-01
 0.30866520932209E-01
 0.32396966948379E-01
 0.33969052117930E-01
 0.35582824811312E-01
 0.37241280328973E-01
 0.38944964316942E-01
 0.40683431523925E-01
 0.42473384261253E-01
 0.44308411093417E-01
 0.46188582647541E-01
 0.48110120954512E-01
 0.50079838252109E-01
 0.52101490461507E-01
 0.54165690456922E-01
 0.56279817772689E-01
 0.58442381255788E-01
 0.60658461117052E-01
 0.62925802422134E-01
 0.65237058467742E-01
 0.67604060263150E-01
 0.70028952837243E-01
 0.72507604754612E-01
 0.75037374079693E-01
 0.77620427106804E-01
 0.80275868850233E-01
 0.82979516020560E-01
 0.85744243283632E-01
 0.88573750951657E-01
 0.91474776863901E-01
 0.94429893624445E-01
 0.97452590255689E-01
 0.10055059955641E+00
 0.10372215888829E+00
 0.10696627925374E+00
 0.11027461373730E+00
 0.11368351664791E+00
 0.11716278744345E+00
 0.12071372266645E+00
 0.12435420046659E+00
 0.12809051017360E+00
 0.13191723362834E+00
 0.13584402617094E+00
 0.13987805488487E+00
 0.14400924879028E+00
 0.14824308406365E+00
 0.15259562516614E+00
 0.15707230520525E+00
 0.16166370295714E+00
 0.16638359628126E+00
 0.17123311106561E+00
 0.17623759950113E+00
 0.18138990501177E+00
 0.18668213825248E+00
 0.19212362598331E+00
 0.19772777685775E+00
 0.20352366915390E+00
 0.20949125260334E+00
 0.21561863987849E+00
 0.22193016388551E+00
 0.22844548447316E+00
 0.23510257672546E+00
 0.24196376536036E+00
 0.24897569438154E+00
 0.25610699016666E+00
 0.26337905668053E+00
 0.27070909440861E+00
 0.27806189849350E+00
 0.28537690865084E+00
 0.29259892312821E+00
 0.29970894242652E+00
 0.30665868080611E+00
 0.31342066996453E+00
 0.32000293588695E+00
 0.32639630807474E+00
 0.33263184061664E+00
 0.33871083470079E+00
 0.34466255889566E+00
 0.35050344265170E+00
 0.35623543718001E+00
 0.36188760107616E+00
 0.36747206847853E+00
 0.37298345273683E+00
 0.37844265300454E+00
 0.38384619340154E+00
 0.38920237448290E+00
 0.39451177997904E+00
 0.39977891106143E+00
 0.40500430579099E+00
 0.41018592679389E+00
 0.41532857704739E+00
 0.42042810465695E+00
 0.42548706896119E+00
 0.43050319131027E+00
 0.43547643210545E+00
 0.44040566183846E+00
 0.44529071551119E+00
 0.45013083341301E+00
 0.45492596783103E+00
 0.45967260117768E+00
 0.46437386646972E+00
 0.46902749022946E+00
 0.47363286512235E+00
 0.47818894736482E+00
 0.48269767985355E+00
 0.48715657000957E+00
 0.49156703930564E+00
 0.49592751746481E+00
 0.50023964922720E+00
 0.50450142256414E+00
 0.50871473011708E+00
 0.51287882260013E+00
 0.51699469935859E+00
 0.52106160023257E+00
 0.52508047241944E+00
 0.52905118866135E+00
 0.53297466356284E+00
 0.53685085949109E+00
 0.54068061782245E+00
 0.54446392893560E+00
 0.54820197779339E+00
 0.55189458994545E+00
 0.55554247751587E+00
 0.55914605905307E+00
 0.56270573964520E+00
 0.56622253009955E+00
 0.56969716846733E+00
 0.57312979530324E+00
 0.57652070277295E+00
 0.57987117783503E+00
 0.58318106474092E+00
 0.58645179693645E+00
 0.58968316451170E+00
 0.59287636586359E+00
 0.59603151564403E+00
 0.59914934022793E+00
 0.60223055017994E+00
 0.60527533312946E+00
 0.60828485684080E+00
 0.61125884506457E+00
 0.61419869119161E+00
 0.61710474696851E+00
 0.61997702458906E+00
 0.62281637428110E+00
 0.62562356921703E+00
 0.62839873791781E+00
 0.63114266197655E+00
 0.63385566409354E+00
 0.63653843939570E+00
 0.63919110344926E+00
 0.64181464147672E+00
 0.64440940708698E+00
 0.64697532789119E+00
 0.64951353482761E+00
 0.65202383952753E+00
 0.65450717785814E+00
 0.65696380921687E+00
 0.65939436737732E+00
 0.66179893596175E+00
 0.66417790206110E+00
 0.66653204624088E+00
 0.66886147833338E+00
 0.67116673873799E+00
 0.67344813303767E+00
 0.67570569122566E+00
 0.67794027790281E+00
 0.68015204451603E+00
 0.68234153450635E+00
 0.68450879292009E+00
 0.68665433035696E+00
 0.68877866193944E+00
 0.69088161326622E+00
 0.69296393682929E+00
 0.69502573658048E+00
 0.69706731277328E+00
 0.69908919924173E+00
 0.70109158667727E+00
 0.70307459302469E+00
 0.70503870655579E+00
 0.70698420307662E+00
 0.70891109567223E+00
 0.71081962133308E+00
 0.71271069837059E+00
 0.71458418315512E+00
 0.71644001425513E+00
 0.71827888180212E+00
 0.72010087426970E+00
 0.72190594109064E+00
 0.72369505222736E+00
 0.72546764624331E+00
 0.72722459013905E+00
 0.72896541597526E+00
 0.73069133861800E+00
 0.73240163075322E+00
 0.73409686644755E+00
 0.73577729563865E+00
 0.73744311073711E+00
 0.73909422722862E+00
 0.74073114125741E+00
 0.74235415403624E+00
 0.74396340464453E+00
 0.74555892995225E+00
 0.74714074743232E+00
 0.74870941809955E+00
 0.75026487704507E+00
 0.75180731103906E+00
 0.75333695453473E+00
 0.75485397904350E+00
 0.75635843830828E+00
 0.75785085040470E+00
 0.75933092088499E+00
 0.76079889908713E+00
 0.76225526957413E+00
 0.76369965899527E+00
 0.76513291584239E+00
 0.76655426536006E+00
 0.76796467612011E+00
 0.76936384087323E+00
 0.77075210360851E+00
 0.77212955192132E+00
 0.77349616801500E+00
 0.77485231047568E+00
 0.77619798072953E+00
 0.77753331986039E+00
 0.77885846097291E+00
 0.78017350438647E+00
 0.78147875379445E+00
 0.78277395156737E+00
 0.78405946259949E+00
