 0.34787160937283E+03
 0.34787161156786E+03
 0.34787162174707E+03
 0.34787165058348E+03
 0.34787171495032E+03
 0.34787184514725E+03
 0.34787209541115E+03
 0.34787254476409E+03
 0.34787327710366E+03
 0.34787435997285E+03
 0.34787583014986E+03
 0.34787768748383E+03
 0.34787992074657E+03
 0.34788245852618E+03
 0.34788527389098E+03
 0.34788822121898E+03
 0.34789127654404E+03
 0.34789436002683E+03
 0.34789739006975E+03
 0.34790031581599E+03
 0.34788707362367E+03
 0.34788548475486E+03
 0.34788337820523E+03
 0.34788072133671E+03
 0.34787743528244E+03
 0.34787348329083E+03
 0.34786863753398E+03
 0.34786314863154E+03
 0.34785673063698E+03
 0.34784902271467E+03
 0.34783960387685E+03
 0.34782876721557E+03
 0.34781569962684E+03
 0.34779981905323E+03
 0.34778165465263E+03
 0.34775990369750E+03
 0.34773442045168E+03
 0.34770412800529E+03
 0.34766933886021E+03
 0.34762977376525E+03
 0.34758243502760E+03
 0.34752905148235E+03
 0.34746879070836E+03
 0.34740044881502E+03
 0.34732240093165E+03
 0.34723547077831E+03
 0.34713999830484E+03
 0.34703416117886E+03
 0.34691665262652E+03
 0.34678734469623E+03
 0.34664706060224E+03
 0.34649359577823E+03
 0.34632775194671E+03
 0.34614823104742E+03
 0.34595382251329E+03
 0.34574517899808E+03
 0.34552222528253E+03
 0.34528214835288E+03
 0.34502740883839E+03
 0.34475863658152E+03
 0.34446598493858E+03
 0.34416303817580E+03
 0.34384217780620E+03
 0.34349869973368E+03
 0.34314273212647E+03
 0.34275996600151E+03
 0.34236221497983E+03
 0.34195278499874E+03
 0.34151556196032E+03
 0.34106348324816E+03
 0.34058203916440E+03
 0.34008281543983E+03
 0.33957194105562E+03
 0.33902456557136E+03
 0.33846588757984E+03
 0.33787743169119E+03
 0.33726883419268E+03
 0.33663038461371E+03
 0.33598252732721E+03
 0.33529625921460E+03
 0.33458996020865E+03
 0.33385888163070E+03
 0.33310484434680E+03
 0.33232202563152E+03
 0.33149868398656E+03
 0.33066015372807E+03
 0.32979321503236E+03
 0.32888685125604E+03
 0.32795195819387E+03
 0.32697902437251E+03
 0.32599008898254E+03
 0.32496826454913E+03
 0.32389730244451E+03
 0.32278505928226E+03
 0.32165604715748E+03
 0.32049296605591E+03
 0.31926589677391E+03
 0.31801695308090E+03
 0.31671746049808E+03
 0.31537876043387E+03
 0.31398142921618E+03
 0.31255102655926E+03
 0.31107284015554E+03
 0.30952990072619E+03
 0.30792473525657E+03
 0.30627348529073E+03
 0.30457842756595E+03
 0.30278613796213E+03
 0.30093946822818E+03
 0.29903922657603E+03
 0.29707061049608E+03
 0.29500739955427E+03
 0.29286872073363E+03
 0.29063293278558E+03
 0.28828960595804E+03
 0.28587001465589E+03
 0.28334463319510E+03
 0.28070175326778E+03
 0.27792633745485E+03
 0.27502409775795E+03
 0.27199158260460E+03
 0.26881893471210E+03
 0.26543935477129E+03
 0.26188045998016E+03
 0.25815525558355E+03
 0.25423343312347E+03
 0.25008924792124E+03
 0.24564448317657E+03
 0.24093904461786E+03
 0.23596550848918E+03
 0.23066369992967E+03
 0.22496778414938E+03
 0.21896941751112E+03
 0.21249991224241E+03
 0.20562765963871E+03
 0.19838811801428E+03
 0.19065803110632E+03
 0.18256907630485E+03
 0.17417688648118E+03
 0.16560409902309E+03
 0.15697739036941E+03
 0.14834512971800E+03
 0.13988570327612E+03
 0.13174538895018E+03
 0.12396109820621E+03
 0.11665587650920E+03
 0.10977705153955E+03
 0.10340836662460E+03
 0.97478781420910E+02
 0.91977726796853E+02
 0.86964507208976E+02
 0.82300714510835E+02
 0.77958438956164E+02
 0.73995851572276E+02
 0.70307299344276E+02
 0.66912645183848E+02
 0.63759012574213E+02
 0.60843105904798E+02
 0.58118347809396E+02
 0.55594926503577E+02
 0.53246346767950E+02
 0.51046068562702E+02
 0.48987902488014E+02
 0.47063285076149E+02
 0.45266687708775E+02
 0.43571930560034E+02
 0.41981094823926E+02
 0.40483427967743E+02
 0.39070785588360E+02
 0.37737984280485E+02
 0.36486051979748E+02
 0.35292267122034E+02
 0.34164481868515E+02
 0.33103371775181E+02
 0.32088484682349E+02
 0.31122535311311E+02
 0.30214629789804E+02
 0.29342726528297E+02
 0.28515058167418E+02
 0.27719724113006E+02
 0.26974456296762E+02
 0.26253242647156E+02
 0.25568859195843E+02
 0.24904010281305E+02
 0.24276678202827E+02
 0.23670185106769E+02
 0.23095318182006E+02
 0.22539655337744E+02
 0.22007842630685E+02
 0.21494906356708E+02
 0.21003910760842E+02
 0.20528437323188E+02
 0.20070833806719E+02
 0.19631592468674E+02
 0.19209058602290E+02
 0.18803235177362E+02
 0.18410572764607E+02
 0.18029646141858E+02
 0.17662251920238E+02
 0.17309232067484E+02
 0.16966092142946E+02
 0.16636714469550E+02
 0.16314259536522E+02
 0.16005797372694E+02
 0.15702987153170E+02
 0.15414098756961E+02
 0.15131291087159E+02
 0.14857480337996E+02
 0.14592113564734E+02
 0.14335364419999E+02
 0.14085040175611E+02
 0.13842062723784E+02
 0.13604644284200E+02
 0.13376487276416E+02
 0.13154115715501E+02
 0.12937097374438E+02
 0.12726761645009E+02
 0.12521125056843E+02
 0.12322569343137E+02
 0.12127882798306E+02
 0.11939113838905E+02
 0.11754018098575E+02
 0.11573251492064E+02
 0.11398456470171E+02
 0.11227017997244E+02
 0.11061249856757E+02
 0.10898912021917E+02
 0.10740349048690E+02
 0.10585268657947E+02
 0.10434222788457E+02
 0.10287541198910E+02
 0.10142994534571E+02
 0.10002138086688E+02
 0.98647521228063E+01
 0.97294875300725E+01
 0.95987576463365E+01
 0.94701088499922E+01
 0.93447734177021E+01
 0.92211126158503E+01
 0.91011799992982E+01
 0.89837531072631E+01
 0.88681427446947E+01
 0.87558559324726E+01
 0.86455276448314E+01
 0.85370262143941E+01
 0.84316119413938E+01
 0.83274142741917E+01
 0.82256488827748E+01
 0.81263141865277E+01
 0.80282608551089E+01
 0.79331255498197E+01
 0.78386987675206E+01
 0.77471167612419E+01
 0.76568181743844E+01
 0.75680797795020E+01
 0.74814096016887E+01
 0.73960053296867E+01
 0.73121563751791E+01
 0.72305605252791E+01
 0.71495415922598E+01
 0.70707460916360E+01
 0.69926210021897E+01
 0.69163502686377E+01
 0.68415592940121E+01
 0.67681837915570E+01
 0.66956478240319E+01
 0.66244731257094E+01
 0.65545793114459E+01
 0.64863144880908E+01
 0.64187613624270E+01
 0.63523491282079E+01
 0.62873287998734E+01
 0.62229287757514E+01
 0.61597771325534E+01
 0.60978935767919E+01
 0.60370419215790E+01
 0.59769061617941E+01
 0.59181976018278E+01
 0.58598013602106E+01
 0.58026535393151E+01
 0.57463268379669E+01
 0.56910682844002E+01
 0.56365121291625E+01
 0.55828798855993E+01
 0.55301706805995E+01
 0.54780301733841E+01
 0.54271283700862E+01
 0.53766657820498E+01
 0.53271621067352E+01
 0.52782353140955E+01
 0.52297901995118E+01
 0.51827677726668E+01
 0.51357448990603E+01
 0.50898415530861E+01
 0.50443735171574E+01
 0.49995695795311E+01
 0.49556637337382E+01
 0.49120217231182E+01
 0.48691085557374E+01
 0.48269071354417E+01
