 0.10000000133514E-09
 0.10000000133514E-09
 0.10000000133514E-09
 0.10000000133514E-09
 0.10000000133514E-09
 0.10000000133514E-09
 0.10000000133514E-09
 0.10000000133514E-09
 0.10000000133514E-09
 0.10000000133514E-09
 0.10000000133514E-09
 0.10000000133514E-09
 0.10000000133514E-09
 0.10000000133514E-09
 0.10000000133514E-09
 0.10000000133514E-09
 0.10000000133514E-09
 0.10000000133514E-09
 0.10000000133514E-09
 0.10000000133514E-09
 0.10000000133514E-09
 0.10000000133514E-09
 0.10000000133514E-09
 0.40175240867233E-04
 0.40175240867233E-04
 0.81046620189741E-04
 0.11092320876680E-03
 0.14862146100509E-03
 0.19536937543219E-03
 0.25244446015871E-03
 0.32115401543711E-03
 0.40280738107710E-03
 0.49876871809528E-03
 0.61034306199947E-03
 0.73883380525293E-03
 0.88555671839270E-03
 0.10517403214333E-02
 0.12386244028161E-02
 0.14473613356185E-02
 0.16790578660115E-02
 0.19348527076091E-02
 0.22157385098775E-02
 0.25226409172688E-02
 0.28565107046752E-02
 0.32182471807534E-02
 0.36086348748383E-02
 0.40283567343655E-02
 0.44782205028582E-02
 0.49589038094952E-02
 0.54709412329464E-02
 0.60149618502799E-02
 0.65914798101612E-02
 0.72009575988731E-02
 0.78439758231386E-02
 0.85209756325803E-02
 0.92323640945520E-02
 0.99784643725626E-02
 0.10759608788323E-01
 0.11576456803026E-01
 0.12428262803793E-01
 0.13317446130866E-01
 0.14242126384481E-01
 0.15203367045355E-01
 0.16202830442183E-01
 0.17238580532877E-01
 0.18312801489534E-01
 0.19424584054353E-01
 0.20572329727141E-01
 0.21761027506225E-01
 0.22987374699254E-01
 0.24253973606342E-01
 0.25559528900645E-01
 0.26903563610366E-01
 0.28289153992558E-01
 0.29714674943318E-01
 0.31180149617356E-01
 0.32688392657750E-01
 0.34239902415484E-01
 0.35826008643778E-01
 0.37460480593487E-01
 0.39138068014344E-01
 0.40859378868740E-01
 0.42620806104504E-01
 0.44428545193228E-01
 0.46285865026692E-01
 0.48184431950679E-01
 0.50128772540831E-01
 0.52125607779073E-01
 0.54169622535805E-01
 0.56263524150656E-01
 0.58399734921978E-01
 0.60590205560990E-01
 0.62835908428681E-01
 0.65133454985833E-01
 0.67481385610657E-01
 0.69879426701986E-01
 0.72347483990430E-01
 0.74861110685975E-01
 0.77434574246945E-01
 0.80069073271546E-01
 0.82770828870990E-01
 0.85529048041565E-01
 0.88350109900699E-01
 0.91242308532149E-01
 0.94204752033582E-01
 0.97239864767276E-01
 0.10033357387279E+00
 0.10352264007333E+00
 0.10677978874530E+00
 0.11010707494321E+00
 0.11351770194649E+00
 0.11702060147916E+00
 0.12060935890044E+00
 0.12429307598681E+00
 0.12807792937026E+00
 0.13195732439459E+00
 0.13593118283872E+00
 0.14001835200098E+00
 0.14422736432838E+00
 0.14854013945917E+00
 0.15297526274333E+00
 0.15753823443221E+00
 0.16223958002259E+00
 0.16708576122609E+00
 0.17206511610503E+00
 0.17718777263399E+00
 0.18246442316408E+00
 0.18792398285921E+00
 0.19355366753184E+00
 0.19933956068567E+00
 0.20530680894443E+00
 0.21147477429433E+00
 0.21780154338527E+00
 0.22432669001884E+00
 0.23106375294957E+00
 0.23794110768579E+00
 0.24502080134531E+00
 0.25223645598644E+00
 0.25958217009372E+00
 0.26700772896870E+00
 0.27447481508884E+00
 0.28196322688160E+00
 0.28940670393419E+00
 0.29675221185568E+00
 0.30397611678118E+00
 0.31103250893665E+00
 0.31792626847057E+00
 0.32463912692192E+00
 0.33118555403719E+00
 0.33757574691302E+00
 0.34380786353456E+00
 0.34991872981984E+00
 0.35592242296490E+00
 0.36181755835000E+00
 0.36762628018250E+00
 0.37335507735027E+00
 0.37901338185916E+00
 0.38460481677932E+00
 0.39013813008142E+00
 0.39561434071704E+00
 0.40103522665540E+00
 0.40640696431609E+00
 0.41172614034379E+00
 0.41699657862073E+00
 0.42221563872143E+00
 0.42738565398766E+00
 0.43250541356087E+00
 0.43757524220526E+00
 0.44259430461555E+00
 0.44756361618679E+00
 0.45247955168354E+00
 0.45734571501742E+00
 0.46215851328539E+00
 0.46691784635784E+00
 0.47162645624643E+00
 0.47628240565326E+00
 0.48088335354660E+00
 0.48543230950410E+00
 0.48992814447082E+00
 0.49437134855881E+00
 0.49876084896102E+00
 0.50309834763374E+00
 0.50738254592122E+00
 0.51161571871848E+00
 0.51579642272168E+00
 0.51992618835142E+00
 0.52400417510274E+00
 0.52803225459916E+00
 0.53201023070191E+00
 0.53593851740859E+00
 0.53981767353804E+00
 0.54364883253695E+00
 0.54743214252655E+00
 0.55116792039979E+00
 0.55485700379644E+00
 0.55849995190528E+00
 0.56209773516965E+00
 0.56565103678817E+00
 0.56915986468962E+00
 0.57262526841525E+00
 0.57604782952686E+00
 0.57942835235887E+00
 0.58276733224810E+00
 0.58606530376463E+00
 0.58932328343715E+00
 0.59254114154262E+00
 0.59572043621023E+00
 0.59886150593211E+00
 0.60196452605051E+00
 0.60503051802426E+00
 0.60805996473282E+00
 0.61105344113612E+00
 0.61401183891469E+00
 0.61693509792789E+00
 0.61982455336432E+00
 0.62268004842675E+00
 0.62550261057005E+00
 0.62829284205274E+00
 0.63105081738111E+00
 0.63377745067666E+00
 0.63647302609233E+00
 0.63913836500362E+00
 0.64177392510326E+00
 0.64437963666970E+00
 0.64695679511952E+00
 0.64950529649166E+00
 0.65202565980721E+00
 0.65451861701587E+00
 0.65698457307577E+00
 0.65942372017405E+00
 0.66183672165737E+00
 0.66422412119661E+00
 0.66658591464144E+00
 0.66892275221844E+00
 0.67123505443046E+00
 0.67352300174349E+00
 0.67578747502367E+00
 0.67802827675360E+00
 0.68024613883800E+00
 0.68244128960410E+00
 0.68461400552820E+00
 0.68676525047466E+00
 0.68889415429467E+00
 0.69100228653545E+00
 0.69308914052323E+00
 0.69515525931341E+00
 0.69720139433449E+00
 0.69922718472275E+00
 0.70123332359818E+00
 0.70322018367183E+00
 0.70518799609514E+00
 0.70713669418242E+00
 0.70906701815991E+00
 0.71097904512380E+00
 0.71287300871288E+00
 0.71474917593352E+00
 0.71660780005425E+00
 0.71844913428600E+00
 0.72027372306803E+00
 0.72208162250577E+00
 0.72387278130302E+00
 0.72564776602268E+00
 0.72740673072725E+00
 0.72914981742406E+00
 0.73087729160196E+00
 0.73258953386020E+00
 0.73428664682868E+00
 0.73596864897179E+00
 0.73763584391344E+00
 0.73928871071432E+00
 0.74092734457878E+00
 0.74255155824824E+00
 0.74416223866117E+00
 0.74575894928352E+00
 0.74734199653387E+00
 0.74891172484706E+00
 0.75046828310495E+00
 0.75201173298543E+00
 0.75354248733645E+00
 0.75506060484923E+00
 0.75656578531738E+00
 0.75805890553651E+00
 0.75953979322468E+00
 0.76100869450152E+00
 0.76246561531839E+00
 0.76391098795129E+00
 0.76534449863504E+00
 0.76676677630310E+00
 0.76817762279515E+00
 0.76957735175029E+00
 0.77096614427899E+00
 0.77234395721505E+00
 0.77371118352279E+00
 0.77506759105028E+00
 0.77641361869580E+00
 0.77774941869166E+00
 0.77907486609880E+00
 0.78039025228915E+00
 0.78169561403161E+00
 0.78299120047426E+00
