 0.13708380095672E+03
 0.13708380095668E+03
 0.13708380095628E+03
 0.13708380104278E+03
 0.13708380419564E+03
 0.13708383395743E+03
 0.13708396560561E+03
 0.13708433276320E+03
 0.13708509673953E+03
 0.13708640656966E+03
 0.13708837510279E+03
 0.13709107221540E+03
 0.13709452878159E+03
 0.13709874545752E+03
 0.13710369749223E+03
 0.13710934226816E+03
 0.13711562574266E+03
 0.13712248251785E+03
 0.13712984303356E+03
 0.13713763313594E+03
 0.13710579150595E+03
 0.13710386047677E+03
 0.13710161988217E+03
 0.13709906005386E+03
 0.13709617784740E+03
 0.13709297376328E+03
 0.13708945557599E+03
 0.13708563103398E+03
 0.13708151894954E+03
 0.13707714234624E+03
 0.13707252931273E+03
 0.13706770446377E+03
 0.13706270698397E+03
 0.13705757521882E+03
 0.13705233872141E+03
 0.13704704660028E+03
 0.13704173772455E+03
 0.13703645759977E+03
 0.13703124345831E+03
 0.13702613197129E+03
 0.13702118784867E+03
 0.13701642838314E+03
 0.13701189496728E+03
 0.13700763275542E+03
 0.13700368501035E+03
 0.13700007723784E+03
 0.13699683503040E+03
 0.13699400473912E+03
 0.13699162916152E+03
 0.13698974116708E+03
 0.13698836667946E+03
 0.13698756001746E+03
 0.13698735480681E+03
 0.13698779997789E+03
 0.13698896012153E+03
 0.13699087559721E+03
 0.13699360821774E+03
 0.13699724640787E+03
 0.13700183709291E+03
 0.13700747210111E+03
 0.13701431448228E+03
 0.13702234821664E+03
 0.13703174728275E+03
 0.13704272568769E+03
 0.13705524796994E+03
 0.13706962971082E+03
 0.13708591825598E+03
 0.13710424996908E+03
 0.13712498570406E+03
 0.13714819323931E+03
 0.13717425878647E+03
 0.13720328444674E+03
 0.13723542796850E+03
 0.13727131446135E+03
 0.13731088801922E+03
 0.13735469561860E+03
 0.13740297485128E+03
 0.13745622504327E+03
 0.13751439078616E+03
 0.13757851451564E+03
 0.13764863423988E+03
 0.13772530013720E+03
 0.13780889373600E+03
 0.13790009412144E+03
 0.13799981332036E+03
 0.13810789077281E+03
 0.13822525381228E+03
 0.13835305186221E+03
 0.13849154815017E+03
 0.13864182338741E+03
 0.13880371116405E+03
 0.13897889660717E+03
 0.13916884601022E+03
 0.13937423491263E+03
 0.13959492145780E+03
 0.13983258753994E+03
 0.14009059535552E+03
 0.14036711335861E+03
 0.14066560645958E+03
 0.14098675691747E+03
 0.14133368840125E+03
 0.14170574149855E+03
 0.14210595133198E+03
 0.14253787231105E+03
 0.14300365900625E+03
 0.14350424635469E+03
 0.14404089725407E+03
 0.14462346091595E+03
 0.14524924648807E+03
 0.14592129967008E+03
 0.14664507410864E+03
 0.14742854583639E+03
 0.14827351965496E+03
 0.14918798724032E+03
 0.15017988052878E+03
 0.15124924158381E+03
 0.15240716757446E+03
 0.15366518961619E+03
 0.15503549152018E+03
 0.15652403918063E+03
 0.15814476555058E+03
 0.15991117072669E+03
 0.16185652112753E+03
 0.16399178319929E+03
 0.16632856340556E+03
 0.16889754856756E+03
 0.17173291469513E+03
 0.17489985216347E+03
 0.17841881572818E+03
 0.18232702047187E+03
 0.18670784991623E+03
 0.19166173035823E+03
 0.19721050031853E+03
 0.20355066795374E+03
 0.21074793147505E+03
 0.21894946608651E+03
 0.22843347047304E+03
 0.23932294820277E+03
 0.25188115327120E+03
 0.26630397298053E+03
 0.28284479298709E+03
 0.30186877710810E+03
 0.32349202772098E+03
 0.34777592046102E+03
 0.37486317770684E+03
 0.40442323251645E+03
 0.43650780563628E+03
 0.47054792186261E+03
 0.50630704113993E+03
 0.54337649667035E+03
 0.58076965729216E+03
 0.61874413601556E+03
 0.65699072230312E+03
 0.69456583680970E+03
 0.73181639498153E+03
 0.76827683139047E+03
 0.80409648577244E+03
 0.83903547453356E+03
 0.87341530742381E+03
 0.90696094835141E+03
 0.93983190839879E+03
 0.97225137046270E+03
 0.10041972797518E+04
 0.10357384441217E+04
 0.10668388821392E+04
 0.10977959323252E+04
 0.11285392814320E+04
 0.11591881633504E+04
 0.11897930148864E+04
 0.12203932296096E+04
 0.12509063684088E+04
 0.12817048524372E+04
 0.13125761457879E+04
 0.13434933780955E+04
 0.13747341490754E+04
 0.14062614530688E+04
 0.14378381324151E+04
 0.14698557916715E+04
 0.15021101295609E+04
 0.15348837787470E+04
 0.15676319759846E+04
 0.16009835664693E+04
 0.16345969625599E+04
 0.16688921230739E+04
 0.17032899705132E+04
 0.17383457703710E+04
 0.17735871505745E+04
 0.18094239072933E+04
 0.18456542764515E+04
 0.18824435382210E+04
 0.19196156659452E+04
 0.19574305770805E+04
 0.19957496752548E+04
 0.20345217351788E+04
 0.20737675359521E+04
 0.21134685266529E+04
 0.21538351066053E+04
 0.21948337188081E+04
 0.22363413278314E+04
 0.22783182640253E+04
 0.23210070252633E+04
 0.23641235891358E+04
 0.24080955585648E+04
 0.24524714150644E+04
 0.24976787347543E+04
 0.25432887745875E+04
 0.25896890454912E+04
 0.26367824105208E+04
 0.26844662050843E+04
 0.27327994329854E+04
 0.27819116978248E+04
 0.28316760696296E+04
 0.28823279125231E+04
 0.29334433746202E+04
 0.29854020089714E+04
 0.30381044183482E+04
 0.30915588120886E+04
 0.31458445285399E+04
 0.32007767125489E+04
 0.32566556159092E+04
 0.33132420192443E+04
 0.33707767485152E+04
 0.34292019098764E+04
 0.34883033943714E+04
 0.35484076743169E+04
 0.36092388636444E+04
 0.36710425234147E+04
 0.37337401106908E+04
 0.37974611650978E+04
 0.38620342280019E+04
 0.39274953123336E+04
 0.39941229672850E+04
 0.40616667792606E+04
 0.41302141006830E+04
 0.41998879447730E+04
 0.42704235569114E+04
 0.43421761130085E+04
 0.44149192866662E+04
 0.44889381927575E+04
 0.45639542174698E+04
 0.46400958868944E+04
 0.47175407984894E+04
 0.47960565594772E+04
 0.48758451565968E+04
 0.49569300254962E+04
 0.50391589722678E+04
 0.51228203066666E+04
 0.52077325710592E+04
 0.52939836932078E+04
 0.53816937578421E+04
 0.54706783145903E+04
 0.55612064242340E+04
 0.56530929255539E+04
 0.57465698276283E+04
 0.58415570460341E+04
 0.59380603653691E+04
 0.60362278371848E+04
 0.61359783261251E+04
 0.62373451715883E+04
 0.63405435459128E+04
 0.64453665552853E+04
 0.65520658069196E+04
 0.66605517664527E+04
 0.67708841678729E+04
 0.68831269630211E+04
 0.69973741839273E+04
 0.71136304398422E+04
 0.72319278277288E+04
 0.73523022064877E+04
 0.74748872889046E+04
 0.75996876238189E+04
 0.77267516420991E+04
 0.78561703544149E+04
 0.79879879217431E+04
 0.81222839985416E+04
 0.82590938818580E+04
 0.83985121768973E+04
 0.85406466259878E+04
 0.86854891229043E+04
 0.88331756771295E+04
 0.89838107083616E+04
 0.91374401619536E+04
 0.92941778974282E+04
 0.94541383228508E+04
 0.96173951885994E+04
 0.97839716313860E+04
 0.99541446585126E+04
 0.10127971355291E+05
 0.10305580226481E+05
 0.10486994645833E+05
 0.10672266643674E+05
 0.10862125254256E+05
 0.11055852808814E+05
 0.11254216860966E+05
 0.11457314266593E+05
 0.11664826168642E+05
 0.11877758464193E+05
 0.12095739790552E+05
 0.12318827520546E+05
 0.12547687019505E+05
