 0.16431646807701E+00
 0.16431646807697E+00
 0.16431646807651E+00
 0.16431646810801E+00
 0.16431646927819E+00
 0.16431648034875E+00
 0.16431652778923E+00
 0.16431665760741E+00
 0.16431691794218E+00
 0.16431734131408E+00
 0.16431793132730E+00
 0.16431865791827E+00
 0.16431946793363E+00
 0.16432026599062E+00
 0.16432096555485E+00
 0.16432141106084E+00
 0.16432149317730E+00
 0.16432107138181E+00
 0.16431999377342E+00
 0.16431811838820E+00
 0.16430024804079E+00
 0.16429243410957E+00
 0.16428315771317E+00
 0.16427229699820E+00
 0.16425970423305E+00
 0.16424526498333E+00
 0.16422877702042E+00
 0.16421031104424E+00
 0.16418965166504E+00
 0.16416657514473E+00
 0.16414083360323E+00
 0.16411259533148E+00
 0.16408144275087E+00
 0.16404710890098E+00
 0.16400995059229E+00
 0.16396934539779E+00
 0.16392532716108E+00
 0.16387743280137E+00
 0.16382598491987E+00
 0.16377098609842E+00
 0.16371097430937E+00
 0.16364708725856E+00
 0.16357905195659E+00
 0.16350643396098E+00
 0.16342853030135E+00
 0.16334602816365E+00
 0.16325932323577E+00
 0.16316767478059E+00
 0.16307054614385E+00
 0.16296810763371E+00
 0.16286101837749E+00
 0.16274830343016E+00
 0.16263058590871E+00
 0.16250736830012E+00
 0.16237816227549E+00
 0.16224356253540E+00
 0.16210371517000E+00
 0.16195723196801E+00
 0.16180552425058E+00
 0.16164916962811E+00
 0.16148301364013E+00
 0.16131442351380E+00
 0.16113944687190E+00
 0.16095566495089E+00
 0.16076847862133E+00
 0.16057053866591E+00
 0.16036791018303E+00
 0.16016267009871E+00
 0.15994619748205E+00
 0.15972523156257E+00
 0.15949208900770E+00
 0.15925312479061E+00
 0.15901160582118E+00
 0.15875380433066E+00
 0.15849344398584E+00
 0.15822074124662E+00
 0.15794027921913E+00
 0.15764724805718E+00
 0.15735237510174E+00
 0.15703969688489E+00
 0.15671928327899E+00
 0.15638831110285E+00
 0.15604735426170E+00
 0.15569351123301E+00
 0.15532004593028E+00
 0.15494030934109E+00
 0.15454735390075E+00
 0.15413459760023E+00
 0.15370767258885E+00
 0.15326144011228E+00
 0.15280760838536E+00
 0.15233619040446E+00
 0.15183886914035E+00
 0.15131879992996E+00
 0.15078948790818E+00
 0.15024110686566E+00
 0.14965667869823E+00
 0.14905972543928E+00
 0.14843267094244E+00
 0.14778258862385E+00
 0.14709755849983E+00
 0.14639257590181E+00
 0.14565809877698E+00
 0.14488500967140E+00
 0.14407309714942E+00
 0.14323180249879E+00
 0.14236116694615E+00
 0.14143265693527E+00
 0.14046884963144E+00
 0.13946900746274E+00
 0.13842630733837E+00
 0.13732506811775E+00
 0.13617427121904E+00
 0.13496351260991E+00
 0.13368594310330E+00
 0.13235944234013E+00
 0.13096746597110E+00
 0.12950271064107E+00
 0.12795767993852E+00
 0.12633721993377E+00
 0.12463755382923E+00
 0.12285647641283E+00
 0.12095686542343E+00
 0.11895519889944E+00
 0.11686220425100E+00
 0.11466347372456E+00
 0.11234779032913E+00
 0.10987430573727E+00
 0.10726873176133E+00
 0.10453636531336E+00
 0.10164721131120E+00
 0.98573466356854E-01
 0.95365629316615E-01
 0.91979295664561E-01
 0.88355398887366E-01
 0.84621066013249E-01
 0.80661478469579E-01
 0.76549024122650E-01
 0.72291470013157E-01
 0.67940771787204E-01
 0.63534938102620E-01
 0.59091077871744E-01
 0.54696933865406E-01
 0.50426272660221E-01
 0.46312719383388E-01
 0.42440901670783E-01
 0.38802926478459E-01
 0.35449615198675E-01
 0.32367084708169E-01
 0.29550197386233E-01
 0.27027606290987E-01
 0.24730270641537E-01
 0.22641836247942E-01
 0.20781005336850E-01
 0.19095919926318E-01
 0.17584604609513E-01
 0.16218649343445E-01
 0.14990946409143E-01
 0.13875289139171E-01
 0.12870354081879E-01
 0.11960583103795E-01
 0.11131405590870E-01
 0.10376922687216E-01
 0.96895475771052E-02
 0.90647638758691E-02
 0.84909911126362E-02
 0.79661127191714E-02
 0.74840168036383E-02
 0.70406914906480E-02
 0.66326065408581E-02
 0.62583286154934E-02
 0.59097641953143E-02
 0.55881121160384E-02
 0.52917135779053E-02
 0.50152208846624E-02
 0.47576594914411E-02
 0.45203018233542E-02
 0.42974951421457E-02
 0.40902948169121E-02
 0.38949826940648E-02
 0.37155733910791E-02
 0.35455436159434E-02
 0.33870465120229E-02
 0.32361851558125E-02
 0.30966162539945E-02
 0.29637737224263E-02
 0.28402827216155E-02
 0.27230141843216E-02
 0.26127572417615E-02
 0.25081600261863E-02
 0.24098217807920E-02
 0.23160748987740E-02
 0.22273334375472E-02
 0.21435285616333E-02
 0.20642640168777E-02
 0.19893349852255E-02
 0.19177045797877E-02
 0.18493464962557E-02
 0.17845255503600E-02
 0.17231585728631E-02
 0.16643070487409E-02
 0.16087179566109E-02
 0.15549608553377E-02
 0.15042432414540E-02
 0.14552706512798E-02
 0.14090536824445E-02
 0.13645202936910E-02
 0.13218316704186E-02
 0.12811455046401E-02
 0.12422353714231E-02
 0.12047652530402E-02
 0.11689426025127E-02
 0.11342492907179E-02
 0.11014319093487E-02
 0.10697336863873E-02
 0.10392875958184E-02
 0.10100435218670E-02
 0.98183447251730E-03
 0.95490878073497E-03
 0.92878035040012E-03
 0.90377190342774E-03
 0.87951871081991E-03
 0.85609015618025E-03
 0.83373273201092E-03
 0.81201030632802E-03
 0.79124399877013E-03
 0.77111260835748E-03
 0.75170673102545E-03
 0.73286386804919E-03
 0.71475941536677E-03
 0.69734097147871E-03
 0.68031835097709E-03
 0.66393518947870E-03
 0.64809853784226E-03
 0.63269061791083E-03
 0.61795068651957E-03
 0.60355191144842E-03
 0.58969334945009E-03
 0.57612987280787E-03
 0.56309730203790E-03
 0.55048686701884E-03
 0.53816662638444E-03
 0.52630840582558E-03
 0.51477672541763E-03
 0.50354182486264E-03
 0.49273190958098E-03
 0.48213768420616E-03
 0.47190644269310E-03
 0.46197189221185E-03
 0.45226375218812E-03
 0.44291857460780E-03
 0.43376348623323E-03
 0.42494308963964E-03
 0.41629125669658E-03
 0.40788745715391E-03
 0.39974870596529E-03
 0.39177563749834E-03
 0.38405114385696E-03
 0.37658071729602E-03
 0.36920701902174E-03
 0.36210844636532E-03
 0.35513565791628E-03
 0.34837154524189E-03
 0.34179859001026E-03
 0.33539401086564E-03
 0.32911364341939E-03
 0.32300052865597E-03
 0.31705795184589E-03
 0.31127864724313E-03
 0.30560786742720E-03
 0.30008869428377E-03
 0.29471828899779E-03
 0.28944133936268E-03
 0.28431108575285E-03
 0.27931164744113E-03
 0.27442577890800E-03
 0.26964188155138E-03
 0.26501469848646E-03
 0.26043523518490E-03
 0.25597884462762E-03
 0.25164398393237E-03
 0.24739717592116E-03
 0.24324629832869E-03
 0.23919790797038E-03
 0.23524209327863E-03
 0.23134787212835E-03
 0.22757129007876E-03
 0.22386662821773E-03
 0.22025667694630E-03
 0.21670895914695E-03
 0.21322048764321E-03
 0.20985929698448E-03
 0.20651619044139E-03
 0.20327048067362E-03
 0.20009712158628E-03
 0.19696234905267E-03
 0.19392371043689E-03
 0.19093808087046E-03
 0.18800362712658E-03
 0.18513526515902E-03
