 0.25955908804632E+10
 0.25957108867719E+10
 0.25959108782898E+10
 0.25961908750767E+10
 0.25965508759658E+10
 0.25969908781553E+10
 0.25975108684409E+10
 0.25981108744504E+10
 0.25987908512540E+10
 0.25995508450152E+10
 0.26003908356715E+10
 0.26013108421428E+10
 0.26023108331886E+10
 0.26033908192054E+10
 0.26045508311118E+10
 0.26057908220213E+10
 0.26071108320593E+10
 0.26085108448089E+10
 0.26099908729181E+10
 0.26115509133544E+10
 0.26131909895131E+10
 0.26149110772510E+10
 0.26167111831805E+10
 0.26185913498531E+10
 0.26205515610252E+10
 0.26225918249591E+10
 0.26247121251292E+10
 0.26269125386512E+10
 0.26291930096038E+10
 0.26315536299072E+10
 0.26339942130758E+10
 0.26365149577938E+10
 0.26391158498464E+10
 0.26417967425341E+10
 0.26445578890636E+10
 0.26473989661480E+10
 0.26503200356454E+10
 0.26533212623101E+10
 0.26564024455318E+10
 0.26595637253168E+10
 0.26628048667197E+10
 0.26661258804334E+10
 0.26695267035797E+10
 0.26730073215851E+10
 0.26765676416464E+10
 0.26802075360130E+10
 0.26839268523514E+10
 0.26877253981926E+10
 0.26916031270251E+10
 0.26955598878773E+10
 0.26995952245839E+10
 0.27037092049872E+10
 0.27079013511095E+10
 0.27121715085960E+10
 0.27165192808622E+10
 0.27209441837481E+10
 0.27254458929359E+10
 0.27300240921800E+10
 0.27346780942688E+10
 0.27394070778288E+10
 0.27442114404857E+10
 0.27490891554539E+10
 0.27540404894294E+10
 0.27590641164182E+10
 0.27641600536583E+10
 0.27693265640303E+10
 0.27745628931712E+10
 0.27798682586497E+10
 0.27852421138179E+10
 0.27906824438470E+10
 0.27961876490216E+10
 0.28017571013998E+10
 0.28073899312296E+10
 0.28130850692707E+10
 0.28188399853829E+10
 0.28246538434627E+10
 0.28305242188575E+10
 0.28364513340166E+10
 0.28424334521142E+10
 0.28484647090074E+10
 0.28545483089757E+10
 0.28606804408154E+10
 0.28668581093718E+10
 0.28730811207838E+10
 0.28793454618275E+10
 0.28856498210448E+10
 0.28919949505318E+10
 0.28983744548150E+10
 0.29047879369283E+10
 0.29112287190160E+10
 0.29177024888875E+10
 0.29242004783829E+10
 0.29307219602035E+10
 0.29372635366555E+10
 0.29438276541779E+10
 0.29504097361667E+10
 0.29569922871435E+10
 0.29635931950767E+10
 0.29701990417522E+10
 0.29768047360280E+10
 0.29834158654575E+10
 0.29900224630107E+10
 0.29966266551483E+10
 0.30032165366158E+10
 0.30097955831743E+10
 0.30163595988545E+10
 0.30228997997249E+10
 0.30294216492525E+10
 0.30359096007109E+10
 0.30423810870471E+10
 0.30488137433196E+10
 0.30552160885689E+10
 0.30615706071122E+10
 0.30678841729150E+10
 0.30741344621369E+10
 0.30803575274663E+10
 0.30865186877738E+10
 0.30926233074693E+10
 0.30986693737545E+10
 0.31046531062831E+10
 0.31105734355205E+10
 0.31164409791054E+10
 0.31222332420572E+10
 0.31279535104939E+10
 0.31336235884613E+10
 0.31392361800284E+10
 0.31447960420000E+10
 0.31502866376257E+10
 0.31557272519309E+10
 0.31611516971722E+10
 0.31665416401080E+10
 0.31719193907683E+10
 0.31773187010960E+10
 0.31827532618394E+10
 0.31882270527813E+10
 0.31938231371323E+10
 0.31995052153079E+10
 0.32053752224418E+10
 0.32114605353918E+10
 0.32178013128928E+10
 0.32244375640134E+10
 0.32314026701140E+10
 0.32387165606024E+10
 0.32463672753284E+10
 0.32543525685861E+10
 0.32626612304449E+10
 0.32712488119340E+10
 0.32800729031428E+10
 0.32890975077593E+10
 0.32983200581760E+10
 0.33077024946795E+10
 0.33172406490127E+10
 0.33269354974682E+10
 0.33367478037353E+10
 0.33467229804986E+10
 0.33568013927459E+10
 0.33670391129409E+10
 0.33774083765250E+10
 0.33879158100616E+10
 0.33985546079148E+10
 0.34093232081703E+10
 0.34202292964743E+10
 0.34312593692742E+10
 0.34424222176737E+10
 0.34537031191390E+10
 0.34651247318508E+10
 0.34766505063589E+10
 0.34883121760423E+10
 0.35000760731282E+10
 0.35119627980729E+10
 0.35239680698804E+10
 0.35360709865257E+10
 0.35483088082966E+10
 0.35606394611672E+10
 0.35730636195495E+10
 0.35856226446261E+10
 0.35982664206826E+10
 0.36110172816134E+10
 0.36238869061085E+10
 0.36368515885664E+10
 0.36499087715678E+10
 0.36630692829211E+10
 0.36763217923231E+10
 0.36896829736844E+10
 0.37031356163101E+10
 0.37166987727810E+10
 0.37303384436529E+10
 0.37440724200351E+10
 0.37579098922210E+10
 0.37718523381806E+10
 0.37858641643471E+10
 0.37999834620060E+10
 0.38141950688125E+10
 0.38284907594079E+10
 0.38428812418833E+10
 0.38573645534520E+10
 0.38719330707348E+10
 0.38865959528522E+10
 0.39013347733025E+10
 0.39161861250960E+10
 0.39311124336991E+10
 0.39461204621855E+10
 0.39612332518965E+10
 0.39764281447164E+10
 0.39917129680929E+10
 0.40070792375373E+10
 0.40225371833296E+10
 0.40380783056896E+10
 0.40537056178464E+10
 0.40694300387043E+10
 0.40852344450136E+10
 0.41011201539594E+10
 0.41171026987335E+10
 0.41331617012800E+10
 0.41493169672868E+10
 0.41655477020455E+10
 0.41818635852576E+10
 0.41982714225821E+10
 0.42147579955842E+10
 0.42313365141922E+10
 0.42479999549417E+10
 0.42647431870800E+10
 0.42815725582400E+10
 0.42984869886524E+10
 0.43154946259259E+10
 0.43325788749360E+10
 0.43497450757778E+10
 0.43669946913146E+10
 0.43843348816825E+10
 0.44017662766172E+10
 0.44192750033464E+10
 0.44368662845407E+10
 0.44545480220567E+10
 0.44723024461958E+10
 0.44901505955337E+10
 0.45080808959761E+10
 0.45260951756186E+10
 0.45441878748081E+10
 0.45623618821820E+10
 0.45806361554800E+10
 0.45989814762832E+10
 0.46174197223918E+10
 0.46359310693694E+10
 0.46545363923428E+10
 0.46732166230084E+10
 0.46919854765569E+10
 0.47108432774388E+10
 0.47297742377228E+10
 0.47487823059465E+10
 0.47678942001671E+10
 0.47870788218409E+10
 0.48063487505348E+10
 0.48256984084717E+10
 0.48451314284887E+10
 0.48646604183353E+10
 0.48842502138420E+10
 0.49039451484714E+10
 0.49237163381196E+10
 0.49435662283512E+10
 0.49635009551799E+10
 0.49835200772017E+10
 0.50036234307053E+10
 0.50238111405458E+10
 0.50440812131982E+10
 0.50644216618140E+10
 0.50848648708058E+10
 0.51053836236431E+10
 0.51259913954550E+10
 0.51466706521956E+10
 0.51674449393654E+10
 0.51882882422648E+10
 0.52092189165559E+10
 0.52302425817802E+10
 0.52513366757564E+10
 0.52725224489615E+10
 0.52937897382147E+10
 0.53151371779483E+10
 0.53365717831668E+10
 0.53580885623579E+10
 0.53796876720251E+10
 0.54013714373155E+10
 0.54231399077401E+10
 0.54449805142701E+10
 0.54669162517302E+10
 0.54889324503224E+10
 0.55110348794998E+10
 0.55332057096375E+10
 0.55554730589726E+10
 0.55778181263398E+10
 0.56002497749474E+10
 0.56227572681571E+10
 0.56453522268395E+10
 0.56680369819421E+10
 0.56907891591061E+10
 0.57136395798550E+10
 0.57365544500943E+10
 0.57595568277687E+10
 0.57826501695683E+10
 0.58058189916554E+10
 0.58290734306912E+10
