 0.22012047225508E+01
 0.22012047225508E+01
 0.22012047225508E+01
 0.22012047225508E+01
 0.22012047225508E+01
 0.22012047225508E+01
 0.22012047225508E+01
 0.22012047225508E+01
 0.22012047225509E+01
 0.22012046921021E+01
 0.22012050888252E+01
 0.22012045357365E+01
 0.22012041451643E+01
 0.22012044430752E+01
 0.22012038045248E+01
 0.22012040697297E+01
 0.22012039230940E+01
 0.22012045719827E+01
 0.22012043316713E+01
 0.22012038525428E+01
 0.22012040699015E+01
 0.22012045662938E+01
 0.22012044163182E+01
 0.22012033875666E+01
 0.22012030981813E+01
 0.22012039863606E+01
 0.22012042708764E+01
 0.22012035302979E+01
 0.22012029815680E+01
 0.22012040043750E+01
 0.22012051453258E+01
 0.22012024929708E+01
 0.22012060091809E+01
 0.22012062770851E+01
 0.22012050633042E+01
 0.22012068567526E+01
 0.22012057982713E+01
 0.22012055330027E+01
 0.22012134615102E+01
 0.22012058075794E+01
 0.22012037596514E+01
 0.22012077723550E+01
 0.22012050104846E+01
 0.22012174475379E+01
 0.22012372070199E+01
 0.22012400423629E+01
 0.22012354454845E+01
 0.22012162154511E+01
 0.22012063151763E+01
 0.22012356690950E+01
 0.22012060130639E+01
 0.22012514848587E+01
 0.22012202976049E+01
 0.22012085225527E+01
 0.22012116644527E+01
 0.22012581047847E+01
 0.22011930627199E+01
 0.22012058026715E+01
 0.22012667396537E+01
 0.22012265439755E+01
 0.22012577810607E+01
 0.22012480088931E+01
 0.22011992337802E+01
 0.22012347991492E+01
 0.22011615662759E+01
 0.22012419092398E+01
 0.22012503791232E+01
 0.22011855331219E+01
 0.22012632204693E+01
 0.22012117438805E+01
 0.22012674464337E+01
 0.22012619440608E+01
 0.22012047246242E+01
 0.22012656496316E+01
 0.22011686289408E+01
 0.22012659165946E+01
 0.22012075417062E+01
 0.22011852054095E+01
 0.22012019184377E+01
 0.22012029538819E+01
 0.22012086336661E+01
 0.22012039777411E+01
 0.22012674041762E+01
 0.22012418589954E+01
 0.22011963141121E+01
 0.22012701845614E+01
 0.22012056710218E+01
 0.22011875044835E+01
 0.22012034363683E+01
 0.22012104313268E+01
 0.22012713437018E+01
 0.22012360813077E+01
 0.22012123876194E+01
 0.22012524083142E+01
 0.22011842609041E+01
 0.22012477656807E+01
 0.22012043132404E+01
 0.22012188683134E+01
 0.22012805167467E+01
 0.22012676257728E+01
 0.22012098393674E+01
 0.22012312935584E+01
 0.22012239459426E+01
 0.22012051220010E+01
 0.22012933844617E+01
 0.22012529360411E+01
 0.22012693895268E+01
 0.22012010298340E+01
 0.22012053839866E+01
 0.22012553982296E+01
 0.22013254387631E+01
 0.22012707141098E+01
 0.22013489836936E+01
 0.22013227669488E+01
 0.22013399769597E+01
 0.22013060740194E+01
 0.22013451072872E+01
 0.22013193649634E+01
 0.22012922840060E+01
 0.22013802570718E+01
 0.22013857654502E+01
 0.22013857063660E+01
 0.22013815127444E+01
 0.22014894474848E+01
 0.22015114571611E+01
 0.22014524294141E+01
 0.22014861797549E+01
 0.22015157845124E+01
 0.22015914833220E+01
 0.22016289258247E+01
 0.22015467263395E+01
 0.22016011097522E+01
 0.22016626737753E+01
 0.22017208052319E+01
 0.22017103547898E+01
 0.22017300787791E+01
 0.22018666702178E+01
 0.22018241126626E+01
 0.22018857486498E+01
 0.22019222871674E+01
 0.22019822566964E+01
 0.22020158593238E+01
 0.22021451829592E+01
 0.22020790961909E+01
 0.22021484740851E+01
 0.22022242397595E+01
 0.22022591567310E+01
 0.22023011172351E+01
 0.22023708660340E+01
 0.22023676024140E+01
 0.22023562093401E+01
 0.22024110089606E+01
 0.22023889508788E+01
 0.22024369885670E+01
 0.22024421128036E+01
 0.22024762761900E+01
 0.22024250593355E+01
 0.22024935741072E+01
 0.22024087379007E+01
 0.22023833910979E+01
 0.22023603764223E+01
 0.22023171517111E+01
 0.22023482873532E+01
 0.22022149368855E+01
 0.22021636606284E+01
 0.22020957883768E+01
 0.22020154433526E+01
 0.22018862008959E+01
 0.22018731334623E+01
 0.22017331717161E+01
 0.22015893768508E+01
 0.22015268884416E+01
 0.22012855613720E+01
 0.22011590505383E+01
 0.22009911342152E+01
 0.22008763606799E+01
 0.22006238296961E+01
 0.22004178357311E+01
 0.22001995641152E+01
 0.21999523094185E+01
 0.21997091299247E+01
 0.21993978943044E+01
 0.21992565201530E+01
 0.21988793631700E+01
 0.21986481318907E+01
 0.21983341264126E+01
 0.21978624515572E+01
 0.21975140775187E+01
 0.21972021098495E+01
 0.21968888847861E+01
 0.21963923741894E+01
 0.21959349766603E+01
 0.21955684724250E+01
 0.21950735974476E+01
 0.21947061922320E+01
 0.21942306873312E+01
 0.21937420724203E+01
 0.21931322523042E+01
 0.21925855879425E+01
 0.21921070818922E+01
 0.21914423863331E+01
 0.21908231124693E+01
 0.21903587883929E+01
 0.21897387658491E+01
 0.21890979418529E+01
 0.21883467627246E+01
 0.21876762025626E+01
 0.21869374473339E+01
 0.21862681069498E+01
 0.21855894895947E+01
 0.21848695540212E+01
 0.21840981333720E+01
 0.21831896272876E+01
 0.21823906959935E+01
 0.21816939760900E+01
 0.21807666227938E+01
 0.21799457625883E+01
 0.21791388486422E+01
 0.21781440760194E+01
 0.21773390934232E+01
 0.21762909202001E+01
 0.21753771454052E+01
 0.21745280518820E+01
 0.21735385473081E+01
 0.21725458252111E+01
 0.21715468196815E+01
 0.21704974314947E+01
 0.21693600119285E+01
 0.21683472213670E+01
 0.21673487207892E+01
 0.21662698801358E+01
 0.21650813338350E+01
 0.21639553403605E+01
 0.21628260653983E+01
 0.21617602903089E+01
 0.21604651457312E+01
 0.21593666525713E+01
 0.21580820666176E+01
 0.21568836608770E+01
 0.21557922004386E+01
 0.21543733530013E+01
 0.21532493819423E+01
 0.21519244379564E+01
 0.21506900142825E+01
 0.21494116041039E+01
 0.21481332391871E+01
 0.21466440834880E+01
 0.21453386414574E+01
 0.21440531812795E+01
 0.21427863228291E+01
 0.21414079869134E+01
 0.21400233087578E+01
 0.21385963235073E+01
 0.21370787839269E+01
 0.21356140260535E+01
 0.21343102765237E+01
 0.21328124179412E+01
 0.21314089263819E+01
 0.21299265472025E+01
 0.21285248814885E+01
 0.21269997068304E+01
 0.21253593542165E+01
 0.21240264456218E+01
 0.21223515652650E+01
 0.21209712619028E+01
 0.21193150252849E+01
 0.21177423707663E+01
 0.21162307596692E+01
 0.21146218597621E+01
 0.21131606125154E+01
 0.21115479775976E+01
 0.21099933076705E+01
 0.21083532956971E+01
 0.21067299509650E+01
 0.21051214903929E+01
 0.21034285170320E+01
 0.21018058131727E+01
 0.21001585998321E+01
 0.20984439830679E+01
 0.20967719181718E+01
 0.20951822324940E+01
 0.20934579496581E+01
 0.20918922270162E+01
 0.20901543195360E+01
 0.20885331008906E+01
 0.20866844862418E+01
 0.20851506176793E+01
 0.20834238565429E+01
 0.20816134947969E+01
 0.20799381460703E+01
 0.20782523253696E+01
 0.20764628141820E+01
 0.20747851858917E+01
 0.20729947522607E+01
 0.20711852763962E+01
 0.20695402578725E+01
 0.20677081821046E+01
 0.20659796229734E+01
 0.20641314147225E+01
 0.20623376199940E+01
