 0.98445526788544E+00
 0.98445526788544E+00
 0.98445526788544E+00
 0.98445526788544E+00
 0.98445526788544E+00
 0.98445526788544E+00
 0.98445526788544E+00
 0.98445526788544E+00
 0.98445526788544E+00
 0.98445524117202E+00
 0.98445644462219E+00
 0.98445474659539E+00
 0.98445353785076E+00
 0.98445434386831E+00
 0.98445270496311E+00
 0.98445338818560E+00
 0.98445295250129E+00
 0.98445486664520E+00
 0.98445416196184E+00
 0.98445289072232E+00
 0.98445355309864E+00
 0.98445475728037E+00
 0.98445432953585E+00
 0.98445154454734E+00
 0.98445078510554E+00
 0.98445297348158E+00
 0.98445380260766E+00
 0.98445206462217E+00
 0.98445051088365E+00
 0.98445384847044E+00
 0.98445562697563E+00
 0.98445136581330E+00
 0.98446039767120E+00
 0.98446106673220E+00
 0.98445419217922E+00
 0.98446496057236E+00
 0.98445935789446E+00
 0.98445891139126E+00
 0.98447020535325E+00
 0.98446037510437E+00
 0.98445073099059E+00
 0.98446851588217E+00
 0.98445612000049E+00
 0.98447123739189E+00
 0.98448030350238E+00
 0.98448072968084E+00
 0.98447856311540E+00
 0.98447052464838E+00
 0.98446196429209E+00
 0.98447997538914E+00
 0.98446365855527E+00
 0.98448465898576E+00
 0.98447356290744E+00
 0.98446881244789E+00
 0.98446857522199E+00
 0.98448562229299E+00
 0.98443764248987E+00
 0.98446231632281E+00
 0.98448396007846E+00
 0.98447712177171E+00
 0.98448542995243E+00
 0.98448369071878E+00
 0.98444391347958E+00
 0.98447815621641E+00
 0.98442571247261E+00
 0.98448049761012E+00
 0.98448320561263E+00
 0.98440194906512E+00
 0.98448541242818E+00
 0.98442501384567E+00
 0.98447519785119E+00
 0.98446590880457E+00
 0.98445290499118E+00
 0.98447502539562E+00
 0.98443096097258E+00
 0.98448391460638E+00
 0.98446254254949E+00
 0.98443232199935E+00
 0.98442197383358E+00
 0.98442256025579E+00
 0.98444035780925E+00
 0.98444312618340E+00
 0.98447653113118E+00
 0.98443809328159E+00
 0.98444478737661E+00
 0.98448001270340E+00
 0.98443603855246E+00
 0.98441281775410E+00
 0.98442956347930E+00
 0.98443704914263E+00
 0.98447921953106E+00
 0.98447414115916E+00
 0.98443749367740E+00
 0.98448992488428E+00
 0.98443805310003E+00
 0.98447716068748E+00
 0.98446328367359E+00
 0.98445093916207E+00
 0.98451038329846E+00
 0.98451466173543E+00
 0.98447262520022E+00
 0.98448624828891E+00
 0.98449685436977E+00
 0.98450804553843E+00
 0.98454168864585E+00
 0.98456214201053E+00
 0.98455762786937E+00
 0.98451523955504E+00
 0.98454836168225E+00
 0.98459556595284E+00
 0.98466672839644E+00
 0.98465260678696E+00
 0.98472306033799E+00
 0.98469123604317E+00
 0.98474774925939E+00
 0.98479267703142E+00
 0.98481535491968E+00
 0.98486930351080E+00
 0.98490585031698E+00
 0.98496938124561E+00
 0.98501614155589E+00
 0.98509271139776E+00
 0.98516066089640E+00
 0.98524952020414E+00
 0.98531120268721E+00
 0.98536959399265E+00
 0.98545423382213E+00
 0.98550312334426E+00
 0.98564382160339E+00
 0.98570273608344E+00
 0.98575809982145E+00
 0.98583476687715E+00
 0.98592198455323E+00
 0.98600673505807E+00
 0.98606282238511E+00
 0.98614425314804E+00
 0.98630087425706E+00
 0.98631825061976E+00
 0.98648237468043E+00
 0.98651445603992E+00
 0.98657451811214E+00
 0.98665931279552E+00
 0.98683312513816E+00
 0.98691780953577E+00
 0.98693579049425E+00
 0.98706464175858E+00
 0.98712113201370E+00
 0.98722998006666E+00
 0.98727139713463E+00
 0.98731766066389E+00
 0.98743525982890E+00
 0.98745890957680E+00
 0.98759832938577E+00
 0.98765546308815E+00
 0.98765788941956E+00
 0.98775116548242E+00
 0.98774187135617E+00
 0.98778835973086E+00
 0.98776836972376E+00
 0.98783242531689E+00
 0.98790890470615E+00
 0.98786550673185E+00
 0.98788798670211E+00
 0.98788264537063E+00
 0.98781394358799E+00
 0.98781800324910E+00
 0.98778065168916E+00
 0.98776522225438E+00
 0.98764492251586E+00
 0.98760304249084E+00
 0.98751533967371E+00
 0.98748337950746E+00
 0.98738407893368E+00
 0.98722315888734E+00
 0.98709108665901E+00
 0.98698647149315E+00
 0.98682330429657E+00
 0.98665105109866E+00
 0.98643748609399E+00
 0.98621748874696E+00
 0.98607840212262E+00
 0.98583757857302E+00
 0.98562166269839E+00
 0.98532693233624E+00
 0.98511522031583E+00
 0.98480838462787E+00
 0.98461482659829E+00
 0.98423754127392E+00
 0.98398753821772E+00
 0.98358079665696E+00
 0.98326338996533E+00
 0.98281986782885E+00
 0.98246085956649E+00
 0.98214950560273E+00
 0.98167426285797E+00
 0.98132777851939E+00
 0.98088966851708E+00
 0.98036500378755E+00
 0.97987341489130E+00
 0.97935760658996E+00
