 0.10190117950350E+00
 0.10190117950351E+00
 0.10190117950369E+00
 0.10190117950488E+00
 0.10190117950674E+00
 0.10190117949805E+00
 0.10190117931093E+00
 0.10190117807678E+00
 0.10190117391227E+00
 0.10190116291004E+00
 0.10190113840820E+00
 0.10190109115384E+00
 0.10190100936959E+00
 0.10190087884666E+00
 0.10190068355770E+00
 0.10190040841209E+00
 0.10190003238632E+00
 0.10189954069508E+00
 0.10189892002714E+00
 0.10189814657943E+00
 0.10189720167962E+00
 0.10189607796094E+00
 0.10189476010974E+00
 0.10189323173009E+00
 0.10189147494826E+00
 0.10188948349350E+00
 0.10188723768825E+00
 0.10188471638781E+00
 0.10188192646970E+00
 0.10187884902892E+00
 0.10187545593842E+00
 0.10187174498882E+00
 0.10186770548030E+00
 0.10186330135893E+00
 0.10185853996630E+00
 0.10185336598518E+00
 0.10184785103436E+00
 0.10184185244732E+00
 0.10183542933628E+00
 0.10182859170539E+00
 0.10182126789652E+00
 0.10181347167794E+00
 0.10180527901284E+00
 0.10179646874253E+00
 0.10178720988962E+00
 0.10177737319084E+00
 0.10176702751161E+00
 0.10175615294266E+00
 0.10174475522488E+00
 0.10173273213749E+00
 0.10172024704587E+00
 0.10170720964590E+00
 0.10169364217861E+00
 0.10167963086996E+00
 0.10166476595096E+00
 0.10164962944251E+00
 0.10163402755458E+00
 0.10161805512559E+00
 0.10160141268762E+00
 0.10158420608789E+00
 0.10156682457273E+00
 0.10154898682769E+00
 0.10153080142219E+00
 0.10151219053549E+00
 0.10149342621170E+00
 0.10147437794087E+00
 0.10145467781093E+00
 0.10143565988340E+00
 0.10141525488392E+00
 0.10139607920988E+00
 0.10137566120935E+00
 0.10135592675445E+00
 0.10133523724249E+00
 0.10131555733334E+00
 0.10129592444178E+00
 0.10127619853666E+00
 0.10125677182662E+00
 0.10123750074425E+00
 0.10121819363398E+00
 0.10120041981001E+00
 0.10118147804591E+00
 0.10116343075164E+00
 0.10114681181822E+00
 0.10112980219894E+00
 0.10111331426628E+00
 0.10109699906122E+00
 0.10108229699859E+00
 0.10106804287916E+00
 0.10105353934124E+00
 0.10104084406908E+00
 0.10102905397104E+00
 0.10101661113517E+00
 0.10100684721358E+00
 0.10099719569103E+00
 0.10098814707899E+00
 0.10097951501306E+00
 0.10097272343498E+00
 0.10096653261272E+00
 0.10096131232193E+00
 0.10095693124610E+00
 0.10095334693775E+00
 0.10095102070608E+00
 0.10094979756164E+00
 0.10094856601035E+00
 0.10094856735119E+00
 0.10094968094154E+00
 0.10095143560702E+00
 0.10095334798921E+00
 0.10095486877888E+00
 0.10095841573129E+00
 0.10096071204943E+00
 0.10096294062406E+00
 0.10096526462565E+00
 0.10096620034000E+00
 0.10096570216121E+00
 0.10096623983687E+00
 0.10096013956690E+00
 0.10095321550518E+00
 0.10094238448796E+00
 0.10092721470892E+00
 0.10090476519309E+00
 0.10087511275910E+00
 0.10083430929934E+00
 0.10078388965381E+00
 0.10071530018072E+00
 0.10063098065969E+00
 0.10052258697547E+00
 0.10038046191784E+00
 0.10020310084307E+00
 0.99985255655909E-01
 0.99708833015561E-01
 0.99366856227458E-01
 0.98952868590571E-01
 0.98438548501309E-01
 0.97824952525602E-01
 0.97110300203826E-01
 0.96290459756186E-01
 0.95370383031369E-01
 0.94385807100842E-01
 0.93363336573736E-01
 0.92311388068164E-01
 0.91272774493677E-01
 0.90265292871374E-01
 0.89305072210141E-01
 0.88390830717448E-01
 0.87547170746547E-01
 0.86775734634008E-01
 0.86058884056295E-01
 0.85406335989497E-01
 0.84814203263245E-01
 0.84292018830805E-01
 0.83813957140585E-01
 0.83395412233691E-01
 0.83022068433976E-01
 0.82693925835211E-01
 0.82410165185113E-01
 0.82164774722475E-01
 0.81956900922436E-01
 0.81784047739385E-01
 0.81642727980722E-01
 0.81533063856973E-01
 0.81452025367256E-01
 0.81397878306822E-01
 0.81369426197256E-01
 0.81364969720714E-01
 0.81383153431214E-01
 0.81422635369599E-01
 0.81482630052796E-01
 0.81561679640862E-01
 0.81659218557041E-01
 0.81773724507283E-01
 0.81905820876017E-01
 0.82052056614573E-01
 0.82214484664003E-01
 0.82390360994914E-01
 0.82581122199257E-01
 0.82785037757585E-01
 0.83001443178611E-01
 0.83229265695612E-01
 0.83468137495453E-01
 0.83718987864505E-01
 0.83981959834874E-01
 0.84254934838299E-01
 0.84536729514998E-01
 0.84828297634242E-01
 0.85130702049923E-01
 0.85441968251844E-01
 0.85761481607147E-01
 0.86088101538680E-01
 0.86425448860475E-01
 0.86768696400019E-01
 0.87121499369330E-01
 0.87482887419043E-01
 0.87850022806842E-01
 0.88224768878205E-01
 0.88606645116428E-01
 0.88995665790457E-01
 0.89390273760227E-01
 0.89792358621217E-01
 0.90202149857097E-01
