 0.10795098908076E+04
 0.10795098908076E+04
 0.10795098908076E+04
 0.10795098908076E+04
 0.10795098908076E+04
 0.10795098908076E+04
 0.10795098908076E+04
 0.10795098908076E+04
 0.10795098908076E+04
 0.10795204695579E+04
 0.10793534522789E+04
 0.10796090611243E+04
 0.10796546482137E+04
 0.10795797082771E+04
 0.10795000585310E+04
 0.10793813043206E+04
 0.10797916670243E+04
 0.10796270542626E+04
 0.10796416469556E+04
 0.10795161055014E+04
 0.10795252118518E+04
 0.10797506805587E+04
 0.10795230573106E+04
 0.10795441720300E+04
 0.10795805835280E+04
 0.10796668978026E+04
 0.10796564894077E+04
 0.10795385905490E+04
 0.10794742540924E+04
 0.10799512229210E+04
 0.10797256651831E+04
 0.10797506890113E+04
 0.10795638867021E+04
 0.10805125523857E+04
 0.10792104933931E+04
 0.10801982768873E+04
 0.10796166489829E+04
 0.10799306112267E+04
 0.10806154633052E+04
 0.10800187044985E+04
 0.10806853414714E+04
 0.10808111969829E+04
 0.10795737509840E+04
 0.10809348010290E+04
 0.10798354099940E+04
 0.10801783196123E+04
 0.10800443408057E+04
 0.10797366433478E+04
 0.10782096710300E+04
 0.10771832714258E+04
 0.10792484822316E+04
 0.10803817262936E+04
 0.10807938308934E+04
 0.10813746538289E+04
 0.10777542926110E+04
 0.10778174542578E+04
 0.10778506120582E+04
 0.10798733470814E+04
 0.10819105553464E+04
 0.10760133693956E+04
 0.10788964137730E+04
 0.10824418642728E+04
 0.10855414103935E+04
 0.10801484949556E+04
 0.10810292459815E+04
 0.10783442145539E+04
 0.10821199219515E+04
 0.10765840000410E+04
 0.10886080673056E+04
 0.10764659914301E+04
 0.10787731493964E+04
 0.10795856975086E+04
 0.10793189242449E+04
 0.10855499962110E+04
 0.10881663153791E+04
 0.10861750613084E+04
 0.10843164555834E+04
 0.10828650557197E+04
 0.10848586010260E+04
 0.10823623259016E+04
 0.10862847472387E+04
 0.10794945587523E+04
 0.10830424488978E+04
 0.10866059716382E+04
 0.10762164623534E+04
 0.10858381313940E+04
 0.10857592442912E+04
 0.10775447775075E+04
 0.10765945583215E+04
 0.10817013737800E+04
 0.10879544017091E+04
 0.10804285060903E+04
 0.10872917155811E+04
 0.10821102699463E+04
 0.10879102416598E+04
 0.10820918698602E+04
 0.10824589975873E+04
 0.10870477867745E+04
 0.10777416470225E+04
 0.10785797106750E+04
 0.10808919270333E+04
 0.10823603724885E+04
 0.10854259918486E+04
 0.10823307031743E+04
 0.10872955150736E+04
 0.10811185714249E+04
 0.10884920232653E+04
 0.10779437369241E+04
 0.10801673193990E+04
 0.10787260455505E+04
 0.10792033161951E+04
 0.10873360136378E+04
 0.10770150791949E+04
 0.10808574262543E+04
 0.10818178032444E+04
 0.10798396987389E+04
 0.10772161210343E+04
 0.10777110919037E+04
 0.10812934768781E+04
 0.10858105558886E+04
 0.10763286666777E+04
 0.10789235420284E+04
 0.10866875573993E+04
 0.10817087535708E+04
 0.10816826215298E+04
 0.10832204362466E+04
 0.10794913575283E+04
 0.10876214120797E+04
 0.10890256325905E+04
 0.10757455863357E+04
 0.10871573792182E+04
 0.10810830303132E+04
 0.10826096020308E+04
 0.10759882648162E+04
 0.10847892831092E+04
 0.10861262478841E+04
 0.10855945486738E+04
 0.10884482319592E+04
 0.10798611837473E+04
 0.10865935351386E+04
 0.10777876717607E+04
 0.10847970201918E+04
 0.10772287823366E+04
 0.10768142584127E+04
 0.10818353881458E+04
 0.10782973820300E+04
 0.10774648377723E+04
 0.10878409667372E+04
 0.10845001180181E+04
 0.10793830307446E+04
 0.10784963374675E+04
 0.10898610640000E+04
 0.10819224202618E+04
 0.10787957868286E+04
 0.10861908169875E+04
 0.10819466216933E+04
 0.10896779168268E+04
 0.10838036089029E+04
 0.10802186720156E+04
 0.10844715550436E+04
 0.10882059329387E+04
 0.10874495854589E+04
 0.10892309027673E+04
 0.10801428447029E+04
 0.10856488851275E+04
 0.10860046803330E+04
 0.10867572511644E+04
 0.10870944345106E+04
 0.10851225476512E+04
 0.10892557101524E+04
 0.10865383165911E+04
 0.10865518738896E+04
 0.10884296766403E+04
 0.10979679702141E+04
 0.10938222847391E+04
 0.10989049258417E+04
 0.10956379284012E+04
 0.10923109839928E+04
 0.10963577768085E+04
 0.11031032519125E+04
 0.11023534606084E+04
 0.10973973083864E+04
 0.10948305912023E+04
 0.11064578747370E+04
 0.10966539896427E+04
 0.11040634095752E+04
 0.10970855825072E+04
 0.10986918237562E+04
 0.11103889401344E+04
 0.11029374053724E+04
 0.11139483375805E+04
 0.11068307280731E+04
 0.11088055685942E+04
 0.11078617470766E+04
 0.11183612880189E+04
 0.11137267309232E+04
 0.11124936885488E+04
 0.11186584519604E+04
 0.11200295871187E+04
 0.11139963406548E+04
