 0.83175735907662E+02
 0.83175735907670E+02
 0.83175735907921E+02
 0.83175735963491E+02
 0.83175737895137E+02
 0.83175756057593E+02
 0.83175836474229E+02
 0.83176061515861E+02
 0.83176532197262E+02
 0.83177345150247E+02
 0.83178578681388E+02
 0.83180289341742E+02
 0.83182513304773E+02
 0.83185272535395E+02
 0.83188576383472E+02
 0.83192422998248E+02
 0.83196809929384E+02
 0.83201722276135E+02
 0.83207140702563E+02
 0.83213050489794E+02
 0.83195008257967E+02
 0.83195544416630E+02
 0.83196182270259E+02
 0.83196933092584E+02
 0.83197812282449E+02
 0.83198823856793E+02
 0.83199984405022E+02
 0.83201309202774E+02
 0.83202795323391E+02
 0.83204463697245E+02
 0.83206332155819E+02
 0.83208407155075E+02
 0.83210700346885E+02
 0.83213237511209E+02
 0.83216021592729E+02
 0.83219088936835E+02
 0.83222405335851E+02
 0.83226055333747E+02
 0.83230016768345E+02
 0.83234285478664E+02
 0.83238915511834E+02
 0.83243902832056E+02
 0.83249214050772E+02
 0.83254979006945E+02
 0.83261115525150E+02
 0.83267699279135E+02
 0.83274713205272E+02
 0.83282175869476E+02
 0.83290098481802E+02
 0.83298553813503E+02
 0.83307470751675E+02
 0.83316915939341E+02
 0.83326901027298E+02
 0.83337409555635E+02
 0.83348664414155E+02
 0.83360415509367E+02
 0.83372785513262E+02
 0.83385765364124E+02
 0.83399550363362E+02
 0.83414103206925E+02
 0.83429303101128E+02
 0.83445319594956E+02
 0.83462161826659E+02
 0.83479918825397E+02
 0.83498522116968E+02
 0.83518092965955E+02
 0.83538882079285E+02
 0.83560307281156E+02
 0.83583461118939E+02
 0.83607129546079E+02
 0.83632631999942E+02
 0.83659085466940E+02
 0.83687409809179E+02
 0.83716729507884E+02
 0.83747611000197E+02
 0.83780239711573E+02
 0.83814555469480E+02
 0.83850727597509E+02
 0.83888977338667E+02
 0.83928631804514E+02
 0.83971256179887E+02
 0.84015876266737E+02
 0.84062371717982E+02
 0.84111880246349E+02
 0.84164095120702E+02
 0.84219378777172E+02
 0.84277072946194E+02
 0.84338062510947E+02
 0.84402965964091E+02
 0.84470774733796E+02
 0.84542209765000E+02
 0.84618557360264E+02
 0.84697923841546E+02
 0.84782183541407E+02
 0.84871344199908E+02
 0.84965925417465E+02
 0.85065128122609E+02
 0.85170206107203E+02
 0.85281205062632E+02
 0.85398695279926E+02
 0.85523028521658E+02
 0.85654344001980E+02
 0.85793034692055E+02
 0.85940854554797E+02
 0.86096895128335E+02
 0.86262068622228E+02
 0.86437216570504E+02
 0.86623425180019E+02
 0.86822325793464E+02
 0.87031612047394E+02
 0.87255725896101E+02
 0.87494412262233E+02
 0.87747924226341E+02
 0.88019369342889E+02
 0.88309689578612E+02
 0.88615581971787E+02
 0.88950565291044E+02
 0.89306046434436E+02
 0.89687762907227E+02
 0.90096963511110E+02
 0.90540470233026E+02
 0.91017721848063E+02
 0.91537068293881E+02
 0.92094132862700E+02
 0.92706897040590E+02
 0.93366018866576E+02
 0.94088340666083E+02
 0.94891584503990E+02
 0.95769966147966E+02
 0.96724598584966E+02
 0.97790368358859E+02
 0.98939943435419E+02
 0.10021362283526E+03
 0.10161584670646E+03
 0.10312976231286E+03
 0.10474091224130E+03
 0.10644976707681E+03
 0.10824972224080E+03
 0.11009181058242E+03
 0.11195943268887E+03
 0.11387699951819E+03
 0.11580600881193E+03
 0.11775011773035E+03
 0.11970726822101E+03
 0.12170514115642E+03
 0.12370245621735E+03
 0.12569723328505E+03
 0.12773927254965E+03
 0.12980031888313E+03
 0.13188531119671E+03
 0.13394239511828E+03
 0.13606318124132E+03
 0.13816393681432E+03
 0.14029715595861E+03
 0.14244837417697E+03
 0.14460090833226E+03
 0.14677778407936E+03
 0.14896611236607E+03
 0.15116461998386E+03
 0.15339176692563E+03
 0.15561739199059E+03
 0.15785724564427E+03
 0.16011432307371E+03
 0.16237452696812E+03
 0.16464327086901E+03
 0.16694036697654E+03
 0.16921813494288E+03
 0.17153005003156E+03
 0.17384170815830E+03
 0.17617092592548E+03
 0.17849939959120E+03
 0.18086041942151E+03
 0.18319643619187E+03
 0.18556464845774E+03
 0.18792677596528E+03
 0.19031615663779E+03
 0.19271277279366E+03
 0.19511569244560E+03
 0.19751858516493E+03
 0.19992381090123E+03
 0.20234736571688E+03
 0.20479306318398E+03
 0.20724271905852E+03
 0.20968855722706E+03
 0.21214374358878E+03
 0.21462119769775E+03
 0.21710477323386E+03
 0.21959187072959E+03
 0.22207501618194E+03
 0.22458791944923E+03
 0.22709127954359E+03
 0.22961756880474E+03
 0.23216003309455E+03
 0.23469762307927E+03
 0.23724671510848E+03
 0.23980538982777E+03
 0.24237449351660E+03
 0.24494410448119E+03
 0.24752929635697E+03
 0.25013225570408E+03
