 0.53405578660231E+07
 0.53405578660231E+07
 0.53405578660231E+07
 0.53405578660231E+07
 0.53405578660231E+07
 0.53405578660231E+07
 0.53405578660231E+07
 0.53405578660231E+07
 0.53405578660231E+07
 0.53405578660231E+07
 0.53405578660232E+07
 0.53405578660234E+07
 0.53405578660238E+07
 0.53405578660235E+07
 0.53405578660229E+07
 0.53405578660228E+07
 0.53405578660221E+07
 0.53405578660210E+07
 0.53405578660193E+07
 0.53405578660168E+07
 0.53405578660177E+07
 0.53405578660124E+07
 0.53405578660078E+07
 0.53405578660014E+07
 0.53405578659952E+07
 0.53405578659911E+07
 0.53405578659975E+07
 0.53405578659799E+07
 0.53405578659553E+07
 0.53405578659377E+07
 0.53405578659366E+07
 0.53405578659059E+07
 0.53405578658971E+07
 0.53405578658907E+07
 0.53405578658383E+07
 0.53405578658119E+07
 0.53405578657541E+07
 0.53405578657874E+07
 0.53405578656705E+07
 0.53405578654706E+07
 0.53405578654670E+07
 0.53405578654478E+07
 0.53405578653736E+07
 0.53405578652143E+07
 0.53405578654583E+07
 0.53405578654200E+07
 0.53405578651258E+07
 0.53405578647000E+07
 0.53405578646321E+07
 0.53405578647140E+07
 0.53405578643945E+07
 0.53405578642097E+07
 0.53405578633073E+07
 0.53405578633255E+07
 0.53405578630925E+07
 0.53405578623826E+07
 0.53405578610628E+07
 0.53405578617608E+07
 0.53405578612989E+07
 0.53405578584658E+07
 0.53405578637420E+07
 0.53405578597978E+07
 0.53405578600518E+07
 0.53405578622845E+07
 0.53405578585700E+07
 0.53405578649328E+07
 0.53405578682697E+07
 0.53405578585929E+07
 0.53405578594316E+07
 0.53405578507070E+07
 0.53405578582114E+07
 0.53405578672286E+07
 0.53405578419838E+07
 0.53405578627435E+07
 0.53405578411450E+07
 0.53405578513604E+07
 0.53405578570223E+07
 0.53405578658974E+07
 0.53405578398147E+07
 0.53405578482814E+07
 0.53405578647795E+07
 0.53405578491311E+07
 0.53405578065909E+07
 0.53405578195118E+07
 0.53405578468095E+07
 0.53405578325661E+07
 0.53405578222818E+07
 0.53405578336802E+07
 0.53405578519622E+07
 0.53405579265451E+07
 0.53405578729699E+07
 0.53405578136613E+07
 0.53405578268239E+07
 0.53405579444161E+07
 0.53405578681153E+07
 0.53405577768347E+07
 0.53405578895710E+07
 0.53405578450666E+07
 0.53405577892103E+07
 0.53405578416509E+07
 0.53405579304767E+07
 0.53405577917181E+07
 0.53405577997271E+07
 0.53405577946938E+07
 0.53405578850554E+07
 0.53405578915824E+07
 0.53405578952890E+07
 0.53405580724616E+07
 0.53405581698304E+07
 0.53405579345442E+07
 0.53405577565881E+07
 0.53405576519291E+07
 0.53405576014544E+07
 0.53405577252890E+07
 0.53405576799294E+07
 0.53405576318861E+07
 0.53405575816036E+07
 0.53405574817268E+07
 0.53405575278119E+07
 0.53405577004453E+07
 0.53405578483583E+07
 0.53405575902499E+07
 0.53405578933887E+07
 0.53405586027113E+07
 0.53405583490924E+07
 0.53405579631692E+07
 0.53405572494264E+07
 0.53405576881175E+07
 0.53405569511492E+07
 0.53405572056764E+07
 0.53405568729144E+07
 0.53405575314673E+07
 0.53405567817919E+07
 0.53405564089184E+07
 0.53405570625212E+07
 0.53405556271578E+07
 0.53405570935346E+07
 0.53405579984429E+07
 0.53405577540902E+07
 0.53405576096612E+07
 0.53405572169064E+07
 0.53405575238518E+07
 0.53405578123291E+07
 0.53405574543716E+07
 0.53405580824125E+07
 0.53405563226312E+07
 0.53405571903059E+07
 0.53405561396353E+07
 0.53405559422730E+07
 0.53405567816118E+07
 0.53405550074157E+07
 0.53405554694894E+07
 0.53405561906706E+07
 0.53405564038012E+07
 0.53405582980125E+07
 0.53405563347707E+07
 0.53405574935467E+07
 0.53405566897239E+07
 0.53405575260742E+07
 0.53405563899941E+07
 0.53405558711580E+07
 0.53405560127577E+07
 0.53405547626768E+07
 0.53405565771404E+07
 0.53405553143719E+07
 0.53405547041138E+07
 0.53405549044219E+07
 0.53405547130760E+07
 0.53405563577322E+07
 0.53405550521314E+07
 0.53405546544395E+07
 0.53405554468978E+07
 0.53405559266794E+07
 0.53405553562843E+07
 0.53405547410626E+07
 0.53405564602421E+07
 0.53405540345623E+07
 0.53405548800315E+07
 0.53405552222748E+07
 0.53405574158409E+07
 0.53405551754880E+07
 0.53405540973280E+07
 0.53405523736599E+07
 0.53405560052530E+07
 0.53405539543445E+07
 0.53405546454615E+07
 0.53405530087473E+07
 0.53405535486741E+07
 0.53405534545528E+07
 0.53405543306634E+07
 0.53405522294878E+07
 0.53405533942801E+07
 0.53405545512205E+07
 0.53405550135566E+07
 0.53405540491889E+07
 0.53405520376256E+07
 0.53405519864315E+07
 0.53405531125300E+07
 0.53405540782311E+07
 0.53405514547197E+07
 0.53405535193590E+07
 0.53405512886765E+07
 0.53405521558694E+07
 0.53405507487214E+07
 0.53405530162319E+07
 0.53405500121680E+07
 0.53405513178906E+07
 0.53405516104704E+07
 0.53405523421759E+07
 0.53405502455955E+07
 0.53405506107187E+07
 0.53405510324723E+07
 0.53405538518209E+07
 0.53405518381503E+07
 0.53405523307561E+07
 0.53405526645445E+07
 0.53405514849562E+07
 0.53405518036341E+07
 0.53405517374727E+07
 0.53405524043631E+07
 0.53405512236045E+07
 0.53405521176927E+07
 0.53405549599714E+07
 0.53405545526717E+07
 0.53405561745138E+07
 0.53405548216415E+07
 0.53405550367553E+07
 0.53405547496049E+07
 0.53405570151468E+07
 0.53405557276877E+07
 0.53405530089623E+07
 0.53405550100853E+07
 0.53405552431892E+07
 0.53405560270368E+07
 0.53405578335880E+07
 0.53405555516500E+07
 0.53405575411441E+07
 0.53405566379710E+07
 0.53405597575344E+07
 0.53405582939450E+07
 0.53405566218836E+07
 0.53405585147784E+07
 0.53405568752653E+07
 0.53405570943178E+07
 0.53405581109515E+07
 0.53405554773978E+07
 0.53405561425103E+07
 0.53405577560239E+07
 0.53405559580579E+07
 0.53405587444584E+07
 0.53405543414252E+07
 0.53405558221578E+07
 0.53405539529145E+07
 0.53405556635852E+07
 0.53405543480341E+07
 0.53405539017022E+07
 0.53405553704012E+07
 0.53405559390839E+07
 0.53405520419374E+07
 0.53405554183357E+07
 0.53405520196456E+07
 0.53405544867312E+07
 0.53405554014766E+07
 0.53405531582722E+07
 0.53405528515314E+07
 0.53405521471601E+07
 0.53405535488651E+07
 0.53405539716201E+07
 0.53405522892114E+07
 0.53405525487462E+07
 0.53405532063181E+07
 0.53405510174654E+07
 0.53405519914768E+07
 0.53405528194047E+07
 0.53405515014138E+07
 0.53405516045151E+07
 0.53405527332855E+07
 0.53405489210703E+07
 0.53405512497746E+07
 0.53405519076791E+07
 0.53405518207485E+07
 0.53405507021635E+07
 0.53405516712360E+07
 0.53405509825716E+07
 0.53405494971210E+07
 0.53405521538565E+07
 0.53405497620725E+07
 0.53405486230625E+07
 0.53405469369581E+07
 0.53405465761391E+07
 0.53405500191119E+07
 0.53405443009468E+07
 0.53405478029677E+07
 0.53405465332046E+07
 0.53405445300975E+07
 0.53405467721533E+07
 0.53405466822543E+07
 0.53405463678108E+07
 0.53405467837293E+07
 0.53405468999258E+07
