 0.53405578660231E+07
 0.53405578660231E+07
 0.53405578660231E+07
 0.53405578660231E+07
 0.53405578660231E+07
 0.53405578660231E+07
 0.53405578660231E+07
 0.53405578660231E+07
 0.53405578660231E+07
 0.53405578660231E+07
 0.53405578660232E+07
 0.53405578660234E+07
 0.53405578660238E+07
 0.53405578660235E+07
 0.53405578660229E+07
 0.53405578660228E+07
 0.53405578660221E+07
 0.53405578660210E+07
 0.53405578660193E+07
 0.53405578660168E+07
 0.53405578660177E+07
 0.53405578660124E+07
 0.53405578660078E+07
 0.53405578660014E+07
 0.53405578659951E+07
 0.53405578659910E+07
 0.53405578659975E+07
 0.53405578659799E+07
 0.53405578659554E+07
 0.53405578659374E+07
 0.53405578659362E+07
 0.53405578659060E+07
 0.53405578658966E+07
 0.53405578658903E+07
 0.53405578658378E+07
 0.53405578658114E+07
 0.53405578657533E+07
 0.53405578657868E+07
 0.53405578656697E+07
 0.53405578654692E+07
 0.53405578654659E+07
 0.53405578654457E+07
 0.53405578653710E+07
 0.53405578652117E+07
 0.53405578654569E+07
 0.53405578654170E+07
 0.53405578651246E+07
 0.53405578647005E+07
 0.53405578646343E+07
 0.53405578647187E+07
 0.53405578644046E+07
 0.53405578642244E+07
 0.53405578633289E+07
 0.53405578633579E+07
 0.53405578631348E+07
 0.53405578624439E+07
 0.53405578611407E+07
 0.53405578618624E+07
 0.53405578614304E+07
 0.53405578586305E+07
 0.53405578639472E+07
 0.53405578600507E+07
 0.53405578603594E+07
 0.53405578626663E+07
 0.53405578590276E+07
 0.53405578654790E+07
 0.53405578689197E+07
 0.53405578593609E+07
 0.53405578603298E+07
 0.53405578517738E+07
 0.53405578594406E+07
 0.53405578686550E+07
 0.53405578436233E+07
 0.53405578646306E+07
 0.53405578432989E+07
 0.53405578538239E+07
 0.53405578598239E+07
 0.53405578690837E+07
 0.53405578434100E+07
 0.53405578523005E+07
 0.53405578693157E+07
 0.53405578541926E+07
 0.53405578122432E+07
 0.53405578258586E+07
 0.53405578538029E+07
 0.53405578403189E+07
 0.53405578309206E+07
 0.53405578432332E+07
 0.53405578624637E+07
 0.53405579381259E+07
 0.53405578856831E+07
 0.53405578276178E+07
 0.53405578421687E+07
 0.53405579612696E+07
 0.53405578864634E+07
 0.53405577968593E+07
 0.53405579113870E+07
 0.53405578688061E+07
 0.53405578150131E+07
 0.53405578695666E+07
 0.53405579608201E+07
 0.53405578246523E+07
 0.53405578352006E+07
 0.53405578332067E+07
 0.53405579266294E+07
 0.53405579365498E+07
 0.53405579437172E+07
 0.53405581246492E+07
 0.53405582262493E+07
 0.53405579949277E+07
 0.53405578216333E+07
 0.53405577218957E+07
 0.53405576768280E+07
 0.53405578060274E+07
 0.53405577668937E+07
 0.53405577246272E+07
 0.53405576818590E+07
 0.53405575889010E+07
 0.53405576424779E+07
 0.53405578235237E+07
 0.53405579807084E+07
 0.53405577307774E+07
 0.53405580418925E+07
 0.53405587604729E+07
 0.53405585148819E+07
 0.53405581372778E+07
 0.53405574318235E+07
 0.53405578796422E+07
 0.53405571518293E+07
 0.53405574146455E+07
 0.53405570910866E+07
 0.53405577571635E+07
 0.53405570177541E+07
 0.53405566544586E+07
 0.53405573172308E+07
 0.53405558899889E+07
 0.53405573679239E+07
 0.53405582822409E+07
 0.53405580480766E+07
 0.53405579108721E+07
 0.53405575289717E+07
 0.53405578465916E+07
 0.53405581441551E+07
 0.53405577946874E+07
 0.53405584329681E+07
 0.53405566825137E+07
 0.53405575628596E+07
 0.53405565164397E+07
 0.53405563300720E+07
 0.53405571804527E+07
 0.53405554119494E+07
 0.53405558882116E+07
 0.53405566151713E+07
 0.53405568407325E+07
 0.53405587380626E+07
 0.53405567873798E+07
 0.53405579523060E+07
 0.53405571589270E+07
 0.53405580010274E+07
 0.53405568740689E+07
 0.53405563643780E+07
 0.53405565176635E+07
 0.53405552767320E+07
 0.53405570967140E+07
 0.53405558448894E+07
 0.53405552470308E+07
 0.53405554463688E+07
 0.53405552658760E+07
 0.53405569208949E+07
 0.53405556238142E+07
 0.53405552403630E+07
 0.53405560395514E+07
 0.53405565312244E+07
 0.53405559676115E+07
 0.53405553597584E+07
 0.53405570857280E+07
 0.53405546831395E+07
 0.53405555209339E+07
 0.53405558654761E+07
 0.53405580849943E+07
 0.53405558437704E+07
 0.53405547859647E+07
 0.53405530705838E+07
 0.53405566982844E+07
 0.53405546687353E+07
 0.53405553695207E+07
 0.53405537301604E+07
 0.53405542796645E+07
 0.53405541847984E+07
 0.53405550953935E+07
 0.53405530009784E+07
 0.53405541897049E+07
 0.53405553280130E+07
 0.53405558148824E+07
 0.53405548279842E+07
 0.53405528531143E+07
 0.53405528141774E+07
 0.53405539711937E+07
 0.53405549274609E+07
 0.53405523209143E+07
 0.53405543888161E+07
 0.53405521593201E+07
 0.53405530140300E+07
 0.53405516121402E+07
 0.53405539009147E+07
 0.53405509221479E+07
 0.53405522362995E+07
 0.53405525490810E+07
 0.53405532859645E+07
 0.53405512234236E+07
 0.53405515966052E+07
 0.53405520292386E+07
 0.53405548531887E+07
 0.53405528553957E+07
 0.53405533495315E+07
 0.53405536647796E+07
 0.53405525023666E+07
 0.53405528079235E+07
 0.53405528495096E+07
 0.53405534235534E+07
 0.53405523256054E+07
 0.53405531600391E+07
 0.53405560354743E+07
 0.53405556637336E+07
 0.53405573052425E+07
 0.53405560224511E+07
 0.53405561855296E+07
 0.53405558738921E+07
 0.53405581793956E+07
 0.53405568843913E+07
 0.53405541380556E+07
 0.53405562269573E+07
 0.53405563515585E+07
 0.53405572902612E+07
 0.53405590106230E+07
 0.53405567748292E+07
 0.53405587520201E+07
 0.53405578769676E+07
 0.53405609648434E+07
 0.53405596292913E+07
 0.53405578488813E+07
 0.53405597992749E+07
 0.53405582114716E+07
 0.53405583901281E+07
 0.53405595255125E+07
 0.53405568212018E+07
 0.53405575132110E+07
 0.53405591069662E+07
 0.53405573102586E+07
 0.53405601612920E+07
 0.53405556385955E+07
 0.53405572022251E+07
 0.53405553453131E+07
 0.53405569218423E+07
 0.53405558236010E+07
 0.53405553754354E+07
 0.53405567502426E+07
 0.53405574051607E+07
 0.53405535419561E+07
 0.53405569793419E+07
 0.53405533750003E+07
 0.53405560404334E+07
 0.53405566164237E+07
 0.53405548900909E+07
 0.53405542493227E+07
 0.53405538231626E+07
 0.53405550434717E+07
 0.53405553292952E+07
 0.53405540933060E+07
 0.53405540923307E+07
 0.53405547553651E+07
 0.53405528388951E+07
 0.53405537662719E+07
 0.53405545300241E+07
 0.53405533924694E+07
 0.53405536370637E+07
 0.53405542736956E+07
 0.53405507721070E+07
 0.53405532344113E+07
 0.53405539830095E+07
 0.53405538571709E+07
 0.53405526070344E+07
 0.53405533162633E+07
 0.53405525922121E+07
 0.53405509980313E+07
 0.53405540382780E+07
 0.53405516023686E+07
 0.53405505387904E+07
 0.53405489104073E+07
 0.53405484129233E+07
 0.53405518874654E+07
 0.53405462390589E+07
 0.53405497758842E+07
 0.53405484172109E+07
 0.53405468824963E+07
 0.53405486197206E+07
 0.53405487139447E+07
 0.53405486692116E+07
 0.53405488866675E+07
 0.53405491335890E+07
