   232665.414532664208578078713226357493      
   232677.399766262524693449118908676092      
   232697.396947239045446815454840139184      
   232725.395951289980138144482550861445      
   232761.395485192029395998430624653417      
   232805.395227140377640853952680533724      
   232857.395067004722196817086898550658      
   232917.394959980123643237713182309867      
   232985.394887342037851310743849600687      
   233061.394844500548311487937353546969      
   233145.394838246193393776279968623128      
   233237.394887798339895432109908207495      
   233337.395024462923375959425761270863      
   233445.395290502930551260808366754263      
   233561.395773481245344506035344250553      
   233685.396581838005848827760161386581      
   233817.397861842595462970114731532328      
   233957.399804475119266871462255121570      
   234105.402651893898027163829767865908      
   234261.406702883354991382564894160551      
   234425.412316541914638234112359775359      
   234597.419913432690520041242262057008      
   234777.429973529269203472656974055963      
   234965.443030435548177279951200064481      
   235161.459693581729021773196778513439      
   235365.480548577584376804635296223056      
   235577.506208129093361810670386211663      
   235797.537285957706562621300451579083      
   236025.574364019458129904202814397754      
   236261.617965801179371592728146411455      
   236505.668527154462255647721982636797      
   236757.726449813317970808205535117692      
   237017.791839699909892275479074294263      
   237285.864650564465248978493702370049      
   237561.944637002519535329764317469383      
   237846.031287600920238251017311804858      
   238138.123794935749420685532647857768      
   238438.221007279327429277243241151260      
   238746.321367811105292014427426049399      
   239062.422805707982218749420223815745      
   239386.522935415996369044208586898579      
   239718.618785142544641638197873809674      
   240058.706749334863418569277736316320      
   240406.782566561324883277273550068105      
   240762.841258948923192592916640149105      
   241126.877071148689161233083754964041      
   241498.883406418735362372706279893721      
   241878.852763776187010263391078834310      
   242266.776653975163620224324623834681      
   242662.645716033396870580795314878626      
   243066.449292935911358499079359257769      
   243478.175640904167607053583880282215      
   243897.811799022407751442341355507764      
   244325.344054951487227780559705311176      
   244760.756953667487425954034155591445      
   245204.033238620491937142811556208635      
   245655.154900170678717689730771356125      
   246114.102452755378563896081043164974      
   246580.855074361677104174435197230466      
   247055.390305323742486578462151908364      
   247537.684410233927514675779534399406      
   248027.711410992968614237751103826858      
   248525.444234725719387208487267497877      
   249030.854463519012904809216276691757      
   249543.915410975159344558422548363135      
   250064.591590478514006373274225981085      
   250592.852041511010982892373534859454      
   251128.661577576774015666364212450308      
   251671.984619252677127778737698315181      
   252222.784257486615658298663497358462      
   252781.021086723075084598133561514810      
   253346.655420051109688905350719974982      
   253919.645082056688977763979020331300      
   254499.949324511095385112310664759982      
   255087.520395175161321114943969909061      
   255682.313536426373016473444655131874      
   256284.281252197883994127288835792469      
   256893.374220962712770164707457219723      
   257509.543630791486136716568699250596      
   258132.737731014500660842963122034607      
   258762.904229726335321632927595197355      
   259399.986156628704312732388933418879      
   260043.928860665926767129077945868206      
   260694.676776456370778997503678536409      
   261352.169173553454988103542554611209      
   262016.349154476129477316237746501643      
   262687.152807493079878862952160403974      
   263364.517077659453735144463964987601      
   264048.379446093124794282901356306328      
   264738.672270113381249388837374920761      
   265435.330034333759428572647054386125      
   266138.281148627266095351386730219000      
   266847.457066720825880159042805475890      
   267562.783716348028507411314331478106      
   268284.187966597729940793964735377739      
   269011.592983282079046006464236721594      
   269744.919715219041824757464966720216      
   270484.090480630870470955071695500554      
   271229.021846707900545799779627509989      
   271979.631460362873256635938209317288      
   272735.832391362111873116002991610043      
   273497.531879098427842543200363833894      
   274264.642845103979644245091351160614      
   275037.071486119452209181604790908905      
   275814.721007553015135881858478913047      
   276597.492140110680633101794209996104      
   277385.281432359698745558742587719927      
   278177.978638256250371018040989342279      
   278975.487217098464759096100054307727      
   279777.685649899510301683952989085940      
   280584.469683210467079043674135431984      
   281395.713727106452112255359412494594      
   282211.294557415565314727108116169450      
   283031.093361250860277200926917417233      
   283854.977076530067298102085431381444      
   284682.813467908533833266880390495345      
   285514.461637107643265715475623242955      
   286349.784688964131473126660860520237      
   287188.630722102240080530061787930072      
   288030.860600510312431129358407425662      
   288876.311981268656387260074468396899      
   289724.828951388186839556800518318823      
   290576.258677934451985461873308039541      
   291430.424560718188514141030796129899      
   292287.175343441475785809860384295765      
   293146.335171587196143275076778062791      
   294007.736942614173215181424171678087      
   294871.216870001286590024006539462375      
   295736.597896797982714190293930648096      
   296603.716224063283595837040973542124      
   297472.428318583985252324141060582864      
   298342.555990168526917026518340153645      
   299213.968631579430612454370189568224      
   300086.539576809751782501397451468796      
   300960.143955415788938888182989049922      
   301834.693110154448336068248350238742      
   302710.135619140719384786065468026614      
   303586.414913099535781396911261770983      
   304463.531924122732822113099088078887      
   305341.558635446970190036829336957603      
   306220.591945652009268188930688953387      
   307100.766097668569958369687341623310      
   307982.349932092334767580836253822705      
   308865.550205971006867693143177113829      
   309750.873145825617334559172580357419      
   310638.739421706197055785945021614721      
   311529.709536716797318117419846937490      
   312424.428791556919493076149374325120      
   313323.625400561697705278078118399608      
   314228.123090886375486467078235791181      
   315138.754141785425569745780885598076      
   316056.518023289029388659703651792321      
   316981.846756302438539333010594736599      
   317915.959625081605829396750540584182      
   318859.466304498908224275935538010982      
   319813.134317948915187735672107195014      
   320777.231402176765426487902943377617      
   321751.922448381293497687360962434801      
   322737.536584220811837682992464314238      
   323734.022384513628815595241023478552      
   324741.285881922975852872434026024072      
   325759.157654868201672517125880478750      
   326787.813223123237172562130417487542      
   327827.267501198766425155381700945278      
   328877.702291884671614932938415482568      
   329939.404147788376160287222575291364      
   331012.626764722876447721410744319100      
   332097.629285167878602379376446571117      
   333194.742565453488105020047881931482      
   334304.117462828914733965120250732919      
   335425.980865223847267040500239819443      
   336560.428479345369682435639644022679      
   337707.364034377036558418645573316179      
   338866.878998462230082766618679286015      
   340038.998044799686502064526999634381      
   341223.528000368619307085995793172986      
   342420.429421213099601310156332434708      
   343629.505043672194874808170815045833      
   344850.692634476164854549103403825702      
   346083.802861042876119759682012254165      
   347328.652415537466419151103824304306      
   348585.129479285421377731495192201308      
   349853.088279133028443102749100263068      
   351132.375064126784462770139342549738      
   352422.914844947518753898448718554457      
   353724.473912498954846182269906541903      
   355037.027051168044618494682711317671      
   356360.340797384822503689664551056566      
   357694.423453972313239213908435026736      
   359039.032160968401465715954081273033      
   360394.128047120385407924046590001052      
   361759.412154514185177361196622816651      
   363135.118342837328123198630006313519      
   364520.896204280718165345632356613176      
   365916.983885840765529013273138463709      
   367323.291086039397516734689145247482      
   368739.439759052574612724731667403858      
   370165.660716774923964318088304711159      
   371601.594727559921135053660163569322      
   373047.472124429077182083937015298212      
   374502.946868332704888774635995718181      
   375968.099192005399822003976038493844      
   377442.893018432926091859792615196259      
   378927.404516575827128966698966024256      
   380421.452120337309383144879152646276      
   381924.867806386863500985011482746986      
   383437.860301067680421704904828642843      
   384960.264009920121488456179492705799      
   386491.921273033238645860761764119115      
   388033.036981105580388134452552546090      
   389583.456783465882652270294583965980      
   391143.032556970733163089258479521331      
   392711.964515703127272254624182279199      
   394290.107694273960491186027627369320      
   395877.433424096983205910526718067122      
   397473.915590316381352151782517282802      
   399079.526354564882568556826021147493      
   400694.132967725001183926168147458951      
   402317.934660542085927036587116445668      
   403950.793479740662343375378293917741      
   405592.689883584439343087139664884823      
   407243.499413959105199114005811754595      
   408903.414132218686814702997536558785      
   410572.306292364843082439793412326448      
   412250.158296735364327426987976842927      
   413936.954467717009278583310977963258      
   415632.675821672234360893421826182981      
   417337.308205040292578030046504995643      
   419050.836288065140195043758215228277      
   420773.243594532574174428082937648399      
   422504.516022257771281896039368415770      
   424244.642997090206725526308826771520      
   425993.607819560670319404247209519575      
   427751.398108096270791807964841368485      
   429518.001933087820062505470881683011      
   431293.406171484547128656606768736305      
   433077.798747752827440121505367416597      
   434870.879268006886662786057586163642      
   436672.621334403096207171942981041473      
   438483.124413020123206627590448971201      
   440302.175079366205620662655957148946      
   442130.071355342934307659286203107480      
   443966.789702342106849185703866714304      
   445812.154874203140203861310844367501      
   447666.308175956400436023278170635909      
   449529.164486470751703602387293761062      
   451400.717583809641214211850853232566      
   453280.878460744261763161344693063103      
   455169.797036720924405108839716017984      
   457067.388406220598079076017162270577      
