 0.10000000133514E-09
 0.10000000133514E-09
 0.10000000133514E-09
 0.10000000133514E-09
 0.10000000133514E-09
 0.10000000133514E-09
 0.10000000133514E-09
 0.10000000133514E-09
 0.10000000133514E-09
 0.10000000133514E-09
 0.10000000133514E-09
 0.10000000133514E-09
 0.10000000133514E-09
 0.10000000133514E-09
 0.10000000133514E-09
 0.10000000133514E-09
 0.10000000133514E-09
 0.10000000133514E-09
 0.10000000133514E-09
 0.10000000133514E-09
 0.10000000133514E-09
 0.10000000133514E-09
 0.21710780700052E-08
 0.21710780700052E-08
 0.28267086185920E-07
 0.61760007919032E-07
 0.11158252860967E-06
 0.19365472363242E-06
 0.32419666962222E-06
 0.52541761596009E-06
 0.82693825458635E-06
 0.12673482725840E-05
 0.18958716935955E-05
 0.27741532891426E-05
 0.39780301085019E-05
 0.55994396317039E-05
 0.77479615491030E-05
 0.10553439559907E-04
 0.14166898579006E-04
 0.18761638118938E-04
 0.24537985894130E-04
 0.31720264799029E-04
 0.40558550347229E-04
 0.51341576098457E-04
 0.64373886361586E-04
 0.80005167262847E-04
 0.98607121909881E-04
 0.12058884793997E-03
 0.14639451274734E-03
 0.17650270199056E-03
 0.21142094001983E-03
 0.25169897119048E-03
 0.29791892174364E-03
 0.35069077984544E-03
 0.41072094225593E-03
 0.47864600895579E-03
 0.55520365398364E-03
 0.64114078655754E-03
 0.73737147246776E-03
 0.84467973774819E-03
 0.96642557902547E-03
 0.10987462205161E-02
 0.12448550594782E-02
 0.14059930312492E-02
 0.15829757079392E-02
 0.17767742611750E-02
 0.19890582235689E-02
 0.22202720251528E-02
 0.24725670384769E-02
 0.27459700803710E-02
 0.30431426533523E-02
 0.33644959252237E-02
 0.37119076654269E-02
 0.40866974795884E-02
 0.44900687929663E-02
 0.49242640722300E-02
 0.53901632801612E-02
 0.58902327628723E-02
 0.64260757554669E-02
 0.69983583613741E-02
 0.76114323302074E-02
 0.82653520125607E-02
 0.89614088395114E-02
 0.97034935881829E-02
 0.10494139800482E-01
 0.11334567867906E-01
 0.12226261168068E-01
 0.13173960163632E-01
 0.14179993426864E-01
 0.15243851113060E-01
 0.16369552196275E-01
 0.17565401660429E-01
 0.18826534761750E-01
 0.20160367534891E-01
 0.21569123516635E-01
 0.23059136483218E-01
 0.24629749546644E-01
 0.26287188599763E-01
 0.28031489589429E-01
 0.29873205235435E-01
 0.31811255891070E-01
 0.33852966907279E-01
 0.35996637376556E-01
 0.38260359035421E-01
 0.40634701631188E-01
 0.43132943912988E-01
 0.45758879511368E-01
 0.48514440087449E-01
 0.51416412704409E-01
 0.54455823735483E-01
 0.57648778568762E-01
 0.61006744800119E-01
 0.64518045842571E-01
 0.68208348326960E-01
 0.72084072627786E-01
 0.76123510802506E-01
 0.80387038676086E-01
 0.84845670832466E-01
 0.89508704339196E-01
 0.94387354853101E-01
 0.99509441861585E-01
 0.10485766371771E+00
 0.11046222091072E+00
 0.11630698633374E+00
 0.12243310632288E+00
 0.12880235396188E+00
 0.13546494754190E+00
 0.14244504794175E+00
 0.14970784802122E+00
 0.15723210730542E+00
 0.16507126323432E+00
 0.17318518950826E+00
 0.18153341211978E+00
 0.19015341102051E+00
 0.19897585653093E+00
 0.20790312544313E+00
 0.21691366957367E+00
 0.22594424195959E+00
 0.23485038441518E+00
 0.24355988715676E+00
 0.25207418087396E+00
 0.26030271197390E+00
 0.26824752943295E+00
 0.27591199195356E+00
 0.28334092300841E+00
 0.29052093458611E+00
 0.29748298903922E+00
 0.30428644122793E+00
 0.31093723132216E+00
 0.31745564051620E+00
 0.32384490933065E+00
 0.33014993492969E+00
 0.33635805625098E+00
 0.34249224489175E+00
 0.34855668531423E+00
 0.35455315928019E+00
 0.36049014270485E+00
 0.36636818225836E+00
 0.37218931153722E+00
 0.37795788436612E+00
 0.38366985174084E+00
 0.38932743750375E+00
 0.39493188314234E+00
 0.40048144700699E+00
 0.40597560456646E+00
 0.41141717406623E+00
 0.41680103174517E+00
 0.42212980426084E+00
 0.42740251269525E+00
 0.43261826338307E+00
 0.43777747555981E+00
 0.44287803173553E+00
 0.44792055462725E+00
 0.45290671781969E+00
 0.45783402888718E+00
 0.46270305077306E+00
 0.46751401419120E+00
 0.47226606018738E+00
 0.47696075296374E+00
 0.48159727633216E+00
 0.48617740259091E+00
 0.49070016459969E+00
 0.49516611345848E+00
 0.49957528888425E+00
 0.50392890133599E+00
 0.50822775813525E+00
 0.51247184371454E+00
 0.51666110132244E+00
 0.52079704208181E+00
 0.52488032891083E+00
 0.52891099224995E+00
 0.53289027883931E+00
 0.53681893684398E+00
 0.54069690975463E+00
 0.54452534053459E+00
 0.54830506296939E+00
 0.55203683053336E+00
 0.55572093676299E+00
 0.55935830320276E+00
 0.56294994275016E+00
