 0.25955948765236E+10
 0.25957148730912E+10
 0.25959148576897E+10
 0.25961948734867E+10
 0.25965548504590E+10
 0.25969948552159E+10
 0.25975148633276E+10
 0.25981148473157E+10
 0.25987948407824E+10
 0.25995548316399E+10
 0.26003948299562E+10
 0.26013148316747E+10
 0.26023148174670E+10
 0.26033948134318E+10
 0.26045548143335E+10
 0.26057948054521E+10
 0.26071148328588E+10
 0.26085148429430E+10
 0.26099948797808E+10
 0.26115549279054E+10
 0.26131949850386E+10
 0.26149150666199E+10
 0.26167152103975E+10
 0.26185953585223E+10
 0.26205555728255E+10
 0.26225958144188E+10
 0.26247161622933E+10
 0.26269165905593E+10
 0.26291970252996E+10
 0.26315575988957E+10
 0.26339982490211E+10
 0.26365189777567E+10
 0.26391198314594E+10
 0.26418007752314E+10
 0.26445617582510E+10
 0.26474029004607E+10
 0.26503239872707E+10
 0.26533251534896E+10
 0.26564062902521E+10
 0.26595673416077E+10
 0.26628083472491E+10
 0.26661292383944E+10
 0.26695296190231E+10
 0.26730100007088E+10
 0.26765696469166E+10
 0.26802087458586E+10
 0.26839270907095E+10
 0.26877243636904E+10
 0.26916005255881E+10
 0.26955552162646E+10
 0.26995879470134E+10
 0.27036985723838E+10
 0.27078866392885E+10
 0.27121518782043E+10
 0.27164935950594E+10
 0.27209113585922E+10
 0.27254043830393E+10
 0.27299722680325E+10
 0.27346141210148E+10
 0.27393292176844E+10
 0.27441167831001E+10
 0.27489757827339E+10
 0.27539049502185E+10
 0.27589038501830E+10
 0.27639705388922E+10
 0.27691043039331E+10
 0.27743037569391E+10
 0.27795686114259E+10
 0.27848953407655E+10
 0.27902835955074E+10
 0.27957311475828E+10
 0.28012376338221E+10
 0.28068001098619E+10
 0.28124158036520E+10
 0.28180850414867E+10
 0.28238038196838E+10
 0.28295727648496E+10
 0.28353875986644E+10
 0.28412445436917E+10
 0.28471462088017E+10
 0.28530854784138E+10
 0.28590589414202E+10
 0.28650713149825E+10
 0.28711133732349E+10
 0.28771833629193E+10
 0.28832824900224E+10
 0.28894025640491E+10
 0.28955458688639E+10
 0.29017026363424E+10
 0.29078767504866E+10
 0.29140628733283E+10
 0.29202555606138E+10
 0.29264556367709E+10
 0.29326531177739E+10
 0.29388518824344E+10
 0.29450472329689E+10
 0.29512301787640E+10
 0.29574013685121E+10
 0.29635586686241E+10
 0.29696944319254E+10
 0.29758071529555E+10
 0.29818956809453E+10
 0.29879518634796E+10
 0.29939712464363E+10
 0.29999526916548E+10
 0.30058964249521E+10
 0.30117855513858E+10
 0.30176279245790E+10
 0.30234188375493E+10
 0.30291617518569E+10
 0.30348268745754E+10
 0.30404243506569E+10
 0.30459743842654E+10
 0.30514415557351E+10
 0.30568288489560E+10
 0.30621699145832E+10
 0.30673915012843E+10
 0.30725625445504E+10
 0.30776424137642E+10
 0.30826556093790E+10
 0.30875849531706E+10
 0.30924486594642E+10
 0.30972280112263E+10
 0.31019739413140E+10
 0.31066357277232E+10
 0.31112641960774E+10
 0.31158845538783E+10
 0.31204466700864E+10
 0.31250231929759E+10
 0.31296866445305E+10
 0.31344010039723E+10
 0.31392149872114E+10
 0.31442174797634E+10
 0.31493973144080E+10
 0.31548757734246E+10
 0.31606714496513E+10
 0.31668582796438E+10
 0.31734379782300E+10
 0.31804675211887E+10
 0.31879388196710E+10
 0.31957938616197E+10
 0.32039920525218E+10
 0.32125182384378E+10
 0.32212729920637E+10
 0.32302390679562E+10
 0.32393804950151E+10
 0.32486849315661E+10
 0.32581225836346E+10
 0.32677099112817E+10
 0.32774297396230E+10
 0.32872904446860E+10
 0.32972885450625E+10
 0.33074203441311E+10
 0.33176713228572E+10
 0.33280597248051E+10
 0.33385910860192E+10
 0.33492474346944E+10
 0.33600396274405E+10
 0.33709557806597E+10
 0.33819971839257E+10
 0.33931583199391E+10
 0.34044470783949E+10
 0.34158603071324E+10
 0.34273611380242E+10
 0.34390040417275E+10
 0.34507690337766E+10
 0.34626225388087E+10
 0.34746019717981E+10
 0.34866846297287E+10
 0.34988672855922E+10
 0.35111566467565E+10
 0.35235579199796E+10
 0.35360540333631E+10
 0.35486603277544E+10
 0.35613674858000E+10
 0.35741629487525E+10
 0.35870601482318E+10
 0.36000624401419E+10
 0.36131541277443E+10
 0.36263347945388E+10
 0.36396044425893E+10
 0.36529958060333E+10
 0.36664650454385E+10
 0.36800127224766E+10
 0.36936747937036E+10
 0.37074137380951E+10
 0.37212516032783E+10
 0.37351717542612E+10
 0.37491736368563E+10
 0.37632937302726E+10
 0.37774782002323E+10
 0.37917596308087E+10
 0.38061386224030E+10
 0.38205864087852E+10
 0.38351269865101E+10
 0.38497596869695E+10
 0.38644746902409E+10
 0.38792858919659E+10
 0.38941725697757E+10
 0.39091506100418E+10
