 0.12287950801012E+01
 0.12287950884543E+01
 0.12287951262238E+01
 0.12287952304563E+01
 0.12287954541222E+01
 0.12287958681033E+01
 0.12287965729548E+01
 0.12287977303932E+01
 0.12287996166377E+01
 0.12288026798918E+01
 0.12288075825890E+01
 0.12288152124758E+01
 0.12288266801347E+01
 0.12288432698005E+01
 0.12288664055650E+01
 0.12288976227240E+01
 0.12289384480292E+01
 0.12289904687241E+01
 0.12290552391986E+01
 0.12291341936853E+01
 0.12292287155443E+01
 0.12293401408421E+01
 0.12294696716435E+01
 0.12296183912929E+01
 0.12297872475613E+01
 0.12299771626508E+01
 0.12301888626059E+01
 0.12304229773287E+01
 0.12306801827463E+01
 0.12309608971890E+01
 0.12312654437412E+01
 0.12315941674029E+01
 0.12319472849680E+01
 0.12323248167229E+01
 0.12327268965894E+01
 0.12331532988747E+01
 0.12336043066002E+01
 0.12340791433953E+01
 0.12345778634196E+01
 0.12351002649958E+01
 0.12356456442836E+01
 0.12362136720408E+01
 0.12368042156890E+01
 0.12374157411976E+01
 0.12380484029341E+01
 0.12387009793809E+01
 0.12393730499166E+01
 0.12400638034232E+01
 0.12407724296217E+01
 0.12414976756242E+01
 0.12422393464252E+01
 0.12429961475015E+01
 0.12437672778810E+01
 0.12445520992284E+01
 0.12453478941692E+01
 0.12461561610703E+01
 0.12469750846115E+01
 0.12478040100029E+01
 0.12486406313570E+01
 0.12494844046217E+01
 0.12503360705118E+01
 0.12511933178564E+01
 0.12520555908759E+01
 0.12529215667664E+01
 0.12537915054251E+01
 0.12546637805796E+01
 0.12555359199295E+01
 0.12564127683857E+01
 0.12572844218277E+01
 0.12581614575668E+01
 0.12590321699528E+01
 0.12599042199695E+01
 0.12607693210710E+01
 0.12616358729858E+01
 0.12624986219738E+01
 0.12633562444443E+01
 0.12642097362686E+01
 0.12650580207391E+01
 0.12658994753960E+01
 0.12667410514050E+01
 0.12675690887220E+01
 0.12683932573735E+01
 0.12692156280385E+01
 0.12700270104107E+01
 0.12708312002271E+01
 0.12716266327450E+01
 0.12724195764951E+01
 0.12732046642506E+01
 0.12739775250812E+01
 0.12747488246841E+01
 0.12755137881480E+01
 0.12762643044827E+01
 0.12770178104850E+01
 0.12777607744420E+01
 0.12784956864478E+01
 0.12792218180490E+01
 0.12799471895929E+01
 0.12806657857020E+01
 0.12813789463427E+01
 0.12820868376405E+01
 0.12827896312399E+01
 0.12834910151308E+01
 0.12841897893206E+01
 0.12848814563352E+01
 0.12855731498178E+01
 0.12862652785675E+01
 0.12869564416091E+01
 0.12876444356607E+01
 0.12883280553339E+01
 0.12890225898349E+01
 0.12897108358092E+01
 0.12904015191888E+01
 0.12910966995362E+01
 0.12917922335884E+01
 0.12924895393749E+01
 0.12932071793061E+01
 0.12939015909662E+01
 0.12946135722998E+01
 0.12953291585752E+01
 0.12960509273965E+01
 0.12967713037996E+01
 0.12974958868181E+01
 0.12982122380496E+01
 0.12989424284970E+01
 0.12996482727419E+01
 0.13003627498014E+01
 0.13010575379762E+01
 0.13017061246158E+01
 0.13023264194814E+01
 0.13029178641173E+01
 0.13034299924462E+01
 0.13038637006616E+01
 0.13042110606439E+01
 0.13043844938833E+01
 0.13043864176217E+01
 0.13041825511910E+01
 0.13037100113796E+01
 0.13029027264049E+01
 0.13017735974152E+01
 0.13003068631255E+01
 0.12984363255680E+01
 0.12962452821463E+01
 0.12937585579651E+01
 0.12910378929801E+01
 0.12880801077155E+01
 0.12850296639418E+01
 0.12819556716292E+01
 0.12787901425922E+01
 0.12756337058772E+01
 0.12725156917876E+01
 0.12695518580658E+01
 0.12665703458506E+01
 0.12637661374814E+01
 0.12610273618116E+01
 0.12583910465776E+01
 0.12558855803415E+01
 0.12534734986157E+01
 0.12511707441310E+01
 0.12489748344250E+01
 0.12468596969372E+01
 0.12448618388541E+01
 0.12429617539372E+01
 0.12411366039114E+01
 0.12394114853966E+01
 0.12377709174472E+01
 0.12361844700596E+01
 0.12347084322617E+01
 0.12332748636697E+01
 0.12319181280993E+01
 0.12306139253718E+01
 0.12293786841921E+01
 0.12281760344222E+01
 0.12270610984790E+01
 0.12259713776132E+01
 0.12249411919370E+01
 0.12239407489065E+01
 0.12229775577546E+01
 0.12220582730037E+01
 0.12211837034463E+01
 0.12203468387699E+01
 0.12195352681134E+01
 0.12187422460812E+01
 0.12179792627594E+01
 0.12172564215104E+01
 0.12165594921292E+01
 0.12158726891478E+01
 0.12152112354580E+01
 0.12145738016859E+01
 0.12139669285585E+01
 0.12133612148543E+01
 0.12127881604352E+01
 0.12122224258359E+01
 0.12116629147930E+01
 0.12111314660341E+01
 0.12106107369253E+01
 0.12101043621873E+01
 0.12096083792138E+01
 0.12091264820894E+01
 0.12086540581930E+01
 0.12081848344530E+01
