 0.10795098908076E+04
 0.10795098908076E+04
 0.10795098908076E+04
 0.10795098908076E+04
 0.10795098908076E+04
 0.10795098908076E+04
 0.10795098908076E+04
 0.10795098908076E+04
 0.10795098908076E+04
 0.10795204695579E+04
 0.10793534522789E+04
 0.10796090611243E+04
 0.10796546482137E+04
 0.10795797082771E+04
 0.10795000585310E+04
 0.10793813043206E+04
 0.10797916670243E+04
 0.10796270542626E+04
 0.10796416469556E+04
 0.10795161055014E+04
 0.10795252118518E+04
 0.10797506805587E+04
 0.10795340025777E+04
 0.10795345579562E+04
 0.10795815002505E+04
 0.10797006318775E+04
 0.10797700314751E+04
 0.10797084231743E+04
 0.10793459282544E+04
 0.10800738637225E+04
 0.10794327362701E+04
 0.10798749385535E+04
 0.10796506028388E+04
 0.10805278336659E+04
 0.10793812084077E+04
 0.10803473892291E+04
 0.10799134784858E+04
 0.10799845167960E+04
 0.10807535846045E+04
 0.10797124415731E+04
 0.10809809296582E+04
 0.10808274756833E+04
 0.10796645676272E+04
 0.10811998697430E+04
 0.10799289866343E+04
 0.10802580444715E+04
 0.10797163437083E+04
 0.10795793707204E+04
 0.10785342086483E+04
 0.10771573084053E+04
 0.10794194273696E+04
 0.10804479201712E+04
 0.10808953753601E+04
 0.10817675675113E+04
 0.10776348751435E+04
 0.10779646691077E+04
 0.10778648610052E+04
 0.10798625735628E+04
 0.10818995079302E+04
 0.10822837471219E+04
 0.10789524052057E+04
 0.10827251010712E+04
 0.10853324708812E+04
 0.10800609998331E+04
 0.10806869902464E+04
 0.10786376186301E+04
 0.10824607173437E+04
 0.10766160714272E+04
 0.10885778775317E+04
 0.10769156733272E+04
 0.10790525479638E+04
 0.10796273038510E+04
 0.10797016062156E+04
 0.10860329971441E+04
 0.10881880323358E+04
 0.10864524757902E+04
 0.10837730419968E+04
 0.10833099100467E+04
 0.10854542063928E+04
 0.10818077287258E+04
 0.10854922544422E+04
 0.10787329819418E+04
 0.10828901942067E+04
 0.10868553717452E+04
 0.10768716592199E+04
 0.10850462381042E+04
 0.10873528914755E+04
 0.10758193286533E+04
