 0.71000002115965E+03
 0.71000002115965E+03
 0.71000002115965E+03
 0.71000002115965E+03
 0.71000002115965E+03
 0.71000002115965E+03
 0.71000002115965E+03
 0.71000002115965E+03
 0.71000002115965E+03
 0.71000002115965E+03
 0.71000002115965E+03
 0.71000002115965E+03
 0.71000002115965E+03
 0.71000002115965E+03
 0.71000002115965E+03
 0.71000002115965E+03
 0.71000002115965E+03
 0.71000002115965E+03
 0.71000002115965E+03
 0.71000002115965E+03
 0.71000002115965E+03
 0.71000002115965E+03
 0.71000002115965E+03
 0.71000002115965E+03
 0.71000002115965E+03
 0.71000002115965E+03
 0.71000002115965E+03
 0.71000002115965E+03
 0.71000002115965E+03
 0.71000002115965E+03
 0.71000002115965E+03
 0.71000002115965E+03
 0.71000002115965E+03
 0.71000002115965E+03
 0.71000002115965E+03
 0.71000002115965E+03
 0.71000002115965E+03
 0.71000002115965E+03
 0.71000002115965E+03
 0.71000002115965E+03
 0.71000002115965E+03
 0.71000002115965E+03
 0.71000002115965E+03
 0.71000002115965E+03
 0.71000002115965E+03
 0.71000002115965E+03
 0.71000002115965E+03
 0.71000002115965E+03
 0.71000002115965E+03
 0.71000002115965E+03
 0.71000002115965E+03
 0.71000002115965E+03
 0.71000002115965E+03
 0.71000002115965E+03
 0.71000002115965E+03
 0.71000002115965E+03
 0.71000002115965E+03
 0.71000002115965E+03
 0.71000002115965E+03
 0.71000002115965E+03
 0.71000002115965E+03
 0.71000002115965E+03
 0.71000002115965E+03
 0.71000002115965E+03
 0.71000002115965E+03
 0.71000002115965E+03
 0.71000002115965E+03
 0.71000002115965E+03
 0.71000002115965E+03
 0.71000002115965E+03
 0.71000002115965E+03
 0.71000002115965E+03
 0.71000002115965E+03
 0.71000002115965E+03
 0.71000002115965E+03
 0.71000002115965E+03
 0.71000002115965E+03
 0.71000002115965E+03
 0.71000002115965E+03
 0.71000002115965E+03
 0.71000002115965E+03
 0.71000002115965E+03
 0.71000002115965E+03
 0.71000002115965E+03
 0.71000002115965E+03
 0.71000002115965E+03
 0.71000002115965E+03
 0.71000002115965E+03
