 0.16433157382286E+00
 0.16433157382282E+00
 0.16433157382234E+00
 0.16433157385039E+00
 0.16433157499028E+00
 0.16433158598202E+00
 0.16433163381040E+00
 0.16433176347601E+00
 0.16433202387727E+00
 0.16433244808231E+00
 0.16433303973327E+00
 0.16433376873806E+00
 0.16433458087725E+00
 0.16433538250465E+00
 0.16433606610497E+00
 0.16433653278930E+00
 0.16433659786249E+00
 0.16433615009461E+00
 0.16433507732075E+00
 0.16433314950579E+00
 0.16431509351488E+00
 0.16430702726915E+00
 0.16429734658351E+00
 0.16428578164181E+00
 0.16427196787528E+00
 0.16425558738785E+00
 0.16423608361461E+00
 0.16421279807808E+00
 0.16418517692932E+00
 0.16415226455707E+00
 0.16411295753620E+00
 0.16406618984774E+00
 0.16401068969616E+00
 0.16394488072521E+00
 0.16386740323129E+00
 0.16377634697528E+00
 0.16367073139422E+00
 0.16354754425548E+00
 0.16340629358567E+00
 0.16324529338091E+00
 0.16306249318844E+00
 0.16285657668686E+00
 0.16262693334794E+00
 0.16237064411895E+00
 0.16208799680585E+00
 0.16177697414138E+00
 0.16143729832913E+00
 0.16106806042622E+00
 0.16066867696971E+00
 0.16023767664702E+00
 0.15977571453145E+00
 0.15928159962158E+00
 0.15875466193318E+00
 0.15819533328660E+00
 0.15759908185391E+00
 0.15697017279115E+00
 0.15630581604096E+00
 0.15560601892371E+00
 0.15486713217541E+00
 0.15408839076297E+00
 0.15327228713558E+00
 0.15241422885310E+00
 0.15151352787145E+00
 0.15056741559331E+00
 0.14957596389731E+00
 0.14853598342219E+00
 0.14744158486826E+00
 0.14630209686227E+00
 0.14509263946542E+00
 0.14383945830839E+00
 0.14251036742953E+00
 0.14112363613368E+00
 0.13965267817629E+00
 0.13811925264581E+00
 0.13650367897031E+00
 0.13479681176794E+00
 0.13299852754613E+00
 0.13109363842424E+00
 0.12907395838524E+00
 0.12694771896788E+00
 0.12465608255142E+00
 0.12221216709199E+00
 0.11959983625442E+00
 0.11675704692987E+00
 0.11364220869406E+00
 0.11017194921498E+00
 0.10622868251381E+00
 0.10129895743518E+00
