 0.83176571363982E+02
 0.83176571363993E+02
 0.83176571364246E+02
 0.83176571419259E+02
 0.83176573347217E+02
 0.83176591494077E+02
 0.83176671867343E+02
 0.83176896760619E+02
 0.83177367131976E+02
 0.83178179585707E+02
 0.83179412468688E+02
 0.83181122434619E+02
 0.83183345317671E+02
 0.83186103500232E+02
 0.83189404507973E+02
 0.83193251397507E+02
 0.83197635366274E+02
 0.83202544243266E+02
 0.83207962298078E+02
 0.83213869149350E+02
 0.83195984911858E+02
 0.83196517299854E+02
 0.83197154028864E+02
 0.83197905673267E+02
 0.83198783661230E+02
 0.83199797382162E+02
 0.83200963940709E+02
 0.83202280159417E+02
 0.83203762383758E+02
 0.83205430151612E+02
 0.83207303264242E+02
 0.83209372064177E+02
 0.83211669426173E+02
 0.83214218242798E+02
 0.83216993826260E+02
 0.83220045261523E+02
 0.83223373426314E+02
 0.83227014092108E+02
 0.83230949831577E+02
 0.83235181514058E+02
 0.83239820198716E+02
 0.83244787019038E+02
 0.83250105264178E+02
 0.83255813360852E+02
 0.83261966321749E+02
 0.83268521032152E+02
 0.83275453543188E+02
 0.83282829234004E+02
 0.83290689123274E+02
 0.83299031813927E+02
 0.83307818314647E+02
 0.83317133647368E+02
 0.83326941825053E+02
 0.83337292471340E+02
 0.83348231792972E+02
 0.83359736488044E+02
 0.83371817043911E+02
 0.83384582545362E+02
 0.83397955445528E+02
 0.83411924246158E+02
 0.83426867202233E+02
 0.83442292137796E+02
 0.83458500909694E+02
 0.83475706936949E+02
 0.83493541203226E+02
 0.83512572388252E+02
 0.83532399150318E+02
 0.83552903305851E+02
 0.83574770808061E+02
 0.83597506961306E+02
 0.83621750797143E+02
 0.83647067068494E+02
 0.83673320019012E+02
 0.83701473501992E+02
 0.83730647715553E+02
 0.83761603027732E+02
 0.83794042167627E+02
 0.83828428564903E+02
 0.83863971224106E+02
 0.83901964203335E+02
 0.83941763422827E+02
 0.83983601841578E+02
 0.84027553830637E+02
 0.84073895501543E+02
 0.84123284716542E+02
 0.84174771349708E+02
 0.84228969771988E+02
 0.84286534649404E+02
 0.84347184408269E+02
 0.84411390540087E+02
 0.84478318328570E+02
 0.84548979529616E+02
 0.84624202637756E+02
 0.84703873356763E+02
 0.84786966233931E+02
 0.84874496923527E+02
 0.84968305808694E+02
 0.85066361206937E+02
 0.85170463786379E+02
 0.85280262991763E+02
 0.85397126727843E+02
 0.85519878129849E+02
 0.85649675548777E+02
 0.85787892576077E+02
 0.85934848493016E+02
 0.86089812110177E+02
 0.86253246501041E+02
 0.86429051571977E+02
 0.86614819192020E+02
 0.86810998441354E+02
 0.87019310102711E+02
 0.87242249062838E+02
 0.87479369961579E+02
 0.87732698378023E+02
 0.88004530543074E+02
 0.88292828251039E+02
 0.88601398615592E+02
 0.88932168849135E+02
 0.89288263373970E+02
 0.89670409955426E+02
 0.90080348197796E+02
 0.90521392251424E+02
 0.91002156250728E+02
 0.91523023129864E+02
 0.92084476412588E+02
 0.92692561567558E+02
 0.93354033641577E+02
 0.94083628957624E+02
 0.94880118436318E+02
 0.95748338364850E+02
 0.96708074409175E+02
 0.97747256011720E+02
 0.98901879424079E+02
 0.10016097038088E+03
 0.10153902576249E+03
 0.10301464313794E+03
 0.10461142937375E+03
 0.10630060640628E+03
 0.10806915250693E+03
 0.10989495633208E+03
 0.11176246454756E+03
 0.11368013849651E+03
 0.11562887245221E+03
 0.11759893430496E+03
 0.11960001567253E+03
 0.12161306719577E+03
 0.12365855983590E+03
 0.12571892981607E+03
 0.12780737966716E+03
 0.12992131493136E+03
 0.13202755320518E+03
 0.13416803989333E+03
 0.13634419763636E+03
 0.13851203196993E+03
 0.14071149436213E+03
 0.14291079962100E+03
 0.14513166933573E+03
 0.14735634991919E+03
 0.14960861742141E+03
 0.15186018472938E+03
 0.15411960557791E+03
 0.15640024486633E+03
 0.15869146762699E+03
 0.16099268408443E+03
 0.16329499840563E+03
 0.16561469737629E+03
 0.16794348483581E+03
 0.17027880119307E+03
 0.17262931308330E+03
 0.17498777675718E+03
 0.17734223087884E+03
 0.17972393665300E+03
 0.18211078421367E+03
 0.18448758992290E+03
 0.18688995484810E+03
 0.18930567961323E+03
 0.19170541015435E+03
 0.19413410215372E+03
 0.19656145121790E+03
 0.19901791744122E+03
 0.20143803541001E+03
 0.20389675154952E+03
 0.20634779874849E+03
 0.20884404237607E+03
 0.21131057641648E+03
 0.21381212322844E+03
 0.21629058416585E+03
 0.21879541942182E+03
 0.22130355993544E+03
 0.22383033549678E+03
 0.22635183526712E+03
 0.22890149635148E+03
 0.23145826790978E+03
 0.23401506502833E+03
 0.23657663623244E+03
 0.23913316608787E+03
 0.24171096718800E+03
 0.24431339310862E+03
 0.24691355297681E+03
 0.24951002214900E+03
 0.25212983582632E+03
 0.25474060896114E+03
 0.25739037384741E+03
 0.26001899235982E+03
 0.26269013344212E+03
 0.26533167012345E+03
 0.26800191629391E+03
 0.27068661051420E+03
 0.27337450010677E+03
 0.27605999226394E+03
 0.27877370536639E+03
 0.28148970107059E+03
 0.28423434721335E+03
 0.28695514662293E+03
 0.28969621247178E+03
 0.29244786248197E+03
 0.29520867445951E+03
 0.29798537949952E+03
 0.30075463667684E+03
 0.30355293772223E+03
 0.30634004451144E+03
 0.30916004776072E+03
 0.31199925816613E+03
 0.31481674659401E+03
 0.31766629647899E+03
 0.32049801824875E+03
 0.32335927582009E+03
 0.32622191953809E+03
 0.32910425995884E+03
 0.33198321536258E+03
 0.33486942385924E+03
 0.33778288059673E+03
 0.34069951273638E+03
 0.34361967135075E+03
 0.34657091232007E+03
 0.34949522249570E+03
 0.35245152220424E+03
 0.35540430285756E+03
 0.35839347568013E+03
 0.36137225968632E+03
 0.36434735440672E+03
 0.36736189148328E+03
 0.37036407285661E+03
 0.37337534871406E+03
 0.37641390460275E+03
 0.37943451024258E+03
 0.38249463586428E+03
 0.38555867996571E+03
 0.38862378100378E+03
 0.39170946251653E+03
 0.39477805662567E+03
 0.39788348515416E+03
 0.40098511412403E+03
 0.40409723207241E+03
 0.40722383340523E+03
 0.41035154509940E+03
 0.41350140919821E+03
 0.41666144560203E+03
 0.41980302331462E+03
 0.42298932828939E+03
 0.42615815449485E+03
 0.42936575230222E+03
 0.43256136304641E+03
 0.43576297239750E+03
 0.43897248051373E+03
 0.44221409031085E+03
 0.44545622625975E+03
 0.44870840213616E+03
 0.45195222012864E+03
 0.45522140729748E+03
 0.45849553699391E+03
 0.46177259069423E+03
 0.46507594332264E+03
 0.46839019865317E+03
 0.47169890294537E+03
 0.47501384277642E+03
 0.47835064738354E+03
 0.48167335460848E+03
 0.48503945523489E+03
 0.48840292899911E+03
 0.49177283720574E+03
 0.49515397428556E+03
 0.49853507338799E+03
 0.50192858551315E+03
 0.50534329581690E+03
 0.50876535234591E+03
 0.51216687566667E+03
 0.51561009006578E+03
 0.51903469374091E+03
 0.52248104356213E+03
 0.52596669130550E+03
 0.52940560135187E+03
 0.53290303342402E+03
 0.53637135354855E+03
 0.53987312554385E+03
 0.54337779187258E+03
 0.54688833644293E+03
 0.55042522231205E+03
 0.55395306945825E+03
 0.55750553453205E+03
