 0.13708380095672E+03
 0.13708380095668E+03
 0.13708380095628E+03
 0.13708380104278E+03
 0.13708380419564E+03
 0.13708383395743E+03
 0.13708396560561E+03
 0.13708433276320E+03
 0.13708509673953E+03
 0.13708640656967E+03
 0.13708837510289E+03
 0.13709107221542E+03
 0.13709452878162E+03
 0.13709874545802E+03
 0.13710369749120E+03
 0.13710934226960E+03
 0.13711562574194E+03
 0.13712248251914E+03
 0.13712984303243E+03
 0.13713763313396E+03
 0.13710579150252E+03
 0.13710386046693E+03
 0.13710161989457E+03
 0.13709906005560E+03
 0.13709617786920E+03
 0.13709297385383E+03
 0.13708945564239E+03
 0.13708563119559E+03
 0.13708151938321E+03
 0.13707714318844E+03
 0.13707253094697E+03
 0.13706770776385E+03
 0.13706271280437E+03
 0.13705758599709E+03
 0.13705235692941E+03
 0.13704707713297E+03
 0.13704178708851E+03
 0.13703653596080E+03
 0.13703136363008E+03
 0.13702631223486E+03
 0.13702145372788E+03
 0.13701681270486E+03
 0.13701244103298E+03
 0.13700839480235E+03
 0.13700473499243E+03
 0.13700150146024E+03
 0.13699874096063E+03
 0.13699652564428E+03
 0.13699492353578E+03
 0.13699399895941E+03
 0.13699381239538E+03
 0.13699445944389E+03
 0.13699601573591E+03
 0.13699858060202E+03
 0.13700226896705E+03
 0.13700718172459E+03
 0.13701344277956E+03
 0.13702121166089E+03
 0.13703060454011E+03
 0.13704184116761E+03
 0.13705508811611E+03
 0.13707044538839E+03
 0.13708819260402E+03
 0.13710861229712E+03
 0.13713182875379E+03
 0.13715827121568E+03
 0.13718807938449E+03
 0.13722148872592E+03
 0.13725906750074E+03
 0.13730094757666E+03
 0.13734773705154E+03
 0.13739963872356E+03
 0.13745695501372E+03
 0.13752056714962E+03
 0.13759050345298E+03
 0.13766758838163E+03
 0.13775220656601E+03
 0.13784515647484E+03
 0.13794632731267E+03
 0.13805737827715E+03
 0.13817844099472E+03
 0.13831029167953E+03
 0.13845356750333E+03
 0.13860934436532E+03
 0.13877905187738E+03
 0.13896252518860E+03
 0.13916123227183E+03
 0.13937681776915E+03
 0.13960997938959E+03
 0.13986236400020E+03
 0.14013372657668E+03
 0.14042689533924E+03
 0.14074417433829E+03
 0.14108677197441E+03
 0.14145445938584E+03
 0.14185018677177E+03
 0.14227958147285E+03
 0.14273987748683E+03
 0.14323670176976E+03
 0.14377165467717E+03
 0.14434995342555E+03
 0.14497083428749E+03
 0.14563986835680E+03
 0.14636370549523E+03
 0.14714626347800E+03
 0.14798920484616E+03
 0.14889698980859E+03
 0.14988677936700E+03
 0.15095497222064E+03
 0.15210763491755E+03
 0.15335733614685E+03
 0.15471924658475E+03
 0.15619973968642E+03
 0.15781506840814E+03
 0.15958514824414E+03
 0.16151237888194E+03
 0.16362512898194E+03
 0.16594897231110E+03
 0.16851686408063E+03
 0.17135412614784E+03
 0.17449404127115E+03
 0.17798502290819E+03
 0.18191343466892E+03
 0.18633155748381E+03
 0.19129376453354E+03
 0.19690682361426E+03
 0.20330377114349E+03
 0.21071283834809E+03
 0.21926958921087E+03
 0.22919067509162E+03
 0.24085370634421E+03
 0.25469758897472E+03
 0.27112024361409E+03
 0.29089692528568E+03
 0.31491882191141E+03
 0.34386842986660E+03
 0.37953904199671E+03
 0.42320366977573E+03
 0.47687367364268E+03
 0.54286247065140E+03
 0.62436377903367E+03
 0.72695273092176E+03
 0.85729647537096E+03
 0.10261988437662E+04
 0.12543272110033E+04
 0.15774939745549E+04
 0.20897812457171E+04
 0.30892623763045E+04
 0.76680734267721E+04
                  NaN
                  NaN
                  NaN
                  NaN
                  NaN
                  NaN
                  NaN
                  NaN
                  NaN
                  NaN
                  NaN
                  NaN
                  NaN
                  NaN
                  NaN
                  NaN
                  NaN
 0.15460669912187E+05
 0.91928593970583E+04
 0.72986844955139E+04
 0.63214846270930E+04
 0.57151014890029E+04
 0.52997292738744E+04
 0.49990913146420E+04
 0.47740968802322E+04
 0.46005591091780E+04
 0.44647725630758E+04
 0.43582935352087E+04
 0.42736751980070E+04
 0.42070286372318E+04
 0.41545880984597E+04
 0.41149047718245E+04
 0.40848581426216E+04
 0.40636949258425E+04
 0.40495523009646E+04
 0.40423873094709E+04
 0.40407051546625E+04
 0.40444975950146E+04
 0.40527475470358E+04
 0.40652048401265E+04
 0.40813974088322E+04
 0.41012417631338E+04
 0.41241831631378E+04
 0.41501724326167E+04
 0.41790866968671E+04
 0.42107010011704E+04
 0.42449531837580E+04
 0.42815514094942E+04
 0.43203447875233E+04
 0.43614544705853E+04
 0.44047755263436E+04
 0.44501062974060E+04
 0.44975864982659E+04
 0.45468350543281E+04
 0.45982381231670E+04
 0.46513127905914E+04
 0.47065433450011E+04
 0.47635094163394E+04
 0.48222667609658E+04
 0.48828979067943E+04
 0.49454375268197E+04
 0.50096686126427E+04
 0.50757636347797E+04
 0.51435388931034E+04
 0.52134032478515E+04
 0.52850124402427E+04
 0.53584922707685E+04
 0.54338265549763E+04
 0.55110017008117E+04
 0.55902354533794E+04
 0.56712218345076E+04
 0.57543808804189E+04
 0.58392982735849E+04
 0.59261332492881E+04
 0.60153582882331E+04
 0.61064315049741E+04
 0.61999443250702E+04
 0.62953928940259E+04
 0.63931925103424E+04
 0.64931435172750E+04
 0.65955616678293E+04
 0.67003771284754E+04
 0.68074419690578E+04
 0.69170696309871E+04
 0.70293638864729E+04
 0.71439715826185E+04
 0.72618198747021E+04
 0.73821360718733E+04
 0.75055367903093E+04
 0.76314290863163E+04
 0.77606607306180E+04
 0.78933152448690E+04
 0.80286379324776E+04
 0.81677206887005E+04
 0.83103349420096E+04
 0.84561152832671E+04
 0.86062028642667E+04
 0.87594532433187E+04
 0.89167767713826E+04
 0.90784502529163E+04
 0.92441197933409E+04
 0.94149412173691E+04
 0.95897202740062E+04
 0.97696183400570E+04
 0.99546127134095E+04
 0.10144620327197E+05
 0.10340431216682E+05
 0.10541520602870E+05
 0.10748560726756E+05
 0.10962963466587E+05
 0.11182616928906E+05
 0.11410176242084E+05
 0.11643853553655E+05
 0.11886055825025E+05
 0.12136524877940E+05
 0.12395622440876E+05
 0.12662512251708E+05
 0.12939275967601E+05
 0.13226161088890E+05
 0.13524842231249E+05
 0.13833885144546E+05
 0.14155462614189E+05
 0.14490310761391E+05
 0.14837830768348E+05
 0.15199877935561E+05
 0.15579260134766E+05
 0.15976035697991E+05
 0.16390313710955E+05
 0.16826932485344E+05
 0.17281687751570E+05
 0.17761476735970E+05
 0.18267424032055E+05
 0.18801542133230E+05
 0.19368494950755E+05
 0.19969687179117E+05
 0.20606714754716E+05
 0.21287028123763E+05
 0.22021884262658E+05
 0.22803619213318E+05
 0.23654455083476E+05
 0.24573170805584E+05
 0.25563818757190E+05
 0.26668127959412E+05
 0.27866360727501E+05
 0.29214838325434E+05
 0.30712251951822E+05
 0.32411027344187E+05
 0.34359594736826E+05
 0.36608812266995E+05
 0.39290654856967E+05
 0.42517518222715E+05
