 0.30964654458033E+03
 0.30964654458037E+03
 0.30964654458102E+03
 0.30964654462233E+03
 0.30964654557380E+03
 0.30964654936996E+03
 0.30964653212187E+03
 0.30964635945306E+03
 0.30964566553023E+03
 0.30964377523014E+03
 0.30963970462731E+03
 0.30963222550582E+03
 0.30961998037154E+03
 0.30960155329127E+03
 0.30957561171778E+03
 0.30954086596447E+03
 0.30949625380156E+03
 0.30944084646908E+03
 0.30937388597327E+03
 0.30929479832536E+03
 0.30918212740357E+03
 0.30907210098271E+03
 0.30894874945653E+03
 0.30881207601142E+03
 0.30866216953666E+03
 0.30849925084736E+03
 0.30832352393037E+03
 0.30813558510075E+03
 0.30793578186188E+03
 0.30772449964843E+03
 0.30750215833984E+03
 0.30726969727205E+03
 0.30702741790508E+03
 0.30677582196264E+03
 0.30651614111200E+03
 0.30624849107278E+03
 0.30597373930840E+03
 0.30569218091857E+03
 0.30540496606587E+03
 0.30511287894085E+03
 0.30481501817878E+03
 0.30451334741215E+03
 0.30420824254956E+03
 0.30389982029607E+03
 0.30358786667176E+03
 0.30327365393178E+03
 0.30295811015385E+03
 0.30264075784761E+03
 0.30232143652606E+03
 0.30200060820673E+03
 0.30167926695215E+03
 0.30135648287491E+03
 0.30103314215990E+03
 0.30070873291581E+03
 0.30038287065867E+03
 0.30005612322908E+03
 0.29972852972958E+03
 0.29939862211556E+03
 0.29906775715176E+03
 0.29873628492323E+03
 0.29839856591074E+03
 0.29806214496385E+03
 0.29772253522712E+03
 0.29737674710027E+03
 0.29703031668097E+03
 0.29667489207188E+03
 0.29631650354895E+03
 0.29595687543355E+03
 0.29558618820549E+03
 0.29521157559291E+03
 0.29482397219527E+03
 0.29442972476973E+03
 0.29403095607148E+03
 0.29361384949650E+03
 0.29319127069398E+03
 0.29275245241431E+03
 0.29230184465701E+03
 0.29183327335179E+03
 0.29135760855417E+03
 0.29085754020724E+03
 0.29034216755624E+03
 0.28980857542878E+03
 0.28925595889663E+03
 0.28868100840694E+03
 0.28807562042772E+03
 0.28745266529835E+03
 0.28680449108279E+03
 0.28612319413752E+03
 0.28541302694486E+03
 0.28466857602467E+03
 0.28390089343936E+03
 0.28309813372766E+03
 0.28225069250209E+03
 0.28136081941063E+03
 0.28044193037424E+03
 0.27948232264373E+03
 0.27846151065503E+03
 0.27740414845736E+03
 0.27629047281408E+03
 0.27512559505772E+03
 0.27389553483953E+03
 0.27261442675319E+03
 0.27127079223216E+03
 0.26985130618358E+03
 0.26835420506170E+03
 0.26678918425702E+03
 0.26515253349230E+03
 0.26340653848419E+03
 0.26157785072653E+03
 0.25966406962417E+03
 0.25765039927335E+03
 0.25551528811157E+03
 0.25326639522402E+03
 0.25088799655574E+03
 0.24836301418853E+03
 0.24571472070918E+03
 0.24291317972384E+03
 0.23994737352288E+03
 0.23679724473536E+03
 0.23346495860128E+03
 0.22994525359942E+03
 0.22622221241304E+03
 0.22224094156225E+03
 0.21801739135138E+03
 0.21356924547874E+03
 0.20887639848733E+03
 0.20392208291593E+03
 0.19864675854189E+03
 0.19311544678540E+03
 0.18736285938513E+03
 0.18140454958088E+03
 0.17518544650681E+03
 0.16900634593759E+03
 0.16280940233998E+03
 0.15676203629244E+03
 0.15110788829148E+03
 0.14590493106428E+03
 0.14135999346365E+03
 0.13756281895790E+03
 0.13456091633103E+03
 0.13233226783034E+03
 0.13080131273861E+03
 0.12990231993160E+03
 0.12954523733096E+03
 0.12964088069659E+03
 0.13010827392276E+03
 0.13088431129745E+03
 0.13190711504445E+03
 0.13313751096441E+03
 0.13453881905266E+03
 0.13605817791652E+03
 0.13770178757310E+03
 0.13945475676256E+03
 0.14126714117486E+03
 0.14316024200092E+03
 0.14509782280549E+03
 0.14709142448629E+03
 0.14911930549957E+03
 0.15119841170832E+03
 0.15329889059741E+03
 0.15542530791937E+03
 0.15758768594850E+03
 0.15977390026717E+03
 0.16198156755044E+03
 0.16420058246468E+03
 0.16644533611384E+03
 0.16870676531438E+03
 0.17098144714213E+03
 0.17327703832034E+03
 0.17558580569417E+03
 0.17789541157993E+03
 0.18023601761334E+03
 0.18258549809826E+03
 0.18492846996913E+03
 0.18729968172313E+03
 0.18968683643332E+03
 0.19206063451123E+03
 0.19446530722686E+03
 0.19687066036483E+03
 0.19930670846735E+03
 0.20170833960583E+03
 0.20414977459076E+03
 0.20658495275267E+03
 0.20906630194956E+03
 0.21151925129553E+03
 0.21400807064779E+03
 0.21647486458955E+03
 0.21896878202225E+03
 0.22146679068048E+03
 0.22398409971116E+03
 0.22649682777501E+03
 0.22903824972320E+03
 0.23158734020927E+03
 0.23413698870458E+03
 0.23669188849553E+03
 0.23924220890137E+03
 0.24181416887127E+03
 0.24441109199210E+03
 0.24700611558884E+03
 0.24959778833555E+03
 0.25221307544593E+03
 0.25481962400070E+03
 0.25746537498645E+03
 0.26009025921834E+03
 0.26275784401536E+03
 0.26539607774180E+03
 0.26806318932800E+03
 0.27074492325839E+03
 0.27343002651054E+03
 0.27611289920861E+03
 0.27882412225871E+03
 0.28153777127064E+03
 0.28428018478998E+03
 0.28699889665944E+03
 0.28973797942306E+03
 0.29248775120260E+03
 0.29524678432767E+03
 0.29802180010201E+03
 0.30078946473331E+03
 0.30358624533740E+03
 0.30637191919840E+03
 0.30919055161672E+03
 0.31202845640958E+03
 0.31484471706390E+03
 0.31769309137936E+03
 0.32052370519003E+03
 0.32338390188860E+03
 0.32624553869285E+03
 0.32912691744026E+03
 0.33200496078903E+03
 0.33489030091123E+03
 0.33780292539678E+03
 0.34071876575744E+03
 0.34363817066085E+03
 0.34658868780094E+03
 0.34951231497772E+03
 0.35246795798085E+03
 0.35542011398261E+03
 0.35840868517163E+03
 0.36138689780226E+03
 0.36436144844934E+03
 0.36737546051780E+03
 0.37037714305710E+03
 0.37338794160593E+03
 0.37642603824623E+03
 0.37944620778007E+03
 0.38250591199684E+03
 0.38556955314956E+03
 0.38863426906234E+03
 0.39171958024307E+03
 0.39478782205245E+03
 0.39789290998735E+03
 0.40099421353039E+03
 0.40410601911221E+03
 0.40723232022212E+03
 0.41035974439422E+03
 0.41350933138635E+03
 0.41666910160757E+03
 0.41981042560415E+03
 0.42299648429212E+03
 0.42616507558007E+03
 0.42937244565883E+03
 0.43256783873701E+03
 0.43576923890916E+03
 0.43897854584423E+03
 0.44221996081633E+03
 0.44546190972783E+03
 0.44871390550746E+03
 0.45195755091672E+03
 0.45522657112007E+03
 0.45850054016388E+03
 0.46177743933166E+03
 0.46508064234101E+03
 0.46839475340068E+03
 0.47170331915264E+03
 0.47501812548513E+03
 0.47835480089062E+03
 0.48167738424062E+03
 0.48504336424640E+03
 0.48840672197684E+03
 0.49177651826373E+03
 0.49515754723778E+03
 0.49853854219853E+03
 0.50193195365029E+03
 0.50534656640448E+03
 0.50876852873607E+03
 0.51216996172306E+03
 0.51561308807128E+03
 0.51903760722882E+03
 0.52248387506096E+03
 0.52596944291489E+03
 0.52940827678574E+03
 0.53290563423291E+03
 0.53637388285420E+03
 0.53987558522415E+03
 0.54338018427470E+03
 0.54689066377094E+03
 0.55042748637350E+03
 0.55395527253459E+03
 0.55750767832325E+03
