 0.22012047225508E+01
 0.22012047225508E+01
 0.22012047225508E+01
 0.22012047225508E+01
 0.22012047225508E+01
 0.22012047225508E+01
 0.22012047225508E+01
 0.22012047225508E+01
 0.22012047225509E+01
 0.22012046921021E+01
 0.22012050888252E+01
 0.22012045357365E+01
 0.22012041451643E+01
 0.22012044430752E+01
 0.22012038045248E+01
 0.22012040697297E+01
 0.22012039230940E+01
 0.22012045719827E+01
 0.22012043316713E+01
 0.22012038525428E+01
 0.22012040699015E+01
 0.22012045662938E+01
 0.22012044163182E+01
 0.22012033875765E+01
 0.22012030677619E+01
 0.22012038501952E+01
 0.22012042991854E+01
 0.22012043881221E+01
 0.22012033054250E+01
 0.22012039791735E+01
 0.22012046338289E+01
 0.22012045611823E+01
 0.22012061647263E+01
 0.22012064244799E+01
 0.22012047622933E+01
 0.22012076267997E+01
 0.22012058006765E+01
 0.22012060016767E+01
 0.22012131617372E+01
 0.22012056744098E+01
 0.22012034315379E+01
 0.22012068142310E+01
 0.22012057578909E+01
 0.22012170443501E+01
 0.22012416963448E+01
 0.22012398041329E+01
 0.22012355157077E+01
 0.22012148438151E+01
 0.22012064812707E+01
 0.22012383913886E+01
 0.22012063020182E+01
 0.22012522236755E+01
 0.22012197860897E+01
 0.22012111847805E+01
 0.22012107892417E+01
 0.22012579313901E+01
 0.22011907020009E+01
 0.22012057013777E+01
 0.22012668868774E+01
 0.22012268344573E+01
 0.22012581313639E+01
 0.22012440870878E+01
 0.22012001390888E+01
 0.22012344974991E+01
 0.22011560450830E+01
 0.22012403458943E+01
 0.22012536043877E+01
 0.22011854529825E+01
 0.22012656448038E+01
 0.22012111219797E+01
 0.22012674100322E+01
 0.22012635208951E+01
 0.22012055893094E+01
 0.22012678739815E+01
 0.22011723692286E+01
 0.22012706601103E+01
 0.22012128160496E+01
 0.22011886825111E+01
 0.22012082558374E+01
 0.22012113664483E+01
 0.22012192915758E+01
 0.22012182472933E+01
 0.22012798004011E+01
 0.22012528013684E+01
 0.22012248314551E+01
 0.22012954466029E+01
 0.22012394086831E+01
 0.22012183472968E+01
 0.22012430203622E+01
 0.22012584424331E+01
 0.22013273138343E+01
 0.22012860979620E+01
 0.22012847868106E+01
 0.22013361525668E+01
 0.22012703082221E+01
 0.22013684527231E+01
 0.22013455165985E+01
 0.22013643965496E+01
