 0.64711256650257E-04
 0.64709709756573E-04
 0.64707129886363E-04
 0.64703514147858E-04
 0.64698860348324E-04
 0.64693165780641E-04
 0.64686420990713E-04
 0.64678622139489E-04
 0.64669761701214E-04
 0.64659830132902E-04
 0.64648820745533E-04
 0.64636724077740E-04
 0.64623530757209E-04
 0.64609231032049E-04
 0.64593817228094E-04
 0.64577279046045E-04
 0.64559602450217E-04
 0.64540778608561E-04
 0.64520800158812E-04
 0.64499644871470E-04
 0.64477301781339E-04
 0.64453754004199E-04
 0.64428987537022E-04
 0.64402978930636E-04
 0.64375701965172E-04
 0.64347137784467E-04
 0.64317255357571E-04
 0.64286021376964E-04
 0.64253414761774E-04
 0.64219393688060E-04
 0.64183919654914E-04
 0.64146961771842E-04
 0.64108483396186E-04
 0.64068438938530E-04
 0.64026800525825E-04
 0.63983518116783E-04
 0.63938588762925E-04
 0.63891937461219E-04
 0.63843561261640E-04
 0.63793445962631E-04
 0.63741547090769E-04
 0.63687859250936E-04
 0.63632400219166E-04
 0.63575089470938E-04
 0.63515986460344E-04
 0.63455053516196E-04
 0.63392318476963E-04
 0.63327788042533E-04
 0.63261475799186E-04
 0.63193372331149E-04
 0.63123553546898E-04
 0.63052014168934E-04
 0.62978786498588E-04
 0.62903932567686E-04
 0.62827361709563E-04
 0.62749279861539E-04
 0.62669670558302E-04
 0.62588593266444E-04
 0.62505999319481E-04
 0.62421964935437E-04
 0.62336646763988E-04
 0.62249994163633E-04
 0.62162088846485E-04
 0.62072939474348E-04
 0.61982670012972E-04
 0.61891279925914E-04
 0.61798698536950E-04
 0.61705345586412E-04
 0.61610673830964E-04
 0.61515447356377E-04
 0.61419024957646E-04
 0.61321961513563E-04
 0.61223822619969E-04
 0.61125200147901E-04
 0.61025828722379E-04
 0.60925713097072E-04
 0.60824955437915E-04
 0.60723568359252E-04
 0.60621483375481E-04
 0.60519133236903E-04
 0.60415827847342E-04
 0.60312106141241E-04
 0.60208093976340E-04
 0.60103296978492E-04
 0.59998018466580E-04
 0.59892043955964E-04
 0.59785809804352E-04
 0.59678929298979E-04
 0.59571229072318E-04
 0.59463135025797E-04
 0.59354430611650E-04
 0.59244593883215E-04
 0.59134403863753E-04
 0.59023166432731E-04
 0.58910802532602E-04
 0.58797214169345E-04
 0.58682582991298E-04
 0.58566434183146E-04
 0.58448595736199E-04
 0.58328861994886E-04
 0.58206832212952E-04
 0.58082394339336E-04
 0.57955004908203E-04
 0.57823866222653E-04
 0.57688781913321E-04
 0.57548805295062E-04
 0.57402931887827E-04
 0.57249647171992E-04
 0.57086885108542E-04
 0.56913320376568E-04
 0.56724015635904E-04
 0.56514050713065E-04
 0.56277133412631E-04
 0.56007401316810E-04
 0.55710262588950E-04
 0.55412722582662E-04
 0.55130583540434E-04
 0.54878790897718E-04
 0.54653625901108E-04
 0.54450548979126E-04
 0.54264022894694E-04
 0.54090525920414E-04
 0.53925311527286E-04
 0.53766897524176E-04
 0.53610787445954E-04
 0.53457276376686E-04
 0.53303595402026E-04
 0.53147710915741E-04
 0.52990454459874E-04
 0.52832150895253E-04
 0.52670358230539E-04
 0.52506178293530E-04
 0.52340254885468E-04
 0.52169957154179E-04
 0.51997222042262E-04
 0.51822397655203E-04
 0.51644725002122E-04
 0.51463677854828E-04
 0.51280972680852E-04
 0.51096776567400E-04
 0.50909187505209E-04
 0.50720247355420E-04
 0.50529500034470E-04
 0.50337335270475E-04
 0.50142263591752E-04
 0.49946815634880E-04
 0.49751291240191E-04
 0.49552945326439E-04
 0.49353520586062E-04
 0.49152902860174E-04
 0.48954173348225E-04
 0.48751883239476E-04
 0.48551314112316E-04
 0.48349298379891E-04
 0.48146894557114E-04
 0.47944937722561E-04
 0.47742276919123E-04
 0.47539648081783E-04
 0.47337206186029E-04
 0.47133886930536E-04
 0.46931558924342E-04
 0.46729349029697E-04
 0.46527010051628E-04
 0.46325730672876E-04
 0.46124669246845E-04
 0.45922992651196E-04
 0.45723732312606E-04
 0.45523572508766E-04
 0.45324673835564E-04
 0.45125849125292E-04
 0.44928199908806E-04
 0.44729934661000E-04
 0.44534310740800E-04
 0.44338207437973E-04
 0.44143771120442E-04
 0.43949059863704E-04
 0.43755283442749E-04
 0.43562372720007E-04
 0.43371031125290E-04
 0.43180652550373E-04
 0.42990679163772E-04
 0.42801168346925E-04
 0.42612663632349E-04
 0.42425638453227E-04
 0.42239606731407E-04
 0.42053898463057E-04
 0.41869325309889E-04
 0.41685822984595E-04
 0.41504029333945E-04
 0.41322189020478E-04
 0.41142254262827E-04
 0.40962586539069E-04
 0.40783410984826E-04
 0.40606028692934E-04
 0.40429789870577E-04
 0.40254191755849E-04
 0.40079700626063E-04
 0.39906492826325E-04
 0.39733953129001E-04
 0.39562008375751E-04
