 0.35172283106890E+01
 0.35172283106890E+01
 0.35172283106890E+01
 0.35172283106890E+01
 0.35172283106890E+01
 0.35172283106890E+01
 0.35172283106890E+01
 0.35172283106890E+01
 0.35172283106890E+01
 0.35172283219305E+01
 0.35172277795404E+01
 0.35172285559806E+01
 0.35172286448131E+01
 0.35172285003888E+01
 0.35172283564830E+01
 0.35172279028846E+01
 0.35172289676696E+01
 0.35172285737735E+01
 0.35172286618328E+01
 0.35172283635165E+01
 0.35172283680580E+01
 0.35172289200544E+01
 0.35172283541177E+01
 0.35172283788967E+01
 0.35172285138369E+01
 0.35172286443209E+01
 0.35172287692372E+01
 0.35172282295471E+01
 0.35172281159258E+01
 0.35172290421235E+01
 0.35172285436913E+01
 0.35172288102002E+01
 0.35172287980158E+01
 0.35172398144904E+01
 0.35172272273011E+01
 0.35172319835507E+01
 0.35172290284914E+01
 0.35172307853479E+01
 0.35172464181609E+01
 0.35172286140567E+01
 0.35172498387517E+01
 0.35172497032871E+01
 0.35172285058485E+01
 0.35172543382049E+01
 0.35172290437813E+01
 0.35172387624277E+01
 0.35172301061862E+01
 0.35172280008962E+01
 0.35173078981044E+01
 0.35172963549643E+01
 0.35173116720663E+01
 0.35172428350896E+01
 0.35172561399358E+01
 0.35172641450438E+01
 0.35172985243961E+01
 0.35173031248697E+01
 0.35173013819504E+01
 0.35172292271940E+01
 0.35172679096908E+01
 0.35172836156030E+01
 0.35172259220261E+01
 0.35173040435098E+01
 0.35172646727558E+01
 0.35173134697046E+01
 0.35172518731616E+01
 0.35173051515841E+01
 0.35173068072275E+01
 0.35172903018035E+01
 0.35171980445894E+01
 0.35172111495821E+01
 0.35173108082256E+01
 0.35172289596196E+01
 0.35172382693529E+01
 0.35172684273295E+01
 0.35172044290953E+01
 0.35172486696860E+01
 0.35172900794214E+01
 0.35172284089105E+01
 0.35172650019854E+01
 0.35173113578461E+01
 0.35172557832562E+01
 0.35173138244948E+01
 0.35172293366641E+01
 0.35172296741423E+01
 0.35172024648846E+01
 0.35172626969451E+01
 0.35171935748478E+01
 0.35172300016206E+01
 0.35172179714479E+01
 0.35173019718577E+01
 0.35172010131351E+01
 0.35173331149774E+01
 0.35171994540392E+01
 0.35172651355100E+01
 0.35172495249181E+01
 0.35173504563458E+01
 0.35172930523747E+01
 0.35172310861007E+01
 0.35172967198518E+01
 0.35173899969271E+01
 0.35174092532387E+01
 0.35173690785421E+01
 0.35173925651166E+01
 0.35173708414030E+01
 0.35174438088776E+01
 0.35174669037328E+01
 0.35174021498184E+01
 0.35175107866683E+01
 0.35175482048882E+01
 0.35175816605456E+01
 0.35176289548358E+01
 0.35176461714126E+01
 0.35178343072044E+01
 0.35178427090774E+01
 0.35179786955800E+01
 0.35180825529757E+01
 0.35180834087469E+01
 0.35181721702103E+01
 0.35182463822197E+01
 0.35183696251698E+01
 0.35185085281692E+01
 0.35186006667448E+01
 0.35186131475883E+01
 0.35187895426914E+01
 0.35187681871772E+01
 0.35188715184053E+01
 0.35190216758874E+01
 0.35190571878499E+01
 0.35192190591775E+01
 0.35194056433523E+01
 0.35194293721331E+01
 0.35196394358809E+01
 0.35196858517865E+01
 0.35198650850010E+01
 0.35199860943773E+01
 0.35200607081671E+01
 0.35201553095090E+01
 0.35203257485404E+01
 0.35204576481551E+01
 0.35205773743463E+01
 0.35207270907689E+01
 0.35208797381684E+01
 0.35209830594415E+01
 0.35211155257333E+01
 0.35213136470156E+01
 0.35213297754738E+01
 0.35215248667032E+01
 0.35215912375497E+01
 0.35217201369033E+01
 0.35219065330449E+01
 0.35219333859579E+01
 0.35220435149087E+01
 0.35221561974443E+01
 0.35222886224408E+01
 0.35222999668724E+01
 0.35223784169470E+01
 0.35224565812495E+01
 0.35225243396362E+01
 0.35225205892589E+01
 0.35226166787303E+01
 0.35225869925599E+01
 0.35225594305040E+01
 0.35225272282067E+01
 0.35226445257525E+01
 0.35225527010469E+01
 0.35224730453065E+01
 0.35224673234844E+01
 0.35223808508222E+01
 0.35221536258278E+01
 0.35221471313570E+01
 0.35219304000945E+01
 0.35217919881460E+01
 0.35217268150067E+01
 0.35214194247077E+01
 0.35211572743679E+01
 0.35209618703343E+01
 0.35206800314131E+01
 0.35204862254279E+01
 0.35200639855507E+01
 0.35197933371317E+01
 0.35194386593210E+01
 0.35189473737895E+01
 0.35186202260183E+01
 0.35181442263254E+01
 0.35177452787229E+01
 0.35172570849999E+01
 0.35168415805589E+01
 0.35162807086350E+01
 0.35157669404280E+01
 0.35150881757039E+01
 0.35145483821509E+01
 0.35137894588149E+01
 0.35132029308150E+01
 0.35125484187636E+01
 0.35117465626527E+01
 0.35109455531001E+01
 0.35102702497058E+01
 0.35094762530851E+01
 0.35085424792586E+01
 0.35076402201796E+01
