 0.12287950801012E+01
 0.12287950884543E+01
 0.12287951262238E+01
 0.12287952304563E+01
 0.12287954541222E+01
 0.12287958681033E+01
 0.12287965729548E+01
 0.12287977303926E+01
 0.12287996166384E+01
 0.12288026798882E+01
 0.12288075825846E+01
 0.12288152124666E+01
 0.12288266801346E+01
 0.12288432697860E+01
 0.12288664055934E+01
 0.12288976227392E+01
 0.12289384480089E+01
 0.12289904687263E+01
 0.12290552391805E+01
 0.12291341937697E+01
 0.12292287156920E+01
 0.12293401411681E+01
 0.12294696725956E+01
 0.12296183935497E+01
 0.12297872523824E+01
 0.12299771731871E+01
 0.12301888832689E+01
 0.12304230174781E+01
 0.12306802567570E+01
 0.12309610272562E+01
 0.12312656650810E+01
 0.12315945331355E+01
 0.12319478683237E+01
 0.12323257293973E+01
 0.12327282869213E+01
 0.12331553652457E+01
 0.12336073190538E+01
 0.12340834447164E+01
 0.12345839032279E+01
 0.12351085938776E+01
 0.12356569759670E+01
 0.12362288650682E+01
 0.12368243092498E+01
 0.12374419835788E+01
 0.12380822842733E+01
 0.12387442505951E+01
 0.12394278524892E+01
 0.12401324185042E+01
 0.12408575732306E+01
 0.12416024452076E+01
 0.12423672670584E+01
 0.12431511603632E+01
 0.12439537541289E+01
 0.12447750190236E+01
 0.12456127424844E+01
 0.12464689137392E+01
 0.12473423710686E+01
 0.12482330858441E+01
 0.12491393799511E+01
 0.12500614553059E+01
 0.12510006886022E+01
 0.12519555165641E+01
 0.12529262222051E+01
 0.12539122787293E+01
 0.12549146833145E+01
 0.12559327802979E+01
 0.12569650264798E+01
 0.12580168600052E+01
 0.12590799728830E+01
 0.12601648809179E+01
 0.12612623093802E+01
 0.12623797764591E+01
 0.12635111394646E+01
 0.12646646285091E+01
 0.12658366873169E+01
 0.12670276646405E+01
 0.12682393073760E+01
 0.12694722617984E+01
 0.12707258612191E+01
 0.12720069806936E+01
 0.12733073383338E+01
 0.12746348455386E+01
 0.12759926294532E+01
 0.12773749398555E+01
 0.12787885070106E+01
 0.12802310471313E+01
 0.12817109379648E+01
 0.12832246731667E+01
 0.12847736469906E+01
 0.12863640873612E+01
 0.12879982815337E+01
 0.12896725161847E+01
 0.12913987758785E+01
 0.12931745329429E+01
 0.12950029425985E+01
 0.12968896546302E+01
 0.12988385559694E+01
 0.13008541877471E+01
 0.13029404959296E+01
 0.13051043324560E+01
 0.13073508323935E+01
 0.13096890096830E+01
 0.13121246495654E+01
 0.13146718506014E+01
 0.13173393279976E+01
 0.13201436022287E+01
 0.13231025917961E+01
 0.13262419697396E+01
 0.13296012765679E+01
 0.13332175276772E+01
 0.13371714158039E+01
 0.13415519644445E+01
 0.13463912654421E+01
 0.13515456027263E+01
 0.13563910824426E+01
 0.13598718845739E+01
 0.13614968820723E+01
 0.13614440531171E+01
 0.13601363803855E+01
 0.13579378072575E+01
 0.13550777421070E+01
 0.13517809499727E+01
 0.13481374936152E+01
 0.13443479941612E+01
 0.13403641021375E+01
 0.13363895516315E+01
 0.13323804938749E+01
 0.13283015845190E+01
 0.13242900886874E+01
 0.13204199656005E+01
 0.13165688312261E+01
 0.13128309446755E+01
 0.13092535596916E+01
 0.13056962968632E+01
 0.13022705465625E+01
 0.12989879804524E+01
 0.12958058980613E+01
 0.12926967235913E+01
 0.12897303117998E+01
 0.12869017578337E+01
 0.12841264592987E+01
 0.12814770937117E+01
 0.12789272928872E+01
 0.12764815777177E+01
 0.12740829930662E+01
 0.12718079732818E+01
 0.12696546842556E+01
 0.12675322381080E+01
 0.12654880988597E+01
 0.12635129548494E+01
 0.12616826943891E+01
 0.12598447512520E+01
 0.12581325749465E+01
 0.12564586135530E+01
 0.12548450508937E+01
 0.12533065024342E+01
 0.12518111045590E+01
 0.12503719503602E+01
 0.12489877303558E+01
 0.12476323310826E+01
 0.12463415456017E+01
 0.12450932801242E+01
 0.12438796014920E+01
 0.12427205527403E+01
 0.12415969065299E+01
 0.12404903747379E+01
 0.12394545066751E+01
 0.12384259781279E+01
 0.12374416705304E+01
 0.12364781839248E+01
 0.12355528258740E+01
 0.12346330233039E+01
 0.12337719286756E+01
 0.12329154905353E+01
 0.12320973583224E+01
 0.12312845593593E+01
 0.12304955282838E+01
 0.12297275437698E+01
 0.12289901658081E+01
 0.12282726127788E+01
 0.12275652890093E+01
 0.12268682158483E+01
 0.12261885764460E+01
 0.12255323928502E+01
 0.12248914007987E+01
 0.12242551302735E+01
 0.12236345790814E+01
 0.12230280964687E+01
 0.12224439030461E+01
 0.12218565219922E+01
 0.12212927402526E+01
 0.12207292282185E+01
 0.12201685972379E+01
 0.12196282464120E+01
 0.12190987071815E+01
 0.12185726396881E+01
 0.12180560465640E+01
 0.12175507647861E+01
 0.12170482903402E+01
 0.12165472985293E+01
