 0.98444459134164E+00
 0.98444459134164E+00
 0.98444459134164E+00
 0.98444459134164E+00
 0.98444459134164E+00
 0.98444459134164E+00
 0.98444459134164E+00
 0.98444459134164E+00
 0.98444459134164E+00
 0.98444459763444E+00
 0.98444429401300E+00
 0.98444472865203E+00
 0.98444477837906E+00
 0.98444469753260E+00
 0.98444461697639E+00
 0.98444436305912E+00
 0.98444495910910E+00
 0.98444473861220E+00
 0.98444478790643E+00
 0.98444462091361E+00
 0.98444462345588E+00
 0.98444493245485E+00
 0.98444461565233E+00
 0.98444462952320E+00
 0.98444470506063E+00
 0.98444481443056E+00
 0.98444481757877E+00
 0.98444458690814E+00
 0.98444443502565E+00
 0.98444614411538E+00
 0.98444485701354E+00
 0.98444495066402E+00
 0.98444488877139E+00
 0.98445349991981E+00
 0.98444391378139E+00
 0.98444935403595E+00
 0.98444471175251E+00
 0.98444580299222E+00
 0.98445509950255E+00
 0.98444467933454E+00
 0.98445785865756E+00
 0.98445685638438E+00
 0.98444434934612E+00
 0.98445846215813E+00
 0.98444674758804E+00
 0.98444867043176E+00
 0.98444603656231E+00
 0.98444464401344E+00
 0.98448778044521E+00
 0.98448208672553E+00
 0.98449128417291E+00
 0.98445312313572E+00
 0.98445727669490E+00
 0.98446626360005E+00
 0.98448568191477E+00
 0.98448624327565E+00
 0.98448553203938E+00
 0.98444647538487E+00
 0.98446575091795E+00
 0.98447390131816E+00
 0.98444337959033E+00
 0.98448646674565E+00
 0.98446487660191E+00
 0.98449221723960E+00
 0.98445991687615E+00
 0.98448828995101E+00
 0.98448840437670E+00
 0.98447809100373E+00
 0.98443099475605E+00
 0.98443253456119E+00
 0.98449044322123E+00
 0.98444420513629E+00
 0.98444937068734E+00
 0.98446099034390E+00
 0.98443156284366E+00
 0.98445575331023E+00
 0.98447390319579E+00
 0.98444660145029E+00
 0.98446624019621E+00
 0.98448778711914E+00
 0.98445725145720E+00
 0.98448905802938E+00
 0.98444210784163E+00
 0.98443531647187E+00
 0.98442194396937E+00
 0.98445469879645E+00
 0.98441322299830E+00
 0.98443281316606E+00
 0.98442855731507E+00
 0.98446980928246E+00
 0.98440937735088E+00
 0.98448640981573E+00
 0.98441519822333E+00
 0.98444885658205E+00
 0.98443913760131E+00
 0.98448173620319E+00
 0.98444712765896E+00
 0.98441245896892E+00
 0.98443978946538E+00
 0.98448806557038E+00
 0.98449048034785E+00
 0.98447482747546E+00
 0.98445431942346E+00
 0.98445115774389E+00
 0.98447170829999E+00
 0.98447018611827E+00
 0.98443292574685E+00
 0.98446547203705E+00
 0.98447094432370E+00
 0.98447392414392E+00
 0.98448054059894E+00
 0.98445280364523E+00
 0.98452221510860E+00
 0.98450516481438E+00
 0.98452570338911E+00
 0.98455621844939E+00
 0.98452383739155E+00
 0.98456059366194E+00
 0.98455146528944E+00
 0.98458007048354E+00
 0.98463909924471E+00
 0.98466098977376E+00
 0.98462093992872E+00
 0.98470323067028E+00
 0.98469024316029E+00
 0.98470468375506E+00
 0.98475147227138E+00
 0.98474972723801E+00
 0.98479673200011E+00
 0.98487998933614E+00
 0.98489000030878E+00
 0.98493544112691E+00
 0.98503792707761E+00
 0.98499622071224E+00
 0.98510473619168E+00
 0.98511823282665E+00
 0.98514959885828E+00
 0.98522071345699E+00
 0.98526199487131E+00
 0.98530629778124E+00
 0.98533804728730E+00
 0.98536182304001E+00
 0.98542958406430E+00
 0.98545959078628E+00
 0.98546306707478E+00
 0.98552505853771E+00
 0.98561719195174E+00
 0.98557022756379E+00
 0.98563266393988E+00
 0.98566178228238E+00
 0.98570556475363E+00
 0.98563320030922E+00
 0.98570771654729E+00
 0.98572487592866E+00
 0.98566379553263E+00
 0.98567575444548E+00
 0.98568558553243E+00
 0.98571726592472E+00
 0.98564350204032E+00
 0.98564526857578E+00
 0.98561616681563E+00
 0.98556123709516E+00
 0.98548768923334E+00
 0.98545279135299E+00
 0.98541643463510E+00
 0.98531777647201E+00
 0.98529694356898E+00
 0.98517207334127E+00
 0.98503947559312E+00
 0.98500523699490E+00
 0.98483762785776E+00
 0.98473232117682E+00
 0.98462795168839E+00
 0.98448235931027E+00
 0.98427964969691E+00
 0.98409996026843E+00
 0.98395079504125E+00
 0.98372485544733E+00
 0.98356274402180E+00
 0.98335091068009E+00
 0.98307429598287E+00
 0.98286596426573E+00
 0.98255748714821E+00
 0.98235157613197E+00
 0.98199273217732E+00
 0.98176773235532E+00
 0.98136379071012E+00
 0.98106834532002E+00
 0.98080218220569E+00
 0.98038445988101E+00
 0.98002028096253E+00
 0.97968723449496E+00
 0.97923738783962E+00
 0.97882916474148E+00
 0.97841279611649E+00
 0.97792698779970E+00
 0.97752069906224E+00
 0.97707223506047E+00
 0.97654132962260E+00
 0.97605998869105E+00
