 0.30966386294506E+03
 0.30966386294510E+03
 0.30966386294574E+03
 0.30966386298241E+03
 0.30966386388633E+03
 0.30966386761272E+03
 0.30966385083566E+03
 0.30966367797331E+03
 0.30966298400404E+03
 0.30966109445741E+03
 0.30965702590171E+03
 0.30964955004410E+03
 0.30963730735584E+03
 0.30961887988608E+03
 0.30959291452321E+03
 0.30955819084882E+03
 0.30951355403684E+03
 0.30945811555150E+03
 0.30939117414653E+03
 0.30931206270263E+03
 0.30919927195483E+03
 0.30908917544442E+03
 0.30896579433775E+03
 0.30882910752979E+03
 0.30867916488275E+03
 0.30851625933794E+03
 0.30834060662848E+03
 0.30815251053638E+03
 0.30795261809663E+03
 0.30774131153542E+03
 0.30751903924436E+03
 0.30728648435217E+03
 0.30704429615672E+03
 0.30679293188108E+03
 0.30653322721320E+03
 0.30626551613375E+03
 0.30599121711253E+03
 0.30570990862718E+03
 0.30542286073883E+03
 0.30513096453412E+03
 0.30483428322696E+03
 0.30453367974769E+03
 0.30423047594349E+03
 0.30392342584643E+03
 0.30361453485495E+03
 0.30330323307508E+03
 0.30299060024225E+03
 0.30267684222505E+03
 0.30236235031610E+03
 0.30204658514545E+03
 0.30173105377874E+03
 0.30141515860672E+03
 0.30109911077846E+03
 0.30078362796007E+03
 0.30046530091431E+03
 0.30014857737144E+03
 0.29983151896608E+03
 0.29951452783399E+03
 0.29919486290621E+03
 0.29887296348924E+03
 0.29855089373150E+03
 0.29822617287071E+03
 0.29789851699252E+03
 0.29756656951322E+03
 0.29723140944137E+03
 0.29689113217392E+03
 0.29654194608902E+03
 0.29619227885073E+03
 0.29582601616620E+03
 0.29546072445149E+03
 0.29507763293324E+03
 0.29468858786591E+03
 0.29428062468952E+03
 0.29386630436183E+03
 0.29343711698484E+03
 0.29299056709366E+03
 0.29252751928634E+03
 0.29204564166531E+03
 0.29154135138558E+03
 0.29102428669679E+03
 0.29047319801084E+03
 0.28990085825538E+03
 0.28930931171884E+03
 0.28868316994096E+03
 0.28802697139522E+03
 0.28733576702679E+03
 0.28661827397614E+03
 0.28586376684811E+03
 0.28506347630748E+03
 0.28423143033885E+03
 0.28335862159598E+03
 0.28242873599639E+03
 0.28146675372387E+03
 0.28044853889185E+03
 0.27937425641631E+03
 0.27823936068444E+03
 0.27705305928770E+03
 0.27580135512698E+03
 0.27448373148888E+03
 0.27309355326349E+03
 0.27162742953383E+03
 0.27008566515502E+03
 0.26846145831619E+03
 0.26673902723944E+03
 0.26492644454632E+03
 0.26301602216229E+03
 0.26099715458433E+03
 0.25885959858730E+03
 0.25658704666389E+03
 0.25420475981573E+03
 0.25166691425177E+03
 0.24897576280207E+03
 0.24613069092979E+03
 0.24310055489943E+03
 0.23987824151073E+03
 0.23650015322425E+03
 0.23283133565720E+03
 0.22896102221569E+03
 0.22484039850407E+03
 0.22046161392848E+03
 0.21576808337338E+03
 0.21078294250944E+03
 0.20543787483217E+03
 0.19980893159978E+03
 0.19376548303651E+03
 0.18745610182477E+03
 0.18081259092347E+03
 0.17381241873840E+03
 0.16670412357713E+03
 0.15960115514365E+03
 0.15272095705575E+03
 0.14629936719016E+03
 0.14063814446204E+03
 0.13578952549540E+03
 0.13196574169317E+03
 0.12916907024028E+03
 0.12728586611390E+03
 0.12618665407034E+03
 0.12575055325820E+03
 0.12583174271701E+03
 0.12632161922054E+03
 0.12712605729856E+03
 0.12817466245409E+03
 0.12941123791756E+03
 0.13081403164564E+03
 0.13232418112540E+03
 0.13391105652064E+03
 0.13559897658817E+03
 0.13735169787365E+03
 0.13916254474820E+03
 0.14098119872238E+03
 0.14288087786777E+03
 0.14478037050594E+03
 0.14672680305893E+03
 0.14870245661297E+03
 0.15068954281726E+03
 0.15271410150466E+03
 0.15475365331230E+03
 0.15681258126656E+03
 0.15890685403039E+03
 0.16100413613777E+03
 0.16311951698963E+03
 0.16525825024659E+03
 0.16740307552172E+03
 0.16956505634057E+03
 0.17175533234045E+03
 0.17393085115936E+03
 0.17614530416269E+03
 0.17836017745090E+03
 0.18059752902096E+03
 0.18283690568417E+03
 0.18511173577264E+03
 0.18736372208191E+03
 0.18965018161359E+03
 0.19193523407973E+03
 0.19424588070714E+03
 0.19656833121945E+03
 0.19890270265679E+03
 0.20123528525051E+03
 0.20357317772855E+03
 0.20593145043403E+03
 0.20831396696970E+03
 0.21070367486746E+03
 0.21308843565915E+03
 0.21548653559144E+03
 0.21790522911804E+03
 0.22033672815710E+03
 0.22276947740025E+03
 0.22520043810175E+03
 0.22766153688412E+03
 0.23011713504258E+03
 0.23259691535113E+03
 0.23509383676805E+03
 0.23758558783813E+03
 0.24008846210781E+03
 0.24260607579201E+03
 0.24513157020711E+03
 0.24766201702785E+03
 0.25020913201342E+03
 0.25277210012278E+03
