 0.20941382915855E+01
 0.20941382915855E+01
 0.20941382915855E+01
 0.20941382915855E+01
 0.20941382915855E+01
 0.20941382992905E+01
 0.20941382692321E+01
 0.20941382760857E+01
 0.20941382460806E+01
 0.20941374377408E+01
 0.20941410070969E+01
 0.20941363943827E+01
 0.20941366056762E+01
 0.20941355605136E+01
 0.20941393009926E+01
 0.20941374629281E+01
 0.20941380850365E+01
 0.20941370950334E+01
 0.20941352996515E+01
 0.20941391373862E+01
 0.20941372202511E+01
 0.20941368319017E+01
 0.20941358172275E+01
 0.20941426272435E+01
 0.20941442066139E+01
 0.20941379483979E+01
 0.20941352833204E+01
 0.20941408104309E+01
 0.20941453189649E+01
 0.20941372103633E+01
 0.20941412457334E+01
 0.20941495196715E+01
 0.20941513652358E+01
 0.20941493248293E+01
 0.20941389332983E+01
 0.20941640524391E+01
 0.20941450234351E+01
 0.20941390157410E+01
 0.20941714881795E+01
 0.20941510788343E+01
 0.20941453661291E+01
 0.20941664987446E+01
 0.20941368511062E+01
 0.20941775259798E+01
 0.20941913839198E+01
 0.20941899526862E+01
 0.20941858977489E+01
 0.20941658779494E+01
 0.20941382274217E+01
 0.20941793410372E+01
 0.20941283973118E+01
 0.20941784572236E+01
 0.20941520599589E+01
 0.20941347999320E+01
 0.20941265583279E+01
 0.20941502102407E+01
 0.20941556979816E+01
 0.20940662596381E+01
 0.20941014113749E+01
 0.20940797067717E+01
 0.20940696959753E+01
 0.20940485812019E+01
 0.20940190086700E+01
 0.20939837362176E+01
 0.20940709939866E+01
 0.20939141144899E+01
 0.20938796192015E+01
 0.20939956141499E+01
 0.20937961491276E+01
 0.20937388708221E+01
 0.20936485768841E+01
 0.20935477082996E+01
 0.20935412127919E+01
 0.20934293354966E+01
 0.20934777096539E+01
 0.20932678196033E+01
 0.20931059063964E+01
 0.20931165249037E+01
 0.20930411020551E+01
 0.20928558865513E+01
 0.20926545189136E+01
 0.20924941295371E+01
 0.20922483192422E+01
 0.20919921003631E+01
 0.20918324196061E+01
 0.20915773071047E+01
 0.20913585808524E+01
 0.20911228936781E+01
 0.20907474889420E+01
 0.20903835637162E+01
 0.20900003315481E+01
 0.20897568240997E+01
 0.20892366494615E+01
 0.20888360912975E+01
 0.20883845614019E+01
 0.20877891857909E+01
 0.20873554162405E+01
 0.20865760795458E+01
 0.20861792775462E+01
 0.20855381930518E+01
 0.20846915612708E+01
 0.20839309839489E+01
 0.20831563289565E+01
 0.20822661513574E+01
 0.20815899833560E+01
 0.20805419701011E+01
 0.20797287162023E+01
 0.20785179764686E+01
 0.20774370037729E+01
 0.20764536157561E+01
 0.20751529104753E+01
 0.20741197750145E+01
 0.20727002570274E+01
 0.20713934078424E+01
 0.20699639663939E+01
 0.20684673626236E+01
 0.20670248023085E+01
 0.20654035106784E+01
 0.20640378104650E+01
 0.20621708065405E+01
 0.20605067376387E+01
 0.20588870948162E+01
 0.20569324755194E+01
 0.20550426791775E+01
 0.20532563074255E+01
 0.20510541074829E+01
 0.20492136725363E+01
 0.20469665977814E+01
 0.20447655196286E+01
 0.20426665812278E+01
 0.20403611111554E+01
 0.20379981938034E+01
 0.20358399143824E+01
 0.20332768396546E+01
 0.20310222225608E+01
 0.20284297737066E+01
 0.20257835134584E+01
 0.20232281424271E+01
 0.20207155168891E+01
 0.20178027165118E+01
 0.20151824946220E+01
 0.20124067189983E+01
 0.20096140282881E+01
 0.20067592602946E+01
 0.20039801548882E+01
 0.20009670665910E+01
 0.19982027718541E+01
 0.19949971758528E+01
 0.19921437633388E+01
 0.19889105899132E+01
 0.19860568339681E+01
 0.19826156515706E+01
 0.19796336588612E+01
 0.19762422457629E+01
 0.19729731237210E+01
 0.19698205467243E+01
 0.19664689135514E+01
 0.19630683581576E+01
 0.19593240743667E+01
 0.19557785835586E+01
 0.19523282021635E+01
 0.19486954491078E+01
 0.19450136489026E+01
 0.19412002493459E+01
 0.19376590550477E+01
 0.19336485879259E+01
 0.19298332573812E+01
 0.19259628366290E+01
 0.19219832824924E+01
 0.19180426405732E+01
 0.19138803962438E+01
 0.19098860106425E+01
 0.19058261900760E+01
 0.19016802158181E+01
 0.18977119875947E+01
 0.18931274057303E+01
 0.18890668732482E+01
 0.18847721592053E+01
 0.18805130554555E+01
 0.18761000040946E+01
 0.18717698598375E+01
 0.18673729075318E+01
 0.18630172765265E+01
 0.18586254571504E+01
 0.18540248524063E+01
 0.18494489377601E+01
 0.18452485613082E+01
 0.18404342371508E+01
 0.18358502667301E+01
 0.18313761923092E+01
 0.18268369357913E+01
 0.18220100839108E+01
 0.18173908262388E+01
 0.18125006319317E+01
 0.18078967726835E+01
 0.18031506127785E+01
 0.17985712386005E+01
 0.17937674160724E+01
 0.17889841566502E+01
 0.17842405998282E+01
 0.17796134469222E+01
 0.17746086847809E+01
 0.17697533924350E+01
 0.17650310874726E+01
 0.17601286909308E+01
 0.17552576614035E+01
 0.17504155753065E+01
 0.17455069689728E+01
 0.17408788631170E+01
 0.17360440471730E+01
 0.17308930062023E+01
 0.17259656902587E+01
 0.17211720412330E+01
 0.17162032653985E+01
 0.17114499685763E+01
 0.17063873649169E+01
 0.17014897393039E+01
 0.16967286566442E+01
 0.16915208608864E+01
 0.16868782485721E+01
 0.16817464311330E+01
 0.16768684473394E+01
 0.16718371938832E+01
 0.16668788703220E+01
 0.16619980868639E+01
 0.16570545166436E+01
 0.16522670392120E+01
 0.16472777302500E+01
 0.16423689461942E+01
 0.16374757712572E+01
 0.16325751088108E+01
 0.16277479575305E+01
 0.16227882366176E+01
 0.16179834625128E+01
 0.16129211606729E+01
 0.16082333897416E+01
 0.16033273469818E+01
 0.15982806926232E+01
 0.15934633440030E+01
 0.15887671556667E+01
 0.15839296125649E+01
 0.15790388055005E+01
 0.15741450598810E+01
 0.15693953711941E+01
 0.15645692500314E+01
 0.15598093029778E+01
 0.15552221145820E+01
 0.15504755569767E+01
 0.15456817450407E+01
 0.15409332490035E+01
 0.15362559923327E+01
 0.15312958211352E+01
 0.15265897859965E+01
 0.15219444312898E+01
 0.15171692035186E+01
 0.15125179549440E+01
 0.15078165091118E+01
 0.15033850504908E+01
 0.14985915637511E+01
 0.14940465303566E+01
 0.14892220060436E+01
 0.14849255411114E+01
 0.14801247836358E+01
 0.14756688388215E+01
 0.14710332098193E+01
 0.14665267264004E+01
 0.14618211094657E+01
 0.14574117124019E+01
 0.14531483202600E+01
 0.14483834397708E+01
 0.14440545253939E+01
 0.14397527626109E+01
 0.14351612263244E+01
 0.14308542247831E+01
 0.14262970850591E+01
 0.14219312292218E+01
 0.14174715004561E+01
 0.14134119571066E+01
 0.14088617597741E+01
 0.14044878671076E+01
 0.14001500690286E+01
 0.13959070873814E+01
 0.13918242364783E+01
 0.13874902006302E+01
 0.13833414521886E+01
 0.13790811824629E+01
 0.13747928628396E+01
 0.13705119275198E+01
 0.13663760450925E+01
 0.13621909296210E+01
 0.13580334837266E+01
 0.13539266892462E+01
 0.13497277719799E+01
 0.13456621924106E+01
 0.13415621742841E+01
 0.13375435913325E+01
 0.13335658952581E+01
 0.13295130312212E+01
 0.13256371351329E+01
 0.13215029415060E+01
