 0.30964654458033E+03
 0.30964654458037E+03
 0.30964654458102E+03
 0.30964654462233E+03
 0.30964654557380E+03
 0.30964654936996E+03
 0.30964653212187E+03
 0.30964635945306E+03
 0.30964566553023E+03
 0.30964377523013E+03
 0.30963970462720E+03
 0.30963222550581E+03
 0.30961998037095E+03
 0.30960155328442E+03
 0.30957561171745E+03
 0.30954086596126E+03
 0.30949625382187E+03
 0.30944084648084E+03
 0.30937388597927E+03
 0.30929479833429E+03
 0.30918212737385E+03
 0.30907210097561E+03
 0.30894874957027E+03
 0.30881207596858E+03
 0.30866216913223E+03
 0.30849925084692E+03
 0.30832352316886E+03
 0.30813558396385E+03
 0.30793577918637E+03
 0.30772449442199E+03
 0.30750214809959E+03
 0.30726967720096E+03
 0.30702738220213E+03
 0.30677575715059E+03
 0.30651603031830E+03
 0.30624830891624E+03
 0.30597344800152E+03
 0.30569172924336E+03
 0.30540428291049E+03
 0.30511186952761E+03
 0.30481354766529E+03
 0.30451127627037E+03
 0.30420536353834E+03
 0.30389587832583E+03
 0.30358256554202E+03
 0.30326665772492E+03
 0.30294897290831E+03
 0.30262903848413E+03
 0.30230656556878E+03
 0.30198199259574E+03
 0.30165618942872E+03
 0.30132824790715E+03
 0.30099894476480E+03
 0.30066776785620E+03
 0.30033421520023E+03
 0.29999892327377E+03
 0.29966189655719E+03
 0.29932159843337E+03
 0.29897958798008E+03
 0.29863605958130E+03
 0.29828560109430E+03
 0.29793586926453E+03
 0.29758237300167E+03
 0.29722241906307E+03
 0.29686160624481E+03
 0.29649204300941E+03
 0.29611967950116E+03
 0.29574670580953E+03
 0.29536387471259E+03
 0.29497810739403E+03
 0.29458113613243E+03
 0.29417956639716E+03
 0.29377647591658E+03
 0.29335757684343E+03
 0.29293705056757E+03
 0.29250458881519E+03
 0.29206493597886E+03
 0.29161289808768E+03
 0.29115968476546E+03
 0.29068887202605E+03
 0.29021040329083E+03
 0.28972205664202E+03
 0.28922380681700E+03
 0.28871302436661E+03
 0.28818318844341E+03
 0.28764774648230E+03
 0.28709974910925E+03
 0.28653242359269E+03
 0.28595236947565E+03
 0.28535420083314E+03
 0.28474943762560E+03
 0.28412934076815E+03
 0.28348512721760E+03
 0.28282045508641E+03
 0.28214927595987E+03
 0.28146185527472E+03
 0.28074264392789E+03
 0.28001382065359E+03
 0.27926054894084E+03
 0.27848831056790E+03
 0.27768815832605E+03
 0.27687304489982E+03
 0.27603507734148E+03
 0.27516740539321E+03
 0.27426916785913E+03
 0.27335124458065E+03
 0.27241365399727E+03
 0.27143049708378E+03
 0.27042371433016E+03
 0.26939520137620E+03
 0.26833742796727E+03
 0.26723725344282E+03
 0.26610604416897E+03
 0.26493440118645E+03
 0.26371744441056E+03
 0.26247250003877E+03
 0.26118625276486E+03
 0.25985519935422E+03
 0.25847291340894E+03
 0.25704568402100E+03
 0.25557333583479E+03
 0.25405402261933E+03
 0.25245977465410E+03
 0.25080597459855E+03
 0.24910437393374E+03
 0.24734499116543E+03
 0.24552076816501E+03
 0.24360065473016E+03
 0.24161082267168E+03
 0.23955349844746E+03
 0.23740747914235E+03
 0.23515309564819E+03
 0.23282860145031E+03
 0.23038885351828E+03
 0.22782724566262E+03
 0.22517961364606E+03
 0.22237903875156E+03
 0.21945696427536E+03
 0.21639985682096E+03
 0.21321608138976E+03
 0.20990449491970E+03
 0.20638712925171E+03
 0.20276105870208E+03
 0.19897098052548E+03
 0.19501834750775E+03
 0.19093614894394E+03
 0.18670184479940E+03
 0.18236259082911E+03
 0.17792108915862E+03
 0.17341780640872E+03
 0.16896400795763E+03
 0.16453598382919E+03
 0.16021741753783E+03
 0.15614697156040E+03
 0.15236114485977E+03
 0.14897506527248E+03
 0.14604067074725E+03
 0.14362819960731E+03
 0.14175767915809E+03
 0.14045041322389E+03
 0.13968991742682E+03
 0.13944164609954E+03
 0.13966424866547E+03
 0.14030531208407E+03
 0.14130701007076E+03
 0.14262534474542E+03
 0.14420646060138E+03
 0.14600978648441E+03
 0.14800004135136E+03
 0.15014109342361E+03
 0.15239681154074E+03
 0.15477318640498E+03
 0.15723256940160E+03
 0.15973941487703E+03
 0.16232517479685E+03
 0.16495786445936E+03
 0.16760787124095E+03
 0.17030678801507E+03
 0.17302325268233E+03
 0.17578561322019E+03
 0.17851734716392E+03
 0.18129443244671E+03
 0.18406848747152E+03
 0.18688348014402E+03
 0.18967543102785E+03
 0.19250038120394E+03
 0.19529620638251E+03
 0.19812198455700E+03
 0.20094144517724E+03
 0.20377687266721E+03
 0.20659978793920E+03
 0.20944935278228E+03
 0.21230203045333E+03
 0.21514752421001E+03
 0.21798754239113E+03
 0.22082422137650E+03
 0.22367188173996E+03
 0.22653901278247E+03
 0.22940020747536E+03
 0.23225267778535E+03
 0.23511517794219E+03
 0.23797046932801E+03
 0.24085942489695E+03
 0.24371802763483E+03
 0.24661625920559E+03
 0.24947646157962E+03
 0.25237061695918E+03
 0.25526568661429E+03
 0.25816118660472E+03
 0.26105187209843E+03
 0.26396392415198E+03
 0.26686861159988E+03
 0.26980294159100E+03
 0.27271196997559E+03
 0.27563226681314E+03
 0.27856179649662E+03
 0.28149651457931E+03
 0.28444419581341E+03
 0.28737518292915E+03
 0.29033837792829E+03
 0.29328705333055E+03
 0.29626217947090E+03
 0.29924639058001E+03
 0.30221925348992E+03
 0.30521662395407E+03
 0.30819370816023E+03
 0.31118712086757E+03
 0.31419008673009E+03
 0.31721045310674E+03
 0.32022041261735E+03
 0.32322644959074E+03
 0.32627110239414E+03
 0.32931330145250E+03
 0.33235367421309E+03
 0.33541953863360E+03
 0.33846422236610E+03
 0.34153561653512E+03
 0.34460002376084E+03
 0.34770099549303E+03
 0.35078614141002E+03
 0.35387130860624E+03
 0.35698653489391E+03
 0.36008584926194E+03
 0.36320649395804E+03
 0.36634197032417E+03
 0.36945622276054E+03
 0.37261744955848E+03
 0.37576690483503E+03
 0.37892222730574E+03
 0.38210053678407E+03
 0.38525337733792E+03
 0.38845361323325E+03
 0.39163522271606E+03
 0.39483281584484E+03
 0.39804256126922E+03
 0.40124663496893E+03
 0.40447490178212E+03
 0.40772036707978E+03
 0.41093806009529E+03
 0.41420460224665E+03
 0.41744178731058E+03
 0.42072234202701E+03
 0.42399422831272E+03
 0.42726949053383E+03
 0.43054442985184E+03
 0.43385058594514E+03
 0.43716614494459E+03
 0.44048281763032E+03
 0.44379402633582E+03
 0.44712249353440E+03
 0.45046503831564E+03
 0.45380933273185E+03
 0.45717179532448E+03
 0.46054462973620E+03
 0.46390353568889E+03
 0.46729518665653E+03
 0.47068096728961E+03
 0.47406564142907E+03
 0.47748761099749E+03
 0.48090624613580E+03
 0.48432844849177E+03
 0.48775750388322E+03
 0.49120263629425E+03
 0.49464625726009E+03
 0.49809915062576E+03
 0.50158289993814E+03
 0.50504435702100E+03
 0.50853449892807E+03
 0.51200673843908E+03
 0.51550391074244E+03
 0.51902786130248E+03
 0.52251341497360E+03
 0.52605908919747E+03
 0.52958072508829E+03
 0.53311781495039E+03
 0.53667839061781E+03
 0.54023140904314E+03
 0.54380652980490E+03
 0.54737933860806E+03
 0.55096246743497E+03
