 0.53405556261975E+07
 0.53405556261975E+07
 0.53405556261975E+07
 0.53405556261975E+07
 0.53405556261975E+07
 0.53405556261975E+07
 0.53405556261975E+07
 0.53405556261975E+07
 0.53405556261975E+07
 0.53405556261975E+07
 0.53405556261974E+07
 0.53405556261972E+07
 0.53405556261968E+07
 0.53405556261971E+07
 0.53405556261967E+07
 0.53405556261965E+07
 0.53405556261961E+07
 0.53405556261959E+07
 0.53405556261929E+07
 0.53405556261908E+07
 0.53405556261915E+07
 0.53405556261890E+07
 0.53405556261840E+07
 0.53405556261802E+07
 0.53405556261750E+07
 0.53405556261682E+07
 0.53405556261568E+07
 0.53405556261582E+07
 0.53405556261572E+07
 0.53405556261313E+07
 0.53405556261210E+07
 0.53405556261037E+07
 0.53405556260818E+07
 0.53405556260629E+07
 0.53405556260267E+07
 0.53405556260428E+07
 0.53405556259321E+07
 0.53405556260072E+07
 0.53405556260349E+07
 0.53405556260095E+07
 0.53405556260288E+07
 0.53405556259402E+07
 0.53405556256137E+07
 0.53405556256149E+07
 0.53405556253764E+07
 0.53405556255432E+07
 0.53405556254116E+07
 0.53405556252302E+07
 0.53405556251528E+07
 0.53405556251263E+07
 0.53405556249903E+07
 0.53405556248351E+07
 0.53405556248320E+07
 0.53405556239339E+07
 0.53405556263258E+07
 0.53405556259628E+07
 0.53405556253118E+07
 0.53405556232489E+07
 0.53405556227276E+07
 0.53405556256901E+07
 0.53405556235744E+07
 0.53405556236016E+07
 0.53405556229348E+07
 0.53405556239336E+07
 0.53405556218754E+07
 0.53405556175094E+07
 0.53405556225303E+07
 0.53405556090655E+07
 0.53405556246038E+07
 0.53405556055842E+07
 0.53405556184259E+07
 0.53405556140001E+07
 0.53405556378642E+07
 0.53405556230963E+07
 0.53405556154899E+07
 0.53405556279235E+07
 0.53405556110153E+07
 0.53405556089387E+07
 0.53405556389921E+07
 0.53405555845205E+07
 0.53405556142739E+07
 0.53405556340991E+07
 0.53405555812447E+07
 0.53405555764892E+07
 0.53405555806873E+07
 0.53405556198806E+07
 0.53405555781425E+07
 0.53405555685278E+07
 0.53405556330685E+07
 0.53405555989673E+07
 0.53405555507168E+07
 0.53405556791129E+07
 0.53405555463397E+07
 0.53405555324375E+07
 0.53405555655175E+07
 0.53405556121008E+07
 0.53405556067548E+07
 0.53405556262089E+07
 0.53405555865135E+07
 0.53405556343685E+07
 0.53405556240405E+07
 0.53405556304254E+07
 0.53405555683753E+07
 0.53405556488916E+07
 0.53405557199343E+07
 0.53405556163799E+07
 0.53405555523679E+07
 0.53405556465710E+07
 0.53405558179465E+07
 0.53405555132236E+07
 0.53405555909636E+07
 0.53405557515668E+07
 0.53405555695733E+07
 0.53405556129527E+07
 0.53405558149617E+07
 0.53405550385464E+07
 0.53405558704560E+07
 0.53405559466153E+07
 0.53405557663955E+07
 0.53405558356419E+07
 0.53405558587253E+07
 0.53405559742963E+07
 0.53405562775079E+07
 0.53405558307968E+07
 0.53405560553387E+07
 0.53405555165978E+07
 0.53405548945649E+07
 0.53405555897118E+07
 0.53405565578862E+07
 0.53405558901698E+07
 0.53405564995935E+07
 0.53405565088536E+07
 0.53405560291085E+07
 0.53405566691102E+07
 0.53405566393143E+07
 0.53405560845080E+07
 0.53405555636326E+07
 0.53405564343041E+07
 0.53405565520932E+07
 0.53405559277559E+07
 0.53405554040270E+07
 0.53405560237883E+07
 0.53405566012852E+07
 0.53405556940696E+07
 0.53405565867169E+07
 0.53405569387083E+07
 0.53405547484146E+07
 0.53405565319593E+07
 0.53405569300858E+07
 0.53405595872249E+07
 0.53405547513158E+07
 0.53405579520312E+07
 0.53405564414177E+07
 0.53405566086171E+07
 0.53405576850859E+07
 0.53405557037443E+07
 0.53405560638287E+07
 0.53405554253985E+07
 0.53405536573989E+07
 0.53405561358262E+07
 0.53405554994358E+07
 0.53405548911399E+07
 0.53405566992177E+07
 0.53405556805634E+07
 0.53405559896142E+07
 0.53405572390194E+07
 0.53405549134311E+07
 0.53405550098413E+07
 0.53405549038328E+07
 0.53405553296290E+07
 0.53405556169602E+07
 0.53405567584947E+07
 0.53405552554891E+07
 0.53405542093328E+07
 0.53405531425961E+07
 0.53405540275654E+07
 0.53405549340868E+07
 0.53405553325554E+07
 0.53405537887535E+07
 0.53405535807279E+07
 0.53405543486063E+07
 0.53405540718365E+07
 0.53405550473555E+07
 0.53405550004711E+07
 0.53405540290707E+07
 0.53405538227446E+07
 0.53405544663438E+07
 0.53405551165988E+07
 0.53405526225309E+07
 0.53405540703652E+07
 0.53405531228121E+07
 0.53405533238318E+07
 0.53405544869201E+07
 0.53405538741156E+07
 0.53405518535259E+07
 0.53405528535080E+07
 0.53405524234404E+07
 0.53405520787518E+07
 0.53405521373940E+07
 0.53405542677258E+07
