 0.34787160937283E+03
 0.34787161156786E+03
 0.34787162174707E+03
 0.34787165058348E+03
 0.34787171495032E+03
 0.34787184514727E+03
 0.34787209541208E+03
 0.34787254476252E+03
 0.34787327710179E+03
 0.34787435994968E+03
 0.34787583014048E+03
 0.34787768745503E+03
 0.34787992073550E+03
 0.34788245854065E+03
 0.34788527366100E+03
 0.34788822060859E+03
 0.34789127493792E+03
 0.34789435385231E+03
 0.34789737284837E+03
 0.34790027113046E+03
 0.34788695302592E+03
 0.34788522066990E+03
 0.34788283615748E+03
 0.34787967050598E+03
 0.34787550128443E+03
 0.34787008329595E+03
 0.34786290390858E+03
 0.34785383176462E+03
 0.34784210367351E+03
 0.34782676579129E+03
 0.34780666853711E+03
 0.34778129468315E+03
 0.34774889009708E+03
 0.34770782073456E+03
 0.34765753727287E+03
 0.34759552676244E+03
 0.34752046795196E+03
 0.34743006664161E+03
 0.34732329609276E+03
 0.34719914324548E+03
 0.34705339594151E+03
 0.34688691337865E+03
 0.34669806856890E+03
 0.34648513275581E+03
 0.34624582579314E+03
 0.34598092176806E+03
 0.34569042858325E+03
 0.34537274229807E+03
 0.34502640949739E+03
 0.34465184143584E+03
 0.34424993623805E+03
 0.34381894334817E+03
 0.34336013205293E+03
 0.34287247476348E+03
 0.34235512059467E+03
 0.34180918884556E+03
 0.34123445187684E+03
 0.34062829281150E+03
 0.33999330039393E+03
 0.33933012672524E+03
 0.33862769360948E+03
 0.33790000603583E+03
 0.33713792860667E+03
 0.33633557841043E+03
 0.33550285796425E+03
 0.33462256553894E+03
 0.33370547753041E+03
 0.33275378439451E+03
 0.33174709869250E+03
 0.33069624661444E+03
 0.32958114043057E+03
 0.32841206296318E+03
 0.32719259841306E+03
 0.32588493587058E+03
 0.32451588201021E+03
 0.32305675590424E+03
 0.32150793448723E+03
 0.31984872514954E+03
 0.31809567254910E+03
 0.31619390747177E+03
 0.31415223894148E+03
 0.31194312295330E+03
 0.30954082130230E+03
 0.30690116207235E+03
 0.30395096019213E+03
 0.30067018182846E+03
 0.29693105226764E+03
 0.29253203828000E+03
 0.28714139857280E+03
