 0.30964654458033E+03
 0.30964654458037E+03
 0.30964654458102E+03
 0.30964654462233E+03
 0.30964654557380E+03
 0.30964654936996E+03
 0.30964653212197E+03
 0.30964635945299E+03
 0.30964566552924E+03
 0.30964377522119E+03
 0.30963970462319E+03
 0.30963222549195E+03
 0.30961998038112E+03
 0.30960155330771E+03
 0.30957561162967E+03
 0.30954086753947E+03
 0.30949626034888E+03
 0.30944086597834E+03
 0.30937394165098E+03
 0.30929494088831E+03
 0.30918244429856E+03
 0.30907279681033E+03
 0.30895018033660E+03
 0.30881485232378E+03
 0.30866728512948E+03
 0.30850824647431E+03
 0.30833869001176E+03
 0.30816019105334E+03
 0.30797434087427E+03
 0.30778303806082E+03
 0.30758847244437E+03
 0.30739361308652E+03
 0.30720100670174E+03
 0.30701352804812E+03
 0.30683487063023E+03
 0.30666760475808E+03
 0.30651491052983E+03
 0.30637921096977E+03
 0.30626377918495E+03
 0.30617000905938E+03
 0.30609822695089E+03
 0.30605051066390E+03
 0.30602658407962E+03
 0.30602554500149E+03
 0.30604509330844E+03
 0.30608373543019E+03
 0.30613895727311E+03
 0.30620598106011E+03
 0.30628031546721E+03
 0.30635700889267E+03
 0.30643124361754E+03
 0.30649645166122E+03
 0.30654702814064E+03
 0.30657622590666E+03
 0.30657718927496E+03
 0.30654380550692E+03
 0.30646971204467E+03
 0.30634707177708E+03
 0.30617057931350E+03
 0.30593451054451E+03
 0.30562705857888E+03
 0.30524913684996E+03
 0.30479016443108E+03
 0.30424088256154E+03
 0.30360073125547E+03
 0.30285408393035E+03
 0.30200082803141E+03
 0.30103632515958E+03
 0.29994196758439E+03
 0.29871693151189E+03
 0.29734079932368E+03
 0.29581262068755E+03
 0.29412781981636E+03
 0.29224651726469E+03
 0.29017988853350E+03
 0.28789363442534E+03
 0.28537255729981E+03
 0.28258181527871E+03
 0.27952062138742E+03
 0.27610935010747E+03
 0.27233031902795E+03
 0.26811909538968E+03
 0.26340004853212E+03
 0.25805748482548E+03
 0.25190349021829E+03
 0.24478465126740E+03
 0.23629115470476E+03
 0.22564885902386E+03
 0.21097963112913E+03
