 0.70000002086163E+03
 0.70000002086163E+03
 0.70000002086163E+03
 0.70000002086163E+03
 0.70000002086163E+03
 0.70000002086163E+03
 0.70000002086163E+03
 0.70000002086163E+03
 0.70000002086163E+03
 0.70000002086163E+03
 0.70000002086163E+03
 0.70000002086163E+03
 0.70000002086163E+03
 0.70000002086163E+03
 0.70000002086163E+03
 0.70000002086163E+03
 0.70000002086163E+03
 0.70000002086163E+03
 0.70000002086163E+03
 0.70000002086163E+03
 0.70000002086163E+03
 0.70000002086163E+03
 0.70000002086163E+03
 0.70000002086163E+03
 0.70000002086163E+03
 0.70000002086163E+03
 0.70000002086163E+03
 0.70000002086163E+03
 0.70000002086163E+03
 0.70000002086163E+03
 0.70000002086163E+03
 0.70000002086163E+03
 0.70000002086163E+03
 0.70000002086163E+03
 0.70000002086163E+03
 0.70000002086163E+03
 0.70000002086163E+03
 0.70000002086163E+03
 0.70000002086163E+03
 0.70000002086163E+03
 0.70000002086163E+03
 0.70000002086163E+03
 0.70000002086163E+03
 0.70000002086163E+03
 0.70000002086163E+03
 0.70000002086163E+03
 0.70000002086163E+03
 0.70000002086163E+03
 0.70000002086163E+03
 0.70000002086163E+03
 0.70000002086163E+03
 0.70000002086163E+03
 0.70000002086163E+03
 0.70000002086163E+03
 0.70000002086163E+03
 0.70000002086163E+03
 0.70000002086163E+03
 0.70000002086163E+03
 0.70000002086163E+03
 0.70000002086163E+03
 0.70000002086163E+03
 0.70000002086163E+03
 0.70000002086163E+03
 0.70000002086163E+03
 0.70000002086163E+03
 0.70000002086163E+03
 0.70000002086163E+03
 0.70000002086163E+03
 0.70000002086163E+03
 0.70000002086163E+03
 0.70000002086163E+03
 0.70000002086163E+03
 0.70000002086163E+03
 0.70000002086163E+03
 0.70000002086163E+03
 0.70000002086163E+03
 0.70000002086163E+03
 0.70000002086163E+03
 0.70000002086163E+03
 0.70000002086163E+03
 0.70000002086163E+03
 0.70000002086163E+03
 0.70000002086163E+03
 0.70000002086163E+03
 0.70000002086163E+03
 0.70000002086163E+03
 0.70000002086163E+03
 0.70000002086163E+03
 0.70000002086163E+03
