 0.22012047225508E+01
 0.22012047225508E+01
 0.22012047225508E+01
 0.22012047225508E+01
 0.22012047225508E+01
 0.22012047225508E+01
 0.22012047225508E+01
 0.22012047225508E+01
 0.22012047225509E+01
 0.22012046921021E+01
 0.22012050888252E+01
 0.22012045357365E+01
 0.22012041451643E+01
 0.22012044430752E+01
 0.22012038045248E+01
 0.22012040697297E+01
 0.22012039230940E+01
 0.22012045719827E+01
 0.22012043316713E+01
 0.22012038525428E+01
 0.22012040699015E+01
 0.22012045662938E+01
 0.22012044163432E+01
 0.22012033843033E+01
 0.22012031366157E+01
 0.22012038576869E+01
 0.22012046994177E+01
 0.22012040193553E+01
 0.22012037476559E+01
 0.22012039891977E+01
 0.22012052497185E+01
 0.22012034249351E+01
 0.22012060141736E+01
 0.22012066789443E+01
 0.22012047227967E+01
 0.22012067785710E+01
 0.22012053669732E+01
 0.22012057362283E+01
 0.22012155141697E+01
 0.22012058011428E+01
 0.22012040135904E+01
 0.22012068906732E+01
 0.22012046458309E+01
 0.22012168860221E+01
 0.22012395384371E+01
 0.22012394565223E+01
 0.22012369418624E+01
 0.22012145077916E+01
 0.22012063187221E+01
 0.22012345529580E+01
 0.22012065833693E+01
 0.22012526498459E+01
 0.22012148451257E+01
 0.22012106210934E+01
 0.22012068918700E+01
 0.22012553154740E+01
 0.22011922795483E+01
 0.22012063683462E+01
 0.22012663530389E+01
 0.22012274435573E+01
 0.22012575128141E+01
 0.22012421225720E+01
 0.22011993240532E+01
 0.22012334537248E+01
 0.22011630857519E+01
 0.22012422241710E+01
 0.22012518834682E+01
 0.22011849261397E+01
 0.22012676524864E+01
 0.22012156996875E+01
 0.22012703817640E+01
 0.22012651951201E+01
 0.22012091109373E+01
 0.22012717342903E+01
 0.22011760773108E+01
 0.22012695024617E+01
 0.22012167891526E+01
 0.22011978757186E+01
 0.22012105212744E+01
 0.22012180775387E+01
 0.22012276082315E+01
 0.22012280509638E+01
 0.22012934564783E+01
 0.22012755776234E+01
 0.22012422150206E+01
 0.22013137857011E+01
 0.22012578942848E+01
 0.22012505749929E+01
 0.22012675686299E+01
