 0.34789878279465E+03
 0.34789878498954E+03
 0.34789879516805E+03
 0.34789882399173E+03
 0.34789888833281E+03
 0.34789901844543E+03
 0.34789926911766E+03
 0.34789971834525E+03
 0.34790045074435E+03
 0.34790153429244E+03
 0.34790300891379E+03
 0.34790487227352E+03
 0.34790711090041E+03
 0.34790965280917E+03
 0.34791243558520E+03
 0.34791542614467E+03
 0.34791845041595E+03
 0.34792149492202E+03
 0.34792456812024E+03
 0.34792747059954E+03
 0.34791417174532E+03
 0.34791249302697E+03
 0.34791036291315E+03
 0.34790771305588E+03
 0.34790439735589E+03
 0.34790049777770E+03
 0.34789580197154E+03
 0.34789009408039E+03
 0.34788356404206E+03
 0.34787584297360E+03
 0.34786654599820E+03
 0.34785555717960E+03
 0.34784260643894E+03
 0.34782702431952E+03
 0.34780869307615E+03
 0.34778660527365E+03
 0.34776150410175E+03
 0.34773110616689E+03
 0.34769585516377E+03
 0.34765561148479E+03
 0.34760887770017E+03
 0.34755550259602E+03
 0.34749617358566E+03
 0.34742734373041E+03
 0.34735092063675E+03
 0.34726472142581E+03
 0.34716910378162E+03
 0.34706351293851E+03
 0.34694731498519E+03
 0.34681886254010E+03
 0.34667970014606E+03
 0.34652810823125E+03
 0.34636391759343E+03
 0.34618769787170E+03
 0.34599367399445E+03
 0.34578860982615E+03
 0.34556957465708E+03
 0.34533720995183E+03
 0.34508682974591E+03
 0.34481943812733E+03
 0.34453911973642E+03
 0.34424204444752E+03
 0.34392853506093E+03
 0.34359696608959E+03
 0.34325021428913E+03
 0.34288552709351E+03
 0.34249779955573E+03
 0.34210302501811E+03
 0.34167417856806E+03
 0.34124368085973E+03
 0.34077952191629E+03
 0.34030502921170E+03
 0.33979810259539E+03
 0.33928385410382E+03
 0.33874825566997E+03
 0.33818881526680E+03
 0.33760988032351E+03
 0.33700842042494E+03
 0.33638151403282E+03
 0.33574751853928E+03
 0.33507125949765E+03
 0.33437900239269E+03
 0.33367522859550E+03
 0.33293645039321E+03
 0.33217324884433E+03
 0.33138015766970E+03
 0.33057527924168E+03
 0.32974145307430E+03
 0.32887034551534E+03
 0.32798653739816E+03
 0.32707851509792E+03
 0.32612371532995E+03
 0.32516584006952E+03
 0.32416948130806E+03
 0.32314079234086E+03
 0.32207604283480E+03
 0.32099445789128E+03
 0.31987811218948E+03
 0.31873188084878E+03
 0.31755213672657E+03
 0.31633829857041E+03
 0.31509677564319E+03
 0.31382529698654E+03
 0.31250738261684E+03
 0.31116064131676E+03
 0.30978354410432E+03
 0.30837065119414E+03
 0.30691377292890E+03
 0.30540648341398E+03
 0.30388595778504E+03
 0.30230735781144E+03
 0.30068654246079E+03
 0.29903231697821E+03
 0.29732273154786E+03
 0.29556727184889E+03
 0.29380563657350E+03
 0.29192967332100E+03
 0.29003667462528E+03
 0.28809468409533E+03
 0.28610750858241E+03
 0.28405004574376E+03
 0.28194806893719E+03
 0.27976595775209E+03
 0.27756347623282E+03
 0.27525162016268E+03
 0.27292273588827E+03
 0.27051366185708E+03
 0.26797380565462E+03
 0.26537395166994E+03
 0.26273592840237E+03
 0.25997531032196E+03
 0.25713367608429E+03
 0.25424815095858E+03
 0.25119060675247E+03
 0.24804058099679E+03
 0.24480725424954E+03
 0.24144383247988E+03
 0.23791314414685E+03
 0.23427819740905E+03
 0.23052803263313E+03
 0.22656541740789E+03
 0.22246549055980E+03
 0.21815785301003E+03
 0.21369971289333E+03
 0.20895831948275E+03
 0.20404445272694E+03
 0.19895505575229E+03
 0.19353972149888E+03
 0.18786481577300E+03
 0.18191364266759E+03
 0.17582630451344E+03
 0.16934536934969E+03
 0.16273207868614E+03
 0.15585096399090E+03
 0.14878644213705E+03
 0.14163104358378E+03
 0.13437062327592E+03
 0.12713252171073E+03
 0.11997740798663E+03
 0.11294774991117E+03
 0.10619067801811E+03
 0.99740987093122E+02
 0.93605098972547E+02
 0.87874828627708E+02
 0.82528991934357E+02
 0.77542131736272E+02
 0.72986363999221E+02
 0.68753621209463E+02
 0.64879652294323E+02
 0.61305116672972E+02
 0.58036709450197E+02
 0.55008003060327E+02
 0.52258476580855E+02
 0.49703429501907E+02
 0.47362291617827E+02
 0.45183711882185E+02
 0.43173651838660E+02
 0.41308353268028E+02
 0.39585494490653E+02
 0.37986799556482E+02
 0.36489267206775E+02
 0.35089038269049E+02
 0.33780863032140E+02
 0.32561712833180E+02
 0.31417532502224E+02
 0.30338433410614E+02
 0.29324968990678E+02
 0.28369227316240E+02
 0.27473153647200E+02
 0.26620167618603E+02
 0.25818616465012E+02
 0.25054734891370E+02
 0.24328679657559E+02
 0.23642659595815E+02
 0.22990731871778E+02
 0.22369138316821E+02
 0.21776869588895E+02
 0.21213844947933E+02
 0.20674775329707E+02
 0.20158740093128E+02
