 0.30966386294506E+03
 0.30966386294510E+03
 0.30966386294574E+03
 0.30966386298241E+03
 0.30966386388633E+03
 0.30966386761272E+03
 0.30966385083566E+03
 0.30966367797331E+03
 0.30966298400405E+03
 0.30966109445740E+03
 0.30965702590182E+03
 0.30964955004353E+03
 0.30963730736216E+03
 0.30961887988951E+03
 0.30959291451872E+03
 0.30955819087598E+03
 0.30951355400570E+03
 0.30945811550198E+03
 0.30939117416119E+03
 0.30931206274772E+03
 0.30919927202359E+03
 0.30908917537022E+03
 0.30896579419470E+03
 0.30882910767439E+03
 0.30867916395527E+03
 0.30851625814930E+03
 0.30834060346776E+03
 0.30815250452401E+03
 0.30795260454770E+03
 0.30774128408737E+03
 0.30751898741609E+03
 0.30728639006052E+03
 0.30704413457632E+03
 0.30679265929945E+03
 0.30653278777153E+03
 0.30626481476733E+03
 0.30599013841150E+03
 0.30570829312160E+03
 0.30542049276754E+03
 0.30512757248854E+03
 0.30482951816065E+03
 0.30452710596048E+03
 0.30422157935430E+03
 0.30391157541485E+03
 0.30359898600270E+03
 0.30328317590091E+03
 0.30296499363280E+03
 0.30264467319177E+03
 0.30232235071020E+03
 0.30199750149246E+03
 0.30167144381691E+03
 0.30134349825982E+03
 0.30101385368869E+03
 0.30068308304479E+03
 0.30034798690292E+03
 0.30001268065924E+03
 0.29967553940304E+03
 0.29933699593305E+03
 0.29899435619525E+03
 0.29864820137971E+03
 0.29830085952650E+03
 0.29795005408059E+03
 0.29759585521368E+03
 0.29723726217893E+03
 0.29687574062689E+03
 0.29650962081751E+03
 0.29613582720049E+03
 0.29576327547562E+03
 0.29537643534001E+03
 0.29499349916580E+03
 0.29459618320840E+03
 0.29419742412978E+03
 0.29378459605594E+03
 0.29337159272630E+03
 0.29295032062121E+03
 0.29251916871404E+03
 0.29208036284963E+03
 0.29163198193463E+03
 0.29117216515699E+03
 0.29071093914999E+03
 0.29022849149124E+03
 0.28973919123396E+03
 0.28924533501920E+03
 0.28873360794488E+03
 0.28820969069454E+03
 0.28767033883005E+03
 0.28712529063161E+03
 0.28656484255765E+03
 0.28598413435163E+03
 0.28539652984741E+03
 0.28479541008248E+03
 0.28416803425883E+03
 0.28353831328657E+03
 0.28288636629337E+03
 0.28221539053035E+03
 0.28152300772016E+03
 0.28081951312655E+03
 0.28009476654439E+03
 0.27935110731085E+03
 0.27858622206785E+03
 0.27779943476457E+03
 0.27699395265102E+03
 0.27616818452760E+03
 0.27531252146622E+03
 0.27443644004027E+03
 0.27353861909410E+03
 0.27261560942427E+03
 0.27166241710505E+03
 0.27067484835061E+03
 0.26967338865193E+03
 0.26863223029728E+03
 0.26755966618295E+03
 0.26646028638901E+03
 0.26532087854288E+03
 0.26414619006929E+03
 0.26295834340111E+03
 0.26169458809405E+03
 0.26040991638777E+03
 0.25908526422156E+03
 0.25772214722860E+03
 0.25630481997613E+03
 0.25484754338775E+03
 0.25332851308700E+03
 0.25178173689736E+03
 0.25015370493888E+03
 0.24849801479156E+03
 0.24677609415791E+03
 0.24495640172727E+03
 0.24307988912402E+03
 0.24115850161026E+03
 0.23914016234907E+03
 0.23704826993843E+03
 0.23490517297002E+03
 0.23263011481182E+03
 0.23027128266237E+03
 0.22783308388402E+03
 0.22528570106174E+03
 0.22260486544849E+03
 0.21982988090032E+03
 0.21695405647680E+03
 0.21391653938034E+03
 0.21077224428286E+03
 0.20745319013106E+03
 0.20404141772898E+03
 0.20042828747833E+03
 0.19669998414607E+03
 0.19286449999059E+03
 0.18884170165495E+03
 0.18469140638435E+03
 0.18042748590674E+03
 0.17616128908871E+03
 0.17177572194695E+03
 0.16746343914715E+03
 0.16319515378318E+03
 0.15907102956319E+03
 0.15519151718215E+03
 0.15160598395423E+03
 0.14842095049433E+03
 0.14569984878821E+03
 0.14348816332653E+03
 0.14183638574397E+03
 0.14074099629908E+03
 0.14018297172129E+03
 0.14013100006386E+03
 0.14053642373208E+03
 0.14135373013392E+03
 0.14251049380307E+03
 0.14397873769734E+03
 0.14569258538462E+03
 0.14762593507208E+03
 0.14972479055825E+03
 0.15198717626897E+03
 0.15433741191625E+03
 0.15680577298422E+03
 0.15933707627938E+03
 0.16195230209875E+03
 0.16461387424864E+03
 0.16732254605935E+03
 0.17005235454770E+03
 0.17280364680809E+03
 0.17559256781969E+03
 0.17840597963527E+03
 0.18123344100090E+03
 0.18405996909858E+03
 0.18689800324478E+03
 0.18975550362803E+03
 0.19261507059264E+03
 0.19548295802136E+03
 0.19833724696232E+03
 0.20121636168526E+03
 0.20407948430628E+03
 0.20696237918924E+03
 0.20985437885517E+03
 0.21273481628677E+03
 0.21561625394834E+03
 0.21850504851764E+03
 0.22139640355973E+03
 0.22428063098835E+03
 0.22717533989193E+03
 0.23007771549916E+03
