 0.22011922627266E+01
 0.22011922627266E+01
 0.22011922627266E+01
 0.22011922627266E+01
 0.22011922627266E+01
 0.22011922627266E+01
 0.22011922627266E+01
 0.22011922627266E+01
 0.22011922627267E+01
 0.22011923551161E+01
 0.22011908614886E+01
 0.22011931150223E+01
 0.22011934974270E+01
 0.22011928652037E+01
 0.22011921756102E+01
 0.22011911158884E+01
 0.22011946089907E+01
 0.22011932666055E+01
 0.22011933886501E+01
 0.22011923158391E+01
 0.22011923946291E+01
 0.22011942799733E+01
 0.22011923729731E+01
 0.22011925604193E+01
 0.22011928683141E+01
 0.22011936024407E+01
 0.22011935089449E+01
 0.22011924979513E+01
 0.22011919455489E+01
 0.22011957151785E+01
 0.22011943579459E+01
 0.22011951896978E+01
 0.22011932534496E+01
 0.22011990090671E+01
 0.22011915389225E+01
 0.22011983356732E+01
 0.22011947613895E+01
 0.22011954812834E+01
 0.22011999341505E+01
 0.22011947193521E+01
 0.22012019819628E+01
 0.22012011806102E+01
 0.22011918830172E+01
 0.22012021686731E+01
 0.22011960859904E+01
 0.22011983822618E+01
 0.22011943941665E+01
 0.22011942350607E+01
 0.22012392754824E+01
 0.22012233285392E+01
 0.22012516300167E+01
 0.22011991418569E+01
 0.22012018078837E+01
 0.22012043743797E+01
 0.22012327926692E+01
 0.22012365204637E+01
 0.22012338593674E+01
 0.22011958883257E+01
 0.22012045344513E+01
 0.22012055858400E+01
 0.22011878868250E+01
 0.22012663783820E+01
 0.22012526890882E+01
 0.22012569847565E+01
 0.22012013818248E+01
 0.22012421385402E+01
 0.22012663965374E+01
 0.22012131892041E+01
 0.22012130532551E+01
 0.22011527577464E+01
 0.22012466351553E+01
 0.22011892778236E+01
 0.22011953599768E+01
 0.22012508492815E+01
 0.22012201230329E+01
 0.22012447894540E+01
 0.22012619441734E+01
 0.22012061787190E+01
 0.22012587682389E+01
 0.22012665203715E+01
 0.22012465696381E+01
 0.22012522135822E+01
 0.22012069659654E+01
 0.22012492576468E+01
 0.22011495759789E+01
 0.22012525554300E+01
 0.22011812703832E+01
 0.22011727018889E+01
 0.22011686586646E+01
 0.22012083123027E+01
 0.22011701631693E+01
 0.22012670271799E+01
 0.22012006295425E+01
 0.22012120644342E+01
 0.22012445038811E+01
 0.22012721521042E+01
 0.22012135798595E+01
 0.22011798083581E+01
 0.22011889558735E+01
 0.22012453650687E+01
 0.22012733823607E+01
 0.22012182121614E+01
 0.22012502098561E+01
 0.22012201252281E+01
 0.22012639216781E+01
 0.22012240560384E+01
 0.22011862675767E+01
 0.22012205485515E+01
 0.22012287968128E+01
 0.22012222729315E+01
 0.22012059394688E+01
 0.22011918965916E+01
 0.22012401733107E+01
 0.22012410739216E+01
 0.22012425557566E+01
 0.22012472463526E+01
 0.22012497734101E+01
 0.22012368584152E+01
 0.22012541695098E+01
 0.22013094038168E+01
 0.22012649686465E+01
 0.22013151219981E+01
 0.22012342903969E+01
 0.22012705101714E+01
 0.22012560057883E+01
 0.22012625544508E+01
 0.22012357815268E+01
 0.22012424940240E+01
 0.22012754052983E+01
 0.22012717441308E+01
 0.22012908666978E+01
 0.22012253488913E+01
 0.22012962816092E+01
 0.22011760366625E+01
 0.22012782866345E+01
 0.22011593512670E+01
 0.22011551731573E+01
 0.22012007481907E+01
 0.22011668801715E+01
 0.22012115643860E+01
 0.22011779263590E+01
 0.22010805154230E+01
 0.22010961433256E+01
 0.22010792184756E+01
 0.22010805247734E+01
 0.22010626681223E+01
 0.22010410425391E+01
 0.22010243504803E+01
 0.22010546115057E+01
 0.22009775916930E+01
 0.22010149981336E+01
 0.22009135230137E+01
 0.22009315584860E+01
 0.22009310056500E+01
 0.22008126141378E+01
 0.22007655107098E+01
 0.22007960452869E+01
 0.22007742573237E+01
 0.22006453174553E+01
 0.22005824856580E+01
 0.22005724908018E+01
 0.22004561085834E+01
 0.22003739610390E+01
 0.22002766999652E+01
 0.22001906440753E+01
 0.22001204792594E+01
 0.22000270989132E+01
 0.21998726233683E+01
 0.21996565793496E+01
 0.21995961837121E+01
 0.21994005714337E+01
 0.21992354705839E+01
 0.21990237064247E+01
 0.21988086389382E+01
 0.21986246262393E+01
 0.21983831434853E+01
 0.21981502579341E+01
 0.21979729812531E+01
 0.21976883535564E+01
 0.21974190290968E+01
 0.21970935440083E+01
 0.21968179088301E+01
 0.21964299378518E+01
 0.21961116217809E+01
 0.21957966694939E+01
 0.21955076720496E+01
 0.21950628445350E+01
 0.21946780870997E+01
 0.21943540317331E+01
 0.21939011977180E+01
 0.21933570608802E+01
 0.21930054693132E+01
 0.21924228496639E+01
 0.21920585081838E+01
 0.21915036241314E+01
 0.21909994887213E+01
 0.21904683899204E+01
 0.21899639653571E+01
 0.21893506386425E+01
 0.21887596320392E+01
