 0.67197792076794E+03
 0.67197792076794E+03
 0.67197792076794E+03
 0.67197792076794E+03
 0.67197792076794E+03
 0.67197823877565E+03
 0.67197734998231E+03
 0.67197756846389E+03
 0.67197660663052E+03
 0.67195495340662E+03
 0.67205188985754E+03
 0.67192827157642E+03
 0.67949582194605E+03
 0.67190633634510E+03
 0.67942965274651E+03
 0.67947477267217E+03
 0.67945972969675E+03
 0.67194404236533E+03
 0.67189493495517E+03
 0.67943914507355E+03
 0.67948071329734E+03
 0.67193495829407E+03
 0.67190470754046E+03
 0.67935253530545E+03
 0.67931152853854E+03
 0.67947139350674E+03
 0.67952501207132E+03
 0.67938784337634E+03
 0.68185991797421E+03
 0.67948189761649E+03
 0.67205971210603E+03
 0.68176632746220E+03
 0.67233236966530E+03
 0.67244478831371E+03
 0.67197316721382E+03
 0.67279374912872E+03
 0.67228800071056E+03
 0.67212833447864E+03
 0.67323661998269E+03
 0.67229129929846E+03
 0.67949516653653E+03
 0.67284824198255E+03
 0.67211666176070E+03
 0.67328769729074E+03
 0.67459414593173E+03
 0.67460876631041E+03
 0.67419373988398E+03
 0.67332924573889E+03
 0.67247839028442E+03
 0.67435256461520E+03
 0.67244656149031E+03
 0.67530514987026E+03
 0.67355270413117E+03
 0.67299015183729E+03
 0.67304180645630E+03
 0.67607830675030E+03
 0.68063612802986E+03
 0.67236986335810E+03
 0.67714766834905E+03
 0.67362217207995E+03
 0.67595279540509E+03
 0.67482402473366E+03
 0.68130699837963E+03
 0.67423079556078E+03
 0.67876710606268E+03
 0.67464048270945E+03
 0.67540987090158E+03
 0.67628250549653E+03
 0.67669199375613E+03
 0.67292718116697E+03
 0.67868011031082E+03
 0.67969080304450E+03
 0.68210517219543E+03
 0.67872165005076E+03
 0.67926012751454E+03
 0.67722592561302E+03
 0.68062880553699E+03
 0.68026995084779E+03
 0.67512409987927E+03
 0.67421805582877E+03
 0.67300037446717E+03
 0.68146896556262E+03
 0.67917486360171E+03
 0.68127209984228E+03
 0.67648836134162E+03
 0.67836355936056E+03
 0.67903198586161E+03
 0.67543464073619E+03
 0.67958444540282E+03
 0.67803652148865E+03
 0.67858684747834E+03
 0.68319846974273E+03
 0.67905351024369E+03
 0.68518261477610E+03
 0.67779217645249E+03
 0.68024524650312E+03
 0.67997510309168E+03
 0.67949130802564E+03
 0.68654472540962E+03
 0.68590631644503E+03
 0.68461906979704E+03
 0.68703876895031E+03
 0.68552822607994E+03
 0.68438520763242E+03
 0.68926495543720E+03
 0.68855385896615E+03
 0.69012327790058E+03
 0.69100897925051E+03
 0.69108920770967E+03
 0.69517298949441E+03
 0.68916125613082E+03
 0.69404708620610E+03
 0.68971286200265E+03
 0.69440861486744E+03
 0.69640331088637E+03
 0.70351543945876E+03
 0.69439885822814E+03
 0.70490833719376E+03
 0.70002472952725E+03
 0.70697607799433E+03
 0.70359693184265E+03
 0.70282543625175E+03
 0.70350073591062E+03
 0.71118501347374E+03
 0.71007373948911E+03
 0.71374330198771E+03
 0.71520282735020E+03
 0.71822798968034E+03
 0.70775698399540E+03
 0.71916849923320E+03
 0.72195363893786E+03
 0.72325721194525E+03
 0.71555061035006E+03
 0.71739892853898E+03
 0.71671838223599E+03
 0.72048586843125E+03
 0.72812892729612E+03
 0.72170677784366E+03
 0.72791632900576E+03
 0.73144070957359E+03
 0.72864642183904E+03
 0.73846565708424E+03
 0.72939434953327E+03
 0.73697068349877E+03
 0.73387970730164E+03
 0.74470106600503E+03
 0.73641410083363E+03
 0.74299435753807E+03
 0.74016937153639E+03
 0.74683447696089E+03
 0.74808782645035E+03
 0.75019244908623E+03
 0.74954349951502E+03
 0.75127257089593E+03
 0.76307748413809E+03
 0.76174504940799E+03
 0.75623333084083E+03
 0.75925318884720E+03
 0.76177062234270E+03
 0.76364629873413E+03
 0.77063994326880E+03
 0.76457957256566E+03
 0.77662817866393E+03
 0.77204216586476E+03
 0.77086846076559E+03
 0.77953030866475E+03
 0.78708741890878E+03
 0.78422747487007E+03
 0.78635270588431E+03
 0.78834074284301E+03
 0.78950469578782E+03
 0.78887822090341E+03
 0.79786981164157E+03
 0.79017446929478E+03
 0.80030160258728E+03
 0.80582174963258E+03
 0.79970882106086E+03
 0.80440860293167E+03
 0.80484222924830E+03
 0.81413325321940E+03
 0.81275297442990E+03
 0.80920613541251E+03
 0.81294208371556E+03
 0.82191626998614E+03
 0.82096762835590E+03
 0.82075466225938E+03
 0.83080079423418E+03
 0.82677025724586E+03
 0.82936529291441E+03
 0.82684930173722E+03
 0.83050985364258E+03
 0.83939457937670E+03
 0.84594830978068E+03
 0.84831369670856E+03
 0.84073727916820E+03
 0.84342890771403E+03
 0.84737683977780E+03
 0.85576925652365E+03
 0.86118922681847E+03
 0.85386170415229E+03
