 0.30964654458033E+03
 0.30964654458037E+03
 0.30964654458102E+03
 0.30964654462233E+03
 0.30964654557380E+03
 0.30964654936996E+03
 0.30964653212187E+03
 0.30964635945306E+03
 0.30964566553023E+03
 0.30964377523013E+03
 0.30963970462719E+03
 0.30963222550598E+03
 0.30961998037062E+03
 0.30960155328528E+03
 0.30957561172016E+03
 0.30954086596500E+03
 0.30949625378859E+03
 0.30944084647480E+03
 0.30937388594540E+03
 0.30929479834409E+03
 0.30918212735870E+03
 0.30907210109287E+03
 0.30894874950447E+03
 0.30881207603169E+03
 0.30866216954321E+03
 0.30849925111378E+03
 0.30832352360662E+03
 0.30813558438642E+03
 0.30793577942233E+03
 0.30772449495810E+03
 0.30750214900616E+03
 0.30726967853811E+03
 0.30702738572878E+03
 0.30677576388514E+03
 0.30651604120606E+03
 0.30624833076812E+03
 0.30597348676346E+03
 0.30569179044580E+03
 0.30540438244227E+03
 0.30511201774707E+03
 0.30481378125017E+03
 0.30451161747889E+03
 0.30420585800482E+03
 0.30389657106455E+03
 0.30358355108723E+03
 0.30326799378355E+03
 0.30295077254051E+03
 0.30263141855605E+03
 0.30230967271545E+03
 0.30198599771340E+03
 0.30166130661108E+03
 0.30133464862324E+03
 0.30100688210205E+03
 0.30067751456665E+03
 0.30034604441673E+03
 0.30001306169952E+03
 0.29967871983046E+03
 0.29934134397047E+03
 0.29900246564101E+03
 0.29866248631859E+03
 0.29831573616837E+03
 0.29796978596075E+03
 0.29762025189274E+03
 0.29726424414147E+03
 0.29690736934893E+03
 0.29654141661731E+03
 0.29617253065443E+03
 0.29580239879264E+03
 0.29542175761595E+03
 0.29503726848308E+03
 0.29464046445279E+03
 0.29423738527533E+03
 0.29383111999502E+03
 0.29340714057744E+03
 0.29297891974549E+03
 0.29253575703285E+03
 0.29208198211683E+03
 0.29161213684747E+03
 0.29113659489850E+03
 0.29063856220541E+03
 0.29012724336235E+03
 0.28959941376407E+03
 0.28905489559534E+03
 0.28848988662346E+03
 0.28789692615331E+03
 0.28728874270430E+03
 0.28665729247806E+03
 0.28599498225971E+03
 0.28530618192925E+03
 0.28458544692203E+03
 0.28384294214385E+03
 0.28306755401733E+03
 0.28224922683689E+03
 0.28138970912368E+03
 0.28050265675026E+03
 0.27957527957390E+03
 0.27858801966674E+03
 0.27756360509474E+03
 0.27648305952016E+03
 0.27535008438169E+03
 0.27415059414546E+03
 0.27289755170618E+03
 0.27157846800671E+03
 0.27018027267682E+03
 0.26869950916543E+03
 0.26714380432798E+03
 0.26550870922614E+03
 0.26375759888533E+03
 0.26191237903604E+03
 0.25996905772546E+03
 0.25791283275793E+03
 0.25571950427738E+03
 0.25339704597251E+03
 0.25092385623653E+03
 0.24828648310618E+03
 0.24550053935752E+03
 0.24254159445812E+03
 0.23939459256955E+03
 0.23604183026332E+03
 0.23248776304412E+03
 0.22872873629300E+03
 0.22475929996623E+03
 0.22053032424102E+03
 0.21606903572195E+03
 0.21140711879848E+03
 0.20654350563184E+03
 0.20148270744143E+03
 0.19619438619382E+03
 0.19076364516091E+03
 0.18524036254070E+03
 0.17964712512190E+03
 0.17401520120201E+03
 0.16849190544243E+03
 0.16309511657288E+03
 0.15791199366515E+03
 0.15309399532170E+03
 0.14864476045667E+03
 0.14468419786513E+03
 0.14125839098386E+03
 0.13840912234243E+03
 0.13613104241284E+03
 0.13439918548158E+03
 0.13319249426904E+03
 0.13246859550640E+03
 0.13217574519221E+03
 0.13226250204690E+03
 0.13268151479054E+03
 0.13338233283421E+03
 0.13432956469255E+03
 0.13548621822155E+03
 0.13680187974042E+03
 0.13827537250725E+03
 0.13988706832933E+03
 0.14158769913345E+03
 0.14339025361826E+03
 0.14525969368968E+03
 0.14719938147385E+03
 0.14919088861512E+03
 0.15123995547467E+03
 0.15332451659949E+03
 0.15544277232048E+03
 0.15760140230934E+03
 0.15978858495443E+03
 0.16200101833229E+03
 0.16422849159133E+03
 0.16648478024970E+03
 0.16876025474333E+03
 0.17105191272898E+03
 0.17336351343500E+03
 0.17568799476912E+03
 0.17801539822923E+03
 0.18037236906482E+03
 0.18273940849070E+03
 0.18510019623134E+03
 0.18749124566253E+03
 0.18989660598759E+03
 0.19228788987529E+03
 0.19471026530728E+03
 0.19713205955555E+03
 0.19958545763510E+03
 0.20200608341745E+03
 0.20446129731373E+03
 0.20691356098382E+03
 0.20940731787697E+03
 0.21187626991690E+03
 0.21437883552632E+03
 0.21685984002256E+03
 0.21937042286804E+03
 0.22188319996545E+03
 0.22441095849092E+03
 0.22693679858297E+03
 0.22949160456695E+03
 0.23205062260285E+03
 0.23461434553423E+03
 0.23718007541726E+03
 0.23974205316580E+03
 0.24232607378158E+03
 0.24493183975409E+03
 0.24754233399666E+03
 0.25013960295332E+03
