 0.51033030801949E+03
 0.51033030801932E+03
 0.51033030801738E+03
 0.51033030806993E+03
 0.51033030954641E+03
 0.51033031525878E+03
 0.51033028379629E+03
 0.51032998622612E+03
 0.51032880070411E+03
 0.51032557666431E+03
 0.51031863191651E+03
 0.51030585479791E+03
 0.51028490316393E+03
 0.51025330867302E+03
 0.51020873716449E+03
 0.51014888615641E+03
 0.51007185866479E+03
 0.50997595623842E+03
 0.50985976885009E+03
 0.50972220159914E+03
 0.50952771741567E+03
 0.50933596236444E+03
 0.50912046846605E+03
 0.50888114312191E+03
 0.50861805640744E+03
 0.50833152286817E+03
 0.50802180585299E+03
 0.50768994445459E+03
 0.50733648544418E+03
 0.50696203739912E+03
 0.50656728113848E+03
 0.50615391631167E+03
 0.50572238745737E+03
 0.50527353145841E+03
 0.50480962479792E+03
 0.50433074172582E+03
 0.50383843561729E+03
 0.50333313289854E+03
 0.50281693261265E+03
 0.50229122612102E+03
 0.50175403986358E+03
 0.50120915131773E+03
 0.50065706021921E+03
 0.50009781269744E+03
 0.49953082655632E+03
 0.49895847945064E+03
 0.49838230950644E+03
 0.49780132467026E+03
 0.49721492820090E+03
 0.49662390363520E+03
 0.49603001744632E+03
 0.49543138076192E+03
 0.49482958821326E+03
 0.49422355849220E+03
 0.49361237982607E+03
 0.49299714886599E+03
 0.49237813516409E+03
 0.49175217992218E+03
 0.49112235113205E+03
 0.49048932291627E+03
 0.48984218450276E+03
 0.48919634204647E+03
 0.48854269784697E+03
 0.48787638098679E+03
 0.48720842951436E+03
 0.48652303870052E+03
 0.48583256530640E+03
 0.48514093806679E+03
 0.48443037501715E+03
 0.48371487980265E+03
 0.48297773121983E+03
 0.48223238326663E+03
 0.48148507539307E+03
 0.48070802467985E+03
 0.47992917141980E+03
 0.47912839109151E+03
 0.47831533063136E+03
 0.47747992522368E+03
 0.47664474440490E+03
 0.47577737118109E+03
 0.47489843523088E+03
 0.47400260781891E+03
 0.47309120910175E+03
 0.47215942716485E+03
 0.47119427113754E+03
 0.47022286395675E+03
 0.46923184430556E+03
 0.46820897406553E+03
 0.46716635498166E+03
 0.46609525048459E+03
 0.46501850262245E+03
 0.46391959243049E+03
 0.46278104934653E+03
 0.46161193999836E+03
 0.46043954121313E+03
 0.45924612953660E+03
 0.45800044426600E+03
 0.45674841910537E+03
 0.45546124404424E+03
 0.45415094797356E+03
 0.45280073831081E+03
 0.45143604034175E+03
 0.45004410024365E+03
 0.44861134265998E+03
 0.44713982594348E+03
 0.44564746310460E+03
 0.44413897662620E+03
 0.44256645758447E+03
 0.44097217719549E+03
 0.43935902219784E+03
 0.43771779623704E+03
 0.43602516599511E+03
 0.43430198950967E+03
 0.43253544947783E+03
 0.43071748626322E+03
 0.42888268228188E+03
 0.42700593011400E+03
 0.42508912035082E+03
 0.42311727382592E+03
 0.42110774773768E+03
 0.41906323870515E+03
 0.41698440214897E+03
 0.41482160661941E+03
 0.41260912893832E+03
 0.41037059784276E+03
 0.40809022191347E+03
 0.40576472524168E+03
 0.40334228663776E+03
 0.40087324083830E+03
 0.39836699702772E+03
 0.39579359823217E+03
 0.39312871632186E+03
 0.39043795166036E+03
 0.38765965239807E+03
 0.38478647247033E+03
 0.38188876296543E+03
 0.37886556704516E+03
 0.37578058510280E+03
 0.37262394463135E+03
 0.36945192460060E+03
 0.36614217634811E+03
 0.36279723813830E+03
 0.35940054238410E+03
 0.35598122534762E+03
 0.35253617947155E+03
 0.34913762401584E+03
 0.34577644660776E+03
 0.34255016351353E+03
 0.33950372828019E+03
 0.33672494730732E+03
 0.33440494172133E+03
 0.33257919651495E+03
 0.33142491994462E+03
 0.33115266142571E+03
 0.33189028906876E+03
 0.33380775259389E+03
 0.33702349657830E+03
 0.34162043069778E+03
 0.34765874078406E+03
 0.35511060117931E+03
 0.36393162219995E+03
 0.37409035449725E+03
 0.38545670204022E+03
 0.39793955212684E+03
 0.41140083010636E+03
 0.42581412891074E+03
 0.44102577203060E+03
 0.45698719277821E+03
 0.47362901110417E+03
 0.49087715363471E+03
 0.50862024392448E+03
 0.52696774635471E+03
 0.54577781886776E+03
 0.56493667695231E+03
 0.58461136578419E+03
 0.60470769942785E+03
 0.62504398510394E+03
 0.64589059261956E+03
 0.66702380987873E+03
 0.68864510943103E+03
 0.71036009394724E+03
 0.73257908490956E+03
 0.75503548098195E+03
 0.77801516824391E+03
 0.80115732323652E+03
 0.82476622811816E+03
 0.84851801933365E+03
 0.87272015326047E+03
 0.89720771028985E+03
 0.92209848630086E+03
 0.94722672240013E+03
 0.97282182318151E+03
 0.99873512008936E+03
 0.10249677993131E+04
 0.10515017300212E+04
 0.10783150497235E+04
 0.11055501293091E+04
 0.11332410489868E+04
 0.11612262328437E+04
 0.11895127938627E+04
 0.12182007563701E+04
 0.12472332144506E+04
 0.12767653208025E+04
 0.13065074037894E+04
 0.13368039081257E+04
 0.13672954646483E+04
 0.13983269594993E+04
 0.14297575273121E+04
 0.14615427250209E+04
 0.14936805736957E+04
 0.15263356941624E+04
 0.15593621898115E+04
 0.15929459829652E+04
 0.16267658438594E+04
 0.16610236908966E+04
 0.16958023359462E+04
 0.17309864814649E+04
 0.17666491053124E+04
 0.18026497123789E+04
 0.18392742264073E+04
 0.18762441194088E+04
 0.19137693490040E+04
 0.19518500314408E+04
 0.19902610631096E+04
 0.20292754011431E+04
 0.20686262805878E+04
 0.21085604660580E+04
 0.21489688949377E+04
 0.21899983967243E+04
 0.22314230028261E+04
 0.22733276300857E+04
 0.23159053559794E+04
 0.23590000684830E+04
 0.24025630489791E+04
 0.24468343775966E+04
 0.24914435275641E+04
 0.25367611924184E+04
 0.25825263145039E+04
 0.26291030801528E+04
 0.26760795479540E+04
 0.27236132524569E+04
 0.27718998975807E+04
 0.28206444095972E+04
 0.28700755559518E+04
 0.29201930098873E+04
 0.29708004224945E+04
 0.30222046445014E+04
 0.30742102651193E+04
 0.31267872063576E+04
 0.31801875668162E+04
 0.32340284730059E+04
 0.32888371107094E+04
 0.33440734259383E+04
 0.34001610136509E+04
 0.34569530011077E+04
 0.35143968005544E+04
 0.35726265278837E+04
 0.36316916256144E+04
 0.36912367360220E+04
 0.37518417606440E+04
 0.38129320581142E+04
 0.38751109969026E+04
 0.39379012388126E+04
 0.40014937361823E+04
 0.40658648457119E+04
 0.41311807937793E+04
 0.41972929233073E+04
 0.42642466978580E+04
 0.43320105042542E+04
 0.44006392100253E+04
 0.44702125328928E+04
 0.45406346544982E+04
 0.46120895308741E+04
 0.46844031361328E+04
 0.47575791165997E+04
 0.48318224345626E+04
 0.49069577101798E+04
 0.49829210583162E+04
 0.50601929191597E+04
 0.51383630781420E+04
 0.52175116903392E+04
 0.52977227031551E+04
 0.53789865000730E+04
 0.54612963661376E+04
 0.55446949351171E+04
 0.56293204301256E+04
 0.57148894561108E+04
 0.58016705393583E+04
 0.58895715956073E+04
 0.59786669097295E+04
 0.60691762922819E+04
 0.61605527289133E+04
 0.62534451817454E+04
 0.63474092989208E+04
 0.64427968061477E+04
 0.65394411070891E+04
 0.66374557642957E+04
 0.67368036740449E+04
 0.68375304436811E+04
 0.69395749680439E+04
