 0.12287856071230E+01
 0.12287856154771E+01
 0.12287856532512E+01
 0.12287857575042E+01
 0.12287859811654E+01
 0.12287863952375E+01
 0.12287871001449E+01
 0.12287882577229E+01
 0.12287901441678E+01
 0.12287932080140E+01
 0.12287981102368E+01
 0.12288057403488E+01
 0.12288172093827E+01
 0.12288337967606E+01
 0.12288569441769E+01
 0.12288881487069E+01
 0.12289289861351E+01
 0.12289810216839E+01
 0.12290457829117E+01
 0.12291247488393E+01
 0.12292192596581E+01
 0.12293307177016E+01
 0.12294602617651E+01
 0.12296089867493E+01
 0.12297778597907E+01
 0.12299677637277E+01
 0.12301794200099E+01
 0.12304136174167E+01
 0.12306708719232E+01
 0.12309515998390E+01
 0.12312561172051E+01
 0.12315849014147E+01
 0.12319379906909E+01
 0.12323154365647E+01
 0.12327175837496E+01
 0.12331441075278E+01
 0.12335950012222E+01
 0.12340698815847E+01
 0.12345687616381E+01
 0.12350913959443E+01
 0.12356365694793E+01
 0.12362045864996E+01
 0.12367948154021E+01
 0.12374064682185E+01
 0.12380385342681E+01
 0.12386907947440E+01
 0.12393627852244E+01
 0.12400533084213E+01
 0.12407612606449E+01
 0.12414859160009E+01
 0.12422268077518E+01
 0.12429824425745E+01
 0.12437523077425E+01
 0.12445351164553E+01
 0.12453296566795E+01
 0.12461352731480E+01
 0.12469510927932E+01
 0.12477752556669E+01
 0.12486077096592E+01
 0.12494477667657E+01
 0.12502912636131E+01
 0.12511418983322E+01
 0.12519960859958E+01
 0.12528514939035E+01
 0.12537106433637E+01
 0.12545678577630E+01
 0.12554261375760E+01
 0.12562859893756E+01
 0.12571410740074E+01
 0.12579950714954E+01
 0.12588419340153E+01
 0.12596852563223E+01
 0.12605264407815E+01
 0.12613558041255E+01
 0.12621818525203E+01
 0.12629973397971E+01
 0.12638048894856E+01
 0.12646005672626E+01
 0.12653915552430E+01
 0.12661661880187E+01
 0.12669311132593E+01
 0.12676840483169E+01
 0.12684250209675E+01
 0.12691518991168E+01
 0.12698595745497E+01
 0.12705575082184E+01
 0.12712405351813E+01
 0.12719037825532E+01
 0.12725513881168E+01
 0.12731797647719E+01
 0.12737974020315E+01
 0.12743978620248E+01
 0.12749740685102E+01
 0.12755292803374E+01
 0.12760742090194E+01
 0.12766017391891E+01
 0.12770991353958E+01
 0.12775848723026E+01
 0.12780472191011E+01
 0.12784910241950E+01
 0.12789094354894E+01
 0.12793129504875E+01
 0.12796963979251E+01
 0.12800540460642E+01
 0.12803868192951E+01
 0.12807026263063E+01
 0.12810036248709E+01
 0.12812693765518E+01
 0.12815182623648E+01
 0.12817521815186E+01
 0.12819672887077E+01
 0.12821537012233E+01
 0.12823208087044E+01
 0.12824635249861E+01
 0.12825783708073E+01
 0.12826820755099E+01
 0.12827632415525E+01
 0.12828236299541E+01
 0.12828569897936E+01
 0.12828716695572E+01
 0.12828700469648E+01
 0.12828534682905E+01
 0.12827985595320E+01
 0.12827228860930E+01
 0.12826385377878E+01
 0.12825389113488E+01
 0.12824235093184E+01
 0.12822681255177E+01
 0.12820978841829E+01
 0.12819184093333E+01
 0.12817158186580E+01
 0.12814791664451E+01
 0.12812403840296E+01
 0.12809704169124E+01
 0.12806648587010E+01
 0.12803584958237E+01
 0.12799992737424E+01
 0.12796175108369E+01
 0.12792051219363E+01
 0.12787651899010E+01
 0.12782953906648E+01
 0.12777657459018E+01
 0.12771879994797E+01
 0.12765578054451E+01
 0.12758522152833E+01
 0.12750852503476E+01
 0.12742146451631E+01
 0.12732529119115E+01
 0.12721684930525E+01
 0.12709417839040E+01
 0.12696252562857E+01
 0.12681258691742E+01
 0.12664458209412E+01
 0.12646431725151E+01
 0.12626651346984E+01
 0.12605703405392E+01
 0.12583360966944E+01
 0.12560209821685E+01
 0.12536137157697E+01
 0.12511847205357E+01
 0.12487541980534E+01
 0.12463179396885E+01
 0.12439297242060E+01
 0.12415993770259E+01
 0.12393571512487E+01
 0.12371792767563E+01
 0.12350999559219E+01
 0.12331093629878E+01
 0.12312083928520E+01
 0.12294012140036E+01
 0.12277028985092E+01
 0.12260658141081E+01
 0.12245179240400E+01
 0.12230746698639E+01
 0.12216841101313E+01
 0.12203618013726E+01
 0.12191386454925E+01
 0.12179492962543E+01
 0.12168352359438E+01
 0.12157508759043E+01
 0.12147664603966E+01
 0.12138004911089E+01
 0.12128975582724E+01
 0.12120055312512E+01
 0.12111820247426E+01
 0.12103745302620E+01
 0.12096310947824E+01
 0.12089021021021E+01
 0.12082106442304E+01
 0.12075380218574E+01
 0.12069055753124E+01
 0.12062807822329E+01
 0.12056827069730E+01
 0.12051096278508E+01
 0.12045626663620E+01
 0.12040429308779E+01
 0.12035324645897E+01
 0.12030273438663E+01
 0.12025454473232E+01
 0.12020851297587E+01
 0.12016344880895E+01
 0.12011994273752E+01
 0.12007635938905E+01
 0.12003562417257E+01
 0.11999423908857E+01
 0.11995572115211E+01
 0.11991670899418E+01
 0.11987853938280E+01
 0.11984162632702E+01
 0.11980595286472E+01
 0.11977003910643E+01
 0.11973517710786E+01
 0.11969979437644E+01
 0.11966660176795E+01
 0.11963388330081E+01
 0.11960097610718E+01
 0.11956883321945E+01
 0.11953688909089E+01
 0.11950623647668E+01
 0.11947470064705E+01
 0.11944441642311E+01
 0.11941383258546E+01
 0.11938297880419E+01
 0.11935351639441E+01
 0.11932349105216E+01
 0.11929481758960E+01
 0.11926578320478E+01
 0.11923717105104E+01
 0.11920802276167E+01
 0.11917987821915E+01
 0.11915218116807E+01
 0.11912371786517E+01
 0.11909554316039E+01
 0.11906795956838E+01
 0.11903953202342E+01
 0.11901257519306E+01
 0.11898484006960E+01
 0.11895792165228E+01
 0.11892972673222E+01
 0.11890271961477E+01
 0.11887597382456E+01
 0.11884843474196E+01
 0.11882178550612E+01
 0.11879479656004E+01
 0.11876751736682E+01
 0.11874105968368E+01
 0.11871380278365E+01
 0.11868681909001E+01
 0.11866032024959E+01
 0.11863302992200E+01
 0.11860694894010E+01
 0.11857944723263E+01
 0.11855328881575E+01
 0.11852639602630E+01
 0.11849954705351E+01
 0.11847302710809E+01
 0.11844625627989E+01
 0.11841901408334E+01
 0.11839306198366E+01
 0.11836570823865E+01
 0.11833965425546E+01
 0.11831219413492E+01
 0.11828555882021E+01
 0.11825891461968E+01
 0.11823240837591E+01
 0.11820537101763E+01
 0.11817851190134E+01
 0.11815167575923E+01
 0.11812503983877E+01
 0.11809843592602E+01
 0.11807155680963E+01
 0.11804487791336E+01
 0.11801769551845E+01
 0.11799076881910E+01
 0.11796415296918E+01
 0.11793703964411E+01
 0.11791022519088E+01
 0.11788403351404E+01
 0.11785655265656E+01
 0.11782952370392E+01
 0.11780269452049E+01
 0.11777574282085E+01
 0.11774881200052E+01
 0.11772200264823E+01
 0.11769517148214E+01
 0.11766791547866E+01
 0.11764131193600E+01
 0.11761447635650E+01
 0.11758777911685E+01
 0.11756102240692E+01
 0.11753349231640E+01
 0.11750725124676E+01
 0.11748000251766E+01
 0.11745346067029E+01
 0.11742636384218E+01
 0.11739949066950E+01
 0.11737247852345E+01
 0.11734547372036E+01
 0.11731848478255E+01
 0.11729180411279E+01
