 0.64710694463868E-04
 0.64709147731278E-04
 0.64706566878458E-04
 0.64702952542888E-04
 0.64698298816402E-04
 0.64692602331337E-04
 0.64685860037704E-04
 0.64678060740075E-04
 0.64669200482377E-04
 0.64659269081391E-04
 0.64648259574378E-04
 0.64636162296145E-04
 0.64622967899299E-04
 0.64608669973573E-04
 0.64593257496808E-04
 0.64576716121548E-04
 0.64559042170659E-04
 0.64540218135668E-04
 0.64520236604464E-04
 0.64499085008304E-04
 0.64476739762350E-04
 0.64453195977240E-04
 0.64428426963453E-04
 0.64402417679474E-04
 0.64375142369020E-04
 0.64346577221166E-04
 0.64316690760538E-04
 0.64285458043703E-04
 0.64252851374435E-04
 0.64218824551298E-04
 0.64183342146808E-04
 0.64146375163796E-04
 0.64107876152009E-04
 0.64067798816082E-04
 0.64026129230091E-04
 0.63982807116547E-04
 0.63937803033916E-04
 0.63891067617662E-04
 0.63842587226159E-04
 0.63792339685716E-04
 0.63740237042676E-04
 0.63686311921820E-04
 0.63630537137882E-04
 0.63572877318576E-04
 0.63513294419717E-04
 0.63451810320057E-04
 0.63388443172799E-04
 0.63323153890720E-04
 0.63255930099952E-04
 0.63186780678460E-04
 0.63115744814019E-04
 0.63042788554899E-04
 0.62967956405765E-04
 0.62891248285908E-04
 0.62812653458381E-04
 0.62732226783039E-04
 0.62649992022490E-04
 0.62565921558135E-04
 0.62480101936448E-04
 0.62392588674077E-04
 0.62303178535666E-04
 0.62212240219506E-04
 0.62119628091019E-04
 0.62025272135893E-04
 0.61929449276552E-04
 0.61831866656132E-04
 0.61732842283981E-04
 0.61632494142349E-04
 0.61530487761352E-04
 0.61427179368599E-04
 0.61322256852873E-04
 0.61216044631135E-04
 0.61108718358856E-04
 0.60999765317042E-04
 0.60889785681433E-04
 0.60778418033983E-04
 0.60665912737492E-04
 0.60552105606452E-04
 0.60437504850369E-04
 0.60321494401840E-04
 0.60204527487563E-04
 0.60086553663846E-04
 0.59967628162870E-04
 0.59847708523884E-04
 0.59726541465677E-04
 0.59604754657929E-04
 0.59482098443422E-04
 0.59358362517169E-04
 0.59233821848972E-04
 0.59108348523398E-04
 0.58982441937204E-04
 0.58855777741563E-04
 0.58728047776483E-04
 0.58599459108242E-04
 0.58470615416619E-04
 0.58341141158831E-04
 0.58210478319936E-04
 0.58079562677112E-04
 0.57947781016965E-04
 0.57815479064449E-04
 0.57682275147784E-04
 0.57548721325764E-04
 0.57414551621834E-04
 0.57279499790951E-04
 0.57143604564554E-04
 0.57007305947130E-04
 0.56870608038532E-04
 0.56732559395883E-04
 0.56593993222439E-04
 0.56454960607618E-04
 0.56315235716227E-04
 0.56174323425470E-04
 0.56032620441552E-04
 0.55889802775692E-04
 0.55745672717977E-04
 0.55600822888239E-04
 0.55454756774458E-04
 0.55307279622924E-04
 0.55158123883904E-04
 0.55007469687875E-04
 0.54855269446004E-04
 0.54701335770000E-04
 0.54544525317877E-04
 0.54385386435276E-04
 0.54224155962135E-04
 0.54060472579262E-04
 0.53893937300316E-04
 0.53723205267247E-04
 0.53549267411237E-04
 0.53372264522357E-04
 0.53191372897981E-04
 0.53006149339149E-04
 0.52818414226253E-04
 0.52627200180701E-04
 0.52433070264689E-04
 0.52238722399100E-04
 0.52043079005423E-04
 0.51848441456350E-04
 0.51655730667398E-04
 0.51465769183690E-04
 0.51278568360366E-04
 0.51093089492708E-04
 0.50909320063187E-04
 0.50726913634043E-04
 0.50544555657381E-04
 0.50362522727259E-04
 0.50179268503591E-04
 0.49995317711719E-04
 0.49809436293621E-04
 0.49621716084552E-04
 0.49433835375037E-04
 0.49243210896161E-04
 0.49050028157332E-04
 0.48856536470467E-04
 0.48660861527302E-04
 0.48464417369559E-04
 0.48266441868522E-04
 0.48067719359898E-04
 0.47867467059538E-04
 0.47666890953374E-04
 0.47465922658688E-04
 0.47263825670566E-04
 0.47061387963028E-04
 0.46858534703046E-04
 0.46656237364753E-04
 0.46453219377142E-04
 0.46250382330365E-04
 0.46047523533119E-04
 0.45844828516972E-04
 0.45642455682631E-04
 0.45441057851146E-04
 0.45239015152363E-04
 0.45037740110578E-04
 0.44837976490092E-04
 0.44637721471387E-04
 0.44437973121995E-04
 0.44240299231369E-04
 0.44042109310170E-04
 0.43845263830143E-04
 0.43648044990248E-04
 0.43454077119738E-04
 0.43259341950215E-04
 0.43066419609778E-04
 0.42872472752226E-04
 0.42681395087033E-04
 0.42489809005259E-04
 0.42300924010832E-04
 0.42111965327833E-04
 0.41924334859210E-04
 0.41737246354086E-04
 0.41551684879364E-04
 0.41366298609321E-04
 0.41182055784704E-04
 0.40999075815112E-04
 0.40817631992645E-04
 0.40637623476919E-04
 0.40458148489162E-04
 0.40279236600062E-04
 0.40101611060848E-04
 0.39925685214372E-04
 0.39750144690797E-04
 0.39576517855908E-04
 0.39402529760727E-04
 0.39231003475039E-04
 0.39059206129453E-04
 0.38890043072531E-04
 0.38720832751368E-04
 0.38552651440141E-04
 0.38385846922949E-04
 0.38220444804886E-04
 0.38055353770466E-04
 0.37891597180124E-04
 0.37728242180322E-04
 0.37566900402571E-04
 0.37406582385867E-04
 0.37246838710949E-04
 0.37088266303383E-04
 0.36930523385790E-04
 0.36774433207598E-04
 0.36618641324511E-04
 0.36464448513110E-04
 0.36310450284909E-04
 0.36157213472618E-04
 0.36005822493764E-04
 0.35854886389293E-04
 0.35705520022854E-04
 0.35556788946692E-04
 0.35409465104891E-04
 0.35262382161172E-04
 0.35116636506956E-04
 0.34972164314769E-04
 0.34827789604149E-04
 0.34684813068643E-04
 0.34542724380962E-04
 0.34400883000519E-04
 0.34261294031878E-04
 0.34121852339898E-04
 0.33983610231047E-04
 0.33845427802650E-04
 0.33708923551339E-04
 0.33573663560977E-04
 0.33438219016185E-04
 0.33304417724460E-04
 0.33171238829308E-04
 0.33038677050225E-04
 0.32907582406426E-04
 0.32776632087605E-04
 0.32646757077115E-04
 0.32517911982623E-04
 0.32389522497247E-04
 0.32262537159269E-04
 0.32135506685578E-04
 0.32010210910281E-04
 0.31885241865776E-04
 0.31761112293159E-04
 0.31637787942697E-04
 0.31515134540979E-04
 0.31393158882243E-04
 0.31272734382242E-04
 0.31151968698067E-04
 0.31032836259618E-04
 0.30913519852237E-04
 0.30795718397325E-04
 0.30678483634947E-04
 0.30562281455153E-04
 0.30446271427748E-04
 0.30331035076969E-04
 0.30216724542803E-04
 0.30103322905566E-04
 0.29990290732620E-04
 0.29877997134730E-04
 0.29766816438808E-04
 0.29655528292248E-04
 0.29545124155191E-04
 0.29435842415199E-04
 0.29327087226038E-04
 0.29218859999654E-04
 0.29111848809339E-04
 0.29004500086755E-04
 0.28898462000169E-04
 0.28792713901140E-04
 0.28688028427600E-04
 0.28583709723948E-04
 0.28480214488114E-04
 0.28377140284888E-04
 0.28274639956056E-04
 0.28173326234686E-04
 0.28072128215510E-04
 0.27971859570988E-04
 0.27871972880831E-04
 0.27772226396326E-04
 0.27673981835081E-04
 0.27575751792161E-04
 0.27478236157814E-04
 0.27381451889484E-04
 0.27284887330994E-04
 0.27189198133961E-04
 0.27094000344932E-04
 0.26999104667679E-04
 0.26905171971794E-04
