 0.16431646807701E+00
 0.16431646807697E+00
 0.16431646807651E+00
 0.16431646810801E+00
 0.16431646927819E+00
 0.16431648034875E+00
 0.16431652778923E+00
 0.16431665760741E+00
 0.16431691794218E+00
 0.16431734131408E+00
 0.16431793132736E+00
 0.16431865791806E+00
 0.16431946793336E+00
 0.16432026599447E+00
 0.16432096555004E+00
 0.16432141104563E+00
 0.16432149317243E+00
 0.16432107138707E+00
 0.16431999381767E+00
 0.16431811838142E+00
 0.16430024806721E+00
 0.16429243425984E+00
 0.16428315760150E+00
 0.16427229708631E+00
 0.16425970409667E+00
 0.16424526497603E+00
 0.16422877660309E+00
 0.16421031088643E+00
 0.16418965048767E+00
 0.16416657271793E+00
 0.16414082910377E+00
 0.16411258673622E+00
 0.16408142766629E+00
 0.16404708221306E+00
 0.16400990594207E+00
 0.16396927414790E+00
 0.16392521188537E+00
 0.16387726012505E+00
 0.16382571687345E+00
 0.16377059075534E+00
 0.16371040817889E+00
 0.16364628573449E+00
 0.16357793149756E+00
 0.16350489534276E+00
 0.16342645824782E+00
 0.16334327124121E+00
 0.16325571677995E+00
 0.16316298711479E+00
 0.16306456066165E+00
 0.16296054449013E+00
 0.16285154804297E+00
 0.16273653765634E+00
 0.16261613305222E+00
 0.16248977100121E+00
 0.16235688977164E+00
 0.16221806845586E+00
 0.16207330118816E+00
 0.16192123664725E+00
 0.16176322003783E+00
 0.16159970520836E+00
 0.16142542931334E+00
 0.16124787130779E+00
 0.16106282560276E+00
 0.16086788719004E+00
 0.16066847091757E+00
 0.16045687714491E+00
 0.16023935979146E+00
 0.16001777425089E+00
 0.15978335294067E+00
 0.15954309820797E+00
 0.15928878724380E+00
 0.15902684435432E+00
 0.15876019328486E+00
 0.15847578136403E+00
 0.15818635944661E+00
 0.15788227096472E+00
 0.15756806281763E+00
 0.15723872394239E+00
 0.15690504629430E+00
 0.15655071675794E+00
 0.15618547405482E+00
 0.15580664163234E+00
 0.15541425252818E+00
 0.15500569748275E+00
 0.15457341785093E+00
 0.15413109615028E+00
 0.15367125502518E+00
 0.15318712595927E+00
 0.15268375419290E+00
 0.15215608615853E+00
 0.15161557760297E+00
 0.15105170653321E+00
 0.15045548933568E+00
 0.14983000441734E+00
 0.14918896052621E+00
 0.14852161782972E+00
 0.14780956099612E+00
 0.14707684569484E+00
 0.14630536780149E+00
 0.14550120040343E+00
 0.14465271562443E+00
 0.14377283822897E+00
 0.14285209790441E+00
 0.14188001138105E+00
 0.14085565748691E+00
 0.13978917408915E+00
 0.13867827285203E+00
 0.13749219541238E+00
 0.13625323771309E+00
 0.13496224979157E+00
 0.13360736342736E+00
 0.13217177734342E+00
 0.13066390753201E+00
 0.12907153933330E+00
 0.12738397244686E+00
 0.12561958388683E+00
 0.12375934719091E+00
 0.12179192152390E+00
 0.11970560936076E+00
 0.11750464219132E+00
 0.11518402878457E+00
 0.11273405465372E+00
 0.11011134510353E+00
 0.10732998760372E+00
 0.10440051231291E+00
 0.10130645317784E+00
 0.98031452684663E-01
 0.94518972719487E-01
 0.90809812505334E-01
 0.86914349231234E-01
 0.82800872982047E-01
 0.78463897097903E-01
 0.73989900801271E-01
 0.69359256215017E-01
 0.64622561829699E-01
 0.59927125518303E-01
 0.55263298413919E-01
 0.50766039641185E-01
 0.46505736324799E-01
 0.42542769990616E-01
 0.38898269594999E-01
 0.35553364199226E-01
 0.32518469360667E-01
 0.29783862856265E-01
 0.27310382242471E-01
 0.25094517266921E-01
 0.23088961281597E-01
 0.21288960662824E-01
 0.19657000016578E-01
 0.18179599260585E-01
 0.16861028327521E-01
 0.15653562838610E-01
 0.14549015306251E-01
 0.13555755896032E-01
 0.12645102059771E-01
 0.11817997605220E-01
 0.11059572664011E-01
 0.10366695527682E-01
 0.97278379114575E-02
 0.91429228763270E-02
 0.86054789616232E-02
 0.81074776434879E-02
 0.76478562202230E-02
 0.72223580072274E-02
 0.68304543882112E-02
 0.64650282013123E-02
 0.61260295900071E-02
 0.58103844699053E-02
 0.55163595182885E-02
 0.52422906151044E-02
 0.49875992862148E-02
 0.47475875249790E-02
 0.45234942549559E-02
 0.43151045397285E-02
 0.41180204898997E-02
 0.39328057359487E-02
 0.37605939565117E-02
 0.35969983885035E-02
 0.34436306698865E-02
 0.32977839996487E-02
 0.31627531492540E-02
 0.30335825666902E-02
 0.29123851892080E-02
 0.27960085589476E-02
 0.26875209389142E-02
 0.25835490660288E-02
 0.24863248521969E-02
 0.23932802031961E-02
 0.23051611966162E-02
 0.22211124335512E-02
 0.21415343751888E-02
 0.20652878586839E-02
 0.19927662186201E-02
 0.19238082310940E-02
 0.18583269293372E-02
 0.17960525400751E-02
 0.17363473637913E-02
 0.16790906522644E-02
 0.16244878087217E-02
 0.15725501032916E-02
 0.15225798481964E-02
 0.14750952049815E-02
 0.14290598179703E-02
 0.13854820303999E-02
 0.13432225581144E-02
 0.13032452526322E-02
 0.12645082213800E-02
 0.12273171836922E-02
 0.11917017545529E-02
 0.11575849528670E-02
 0.11245756551080E-02
 0.10929188601374E-02
 0.10622876643852E-02
 0.10330729221334E-02
 0.10049367389882E-02
 0.97772725178660E-03
 0.95154586588611E-03
 0.92626481112022E-03
 0.90203533105026E-03
 0.87850371897969E-03
 0.85592710105027E-03
 0.83396940893651E-03
 0.81272271041422E-03
 0.79237089808142E-03
 0.77260530894313E-03
 0.75361534981852E-03
 0.73519481415257E-03
 0.71745779382109E-03
 0.70017583073805E-03
 0.68351710134857E-03
 0.66744551017732E-03
 0.65175242823641E-03
 0.63662493343763E-03
 0.62196628144169E-03
 0.60766265582036E-03
 0.59399013852979E-03
 0.58062761209465E-03
 0.56771067135143E-03
 0.55507060478940E-03
 0.54290781435284E-03
 0.53114968764100E-03
 0.51960504364893E-03
 0.50849047808138E-03
 0.49766597933644E-03
 0.48712519908293E-03
 0.47695197110927E-03
 0.46698817818917E-03
 0.45732965371373E-03
 0.44796086865400E-03
 0.43881020016088E-03
 0.42996975764158E-03
 0.42128517405881E-03
 0.41292413140728E-03
 0.40474167547244E-03
 0.39677997395420E-03
 0.38903211839253E-03
 0.38147528767984E-03
 0.37410759940034E-03
 0.36699689136952E-03
 0.35997605006209E-03
 0.35320621124261E-03
 0.34653225007046E-03
 0.34008698596797E-03
 0.33378940098045E-03
 0.32767132909046E-03
 0.32166253360810E-03
 0.31580562127258E-03
 0.31010544975063E-03
 0.30455760762280E-03
 0.29911961067008E-03
 0.29381430256541E-03
 0.28866237418579E-03
 0.28358012323563E-03
 0.27862984545150E-03
 0.27382272049932E-03
 0.26911754782015E-03
 0.26451227021277E-03
 0.26004498195728E-03
 0.25562094396375E-03
 0.25133496557968E-03
 0.24712481928904E-03
 0.24303218498956E-03
 0.23901624308245E-03
 0.23509831346257E-03
 0.23125547136135E-03
 0.22749425032977E-03
 0.22384423443031E-03
 0.22024708725099E-03
 0.21674319711266E-03
 0.21330328901728E-03
 0.20991419859407E-03
 0.20663973986982E-03
 0.20340692224188E-03
 0.20024838343741E-03
 0.19716085186152E-03
 0.19412201288361E-03
 0.19115848503845E-03
 0.18825261500876E-03
 0.18539462406805E-03
 0.18261149452435E-03
