 0.77828127914593E+07
 0.77828127914647E+07
 0.77828127915301E+07
 0.77828127918517E+07
 0.77828127940319E+07
 0.77828128089108E+07
 0.77828129398257E+07
 0.77828135132704E+07
 0.77828154248336E+07
 0.77828204368623E+07
 0.77828314346777E+07
 0.77828523524196E+07
 0.77828883628462E+07
 0.77829457171809E+07
 0.77830307446028E+07
 0.77831519139052E+07
 0.77833160632153E+07
 0.77835309933814E+07
 0.77838042130087E+07
 0.77841429604797E+07
 0.77845564932704E+07
 0.77850463998090E+07
 0.77856213450335E+07
 0.77862861038896E+07
 0.77870461499920E+07
 0.77879050197997E+07
 0.77888683285765E+07
 0.77899324381292E+07
 0.77911025306161E+07
 0.77923830853264E+07
 0.77937789191438E+07
 0.77952812062892E+07
 0.77968993949295E+07
 0.77986375081928E+07
 0.78004800457150E+07
 0.78024418368370E+07
 0.78045169118689E+07
 0.78067149144215E+07
 0.78090205228314E+07
 0.78114284327268E+07
 0.78139799251399E+07
 0.78166338186073E+07
 0.78193934337706E+07
 0.78222664747569E+07
 0.78252705570073E+07
 0.78283773765543E+07
 0.78315673201696E+07
 0.78348590410859E+07
 0.78382610732211E+07
 0.78417605912463E+07
 0.78453276462253E+07
 0.78489852756421E+07
 0.78527004301182E+07
 0.78564798643509E+07
 0.78603254683714E+07
 0.78642030024696E+07
 0.78680949342529E+07
 0.78720264643153E+07
 0.78759322403589E+07
 0.78797652304777E+07
 0.78836890269139E+07
 0.78874222434718E+07
 0.78910751567291E+07
 0.78946943194176E+07
 0.78980663987264E+07
 0.79014092388085E+07
 0.79044770102588E+07
 0.79071677497969E+07
 0.79097214378598E+07
 0.79118641503554E+07
 0.79138117804146E+07
 0.79153007147687E+07
 0.79161835252777E+07
 0.79168189269555E+07
 0.79167305956295E+07
 0.79161677496998E+07
 0.79149065022012E+07
 0.79130296439760E+07
 0.79101546958292E+07
 0.79066594779930E+07
 0.79021807450964E+07
 0.78967050666300E+07
 0.78901626843595E+07
 0.78825103201831E+07
 0.78738409911645E+07
 0.78636989061809E+07
 0.78521643010542E+07
 0.78392911941220E+07
 0.78248281662815E+07
 0.78087650742156E+07
 0.77907388299042E+07
 0.77708038064156E+07
 0.77490277722725E+07
 0.77251905703000E+07
 0.76988570248828E+07
 0.76701426762818E+07
 0.76390537921490E+07
 0.76051066114791E+07
 0.75683981822057E+07
 0.75286064053510E+07
 0.74856434765002E+07
 0.74392457925593E+07
 0.73892482097545E+07
 0.73354524888443E+07
 0.72776127404623E+07
 0.72154404175146E+07
 0.71487703609532E+07
 0.70771600323955E+07
 0.70004746704098E+07
 0.69185070146480E+07
 0.68308047814352E+07
 0.67369201084269E+07
 0.66366054255693E+07
 0.65293651863834E+07
 0.64146461385821E+07
 0.62924285361999E+07
 0.61621632894059E+07
 0.60230717134221E+07
 0.58745202817796E+07
 0.57163652957251E+07
 0.55481245409331E+07
 0.53691517300182E+07
 0.51778340565801E+07
 0.49741708300175E+07
 0.47586783172024E+07
 0.45307198872184E+07
 0.42897966468036E+07
 0.40334535519062E+07
 0.37641317397700E+07
 0.34833137511238E+07
 0.31905956171600E+07
 0.28867144131597E+07
 0.25784103441106E+07
 0.22664562055865E+07
 0.19556394514262E+07
 0.16559331581112E+07
 0.13684334323498E+07
 0.11016891276568E+07
 0.86009814080037E+06
 0.64692129327072E+06
 0.46277123688422E+06
 0.30587436268077E+06
 0.17540476438560E+06
 0.69199134977139E+05
-0.16216345584621E+05
-0.82945957870587E+05
-0.13455045471718E+06
-0.17294264625588E+06
-0.20081839258153E+06
-0.21990263745139E+06
-0.23138584534199E+06
-0.23736862491883E+06
-0.23882765316077E+06
-0.23641212878523E+06
-0.23119322624573E+06
-0.22371229576115E+06
-0.21457581206119E+06
-0.20419802468791E+06
-0.19297110605297E+06
-0.18116549630802E+06
-0.16903452456091E+06
-0.15676958385188E+06
-0.14452443446524E+06
-0.13242019741673E+06
-0.12057089778953E+06
-0.10902382154525E+06
-0.97856944429489E+05
-0.87100010260143E+05
-0.76790988962149E+05
-0.66948678335645E+05
-0.57601235880211E+05
-0.48710436479819E+05
-0.40308228134884E+05
-0.32415270745690E+05
-0.24964439421282E+05
-0.17968807262553E+05
-0.11462411205688E+05
-0.53553440604792E+04
 0.31810001411713E+03
 0.56198026429078E+04
 0.10468549757238E+05
 0.14992488438293E+05
 0.19139189823264E+05
 0.23000665507911E+05
 0.26494333106921E+05
 0.29722567743972E+05
 0.32620801551233E+05
 0.35274233337740E+05
 0.37665030415762E+05
 0.39826297311850E+05
 0.41748244915948E+05
 0.43476576534316E+05
 0.45001440348310E+05
 0.46333128875000E+05
 0.47478682832974E+05
 0.48452597046563E+05
 0.49282465671364E+05
 0.49977987136685E+05
 0.50534885309664E+05
 0.50956477095656E+05
 0.51273174519644E+05
 0.51467112946952E+05
 0.51586511900154E+05
 0.51588500172287E+05
 0.51527151104345E+05
 0.51360802635195E+05
 0.51139687005099E+05
 0.50851435560448E+05
 0.50496301353773E+05
 0.50079905988893E+05
 0.49622653185479E+05
 0.49113974157274E+05
 0.48571224681112E+05
 0.47976183113354E+05
 0.47345911064296E+05
 0.46690719210302E+05
 0.46005187177326E+05
 0.45297101753499E+05
 0.44558317392819E+05
 0.43809393422013E+05
 0.43036025052058E+05
 0.42257855757186E+05
 0.41469892900147E+05
 0.40661353542461E+05
 0.39850507885454E+05
 0.39026183399394E+05
 0.38200589575512E+05
 0.37366069259517E+05
 0.36537856238238E+05
 0.35704844460281E+05
 0.34868796553564E+05
 0.34043011245241E+05
 0.33214928981569E+05
 0.32390856095671E+05
 0.31578128438841E+05
 0.30756892227423E+05
 0.29949246166716E+05
 0.29145357059314E+05
 0.28356737505103E+05
 0.27568650151868E+05
 0.26785109610813E+05
 0.26020537829351E+05
 0.25257932714279E+05
 0.24506906191587E+05
 0.23767752716189E+05
 0.23033640935739E+05
 0.22315950670093E+05
 0.21606798017158E+05
 0.20906461950171E+05
 0.20220518785227E+05
 0.19540874690983E+05
 0.18879452657583E+05
 0.18221292701724E+05
 0.17578577574724E+05
 0.16947133094235E+05
 0.16326915078966E+05
 0.15718624213098E+05
 0.15123110551634E+05
 0.14532348117225E+05
 0.13961778016351E+05
 0.13395971596595E+05
 0.12848551318640E+05
 0.12306122280978E+05
 0.11776621316516E+05
 0.11255489041360E+05
 0.10749569593171E+05
 0.10253887410165E+05
 0.97675434724683E+04
 0.92903712730018E+04
 0.88262261586016E+04
 0.83721589138933E+04
 0.79252495093135E+04
 0.74943088404550E+04
 0.70717114889488E+04
 0.66559248318994E+04
 0.62508582275370E+04
 0.58562418340528E+04
 0.54675310134031E+04
 0.50947231515588E+04
 0.47263226617740E+04
 0.43696338437679E+04
 0.40189909857041E+04
 0.36785844886058E+04
 0.33455322499430E+04
 0.30223813896716E+04
 0.27076144417355E+04
 0.23971824121322E+04
 0.20981530158839E+04
 0.18046989447768E+04
 0.15203821288087E+04
 0.12464290581973E+04
 0.97413890444585E+03
 0.71246006010782E+03
 0.45730442124535E+03
 0.20810285963998E+03
-0.32171862712533E+02
-0.26776008040425E+03
-0.49632453957891E+03
-0.71670991939183E+03
-0.93349678681398E+03
