 0.35172473832405E+01
 0.35172473832405E+01
 0.35172473832405E+01
 0.35172473832405E+01
 0.35172473832405E+01
 0.35172473832405E+01
 0.35172473832405E+01
 0.35172473832405E+01
 0.35172473832405E+01
 0.35172473355199E+01
 0.35172494853538E+01
 0.35172464520117E+01
 0.35172442927179E+01
 0.35172457325827E+01
 0.35172428048518E+01
 0.35172440253569E+01
 0.35172432470528E+01
 0.35172466664678E+01
 0.35172454076261E+01
 0.35172431366911E+01
 0.35172443199566E+01
 0.35172467616169E+01
 0.35172455881814E+01
 0.35172415522425E+01
 0.35172399304482E+01
 0.35172404509570E+01
 0.35172423649422E+01
 0.35172419256570E+01
 0.35172422358620E+01
 0.35172396447421E+01
 0.35172500729329E+01
 0.35172375926015E+01
 0.35172597057440E+01
 0.35172601258378E+01
 0.35172463717127E+01
 0.35172623775009E+01
 0.35172539930473E+01
 0.35172540114953E+01
 0.35172758661159E+01
 0.35172571976402E+01
 0.35172418564419E+01
 0.35172679076116E+01
 0.35172479003376E+01
 0.35172768635526E+01
 0.35172903986022E+01
 0.35172907479093E+01
 0.35172907126004E+01
 0.35172774870338E+01
 0.35172626835867E+01
 0.35172902782731E+01
 0.35172585141024E+01
 0.35172999409319E+01
 0.35172780679413E+01
 0.35172693438296E+01
 0.35172676869783E+01
 0.35173020799354E+01
 0.35172170286013E+01
 0.35172532849043E+01
 0.35173007789752E+01
 0.35172797936442E+01
 0.35173027182761E+01
 0.35172966589705E+01
 0.35172229136332E+01
 0.35172918765921E+01
 0.35172010725204E+01
