 0.10189891284960E+00
 0.10189891284961E+00
 0.10189891284978E+00
 0.10189891285078E+00
 0.10189891285480E+00
 0.10189891286596E+00
 0.10189891261479E+00
 0.10189891145552E+00
 0.10189890729663E+00
 0.10189889613219E+00
 0.10189887143470E+00
 0.10189882426969E+00
 0.10189874225044E+00
 0.10189861152835E+00
 0.10189841759573E+00
 0.10189814120337E+00
 0.10189776652563E+00
 0.10189727643476E+00
 0.10189665367543E+00
 0.10189588116915E+00
 0.10189493472817E+00
 0.10189381576324E+00
 0.10189249862398E+00
 0.10189097145402E+00
 0.10188921617663E+00
 0.10188722032297E+00
 0.10188496277320E+00
 0.10188245742194E+00
 0.10187967711991E+00
 0.10187660031540E+00
 0.10187319777578E+00
 0.10186949762198E+00
 0.10186545026913E+00
 0.10186102827335E+00
 0.10185627992406E+00
 0.10185113106828E+00
 0.10184559296049E+00
 0.10183960818970E+00
 0.10183322875555E+00
 0.10182645736098E+00
 0.10181910753995E+00
 0.10181133093528E+00
 0.10180309956643E+00
 0.10179436445782E+00
 0.10178503264377E+00
 0.10177520304209E+00
 0.10176493739013E+00
 0.10175413917863E+00
 0.10174274460140E+00
 0.10173078356327E+00
 0.10171835780687E+00
 0.10170533814954E+00
 0.10169183097466E+00
 0.10167776987945E+00
 0.10166311026717E+00
 0.10164794537312E+00
 0.10163231323882E+00
 0.10161602912585E+00
 0.10159933117426E+00
 0.10158231896743E+00
 0.10156428525640E+00
 0.10154631422338E+00
 0.10152785199434E+00
 0.10150860315105E+00
 0.10148939367033E+00
 0.10146918437778E+00
 0.10144889636537E+00
 0.10142888299817E+00
 0.10140792262720E+00
 0.10138709284802E+00
 0.10136529021071E+00
 0.10134350048718E+00
 0.10132225138604E+00
 0.10129966836563E+00
 0.10127776838169E+00
 0.10125518294376E+00
 0.10123271283235E+00
 0.10120969226651E+00
 0.10118775412005E+00
 0.10116472801927E+00
 0.10114205452669E+00
 0.10111948889628E+00
 0.10109721866024E+00
 0.10107488236118E+00
 0.10105169224036E+00
 0.10102956511425E+00
 0.10100766979862E+00
 0.10098513243450E+00
 0.10096291016156E+00
 0.10094043779764E+00
 0.10091935586999E+00
 0.10089851540076E+00
 0.10087677945879E+00
 0.10085475185715E+00
 0.10083447502379E+00
 0.10081468526156E+00
 0.10079308670265E+00
 0.10077312189231E+00
 0.10075258932368E+00
 0.10073241129813E+00
 0.10071137148468E+00
 0.10069130097816E+00
 0.10067116971095E+00
 0.10064991783055E+00
 0.10062764255173E+00
 0.10060572124304E+00
 0.10058386194646E+00
 0.10055897964970E+00
 0.10053364622897E+00
 0.10050791260506E+00
 0.10048068091908E+00
 0.10045012571860E+00
 0.10041726620789E+00
 0.10038043709842E+00
 0.10033866576145E+00
 0.10029371503944E+00
 0.10024301907291E+00
 0.10018523358521E+00
 0.10011867971042E+00
 0.10004301472868E+00
 0.99956643842841E-01
 0.99858111860706E-01
 0.99741484822784E-01
 0.99606740800772E-01
 0.99453169014467E-01
 0.99276982119851E-01
 0.99074209645212E-01
 0.98836918882541E-01
 0.98565195547345E-01
 0.98256532224765E-01
 0.97903698033662E-01
 0.97499736250086E-01
 0.97047762043145E-01
 0.96537253580097E-01
 0.95965328256855E-01
 0.95339722431999E-01
 0.94649283331831E-01
 0.93905158726656E-01
 0.93113523447571E-01
 0.92288000618377E-01
 0.91438965425862E-01
 0.90575179029958E-01
 0.89713957047360E-01
 0.88870630650300E-01
 0.88052209470416E-01
 0.87275514283229E-01
 0.86538374723531E-01
 0.85852826255806E-01
 0.85216587722304E-01
 0.84631810298428E-01
 0.84106029325955E-01
 0.83627036492019E-01
 0.83195127301732E-01
 0.82815122897718E-01
 0.82478655571501E-01
 0.82186550985960E-01
 0.81934534936628E-01
 0.81721464870984E-01
 0.81543228354644E-01
 0.81399422582883E-01
 0.81287513607564E-01
 0.81204854573868E-01
 0.81150202777390E-01
 0.81121924806606E-01
 0.81118511367856E-01
 0.81138332038019E-01
 0.81180144041939E-01
 0.81242776053670E-01
 0.81325140182882E-01
 0.81426180125812E-01
 0.81544408873856E-01
 0.81680187194201E-01
 0.81831828963513E-01
 0.81997682588281E-01
 0.82179003835018E-01
 0.82374488843509E-01
 0.82581717939315E-01
 0.82802893100830E-01
 0.83035658127908E-01
 0.83281615090587E-01
 0.83535292719737E-01
 0.83802188193434E-01
 0.84078125605605E-01
 0.84367374722677E-01
 0.84662839381323E-01
 0.84970266660889E-01
 0.85283742457359E-01
 0.85607600318507E-01
 0.85939300515650E-01
 0.86280844238490E-01
 0.86628547625654E-01
 0.86986333965829E-01
 0.87351065357887E-01
 0.87722828179928E-01
 0.88101419500568E-01
 0.88485267380688E-01
 0.88877699400549E-01
 0.89278085840397E-01
 0.89684409513084E-01
 0.90095284661811E-01
