 0.35172473832405E+01
 0.35172473832405E+01
 0.35172473832405E+01
 0.35172473832405E+01
 0.35172473832405E+01
 0.35172473832405E+01
 0.35172473832405E+01
 0.35172473832405E+01
 0.35172473832405E+01
 0.35172473355199E+01
 0.35172494853538E+01
 0.35172464520117E+01
 0.35172442927179E+01
 0.35172457325827E+01
 0.35172428048518E+01
 0.35172440253569E+01
 0.35172432470528E+01
 0.35172466664678E+01
 0.35172454076261E+01
 0.35172431366911E+01
 0.35172443199566E+01
 0.35172464710992E+01
 0.35172457069793E+01
 0.35172407318903E+01
 0.35172393752262E+01
 0.35172432845318E+01
 0.35172447656780E+01
 0.35172416609498E+01
 0.35172388201837E+01
 0.35172436700012E+01
 0.35172496606472E+01
 0.35172368291429E+01
 0.35172560720970E+01
 0.35172548612748E+01
 0.35172462280912E+01
 0.35172662023523E+01
 0.35172560715354E+01
 0.35172495990137E+01
 0.35172729598247E+01
 0.35172565054216E+01
 0.35172372016606E+01
 0.35172697111840E+01
 0.35172509264991E+01
 0.35172767628005E+01
 0.35172924204691E+01
 0.35172932853013E+01
 0.35172906454756E+01
 0.35172752314032E+01
 0.35172576007816E+01
 0.35172900517831E+01
 0.35172554412338E+01
 0.35172995322149E+01
 0.35172797441065E+01
 0.35172706232626E+01
 0.35172704050750E+01
 0.35173018635797E+01
 0.35172156922955E+01
 0.35172548147715E+01
 0.35172990875798E+01
 0.35172871301151E+01
 0.35173010284261E+01
 0.35172975432667E+01
 0.35172233174272E+01
 0.35172895717196E+01
 0.35171989156440E+01
 0.35172936690877E+01
 0.35172976615028E+01
 0.35171585972925E+01
 0.35173014382442E+01
 0.35171902200109E+01
 0.35172850490216E+01
 0.35172704210387E+01
 0.35172477411338E+01
 0.35172779709857E+01
 0.35172054431770E+01
 0.35172974092819E+01
 0.35172591374830E+01
 0.35172065049491E+01
 0.35171935340283E+01
 0.35171915835476E+01
 0.35172185982621E+01
 0.35172361077190E+01
 0.35172747046393E+01
 0.35172106660226E+01
 0.35172234169616E+01
 0.35172862616296E+01
 0.35172074233942E+01
 0.35171537819347E+01
 0.35171885817668E+01
 0.35172108187153E+01
 0.35172751192951E+01
 0.35172625119197E+01
 0.35171965571327E+01
 0.35172801981194E+01
 0.35171910514118E+01
 0.35172203207354E+01
 0.35172091290195E+01
 0.35171923037425E+01
 0.35172907026215E+01
 0.35172910624431E+01
 0.35172040126753E+01
 0.35172122156414E+01
 0.35172272713754E+01
 0.35172261385416E+01
 0.35172751097317E+01
 0.35172870733665E+01
 0.35172361728965E+01
 0.35171898088592E+01
 0.35171799721064E+01
 0.35172610753564E+01
 0.35173534680181E+01
 0.35172949011744E+01
 0.35173852004062E+01
 0.35173413334499E+01
 0.35173506295126E+01
 0.35173563650086E+01
 0.35173824689165E+01
 0.35173862330141E+01
 0.35174143682288E+01
 0.35174935961138E+01
 0.35175265621114E+01
 0.35175668543388E+01
 0.35175922039887E+01
 0.35177437651188E+01
 0.35177847973764E+01
 0.35177905903262E+01
 0.35178981238293E+01
 0.35179310158248E+01
 0.35181273469626E+01
 0.35182140172610E+01
 0.35182363036549E+01
 0.35183352807476E+01
 0.35184448292350E+01
 0.35185219219936E+01
 0.35185772380596E+01
 0.35187338593327E+01
 0.35189426447097E+01
 0.35189565853341E+01
 0.35191604336715E+01
 0.35191677259177E+01
 0.35192246742624E+01
 0.35193758744287E+01
 0.35195920245046E+01
 0.35196685679542E+01
 0.35196934291385E+01
 0.35197917284705E+01
 0.35198755896784E+01
 0.35200461726991E+01
 0.35200327906916E+01
 0.35200889807841E+01
 0.35201709557638E+01
 0.35202061104646E+01
 0.35202593875438E+01
 0.35203730116791E+01
 0.35203105624690E+01
 0.35204123148934E+01
 0.35204063256922E+01
 0.35203878572176E+01
 0.35203144561303E+01
 0.35202798626888E+01
 0.35202657974198E+01
 0.35201616080276E+01
 0.35202393319773E+01
 0.35201365700843E+01
 0.35198922357830E+01
 0.35198013604511E+01
 0.35197193090722E+01
 0.35196346816330E+01
 0.35194518920258E+01
 0.35193095539153E+01
 0.35190375864410E+01
 0.35187914536212E+01
 0.35185270271605E+01
 0.35184060169407E+01
 0.35180139537885E+01
 0.35176252272018E+01
 0.35173846724721E+01
 0.35170122860500E+01
 0.35166811225510E+01
 0.35163504595327E+01
 0.35158806837359E+01
 0.35153627144635E+01
 0.35150829750005E+01
 0.35145338141299E+01
 0.35139466082608E+01
 0.35134174021826E+01
 0.35129564436490E+01
 0.35122420206803E+01
 0.35117610490973E+01
 0.35110201744285E+01
 0.35104397193792E+01
 0.35096918554520E+01
 0.35089668439615E+01
 0.35082264522081E+01
 0.35074501492045E+01
 0.35067545323122E+01
 0.35057641080281E+01
 0.35050510727995E+01
 0.35040109788641E+01
 0.35032179083522E+01
