 0.61503569054433E+01
 0.61503569442521E+01
 0.61503571242289E+01
 0.61503576334659E+01
 0.61503587495692E+01
 0.61503608442607E+01
 0.61503643810685E+01
 0.61503698960624E+01
 0.61503779716234E+01
 0.61503891932745E+01
 0.61504041437632E+01
 0.61504233830866E+01
 0.61504477073622E+01
 0.61504776390083E+01
 0.61505143219434E+01
 0.61505580922269E+01
 0.61506105725387E+01
 0.61506729812575E+01
 0.61507467199804E+01
 0.61508335463269E+01
 0.61509339075792E+01
 0.61510520822199E+01
 0.61511884996976E+01
 0.61513448526447E+01
 0.61515225344575E+01
 0.61517230428980E+01
 0.61519461384233E+01
 0.61521949590673E+01
 0.61524684934340E+01
 0.61527645693611E+01
 0.61530804014328E+01
 0.61534180626011E+01
 0.61537710326994E+01
 0.61541339899323E+01
 0.61545097593379E+01
 0.61548869855011E+01
 0.61552624739372E+01
 0.61556258652009E+01
 0.61559768516088E+01
 0.61563104688414E+01
 0.61566011439727E+01
 0.61568586563983E+01
 0.61570730697111E+01
 0.61572313158224E+01
 0.61573176991314E+01
 0.61573347770963E+01
 0.61572807714206E+01
 0.61571385728529E+01
 0.61568939212462E+01
 0.61565421030547E+01
 0.61560854634726E+01
 0.61555035208933E+01
 0.61547980785806E+01
 0.61539573447370E+01
 0.61529666383104E+01
 0.61518292373840E+01
 0.61505412104832E+01
 0.61490768035127E+01
 0.61474529202357E+01
 0.61456707442726E+01
 0.61436558019350E+01
 0.61415057182366E+01
 0.61391613732865E+01
 0.61365861728427E+01
 0.61338536118985E+01
 0.61308588073996E+01
 0.61276834099088E+01
 0.61243551984024E+01
 0.61207497368935E+01
 0.61169678408632E+01
 0.61128961975558E+01
 0.61086243987934E+01
 0.61041983722337E+01
 0.60994326765088E+01
 0.60945159504093E+01
 0.60893128600813E+01
 0.60838971560823E+01
 0.60781965089682E+01
 0.60723683060711E+01
 0.60661981723886E+01
 0.60598206841285E+01
 0.60532079427551E+01
 0.60463779452905E+01
 0.60392917234118E+01
 0.60318666068957E+01
 0.60242904793134E+01
 0.60164784709972E+01
 0.60083399793478E+01
 0.59999708258163E+01
 0.59913140459146E+01
 0.59825277232428E+01
 0.59734994507591E+01
 0.59641107624120E+01
 0.59544249450783E+01
 0.59446446591400E+01
 0.59346439321304E+01
 0.59241932104651E+01
 0.59136390404746E+01
 0.59027565398252E+01
 0.58916497241909E+01
 0.58801840979221E+01
 0.58685591626239E+01
 0.58566689517883E+01
 0.58444079047955E+01
 0.58317896655271E+01
 0.58189624905165E+01
 0.58059097993319E+01
 0.57923027077258E+01
 0.57784319919844E+01
 0.57643020767614E+01
 0.57498228593211E+01
 0.57348036806972E+01
 0.57193823838902E+01
 0.57033907057215E+01
 0.56867573500468E+01
 0.56696926354677E+01
 0.56519607665732E+01
 0.56334553360463E+01
 0.56140419972967E+01
 0.55937458084360E+01
 0.55724591491258E+01
 0.55500934324220E+01
 0.55261093466010E+01
 0.55006156870115E+01
 0.54736448290713E+01
 0.54449292050102E+01
 0.54142099470073E+01
 0.53808407768635E+01
 0.53450444828760E+01
 0.53067394298305E+01
 0.52654491427674E+01
 0.52207449375353E+01
 0.51731455377287E+01
 0.51218973578361E+01
 0.50669641222309E+01
 0.50091653628280E+01
 0.49476595640453E+01
 0.48833976859460E+01
 0.48168034116606E+01
 0.47487989728167E+01
 0.46799352485340E+01
 0.46105691878422E+01
 0.45416759586631E+01
 0.44740701429103E+01
 0.44079295483773E+01
 0.43442477560396E+01
 0.42825947725947E+01
 0.42237264746901E+01
 0.41673200018704E+01
 0.41134576763392E+01
 0.40627914878692E+01
 0.40142378273390E+01
 0.39678232116859E+01
 0.39241425487589E+01
 0.38824294841421E+01
 0.38429275073218E+01
 0.38052888996739E+01
 0.37695621007371E+01
 0.37353567836577E+01
 0.37028355920910E+01
 0.36718518641655E+01
 0.36421306373675E+01
 0.36136934351476E+01
 0.35864870915653E+01
 0.35605006250852E+01
 0.35354589014797E+01
 0.35114303348965E+01
 0.34883242023539E+01
 0.34660702814869E+01
 0.34446499242089E+01
 0.34240993290659E+01
 0.34041201564184E+01
 0.33848680462809E+01
 0.33663914206535E+01
 0.33484017451367E+01
 0.33309686818350E+01
 0.33142267817560E+01
 0.32978879964370E+01
 0.32820908241894E+01
 0.32666568377094E+01
 0.32518981075272E+01
 0.32374056521536E+01
 0.32233917185213E+01
 0.32095908236527E+01
 0.31963345347068E+01
 0.31833065981712E+01
 0.31707462053148E+01
 0.31584332362363E+01
 0.31464527326963E+01
 0.31347071476186E+01
 0.31233084403792E+01
 0.31121031064425E+01
 0.31011790800766E+01
 0.30905166184364E+01
 0.30801041737489E+01
 0.30699686668925E+01
 0.30600050267573E+01
 0.30502224453560E+01
 0.30406615282145E+01
 0.30313418363952E+01
