 0.10000000133514E-09
 0.10000000133514E-09
 0.10000000133514E-09
 0.10000000133514E-09
 0.10000000133514E-09
 0.10000000133514E-09
 0.10000000133514E-09
 0.10000000133514E-09
 0.10000000133514E-09
 0.10000000133514E-09
 0.10000000133514E-09
 0.10000000133514E-09
 0.10000000133514E-09
 0.10000000133514E-09
 0.10000000133514E-09
 0.10000000133514E-09
 0.10000000133514E-09
 0.10000000133514E-09
 0.10000000133514E-09
 0.10000000133514E-09
 0.10000000133514E-09
 0.10000000133514E-09
 0.10000000133514E-09
 0.10000000133514E-09
 0.67540280822912E-08
 0.67540280822912E-08
 0.35811971225232E-07
 0.70549852795844E-07
 0.12567669796026E-06
 0.21580988692251E-06
 0.35849008098260E-06
 0.57781352965388E-06
 0.90619858982472E-06
 0.13861106633588E-05
 0.20721724493591E-05
 0.30335368717459E-05
 0.43559637105676E-05
 0.61446820377398E-05
 0.85265566419056E-05
 0.11652853993671E-04
 0.15702902452362E-04
 0.20885175288280E-04
 0.27440474193972E-04
 0.35645815684291E-04
 0.45817037782960E-04
 0.58309318090479E-04
 0.73519932631681E-04
 0.91895450620612E-04
 0.11393048215544E-03
 0.14016704189530E-03
 0.17120408484182E-03
 0.20769337409738E-03
 0.25034480313891E-03
 0.29993368960176E-03
 0.35730009058646E-03
 0.42334195419244E-03
 0.49901885521813E-03
 0.58538050843823E-03
 0.68352920241042E-03
 0.79462487301891E-03
 0.92006590868585E-03
 0.10610052301661E-02
 0.12219144173629E-02
 0.13988226900743E-02
 0.15957804960463E-02
 0.18147805094097E-02
 0.20574277603956E-02
 0.23252484520945E-02
 0.26211918427804E-02
 0.29466167300603E-02
 0.33043124016209E-02
 0.36963225750187E-02
 0.41248931653535E-02
 0.45934125883025E-02
 0.51040692693130E-02
 0.56598434313200E-02
 0.62644166338481E-02
 0.69211951480495E-02
 0.76306382355830E-02
 0.84006896829661E-02
 0.92336669966945E-02
 0.10133273256228E-01
 0.11102280835485E-01
 0.12147270789359E-01
 0.13274982902205E-01
 0.14485683440302E-01
 0.15787766434905E-01
 0.17186398749095E-01
 0.18688891567886E-01
 0.20300487171091E-01
 0.22023070754856E-01
 0.23870383487790E-01
 0.25849552441129E-01
 0.27967193349677E-01
 0.30227710288122E-01
 0.32640253863808E-01
 0.35229232254239E-01
 0.37982375457608E-01
 0.40922354246151E-01
 0.44060302820196E-01
 0.47411713489070E-01
 0.50973752448412E-01
 0.54768338199503E-01
 0.58813928667937E-01
 0.63125177875338E-01
 0.67711135454571E-01
 0.72576107306287E-01
 0.77773690676858E-01
 0.83284466620856E-01
 0.89122499187922E-01
 0.95320757440990E-01
 0.10190322461672E+00
 0.10887557542117E+00
 0.11625919462297E+00
 0.12407766533490E+00
 0.13232516686864E+00
 0.14100055147124E+00
 0.15014020931032E+00
 0.15974527628428E+00
 0.16979159984754E+00
 0.18027323381388E+00
 0.19116909316206E+00
 0.20248775668838E+00
 0.21417881806143E+00
 0.22615810044520E+00
 0.23838270286695E+00
 0.25081264450047E+00
 0.26341646305655E+00
 0.27611784772812E+00
 0.28877518089919E+00
 0.30138132913307E+00
 0.31389250453910E+00
 0.32618678771050E+00
 0.33825764365121E+00
 0.35004500469827E+00
 0.36146047231359E+00
 0.37252600209591E+00
 0.38317557156576E+00
 0.39338935328145E+00
 0.40314768922575E+00
 0.41246203407163E+00
 0.42135354951401E+00
 0.42983240770079E+00
 0.43792063512556E+00
 0.44565617359093E+00
 0.45305719782382E+00
 0.46017001134926E+00
 0.46700942807850E+00
 0.47360968544061E+00
 0.47999350172509E+00
 0.48617068283638E+00
 0.49217404946917E+00
 0.49801440749006E+00
 0.50369915158981E+00
 0.50924607064849E+00
 0.51466098178143E+00
 0.51995507178570E+00
 0.52513412213600E+00
 0.53020736522854E+00
 0.53517593475982E+00
 0.54004795711216E+00
 0.54482669683672E+00
 0.54951729434952E+00
 0.55412195791958E+00
 0.55864358128629E+00
 0.56308661790001E+00
 0.56745304879932E+00
 0.57174605072047E+00
 0.57596667236247E+00
 0.58011676565710E+00
 0.58420033684338E+00
 0.58821781938065E+00
 0.59217187326270E+00
 0.59606301520416E+00
 0.59989446093846E+00
 0.60366672089390E+00
 0.60738113360602E+00
 0.61103989847594E+00
 0.61464387063867E+00
 0.61819476442893E+00
 0.62169304480676E+00
 0.62514083270734E+00
 0.62853871212676E+00
 0.63188869265744E+00
 0.63519056993614E+00
 0.63844636636843E+00
 0.64165668097771E+00
 0.64482263859267E+00
 0.64794534553228E+00
 0.65102551740603E+00
 0.65406406132034E+00
 0.65706229758144E+00
 0.66002066379102E+00
 0.66294002082012E+00
 0.66582126113116E+00
 0.66866489742467E+00
 0.67147217964292E+00
 0.67424356161355E+00
 0.67697989002166E+00
 0.67968151172560E+00
