 0.13708380095672E+03
 0.13708380095668E+03
 0.13708380095628E+03
 0.13708380104278E+03
 0.13708380419564E+03
 0.13708383395743E+03
 0.13708396560561E+03
 0.13708433276320E+03
 0.13708509673953E+03
 0.13708640656966E+03
 0.13708837510281E+03
 0.13709107221538E+03
 0.13709452878144E+03
 0.13709874545748E+03
 0.13710369749174E+03
 0.13710934226688E+03
 0.13711562574239E+03
 0.13712248251912E+03
 0.13712984303446E+03
 0.13713763313573E+03
 0.13710579150656E+03
 0.13710386046288E+03
 0.13710161988039E+03
 0.13709906005203E+03
 0.13709617788323E+03
 0.13709297375593E+03
 0.13708945557318E+03
 0.13708563100779E+03
 0.13708151894791E+03
 0.13707714223400E+03
 0.13707252900398E+03
 0.13706770386796E+03
 0.13706270608136E+03
 0.13705757360797E+03
 0.13705233566021E+03
 0.13704704162584E+03
 0.13704172914153E+03
 0.13703644453453E+03
 0.13703122270184E+03
 0.13702609988437E+03
 0.13702113997102E+03
 0.13701635849533E+03
 0.13701179475094E+03
 0.13700749131505E+03
 0.13700349017621E+03
 0.13699981202381E+03
 0.13699647897238E+03
 0.13699353460947E+03
 0.13699101643831E+03
 0.13698895293014E+03
 0.13698736406986E+03
 0.13698630012702E+03
 0.13698578957490E+03
 0.13698587462935E+03
 0.13698661521260E+03
 0.13698804757772E+03
 0.13699022950737E+03
 0.13699324902635E+03
 0.13699714490384E+03
 0.13700201524734E+03
 0.13700801741508E+03
 0.13701514492627E+03
 0.13702361888670E+03
 0.13703354362746E+03
 0.13704500439472E+03
 0.13705829568539E+03
 0.13707349022889E+03
 0.13709075105907E+03
 0.13711046629801E+03
 0.13713273541192E+03
 0.13715798460771E+03
 0.13718637743890E+03
 0.13721813453115E+03
 0.13725391331832E+03
 0.13729376932549E+03
 0.13733831535827E+03
 0.13738788653840E+03
 0.13744309571804E+03
 0.13750401797836E+03
 0.13757179701002E+03
 0.13764668755410E+03
 0.13772936793079E+03
 0.13782039986824E+03
 0.13792068767218E+03
 0.13803137038258E+03
 0.13815256311131E+03
 0.13828553402583E+03
 0.13843155863875E+03
 0.13859149841248E+03
 0.13876666168691E+03
 0.13895739743379E+03
 0.13916587275351E+03
 0.13939405294418E+03
 0.13964325280804E+03
 0.13991394637694E+03
 0.14020854589397E+03
 0.14053156040268E+03
 0.14088162554519E+03
 0.14126344702989E+03
 0.14167907443661E+03
 0.14213279370327E+03
 0.14262511499150E+03
 0.14316107831409E+03
 0.14374612500580E+03
 0.14438472472612E+03
 0.14507970357697E+03
 0.14583537129027E+03
 0.14666544233060E+03
 0.14756971613719E+03
 0.14855483349696E+03
 0.14963190670508E+03
 0.15081431290955E+03
 0.15210910933958E+03
 0.15353196794251E+03
 0.15509932825343E+03
 0.15681846195442E+03
 0.15870988855425E+03
 0.16079899276616E+03
 0.16311104506490E+03
 0.16566551961415E+03
 0.16849204133205E+03
 0.17162108250643E+03
 0.17511546137924E+03
 0.17900570012490E+03
 0.18332072655359E+03
 0.18811900582225E+03
 0.19346877735684E+03
 0.19949843039556E+03
 0.20618798693311E+03
 0.21371161667027E+03
 0.22212268182233E+03
 0.23159585260975E+03
 0.24215366979923E+03
 0.25402104723573E+03
 0.26733567295761E+03
 0.28207840365618E+03
 0.29855375638317E+03
 0.31671328718782E+03
 0.33659385487059E+03
 0.35808666081279E+03
 0.38113831053895E+03
 0.40572543200477E+03
 0.43160877104600E+03
 0.45853849283303E+03
 0.48644056287324E+03
 0.51491411056883E+03
 0.54406826264652E+03
 0.57353463718904E+03
 0.60337614303438E+03
 0.63348918718451E+03
 0.66347464670284E+03
 0.69378444418381E+03
 0.72435329784172E+03
 0.75478929008909E+03
 0.78544369497285E+03
 0.81611267443887E+03
 0.84693998758264E+03
 0.87783342569025E+03
 0.90899781493438E+03
 0.94026367799136E+03
 0.97168055515086E+03
 0.10034010334065E+04
 0.10353689350500E+04
 0.10675767605100E+04
 0.10999844467038E+04
 0.11327877330725E+04
 0.11658923837801E+04
 0.11993417130476E+04
 0.12331679276129E+04
 0.12673524449698E+04
 0.13018252224199E+04
 0.13368727087860E+04
 0.13722986913644E+04
 0.14080140736033E+04
 0.14443318067561E+04
 0.14811448143488E+04
 0.15182609993170E+04
 0.15560245566345E+04
 0.15942335650786E+04
 0.16331180315198E+04
 0.16722162475940E+04
 0.17120928562260E+04
 0.17524253795280E+04
 0.17936064901185E+04
 0.18351064502532E+04
 0.18774146663217E+04
 0.19201312047212E+04
 0.19636087740560E+04
 0.20076948662710E+04
 0.20525527757948E+04
 0.20979799875660E+04
 0.21442492232664E+04
 0.21911967728727E+04
 0.22388518083289E+04
 0.22872327187687E+04
 0.23362790852309E+04
 0.23862080589719E+04
 0.24370031441401E+04
 0.24885811730694E+04
 0.25408912536093E+04
