 0.25955908804632E+10
 0.25957108867719E+10
 0.25959108782898E+10
 0.25961908750767E+10
 0.25965508759658E+10
 0.25969908781553E+10
 0.25975108684409E+10
 0.25981108744504E+10
 0.25987908512540E+10
 0.25995508450152E+10
 0.26003908508421E+10
 0.26013108403756E+10
 0.26023108372669E+10
 0.26033908186843E+10
 0.26045508195843E+10
 0.26057908254073E+10
 0.26071108273340E+10
 0.26085108452473E+10
 0.26099908767615E+10
 0.26115509229907E+10
 0.26131909773650E+10
 0.26149110606489E+10
 0.26167111779743E+10
 0.26185913469064E+10
 0.26205515516361E+10
 0.26225918135735E+10
 0.26247121271065E+10
 0.26269125328261E+10
 0.26291930249406E+10
 0.26315536264385E+10
 0.26339942158788E+10
 0.26365149721998E+10
 0.26391158606989E+10
 0.26417967388510E+10
 0.26445578955260E+10
 0.26473989681112E+10
 0.26503200476181E+10
 0.26533212866302E+10
 0.26564024741201E+10
 0.26595637722149E+10
 0.26628049250828E+10
 0.26661259869446E+10
 0.26695268569537E+10
 0.26730075359426E+10
 0.26765679480560E+10
 0.26802079473384E+10
 0.26839273898234E+10
 0.26877261419213E+10
 0.26916041120767E+10
 0.26955611664570E+10
 0.26995968206888E+10
 0.27037112458989E+10
 0.27079038705438E+10
 0.27121746172960E+10
 0.27165230301485E+10
 0.27209486902676E+10
 0.27254512346524E+10
 0.27300303785596E+10
 0.27346853615309E+10
 0.27394153631275E+10
 0.27442207896214E+10
 0.27490995383974E+10
 0.27540517168098E+10
 0.27590763616826E+10
 0.27641729552023E+10
 0.27693399035300E+10
 0.27745762276046E+10
 0.27798811308723E+10
 0.27852538087464E+10
 0.27906921278944E+10
 0.27961943230050E+10
 0.28017594370058E+10
 0.28073864286643E+10
 0.28130739792572E+10
 0.28188189387974E+10
 0.28246204555347E+10
 0.28304754108760E+10
 0.28363836919381E+10
 0.28423429570256E+10
 0.28483468733865E+10
 0.28543978076748E+10
 0.28604914838796E+10
 0.28666239928655E+10
 0.28727943200297E+10
 0.28789974670247E+10
 0.28852312238093E+10
 0.28914948934835E+10
 0.28977820912455E+10
 0.29040897214536E+10
 0.29104104754172E+10
 0.29167482721683E+10
 0.29230928936302E+10
 0.29294420205305E+10
 0.29357900818414E+10
 0.29421380257709E+10
 0.29484790113162E+10
 0.29547925728045E+10
 0.29610953361828E+10
 0.29673709631215E+10
 0.29736110295731E+10
 0.29798188393639E+10
 0.29859826131935E+10
 0.29921001734339E+10
 0.29981564565480E+10
 0.30041507976889E+10
 0.30100776231111E+10
 0.30159237421931E+10
 0.30216888776954E+10
 0.30273574247042E+10
 0.30329442750769E+10
 0.30384212411260E+10
 0.30437950469121E+10
 0.30490461207673E+10
 0.30541801864204E+10
 0.30591731881900E+10
 0.30640641971852E+10
 0.30688239391624E+10
 0.30734579483623E+10
 0.30779732059948E+10
 0.30823759013909E+10
 0.30866809166242E+10
 0.30909174130837E+10
 0.30950786148798E+10
 0.30991956864306E+10
 0.31033249864123E+10
 0.31074917902424E+10
 0.31117308314185E+10
 0.31160654775699E+10
 0.31205437431456E+10
 0.31252435453021E+10
 0.31301707115900E+10
 0.31353770557881E+10
 0.31408989794096E+10
 0.31467706442470E+10
 0.31530022974854E+10
 0.31596249205844E+10
 0.31666044175655E+10
 0.31739684921995E+10
 0.31816923497138E+10
 0.31897348159702E+10
 0.31980649435516E+10
 0.32066613258633E+10
 0.32154817647313E+10
 0.32244768168256E+10
 0.32336373474691E+10
 0.32429526206037E+10
 0.32524060733981E+10
 0.32619776250578E+10
 0.32716632784670E+10
 0.32814826797643E+10
 0.32914118778964E+10
 0.33014661696832E+10
 0.33116571470252E+10
 0.33219423456175E+10
 0.33323754429066E+10
 0.33428974142542E+10
 0.33535618999967E+10
 0.33643432130735E+10
 0.33752486409557E+10
 0.33862712871278E+10
 0.33974074333257E+10
 0.34086678464159E+10
 0.34200376305121E+10
 0.34315265419814E+10
 0.34431196178640E+10
 0.34548411471334E+10
 0.34666550370019E+10
 0.34785914676038E+10
 0.34906209648817E+10
 0.35027619793437E+10
 0.35150112183706E+10
 0.35273488119439E+10
 0.35398123281371E+10
 0.35523586084787E+10
 0.35649912938369E+10
 0.35777509812331E+10
 0.35905879238024E+10
 0.36035247075512E+10
 0.36165735988944E+10
 0.36297113829785E+10
 0.36429342466008E+10
 0.36562561078332E+10
 0.36696646163536E+10
 0.36831750876651E+10
 0.36967740415872E+10
 0.37104766596096E+10
 0.37242522680687E+10
 0.37381176540762E+10
 0.37520829504402E+10
 0.37661488688852E+10
 0.37802798085284E+10
 0.37945156782595E+10
 0.38088389607978E+10
 0.38232436553960E+10
 0.38377406452107E+10
 0.38523279416316E+10
 0.38669961801936E+10
 0.38817523695211E+10
 0.38965883646023E+10
 0.39115340388676E+10
