 0.21140089951492E+08
 0.21140089951487E+08
 0.21140089951416E+08
 0.21140089951002E+08
 0.21140089949331E+08
 0.21140089944668E+08
 0.21140090048753E+08
 0.21140090529864E+08
 0.21140092253790E+08
 0.21140096868176E+08
 0.21140107191162E+08
 0.21140126663458E+08
 0.21140160645044E+08
 0.21140214944606E+08
 0.21140295299959E+08
 0.21140410022555E+08
 0.21140565507723E+08
 0.21140768968583E+08
 0.21141027356324E+08
 0.21141347827940E+08
 0.21141740618298E+08
 0.21142204980535E+08
 0.21142751686062E+08
 0.21143385309733E+08
 0.21144113862696E+08
 0.21144942268433E+08
 0.21145879333493E+08
 0.21146919268774E+08
 0.21148073440534E+08
 0.21149350994402E+08
 0.21150763722204E+08
 0.21152300118182E+08
 0.21153981095441E+08
 0.21155817652213E+08
 0.21157790400740E+08
 0.21159929652434E+08
 0.21162230975855E+08
 0.21164718213492E+08
 0.21167370052972E+08
 0.21170185496706E+08
 0.21173241881439E+08
 0.21176476687169E+08
 0.21179901264430E+08
 0.21183536247972E+08
 0.21187420795235E+08
 0.21191513614477E+08
 0.21195789191106E+08
 0.21200288056945E+08
 0.21205036942927E+08
 0.21210023635887E+08
 0.21215206012442E+08
 0.21220637850187E+08
 0.21226275587935E+08
 0.21232146762890E+08
 0.21238270383071E+08
 0.21244607865684E+08
 0.21251143932992E+08
 0.21257955539723E+08
 0.21264943000430E+08
 0.21272067074218E+08
 0.21279621016765E+08
 0.21287154017639E+08
 0.21294897077703E+08
 0.21302973287982E+08
 0.21311038430883E+08
 0.21319527618192E+08
 0.21328055577343E+08
 0.21336473741564E+08
 0.21345294254087E+08
 0.21354065966288E+08
 0.21363253713484E+08
 0.21372441209234E+08
 0.21381407107531E+08
 0.21390941019583E+08
 0.21400193304806E+08
 0.21409741678625E+08
 0.21419246413441E+08
 0.21428991463077E+08
 0.21438284114787E+08
 0.21448043956920E+08
 0.21457661759579E+08
 0.21467239681911E+08
 0.21476699279516E+08
 0.21486192112000E+08
 0.21496056809296E+08
 0.21505471754667E+08
 0.21514797631405E+08
 0.21524400094584E+08
 0.21533877486533E+08
 0.21543466456916E+08
 0.21552467042478E+08
 0.21561373156286E+08
 0.21570665352198E+08
 0.21580087614460E+08
 0.21588769151611E+08
 0.21597247910330E+08
 0.21606501475672E+08
 0.21615066249277E+08
 0.21623874758745E+08
 0.21632537961705E+08
 0.21641576947535E+08
 0.21650205504989E+08
 0.21658865991023E+08
 0.21668010500564E+08
 0.21677607725385E+08
 0.21687053520173E+08
 0.21696484904375E+08
 0.21707224146021E+08
 0.21718158785923E+08
 0.21729283750769E+08
 0.21741061181766E+08
 0.21754293757698E+08
 0.21768532766083E+08
 0.21784508319857E+08
 0.21802649759374E+08
 0.21822201430080E+08
 0.21844277753925E+08
 0.21869483969712E+08
 0.21898571123343E+08
 0.21931704998780E+08
 0.21969627393192E+08
 0.22013000101378E+08
 0.22064514893923E+08
 0.22124245680323E+08
 0.22192628176852E+08
 0.22271465608789E+08
 0.22362726079716E+08
 0.22470233059666E+08
 0.22594294815559E+08
 0.22736473188967E+08
 0.22900652195942E+08
 0.23090811111723E+08
 0.23306390381942E+08
 0.23553539030495E+08
 0.23835119392338E+08
 0.24148949510910E+08
 0.24502556767885E+08
 0.24892417211310E+08
 0.25317480937470E+08
 0.25772444544781E+08
 0.26253269343380E+08
 0.26756399178413E+08
 0.27272564596445E+08
 0.27792624410609E+08
 0.28311668502464E+08
 0.28817831685379E+08
 0.29310869492831E+08
 0.29780840807370E+08
 0.30227194007940E+08
 0.30646351978063E+08
 0.31030720204491E+08
 0.31387207550729E+08
 0.31713945316942E+08
 0.32005661123070E+08
 0.32267314480995E+08
 0.32497092984223E+08
 0.32697310307689E+08
 0.32868032362153E+08
 0.33011883916894E+08
 0.33128625214939E+08
 0.33219904965841E+08
 0.33287573807678E+08
 0.33332420456569E+08
 0.33355668229292E+08
 0.33358473410237E+08
 0.33342174385146E+08
 0.33307832644798E+08
 0.33256503020559E+08
 0.33189172890003E+08
 0.33106856275013E+08
 0.33010933392109E+08
 0.32901264028203E+08
 0.32779441691907E+08
 0.32646973738160E+08
 0.32503063293616E+08
 0.32348982279068E+08
 0.32186825106578E+08
 0.32015111139862E+08
 0.31835883475614E+08
 0.31648116211042E+08
 0.31456189046856E+08
 0.31256142313438E+08
 0.31051313932454E+08
 0.30838765008413E+08
 0.30623900090497E+08
 0.30402703013560E+08
 0.30179592345974E+08
 0.29951698417235E+08
 0.29720929587748E+08
 0.29486094679799E+08
 0.29249876032894E+08
 0.29009754342932E+08
 0.28767996094872E+08
 0.28524676604065E+08
 0.28280056791103E+08
 0.28035225987093E+08
 0.27788201020404E+08
 0.27539516768039E+08
 0.27290539125891E+08
 0.27042201945807E+08
