 0.12287856071230E+01
 0.12287856154771E+01
 0.12287856532512E+01
 0.12287857575042E+01
 0.12287859811654E+01
 0.12287863952375E+01
 0.12287871001449E+01
 0.12287882577229E+01
 0.12287901441678E+01
 0.12287932080140E+01
 0.12287981102370E+01
 0.12288057403486E+01
 0.12288172093817E+01
 0.12288337967625E+01
 0.12288569441913E+01
 0.12288881487067E+01
 0.12289289861484E+01
 0.12289810216886E+01
 0.12290457829334E+01
 0.12291247488721E+01
 0.12292192596616E+01
 0.12293307177143E+01
 0.12294602617964E+01
 0.12296089867201E+01
 0.12297778598091E+01
 0.12299677637193E+01
 0.12301794199632E+01
 0.12304136174058E+01
 0.12306708719373E+01
 0.12309515998690E+01
 0.12312561174626E+01
 0.12315849017460E+01
 0.12319379910472E+01
 0.12323154376337E+01
 0.12327175851276E+01
 0.12331441100707E+01
 0.12335950047827E+01
 0.12340698867187E+01
 0.12345687716331E+01
 0.12350914098440E+01
 0.12356365997216E+01
 0.12362046295629E+01
 0.12367948814677E+01
 0.12374065586593E+01
 0.12380386703735E+01
 0.12386909914986E+01
 0.12393630692491E+01
 0.12400537125373E+01
 0.12407618282396E+01
 0.12414866957800E+01
 0.12422278725809E+01
 0.12429838751537E+01
 0.12437541886488E+01
 0.12445376249805E+01
 0.12453329144931E+01
 0.12461395059220E+01
 0.12469565446844E+01
 0.12477821835209E+01
 0.12486164531585E+01
 0.12494587414761E+01
 0.12503049595480E+01
 0.12511587963402E+01
 0.12520169097586E+01
 0.12528769088489E+01
 0.12537414768705E+01
 0.12546051292298E+01
 0.12554709577506E+01
 0.12563396339562E+01
 0.12572048282306E+01
 0.12580705650933E+01
 0.12589310242746E+01
 0.12597898399578E+01
 0.12606486790050E+01
 0.12614983355776E+01
 0.12623472697077E+01
 0.12631886237179E+01
 0.12640255351897E+01
 0.12648542421595E+01
 0.12656819572899E+01
 0.12664980687372E+01
 0.12673089422746E+01
 0.12681130259082E+01
 0.12689109853362E+01
 0.12697008956161E+01
 0.12704786313308E+01
 0.12712534558272E+01
 0.12720213464630E+01
 0.12727777503307E+01
 0.12735277608274E+01
 0.12742685804173E+01
 0.12750086439025E+01
 0.12757427481677E+01
 0.12764651163760E+01
 0.12771794241508E+01
 0.12778969601208E+01
 0.12786117388148E+01
 0.12793127676502E+01
 0.12800186684170E+01
 0.12807188068269E+01
 0.12814198047712E+01
 0.12821159399592E+01
 0.12828184550961E+01
 0.12835235692698E+01
 0.12842271867487E+01
 0.12849318436109E+01
 0.12856473872230E+01
 0.12863741074902E+01
 0.12870983071995E+01
 0.12878361784899E+01
 0.12885907367184E+01
 0.12893603331317E+01
 0.12901377488465E+01
 0.12909328845748E+01
 0.12917399263788E+01
 0.12925584978373E+01
 0.12934032777137E+01
 0.12942626967109E+01
 0.12951364311164E+01
 0.12960198123842E+01
 0.12969152787797E+01
 0.12978193257045E+01
 0.12987283450033E+01
 0.12996145415155E+01
 0.13004827803262E+01
 0.13013299171595E+01
 0.13021380885162E+01
 0.13028896095144E+01
 0.13035439087248E+01
 0.13041056499413E+01
 0.13045529926215E+01
 0.13048525976199E+01
 0.13049681442502E+01
 0.13049076117971E+01
 0.13046132263580E+01
 0.13040594701538E+01
 0.13032667157845E+01
 0.13021620339532E+01
 0.13007705002770E+01
 0.12990887342941E+01
 0.12971470763046E+01
 0.12949594585575E+01
 0.12925316253301E+01
 0.12899179490138E+01
 0.12871728992855E+01
 0.12843130640846E+01
 0.12814242890109E+01
 0.12784867145591E+01
 0.12755783791827E+01
 0.12726909226268E+01
 0.12698500880895E+01
 0.12671358883370E+01
 0.12644666017526E+01
 0.12618593913606E+01
 0.12593895959269E+01
 0.12569959295202E+01
 0.12547165176178E+01
 0.12525278309226E+01
 0.12504463248367E+01
 0.12484389913348E+01
 0.12465329525362E+01
 0.12447205185225E+01
 0.12429768549284E+01
 0.12413111503118E+01
 0.12397232683312E+01
 0.12382178590344E+01
 0.12367660553701E+01
 0.12353806984501E+01
 0.12340549444987E+01
 0.12327832298572E+01
 0.12315670162945E+01
 0.12304150539215E+01
 0.12292895063921E+01
 0.12282149906993E+01
 0.12272009785087E+01
 0.12262095189658E+01
 0.12252528721971E+01
 0.12243527191419E+01
 0.12234693170038E+01
 0.12226251304855E+01
 0.12217949698969E+01
 0.12210282800284E+01
 0.12202643687448E+01
 0.12195374453202E+01
 0.12188073069753E+01
 0.12181279284282E+01
 0.12174502278107E+01
 0.12168141681450E+01
 0.12161852067207E+01
 0.12155786610814E+01
 0.12149792540971E+01
 0.12144068581877E+01
 0.12138365423108E+01
 0.12132842629275E+01
 0.12127476785652E+01
 0.12122258816794E+01
 0.12117247517690E+01
 0.12112261459363E+01
 0.12107324355496E+01
 0.12102518944660E+01
 0.12097893977937E+01
