 0.10000000133514E-09
 0.10000000133514E-09
 0.10000000133514E-09
 0.10000000133514E-09
 0.10000000133514E-09
 0.10000000133514E-09
 0.10000000133514E-09
 0.10000000133514E-09
 0.10000000133514E-09
 0.10000000133514E-09
 0.10000000133514E-09
 0.10231021227232E-06
 0.13238737653898E-05
 0.31922939158907E-05
 0.68119211256939E-05
 0.13187753327114E-04
 0.23599703398879E-04
 0.39595291263469E-04
 0.62971537445072E-04
 0.95753939667137E-04
 0.14034439947504E-03
 0.19895512260147E-03
 0.27421989738884E-03
 0.36888509965643E-03
 0.48582567654497E-03
 0.62805208074563E-03
 0.79873857909690E-03
 0.10012244948244E-02
 0.12390867206409E-02
 0.15160749167907E-02
 0.18512777534738E-02
 0.22212287236901E-02
 0.26439217052124E-02
 0.31241937543906E-02
 0.36670475783865E-02
 0.42777173232562E-02
 0.49628211236683E-02
 0.57270367868717E-02
 0.65763130848055E-02
 0.75169737580035E-02
 0.85554291762301E-02
 0.96981925254779E-02
 0.10946205794294E-01
 0.12306558342401E-01
 0.13785285085388E-01
 0.15385967159560E-01
 0.17114552273959E-01
 0.18972873836709E-01
 0.20961492467559E-01
 0.23092890483758E-01
 0.25359557124441E-01
 0.27784495623443E-01
 0.30345753682184E-01
 0.33068073124651E-01
 0.35954572394201E-01
 0.38991491470722E-01
 0.42206297826792E-01
 0.45588200559773E-01
 0.49164274102271E-01
 0.52934395273094E-01
 0.56901430884854E-01
 0.61090994221181E-01
 0.65519148175502E-01
 0.70209561454876E-01
 0.75194321334750E-01
 0.80539320447210E-01
 0.86290266981578E-01
 0.92539318730841E-01
 0.99581595881744E-01
 0.10789794382064E+00
