 0.77828127914593E+07
 0.77828127914647E+07
 0.77828127915301E+07
 0.77828127918517E+07
 0.77828127940319E+07
 0.77828128089105E+07
 0.77828129398323E+07
 0.77828135132438E+07
 0.77828154247662E+07
 0.77828204370347E+07
 0.77828314339841E+07
 0.77828523272577E+07
 0.77828881359224E+07
 0.77829448046569E+07
 0.77830276587516E+07
 0.77831429194388E+07
 0.77832929057520E+07
 0.77834771071455E+07
 0.77836890307199E+07
 0.77839138360811E+07
 0.77841273734776E+07
 0.77842847103433E+07
 0.77843298650195E+07
 0.77841819561709E+07
 0.77837356606146E+07
 0.77828545088385E+07
 0.77813705816691E+07
 0.77790078676170E+07
 0.77756164523522E+07
 0.77708521810306E+07
 0.77643587995074E+07
 0.77557133867777E+07
 0.77444468510715E+07
 0.77300177204975E+07
 0.77118158327179E+07
 0.76891686139296E+07
 0.76613306534123E+07
 0.76274649914281E+07
 0.75867708781364E+07
 0.75383265627754E+07
 0.74811233884587E+07
 0.74141981712472E+07
 0.73364895178959E+07
 0.72469944563002E+07
 0.71445394417176E+07
 0.70280484686146E+07
 0.68964444128665E+07
 0.67483758746602E+07
 0.65826916519988E+07
 0.63981795156228E+07
 0.61937677915721E+07
 0.59673412990289E+07
 0.57181113368109E+07
 0.54440270853438E+07
 0.51429784992472E+07
 0.48129280143932E+07
 0.44508420988927E+07
 0.40539653237120E+07
 0.36172265304302E+07
 0.31369480618936E+07
 0.26026041424111E+07
 0.20062444134324E+07
 0.13258554564790E+07
 0.50546213679684E+06
