 0.20941382915855E+01
 0.20941382915855E+01
 0.20941382915855E+01
 0.20941382915855E+01
 0.20941382915855E+01
 0.20941382992905E+01
 0.20941382692321E+01
 0.20941382760857E+01
 0.20941382460806E+01
 0.20941374377408E+01
 0.20941410070969E+01
 0.20941363943827E+01
 0.20941366056762E+01
 0.20941355605136E+01
 0.20941393009926E+01
 0.20941374629281E+01
 0.20941380850365E+01
 0.20941370950334E+01
 0.20941352996515E+01
 0.20941391373862E+01
 0.20941372202511E+01
 0.20941368319017E+01
 0.20941358172275E+01
 0.20941426272435E+01
 0.20941442066139E+01
 0.20941379483979E+01
 0.20941352833204E+01
 0.20941408104313E+01
 0.20941453236493E+01
 0.20941372103633E+01
 0.20941410244136E+01
 0.20941499758218E+01
 0.20941515517004E+01
 0.20941490554281E+01
 0.20941399838465E+01
 0.20941641358878E+01
 0.20941454124909E+01
 0.20941432834684E+01
 0.20941769848510E+01
 0.20941438526428E+01
 0.20941474138963E+01
 0.20941625835272E+01
 0.20941349487851E+01
 0.20941759834928E+01
 0.20941902960760E+01
 0.20941882883836E+01
 0.20941875127486E+01
 0.20941687246699E+01
 0.20941406911396E+01
 0.20941785929541E+01
 0.20941333969742E+01
 0.20941784263838E+01
 0.20941530220989E+01
 0.20941323217766E+01
 0.20941222406303E+01
 0.20941501672556E+01
 0.20941502209096E+01
 0.20940656490261E+01
 0.20941004136685E+01
 0.20940802633888E+01
 0.20940698929084E+01
 0.20940499558886E+01
 0.20940287437088E+01
 0.20939832866224E+01
 0.20940778692414E+01
 0.20939173958439E+01
 0.20938804334301E+01
 0.20939969486949E+01
 0.20937950822132E+01
 0.20937296253570E+01
 0.20936478027618E+01
 0.20935568254231E+01
 0.20935377791062E+01
 0.20934291835120E+01
 0.20934796493145E+01
 0.20932683918653E+01
 0.20931129310756E+01
 0.20931152891652E+01
 0.20930409754940E+01
 0.20928703795694E+01
 0.20926532115028E+01
 0.20924964044266E+01
 0.20922431865727E+01
 0.20920047038343E+01
 0.20918194331304E+01
 0.20915764082214E+01
 0.20913558899446E+01
 0.20911235967236E+01
 0.20907444391971E+01
 0.20903809281317E+01
 0.20900015216208E+01
 0.20897751852608E+01
 0.20892240616483E+01
 0.20888112647287E+01
 0.20883944791278E+01
 0.20877868734496E+01
 0.20873225168207E+01
 0.20865992875190E+01
 0.20861544749568E+01
 0.20855267282386E+01
 0.20846785790344E+01
 0.20839182991999E+01
 0.20831438471680E+01
 0.20822680388223E+01
 0.20815673404539E+01
 0.20805154702255E+01
 0.20796891847875E+01
 0.20784838914640E+01
 0.20774043721882E+01
 0.20764347126229E+01
 0.20751355196911E+01
 0.20740871191418E+01
 0.20726214774338E+01
 0.20713387235596E+01
 0.20698806333227E+01
 0.20684310651760E+01
 0.20669690214282E+01
 0.20653463188993E+01
 0.20639710528655E+01
 0.20620846709433E+01
 0.20604130178537E+01
 0.20587781052525E+01
 0.20568124828018E+01
 0.20549597516443E+01
 0.20531050220299E+01
 0.20509456840619E+01
 0.20490555423896E+01
 0.20467757840651E+01
 0.20446144430100E+01
 0.20424341098852E+01
 0.20401513148229E+01
 0.20377540739274E+01
 0.20355260065214E+01
 0.20330525748099E+01
 0.20306596496454E+01
 0.20280939920424E+01
 0.20254167794308E+01
 0.20227653490744E+01
 0.20202666836057E+01
 0.20173732447399E+01
 0.20146821915336E+01
 0.20118724786560E+01
 0.20091703077189E+01
 0.20059988277943E+01
 0.20033131318178E+01
 0.20002833303771E+01
 0.19973947924730E+01
 0.19942458245851E+01
 0.19911961708115E+01
 0.19880348187529E+01
 0.19851465574990E+01
 0.19817517026429E+01
 0.19786884268188E+01
 0.19753894971809E+01
 0.19718595855258E+01
 0.19685844417979E+01
 0.19653582639076E+01
 0.19619949142225E+01
 0.19583050136238E+01
 0.19549816343663E+01
 0.19511912105079E+01
 0.19477933255409E+01
 0.19439222171175E+01
 0.19401719278401E+01
 0.19363631298012E+01
 0.19326584931066E+01
 0.19288129476521E+01
 0.19248631306650E+01
 0.19209611626401E+01
 0.19171178078246E+01
 0.19129879000622E+01
 0.19087410062932E+01
 0.19047643337742E+01
 0.19006089420248E+01
 0.18967136763782E+01
 0.18921337510704E+01
 0.18881839851367E+01
 0.18838258889103E+01
 0.18795584053093E+01
 0.18751122679207E+01
 0.18707439467414E+01
 0.18663366863235E+01
 0.18622421266047E+01
 0.18576402829329E+01
 0.18533230217236E+01
 0.18485830498763E+01
 0.18442730088927E+01
 0.18396057748087E+01
 0.18351705505519E+01
 0.18304179113991E+01
 0.18258782946921E+01
 0.18211753317143E+01
 0.18164525462504E+01
 0.18116930691543E+01
 0.18073311814989E+01
 0.18025632631758E+01
 0.17977404545243E+01
 0.17929708149343E+01
 0.17882194732619E+01
 0.17835259807443E+01
 0.17785515531505E+01
 0.17738646036528E+01
 0.17689270981604E+01
 0.17642893555801E+01
 0.17593596556013E+01
 0.17546298610420E+01
 0.17499207301843E+01
 0.17447405395673E+01
 0.17399659678591E+01
 0.17351168622040E+01
 0.17301617951660E+01
 0.17255372342331E+01
 0.17203552766905E+01
 0.17155943697879E+01
 0.17106715432593E+01
 0.17059696723621E+01
 0.17007602129393E+01
 0.16958576704309E+01
 0.16910136030723E+01
 0.16862950452473E+01
 0.16811592708297E+01
 0.16764752244011E+01
 0.16713766807012E+01
 0.16663664176932E+01
 0.16615250844090E+01
 0.16565743974567E+01
 0.16517633439345E+01
 0.16467517650982E+01
 0.16418015196240E+01
 0.16369372879922E+01
 0.16323170109457E+01
 0.16271630832722E+01
 0.16222743483284E+01
 0.16175866818902E+01
 0.16126848964348E+01
 0.16078701136164E+01
 0.16027565070692E+01
 0.15979824837262E+01
 0.15930623544092E+01
 0.15882372825946E+01
 0.15835340519130E+01
 0.15786849479158E+01
 0.15738398728125E+01
 0.15689954007541E+01
 0.15641685428266E+01
 0.15596276593697E+01
 0.15546369638873E+01
 0.15498801950696E+01
 0.15453165976038E+01
 0.15405672920590E+01
 0.15356165604152E+01
 0.15308615981140E+01
 0.15262003885598E+01
 0.15214632492945E+01
 0.15168471494051E+01
 0.15121164954990E+01
 0.15074867531276E+01
 0.15027509511969E+01
 0.14982846651395E+01
 0.14936122280177E+01
 0.14892491498840E+01
 0.14842575835170E+01
 0.14800259387205E+01
 0.14754195887112E+01
 0.14708987817479E+01
 0.14662071156782E+01
 0.14618180180895E+01
 0.14573406497574E+01
 0.14526972351949E+01
 0.14483962921130E+01
 0.14439490964002E+01
 0.14393246934031E+01
 0.14349971433664E+01
 0.14303179073834E+01
 0.14260526846070E+01
 0.14218272009662E+01
 0.14174670571167E+01
 0.14129037462907E+01
 0.14087839073391E+01
 0.14042609427412E+01
 0.14000170980786E+01
 0.13955979208212E+01
 0.13912496049340E+01
 0.13871382359071E+01
 0.13829229974677E+01
 0.13787422006975E+01
 0.13744058915969E+01
 0.13702460629712E+01
 0.13661343341860E+01
 0.13619029554854E+01
 0.13577714482412E+01
 0.13538951068299E+01
 0.13496591155446E+01
 0.13455841029929E+01
 0.13415136563366E+01
 0.13373986127738E+01
 0.13333265902300E+01
 0.13292853343103E+01
 0.13252796046507E+01
 0.13212357533508E+01
