 0.67197792076794E+03
 0.67197792076794E+03
 0.67197792076794E+03
 0.67197792076794E+03
 0.67197792076794E+03
 0.67197823877565E+03
 0.67197734998231E+03
 0.67197756846389E+03
 0.67197660663052E+03
 0.67195495340662E+03
 0.67205188985754E+03
 0.67192827157642E+03
 0.67949582194605E+03
 0.67190633634510E+03
 0.67942965274651E+03
 0.67947477267217E+03
 0.67945972969675E+03
 0.67194404236533E+03
 0.67189493495517E+03
 0.67943914507355E+03
 0.67948071329734E+03
 0.67193495829407E+03
 0.67190470754046E+03
 0.67935253530545E+03
 0.67931080776140E+03
 0.67946942908067E+03
 0.67952494645371E+03
 0.67938655386447E+03
 0.68185759825455E+03
 0.67948459589641E+03
 0.67206389005093E+03
 0.68178007312100E+03
 0.67236714441611E+03
 0.67232308680078E+03
 0.67205323249379E+03
 0.67280193658240E+03
 0.67220921024961E+03
 0.67217482078954E+03
 0.67333437379422E+03
 0.67214548742728E+03
 0.68178430958017E+03
 0.67282791644415E+03
 0.67197966123702E+03
 0.67336019344460E+03
 0.67436172132277E+03
 0.67442978089011E+03
 0.67440563876371E+03
 0.67338153879215E+03
 0.67247657014280E+03
 0.67437161345498E+03
 0.67248346926952E+03
 0.67550388935383E+03
 0.67357909078004E+03
 0.67296598647945E+03
 0.67292625822135E+03
 0.67586947807594E+03
 0.68078133771276E+03
 0.67225857471027E+03
 0.67719191980387E+03
 0.67374383542090E+03
 0.67611386132003E+03
 0.67494065455534E+03
 0.68115532463612E+03
 0.67416570733810E+03
 0.67860788418062E+03
 0.67473793205323E+03
 0.67546293334840E+03
 0.67627678539633E+03
 0.67683966509844E+03
 0.67283726507561E+03
 0.67870123832283E+03
 0.67946370072824E+03
 0.68191945145168E+03
 0.67872258357667E+03
 0.67934755993580E+03
 0.67686420183594E+03
 0.68289663881031E+03
 0.68025669435222E+03
 0.67511821117316E+03
 0.67461702450193E+03
 0.67313800172250E+03
 0.68162492158980E+03
 0.67925441582528E+03
 0.68121830749570E+03
 0.67613376654007E+03
 0.67864268810629E+03
 0.67926404914083E+03
 0.67607760913047E+03
 0.67975717603328E+03
 0.67852864761410E+03
 0.67885073277702E+03
 0.68267421282509E+03
 0.67916513877215E+03
 0.68556127653259E+03
 0.67956516301997E+03
 0.68187629617659E+03
 0.68024235050381E+03
 0.67999953285173E+03
 0.68658815041249E+03
 0.68524915259666E+03
 0.68471347270576E+03
 0.68740287315482E+03
 0.68635119815653E+03
 0.68531414179877E+03
 0.68933617403965E+03
 0.68903112848963E+03
 0.69205929757776E+03
 0.69224444633954E+03
 0.69259868462146E+03
 0.69552560189087E+03
 0.69148653531741E+03
 0.69568306422925E+03
 0.69318877767718E+03
 0.69630726184448E+03
 0.69583126690468E+03
 0.70587581757994E+03
 0.69842504098945E+03
 0.69786310951887E+03
 0.70394454937784E+03
 0.70790568906858E+03
 0.70783917485354E+03
 0.70401773789766E+03
 0.70874141622519E+03
 0.71417056209648E+03
 0.71280032172798E+03
 0.71873262641878E+03
 0.71782873749253E+03
 0.71355944191491E+03
 0.71462285278928E+03
 0.71646661916465E+03
 0.72627453900484E+03
 0.71849915098555E+03
 0.71869693636080E+03
 0.72247056575101E+03
 0.72331196119076E+03
 0.72788620719049E+03
 0.72743819583039E+03
 0.72813020983780E+03
 0.73529010681686E+03
 0.73248488811441E+03
 0.73734196280126E+03
 0.73757472919070E+03
 0.73786635994344E+03
 0.74691923598993E+03
 0.74724409999475E+03
 0.74585110859252E+03
 0.74378423048975E+03
 0.74739667592415E+03
 0.74924007785902E+03
 0.75038325581445E+03
 0.75471408916739E+03
 0.75296809092137E+03
 0.75774399572925E+03
 0.76321738772372E+03
 0.76552064643000E+03
 0.76977316581410E+03
 0.76253566074239E+03
 0.76679613612963E+03
 0.77044524198647E+03
 0.77091007308872E+03
 0.77989174160990E+03
 0.77359923065686E+03
 0.77923791077381E+03
 0.78566227893048E+03
 0.78598347770713E+03
 0.78135756586117E+03
 0.78560126584750E+03
 0.79065488772072E+03
 0.78833258031848E+03
 0.78866820617561E+03
 0.79341507582151E+03
 0.79022272365356E+03
 0.79534525737015E+03
 0.80474480216720E+03
 0.80307444368570E+03
 0.79900640218869E+03
 0.81154198592635E+03
 0.80857018033979E+03
 0.81035810565534E+03
 0.81104501533158E+03
 0.81031087158523E+03
 0.82318463173328E+03
 0.82346731697321E+03
 0.81733335160409E+03
 0.82252834989020E+03
 0.82498679633974E+03
 0.82560168760798E+03
 0.83021387176010E+03
 0.83009947966481E+03
 0.83403673160962E+03
 0.83846211598079E+03
 0.84741963645306E+03
 0.83979248079987E+03
 0.84030085019157E+03
 0.84751279654037E+03
 0.84571907742695E+03
 0.85053867338756E+03
 0.85372335179450E+03
 0.86405699776781E+03
 0.86575375252802E+03
 0.86819541348923E+03
 0.86132277727273E+03
 0.86130180013986E+03
 0.87657647537665E+03
 0.87599656806297E+03
 0.87521615638675E+03
 0.87999021720087E+03
 0.88558526393544E+03
 0.88594759367307E+03
 0.88058103818124E+03
 0.89231668649333E+03
 0.89325996854723E+03
 0.88764439237667E+03
 0.89471455675600E+03
 0.89454260037674E+03
 0.89943035912263E+03
 0.90741443656149E+03
 0.90912090748706E+03
 0.90339311449260E+03
 0.91241299957915E+03
 0.90818704261211E+03
 0.91320090581050E+03
 0.92343105275177E+03
 0.92423048471388E+03
 0.92878131839248E+03
 0.92755298283225E+03
 0.92218427608002E+03
 0.93374618995349E+03
 0.92922228106287E+03
 0.93904423621529E+03
 0.93917957761331E+03
 0.94421242226502E+03
 0.94613942259947E+03
 0.94267688868272E+03
 0.95081656356665E+03
 0.95176682607576E+03
 0.94977219313198E+03
 0.95799740447900E+03
 0.95661605268118E+03
 0.95904701858133E+03
 0.97029200675056E+03
 0.97280704959209E+03
 0.96985347608376E+03
 0.96963892564480E+03
 0.97829759057800E+03
 0.97499867328519E+03
 0.98839382547322E+03
 0.98094784940102E+03
 0.98868535977902E+03
 0.99025901500494E+03
 0.98623129759647E+03
 0.99881922659958E+03
 0.99283897132621E+03
 0.99392243028644E+03
 0.99980560678116E+03
 0.10139220256812E+04
 0.10106470639301E+04
 0.10039427780145E+04
 0.10106738845514E+04
 0.10164220894792E+04
 0.10179974202656E+04
 0.10284576597133E+04
 0.10222172169111E+04
 0.10217565124654E+04
 0.10337674334220E+04
 0.10399669288589E+04
 0.10309504283027E+04
 0.10361362053026E+04
 0.10412083569482E+04
 0.10416434246746E+04
 0.10458571411193E+04
 0.10489838974388E+04
 0.10469224061293E+04
 0.10473057980053E+04
 0.10552158951431E+04
 0.10585243337581E+04
 0.10627120542231E+04
 0.10597508479346E+04
 0.10689637170094E+04
 0.10684879501626E+04
 0.10664665846214E+04
 0.10820211984255E+04
 0.10868813541174E+04
 0.10791736420845E+04
 0.10844101393844E+04
 0.10937370898847E+04
 0.10963976883568E+04
 0.11021740780072E+04
 0.10948663385866E+04
 0.10926468396262E+04
 0.11058246469653E+04
 0.11070869282137E+04
 0.11142325487932E+04
 0.11172816142202E+04
 0.11204340387051E+04
 0.11140004764644E+04
 0.11220880920763E+04
 0.11248889560267E+04
 0.11205319849836E+04
 0.11201022121890E+04
