 0.53405578660231E+07
 0.53405578660231E+07
 0.53405578660231E+07
 0.53405578660231E+07
 0.53405578660231E+07
 0.53405578660231E+07
 0.53405578660231E+07
 0.53405578660231E+07
 0.53405578660231E+07
 0.53405578660231E+07
 0.53405578660232E+07
 0.53405578660234E+07
 0.53405578660238E+07
 0.53405578660235E+07
 0.53405578660229E+07
 0.53405578660228E+07
 0.53405578660221E+07
 0.53405578660210E+07
 0.53405578660193E+07
 0.53405578660168E+07
 0.53405578660177E+07
 0.53405578660124E+07
 0.53405578660078E+07
 0.53405578660014E+07
 0.53405578659951E+07
 0.53405578659910E+07
 0.53405578659975E+07
 0.53405578659799E+07
 0.53405578659554E+07
 0.53405578659374E+07
 0.53405578659362E+07
 0.53405578659060E+07
 0.53405578658967E+07
 0.53405578658903E+07
 0.53405578658378E+07
 0.53405578658113E+07
 0.53405578657535E+07
 0.53405578657867E+07
 0.53405578656696E+07
 0.53405578654696E+07
 0.53405578654655E+07
 0.53405578654463E+07
 0.53405578653712E+07
 0.53405578652113E+07
 0.53405578654568E+07
 0.53405578654172E+07
 0.53405578651242E+07
 0.53405578647004E+07
 0.53405578646341E+07
 0.53405578647185E+07
 0.53405578644045E+07
 0.53405578642248E+07
 0.53405578633280E+07
 0.53405578633575E+07
 0.53405578631339E+07
 0.53405578624435E+07
 0.53405578611403E+07
 0.53405578618638E+07
 0.53405578614296E+07
 0.53405578586300E+07
 0.53405578639495E+07
 0.53405578600515E+07
 0.53405578603580E+07
 0.53405578626645E+07
 0.53405578590280E+07
 0.53405578654813E+07
 0.53405578689226E+07
 0.53405578593650E+07
 0.53405578603416E+07
 0.53405578517786E+07
 0.53405578594475E+07
 0.53405578686684E+07
 0.53405578436352E+07
 0.53405578646414E+07
 0.53405578433121E+07
 0.53405578538438E+07
 0.53405578598439E+07
 0.53405578691184E+07
 0.53405578434226E+07
 0.53405578523401E+07
 0.53405578693432E+07
 0.53405578542607E+07
 0.53405578123117E+07
 0.53405578258864E+07
 0.53405578538989E+07
 0.53405578404131E+07
 0.53405578310225E+07
 0.53405578433623E+07
 0.53405578625787E+07
 0.53405579382938E+07
 0.53405578859001E+07
 0.53405578278192E+07
 0.53405578424194E+07
 0.53405579615241E+07
 0.53405578867611E+07
 0.53405577971699E+07
 0.53405579117076E+07
 0.53405578692181E+07
 0.53405578155351E+07
 0.53405578700490E+07
 0.53405579613691E+07
 0.53405578252201E+07
 0.53405578360127E+07
 0.53405578340023E+07
 0.53405579275126E+07
 0.53405579376797E+07
 0.53405579448933E+07
 0.53405581261451E+07
 0.53405582277028E+07
 0.53405579964867E+07
 0.53405578234332E+07
 0.53405577237197E+07
 0.53405576789974E+07
 0.53405578083067E+07
 0.53405577693179E+07
 0.53405577274531E+07
 0.53405576848046E+07
 0.53405575922005E+07
 0.53405576462162E+07
 0.53405578279283E+07
 0.53405579848577E+07
 0.53405577353404E+07
 0.53405580469666E+07
 0.53405587660168E+07
 0.53405585211159E+07
 0.53405581445452E+07
 0.53405574390589E+07
 0.53405578879271E+07
 0.53405571609384E+07
 0.53405574237649E+07
 0.53405571007145E+07
 0.53405577687046E+07
 0.53405570298104E+07
 0.53405566673778E+07
 0.53405573315265E+07
 0.53405559059143E+07
 0.53405573841566E+07
 0.53405582999432E+07
 0.53405580675940E+07
 0.53405579333511E+07
 0.53405575506218E+07
 0.53405578688085E+07
 0.53405581698536E+07
 0.53405578235150E+07
 0.53405584615779E+07
 0.53405567172062E+07
 0.53405575936744E+07
 0.53405565541405E+07
 0.53405563685195E+07
 0.53405572222774E+07
 0.53405554560260E+07
 0.53405559337471E+07
 0.53405566640795E+07
 0.53405568898547E+07
 0.53405587952257E+07
 0.53405568437978E+07
 0.53405580119367E+07
 0.53405572207786E+07
 0.53405580644602E+07
 0.53405569431104E+07
 0.53405564309467E+07
 0.53405565857362E+07
 0.53405553411384E+07
 0.53405571730923E+07
 0.53405559191255E+07
 0.53405553253297E+07
 0.53405555281318E+07
 0.53405553417011E+07
 0.53405569983274E+07
 0.53405557142755E+07
 0.53405553333666E+07
 0.53405561340909E+07
 0.53405566232656E+07
 0.53405560605374E+07
 0.53405554654755E+07
 0.53405571839775E+07
 0.53405547834521E+07
 0.53405556240330E+07
 0.53405559783977E+07
 0.53405581896421E+07
 0.53405559569462E+07
 0.53405548923555E+07
 0.53405531792928E+07
 0.53405568227896E+07
 0.53405547835084E+07
 0.53405555015711E+07
 0.53405538593809E+07
 0.53405544162014E+07
 0.53405543348802E+07
 0.53405552062013E+07
 0.53405531264706E+07
 0.53405543378616E+07
 0.53405554738801E+07
 0.53405559475363E+07
 0.53405550030003E+07
 0.53405530088151E+07
 0.53405529709757E+07
 0.53405541657904E+07
 0.53405550945981E+07
 0.53405524827647E+07
 0.53405545420248E+07
 0.53405523519361E+07
 0.53405531753864E+07
 0.53405517905171E+07
 0.53405540755063E+07
 0.53405511138023E+07
 0.53405524551474E+07
 0.53405527186058E+07
 0.53405534674663E+07
 0.53405513803672E+07
 0.53405517901025E+07
 0.53405521919296E+07
 0.53405550459793E+07
 0.53405530310501E+07
 0.53405535394502E+07
 0.53405538921691E+07
 0.53405526944759E+07
 0.53405530247562E+07
 0.53405530452347E+07
 0.53405536623285E+07
 0.53405525068961E+07
 0.53405533644973E+07
 0.53405562822654E+07
 0.53405558700248E+07
 0.53405575077077E+07
 0.53405562107839E+07
 0.53405563982540E+07
 0.53405561315190E+07
 0.53405584240750E+07
 0.53405571187921E+07
 0.53405543939593E+07
 0.53405564259527E+07
 0.53405566567881E+07
 0.53405575239882E+07
 0.53405593017334E+07
 0.53405571436553E+07
 0.53405590776113E+07
 0.53405581929179E+07
 0.53405612645767E+07
 0.53405598866381E+07
 0.53405581516002E+07
 0.53405600652047E+07
 0.53405584528503E+07
 0.53405586732341E+07
 0.53405597739849E+07
 0.53405570967730E+07
 0.53405577678152E+07
 0.53405593552984E+07
 0.53405575473758E+07
 0.53405603645816E+07
 0.53405559986412E+07
 0.53405575322702E+07
 0.53405557132464E+07
 0.53405572962657E+07
 0.53405562205524E+07
 0.53405557581571E+07
 0.53405571324491E+07
 0.53405577907039E+07
 0.53405538294751E+07
 0.53405574190985E+07
 0.53405537573254E+07
 0.53405563556825E+07
 0.53405570706346E+07
 0.53405552552532E+07
 0.53405545784820E+07
 0.53405542279423E+07
 0.53405555625612E+07
 0.53405557358885E+07
 0.53405543712226E+07
 0.53405545612311E+07
 0.53405551433857E+07
 0.53405532034211E+07
 0.53405541956404E+07
 0.53405549518175E+07
 0.53405536458100E+07
 0.53405540655783E+07
 0.53405547697132E+07
 0.53405512391193E+07
 0.53405534679213E+07
 0.53405543767289E+07
 0.53405542732130E+07
 0.53405530532414E+07
 0.53405538336831E+07
 0.53405533350460E+07
 0.53405515503670E+07
 0.53405546750866E+07
 0.53405520434994E+07
 0.53405511890474E+07
 0.53405495915341E+07
 0.53405489185277E+07
 0.53405519858300E+07
 0.53405469094090E+07
 0.53405502478873E+07
 0.53405488557422E+07
 0.53405471016744E+07
 0.53405491743751E+07
 0.53405490900042E+07
 0.53405492407866E+07
 0.53405495292170E+07
 0.53405493664637E+07
