 0.16432730420240E+00
 0.16432730420236E+00
 0.16432730420183E+00
 0.16432730419992E+00
 0.16432730418737E+00
 0.16432730411556E+00
 0.16432730225332E+00
 0.16432729422964E+00
 0.16432726668586E+00
 0.16432719381834E+00
 0.16432703280102E+00
 0.16432672136132E+00
 0.16432618676871E+00
 0.16432532434267E+00
 0.16432404580187E+00
 0.16432220009899E+00
 0.16431968649595E+00
 0.16431637669970E+00
 0.16431213382709E+00
 0.16430683269719E+00
 0.16430025887379E+00
 0.16429244500251E+00
 0.16428316854375E+00
 0.16427230782877E+00
 0.16425971466773E+00
 0.16424527540423E+00
 0.16422878768498E+00
 0.16421032191001E+00
 0.16418966219261E+00
 0.16416658516377E+00
 0.16414084397379E+00
 0.16411260657958E+00
 0.16408145457635E+00
 0.16404712317138E+00
 0.16400996822017E+00
 0.16396936865302E+00
 0.16392536040561E+00
 0.16387748360697E+00
 0.16382605807077E+00
 0.16377109798307E+00
 0.16371113631445E+00
 0.16364732796931E+00
 0.16357940297841E+00
 0.16350693141958E+00
 0.16342922184747E+00
 0.16334699666058E+00
 0.16326062643245E+00
 0.16316941928765E+00
 0.16307284993754E+00
 0.16297111514227E+00
 0.16286489474388E+00
 0.16275325367212E+00
 0.16263685719040E+00
 0.16251523597459E+00
 0.16238795505194E+00
 0.16225558652450E+00
 0.16211841416280E+00
 0.16197501684317E+00
 0.16182694885790E+00
 0.16167478508814E+00
 0.16151342332296E+00
 0.16135037223752E+00
 0.16118158595956E+00
 0.16100489517679E+00
 0.16082570658493E+00
 0.16063678662860E+00
 0.16044417764125E+00
 0.16025006310109E+00
 0.16004594226486E+00
 0.15983876933100E+00
 0.15962081028342E+00
 0.15939854472819E+00
 0.15917529696775E+00
 0.15893745648228E+00
 0.15869917457854E+00
 0.15845025633630E+00
 0.15819592976695E+00
 0.15793115596825E+00
 0.15766677673735E+00
 0.15738761263854E+00
 0.15710312881706E+00
 0.15681109796966E+00
 0.15651203901915E+00
 0.15620326252260E+00
 0.15587886287671E+00
 0.15555142799026E+00
 0.15521491569258E+00
 0.15486285320513E+00
 0.15450082360147E+00
 0.15412451907718E+00
 0.15374515095339E+00
 0.15335413130567E+00
 0.15294231101994E+00
 0.15251421724515E+00
 0.15208310581608E+00
 0.15163956570801E+00
 0.15116756556760E+00
 0.15068997500887E+00
 0.15019175709284E+00
 0.14967824416484E+00
 0.14914029811366E+00
 0.14859080258532E+00
 0.14802254941976E+00
 0.14742707247178E+00
 0.14680547581146E+00
 0.14616675403658E+00
 0.14551134724837E+00
 0.14481430422079E+00
 0.14409611559800E+00
 0.14335832909662E+00
 0.14259469500367E+00
 0.14179073378053E+00
 0.14095841988217E+00
 0.14008750920600E+00
 0.13917328173722E+00
 0.13823331570686E+00
 0.13725254520688E+00
 0.13622870603676E+00
 0.13515415358975E+00
 0.13403556312235E+00
 0.13287211862442E+00
 0.13166145970320E+00
 0.13037666642339E+00
 0.12903005725622E+00
 0.12763534815358E+00
 0.12618191532258E+00
 0.12466145380438E+00
 0.12304266845397E+00
 0.12135107267423E+00
 0.11958793849142E+00
 0.11773302797963E+00
 0.11576502411211E+00
 0.11372108184021E+00
 0.11155698971077E+00
 0.10926422120126E+00
 0.10687877448965E+00
 0.10433435452975E+00
 0.10165976830388E+00
 0.98841838206295E-01
 0.95889317508524E-01
 0.92792249266786E-01
 0.89521285824573E-01
 0.86090478241862E-01
 0.82509668959793E-01
 0.78765545011023E-01
 0.74900243940869E-01
 0.70885072534824E-01
 0.66786573781214E-01
 0.62598063144911E-01
 0.58360022231704E-01
 0.54192261434403E-01
 0.50050257062630E-01
 0.45990144864716E-01
 0.42133464877158E-01
 0.38451070528087E-01
 0.35024421809980E-01
 0.31841950329517E-01
 0.28929849170467E-01
 0.26268576777383E-01
 0.23871752204386E-01
 0.21715261434421E-01
 0.19773309270493E-01
 0.18034210640972E-01
 0.16479890348332E-01
 0.15094626834254E-01
 0.13849665892528E-01
 0.12737145286085E-01
 0.11738923681735E-01
 0.10841697154929E-01
 0.10034563334350E-01
 0.93104338013601E-02
 0.86509487151262E-02
 0.80551310160796E-02
 0.75187409565598E-02
 0.70274883946871E-02
 0.65788314783417E-02
 0.61732661979175E-02
 0.57992445848563E-02
 0.54574734776751E-02
 0.51409807529234E-02
 0.48542540953338E-02
 0.45870945642643E-02
 0.43417353511216E-02
 0.41116651525299E-02
 0.39013071591264E-02
 0.37041375467542E-02
 0.35229181107695E-02
 0.33529045209293E-02
 0.31945345859718E-02
 0.30463441370737E-02
 0.29082879550872E-02
 0.27781506420084E-02
 0.26561749150590E-02
 0.25419839806589E-02
 0.24350205852691E-02
 0.23346323652760E-02
 0.22396792083204E-02
 0.21497378231324E-02
 0.20649973566840E-02
 0.19853622819129E-02
 0.19097552920180E-02
 0.18385068727510E-02
 0.17702259981754E-02
 0.17063057679203E-02
 0.16448818614928E-02
 0.15872455445929E-02
 0.15320152538351E-02
 0.14794252260850E-02
 0.14295261891301E-02
 0.13820559624117E-02
 0.13365948261261E-02
 0.12932782352473E-02
 0.12516277692438E-02
 0.12123229444291E-02
 0.11746162071634E-02
 0.11384508901479E-02
 0.11039055591178E-02
 0.10707092386364E-02
 0.10391425936303E-02
 0.10085800122540E-02
 0.97947994625551E-03
 0.95137136731198E-03
 0.92433234396383E-03
 0.89856595536881E-03
 0.87361550695977E-03
 0.84980498409486E-03
 0.82682087704532E-03
 0.80472897699663E-03
 0.78334500111691E-03
 0.76286755644291E-03
 0.74317216478698E-03
 0.72404452981093E-03
 0.70559288127351E-03
 0.68786305484754E-03
 0.67063370202511E-03
 0.65418130760589E-03
 0.63819352169926E-03
 0.62281145234515E-03
 0.60774946983625E-03
 0.59336256598593E-03
 0.57943999289329E-03
 0.56589150686442E-03
 0.55286225268232E-03
 0.54018365871281E-03
 0.52789850294235E-03
 0.51608157769744E-03
 0.50452259867519E-03
 0.49335163971456E-03
 0.48255325160875E-03
 0.47200778374081E-03
 0.46189743357567E-03
 0.45194293230614E-03
 0.44239739117855E-03
 0.43309126858186E-03
 0.42403007671520E-03
 0.41525442739101E-03
 0.40670865019198E-03
 0.39839483358734E-03
 0.39037876131897E-03
 0.38248458920141E-03
 0.37490843974105E-03
 0.36744411854204E-03
 0.36024346504121E-03
 0.35321845850477E-03
 0.34640619321669E-03
 0.33972513523851E-03
 0.33323035516012E-03
 0.32691048241566E-03
 0.32076603016665E-03
 0.31479330477713E-03
 0.30893585601222E-03
 0.30325116245248E-03
 0.29769100773455E-03
 0.29226256557296E-03
 0.28700680647795E-03
 0.28184507832448E-03
 0.27681574265591E-03
 0.27195017610107E-03
 0.26712922407592E-03
 0.26246077800383E-03
 0.25790450740429E-03
 0.25346669536231E-03
 0.24911411885074E-03
 0.24486876654585E-03
 0.24073044567323E-03
 0.23665605238056E-03
 0.23271485069505E-03
 0.22884046144294E-03
 0.22507012636168E-03
 0.22138575958455E-03
 0.21773469001373E-03
 0.21424366702141E-03
 0.21076738383845E-03
 0.20739200360003E-03
 0.20408823800129E-03
 0.20084385716936E-03
 0.19767364760846E-03
 0.19457032776100E-03
 0.19153871644624E-03
 0.18856724296195E-03
