 0.10190117950350E+00
 0.10190117950351E+00
 0.10190117950369E+00
 0.10190117950488E+00
 0.10190117950674E+00
 0.10190117949805E+00
 0.10190117931093E+00
 0.10190117807678E+00
 0.10190117391227E+00
 0.10190116291007E+00
 0.10190113840829E+00
 0.10190109115395E+00
 0.10190100936923E+00
 0.10190087884827E+00
 0.10190068355631E+00
 0.10190040841369E+00
 0.10190003238357E+00
 0.10189954068742E+00
 0.10189892003826E+00
 0.10189814656261E+00
 0.10189720170619E+00
 0.10189607790398E+00
 0.10189476002123E+00
 0.10189323156528E+00
 0.10189147467203E+00
 0.10188948274843E+00
 0.10188723613138E+00
 0.10188471335518E+00
 0.10188192121449E+00
 0.10187883982858E+00
 0.10187543982064E+00
 0.10187171923651E+00
 0.10186766463281E+00
 0.10186323926335E+00
 0.10185844773439E+00
 0.10185323303615E+00
 0.10184766350327E+00
 0.10184159507838E+00
 0.10183508443257E+00
 0.10182813836160E+00
 0.10182068547277E+00
 0.10181273679954E+00
 0.10180437068127E+00
 0.10179536548299E+00
 0.10178589659504E+00
 0.10177583735807E+00
 0.10176526686054E+00
 0.10175417311142E+00
 0.10174257723931E+00
 0.10173040351525E+00
 0.10171781677348E+00
 0.10170475320205E+00
 0.10169127208143E+00
 0.10167748757357E+00
 0.10166301834089E+00
 0.10164848259766E+00
 0.10163373239417E+00
 0.10161891359152E+00
 0.10160375410078E+00
 0.10158842365804E+00
 0.10157337313166E+00
 0.10155836031761E+00
 0.10154356430516E+00
 0.10152894909743E+00
 0.10151486422375E+00
 0.10150123893643E+00
 0.10148776199324E+00
 0.10147581827902E+00
 0.10146346805538E+00
 0.10145327228475E+00
 0.10144296567537E+00
 0.10143444867585E+00
 0.10142617245754E+00
 0.10142013898179E+00
 0.10141545645172E+00
 0.10141207757551E+00
 0.10141046321265E+00
 0.10141048832933E+00
 0.10141204859817E+00
 0.10141668977707E+00
 0.10142194595563E+00
 0.10142980878440E+00
 0.10144081680184E+00
 0.10145334226657E+00
 0.10146830488746E+00
 0.10148545217999E+00
 0.10150608567955E+00
 0.10152923646714E+00
 0.10155439129728E+00
 0.10158330538635E+00
 0.10161532560910E+00
 0.10164914433089E+00
 0.10168756978444E+00
 0.10172846508295E+00
 0.10177231348413E+00
 0.10181908272323E+00
 0.10186966541841E+00
 0.10192323732498E+00
 0.10197991708932E+00
 0.10203961575663E+00
 0.10210208093535E+00
 0.10216764525704E+00
 0.10223568864003E+00
 0.10230537414160E+00
 0.10237692342738E+00
 0.10244970978809E+00
 0.10252253117375E+00
 0.10259408542615E+00
 0.10266264626361E+00
 0.10272752140572E+00
 0.10278405387122E+00
 0.10282921343661E+00
 0.10285786661859E+00
 0.10286139312022E+00
 0.10282887307536E+00
 0.10274717842821E+00
 0.10258416823677E+00
 0.10231190962220E+00
 0.10187751100302E+00
 0.10122147638132E+00
 0.10027674277293E+00
 0.99037562267585E-01
 0.97540232260438E-01
 0.95924283208436E-01
 0.94260981741906E-01
 0.92678416370776E-01
 0.91192838031265E-01
 0.89808208826296E-01
 0.88556260233786E-01
 0.87437570670349E-01
 0.86416147374937E-01
 0.85495955976787E-01
 0.84675221145214E-01
 0.83919405130788E-01
 0.83238314001421E-01
 0.82627184452386E-01
 0.82073066973471E-01
 0.81568460686783E-01
 0.81117065654459E-01
 0.80714268043853E-01
 0.80348004373541E-01
 0.80022511943233E-01
 0.79733118530779E-01
 0.79477958595496E-01
 0.79251346812239E-01
 0.79056394297291E-01
 0.78891017142535E-01
 0.78748969436921E-01
 0.78631994610863E-01
 0.78538160984004E-01
 0.78468744322615E-01
 0.78418307591658E-01
 0.78389055965519E-01
 0.78378357488198E-01
 0.78385908531848E-01
 0.78410867333274E-01
 0.78452446779879E-01
 0.78510015864238E-01
 0.78582817415914E-01
 0.78670702729541E-01
 0.78772392122423E-01
 0.78887792653229E-01
 0.79016632097759E-01
 0.79157632584787E-01
 0.79310902340659E-01
 0.79476973308315E-01
 0.79652554748402E-01
 0.79840831316458E-01
 0.80038980957290E-01
 0.80248261273597E-01
 0.80466888406286E-01
 0.80697030284032E-01
 0.80933913872261E-01
 0.81182142691931E-01
 0.81437869434876E-01
 0.81704040599164E-01
 0.81978590923631E-01
 0.82261430459485E-01
 0.82551482977404E-01
 0.82848649221380E-01
 0.83154599961027E-01
 0.83469503361008E-01
 0.83791621582739E-01
 0.84119528242441E-01
 0.84454411165263E-01
 0.84797786381922E-01
 0.85147983019550E-01
 0.85504173160637E-01
 0.85865101259139E-01
 0.86235203345084E-01
 0.86609276349132E-01
 0.86991710627907E-01
 0.87381023502635E-01
 0.87774343876418E-01
 0.88173503086304E-01
 0.88579106613512E-01
 0.88990524352676E-01
 0.89406046285977E-01
 0.89828704476307E-01
 0.90257456341731E-01
