 0.13708386865292E+03
 0.13708386865287E+03
 0.13708386865247E+03
 0.13708386873844E+03
 0.13708387189689E+03
 0.13708390168899E+03
 0.13708403341705E+03
 0.13708440082844E+03
 0.13708516533350E+03
 0.13708647602199E+03
 0.13708844612653E+03
 0.13709114521941E+03
 0.13709460442964E+03
 0.13709882259439E+03
 0.13710377721877E+03
 0.13710942430809E+03
 0.13711571070462E+03
 0.13712257075274E+03
 0.13712993501067E+03
 0.13713772857899E+03
 0.13710562909608E+03
 0.13710369886263E+03
 0.13710145911846E+03
 0.13709890003053E+03
 0.13709602030943E+03
 0.13709281940092E+03
 0.13708930741474E+03
 0.13708550049379E+03
 0.13708141711191E+03
 0.13707708761892E+03
 0.13707255122002E+03
 0.13706785371511E+03
 0.13706304915425E+03
 0.13705820870780E+03
 0.13705340645705E+03
 0.13704873955460E+03
 0.13704430151084E+03
 0.13704022989419E+03
 0.13703665376697E+03
 0.13703372358621E+03
 0.13703162527964E+03
 0.13703054996643E+03
 0.13703070415458E+03
 0.13703235839645E+03
 0.13703575473756E+03
 0.13704120164442E+03
 0.13704900783879E+03
 0.13705952024974E+03
 0.13707311091863E+03
 0.13709030629924E+03
 0.13711131285268E+03
 0.13713669680109E+03
 0.13716695064574E+03
 0.13720257871052E+03
 0.13724423202301E+03
 0.13729237628503E+03
 0.13734766994450E+03
 0.13741074949754E+03
 0.13748242127843E+03
 0.13756337118002E+03
 0.13765425012733E+03
 0.13775598562507E+03
 0.13786939311662E+03
 0.13799545366761E+03
 0.13813497371393E+03
 0.13828905085373E+03
 0.13845900940205E+03
 0.13864513698803E+03
 0.13885001150927E+03
 0.13907314425804E+03
 0.13931775095379E+03
 0.13958375440837E+03
 0.13987414073458E+03
 0.14018879816133E+03
 0.14053036914912E+03
 0.14090104105423E+03
 0.14130236714870E+03
 0.14173689167044E+03
 0.14220728963534E+03
 0.14271348569261E+03
 0.14326357870752E+03
 0.14385650127030E+03
 0.14449469774476E+03
 0.14518563402721E+03
 0.14593226905087E+03
 0.14673886096968E+03
 0.14760790909640E+03
 0.14854710091239E+03
 0.14956647402259E+03
 0.15066460893104E+03
 0.15185379621998E+03
 0.15314953332661E+03
 0.15454736570783E+03
 0.15606968770385E+03
 0.15772929625619E+03
 0.15954407771246E+03
 0.16152127621310E+03
 0.16369121064323E+03
 0.16607497377590E+03
 0.16870399076894E+03
 0.17161662923242E+03
 0.17484711566934E+03
 0.17844813681246E+03
 0.18250580471883E+03
 0.18707780031581E+03
 0.19227052047039E+03
 0.19822428836876E+03
 0.20512753488706E+03
 0.21324984866515E+03
 0.22283103166238E+03
 0.23447866191127E+03
 0.24887821935052E+03
 0.26714328153931E+03
 0.29133071187750E+03
 0.32508257776477E+03
 0.37532197216273E+03
 0.46432137842257E+03
 0.67514439281693E+03
                  NaN
                  NaN
                  NaN
                  NaN
                  NaN
                  NaN
                  NaN
                  NaN
                  NaN
                  NaN
                  NaN
                  NaN
                  NaN
                  NaN
                  NaN
                  NaN
                  NaN
                  NaN
                  NaN
                  NaN
                  NaN
                  NaN
                  NaN
                  NaN
                  NaN
                  NaN
                  NaN
                  NaN
                  NaN
                  NaN
                  NaN
                  NaN
                  NaN
                  NaN
                  NaN
                  NaN
                  NaN
                  NaN
                  NaN
                  NaN
                  NaN
                  NaN
                  NaN
                  NaN
                  NaN
                  NaN
                  NaN
                  NaN
                  NaN
                  NaN
                  NaN
                  NaN
                  NaN
                  NaN
                  NaN
                  NaN
                  NaN
                  NaN
                  NaN
                  NaN
                  NaN
                  NaN
                  NaN
                  NaN
                  NaN
                  NaN
                  NaN
                  NaN
                  NaN
                  NaN
                  NaN
                  NaN
                  NaN
                  NaN
                  NaN
                  NaN
                  NaN
                  NaN
                  NaN
                  NaN
                  NaN
                  NaN
