 0.83175735907662E+02
 0.83175735907670E+02
 0.83175735907921E+02
 0.83175735963491E+02
 0.83175737895137E+02
 0.83175756057593E+02
 0.83175836474229E+02
 0.83176061515870E+02
 0.83176532197263E+02
 0.83177345150335E+02
 0.83178578681440E+02
 0.83180289342182E+02
 0.83182513305036E+02
 0.83185272533758E+02
 0.83188576383772E+02
 0.83192422996949E+02
 0.83196809930945E+02
 0.83201722281664E+02
 0.83207140699624E+02
 0.83213050496023E+02
 0.83195008258945E+02
 0.83195544474115E+02
 0.83196182388515E+02
 0.83196933396105E+02
 0.83197812986727E+02
 0.83198825378899E+02
 0.83199987550637E+02
 0.83201315312657E+02
 0.83202806848193E+02
 0.83204484344427E+02
 0.83206367563650E+02
 0.83208466500102E+02
 0.83210795752519E+02
 0.83213387420417E+02
 0.83216250194103E+02
 0.83219429416291E+02
 0.83222901599863E+02
 0.83226762738148E+02
 0.83231005652253E+02
 0.83235645236123E+02
 0.83240751462492E+02
 0.83246346604535E+02
 0.83252419722993E+02
 0.83259129267983E+02
 0.83266422067975E+02
 0.83274409185727E+02
 0.83283104222338E+02
 0.83292565727922E+02
 0.83302843446681E+02
 0.83314059759910E+02
 0.83326168359091E+02
 0.83339292135850E+02
 0.83353481740222E+02
 0.83368767082401E+02
 0.83385432672693E+02
 0.83403268767966E+02
 0.83422448583459E+02
 0.83443009377333E+02
 0.83465216688077E+02
 0.83489088819996E+02
 0.83514536846500E+02
 0.83541815437683E+02
 0.83570976090124E+02
 0.83602193226594E+02
 0.83635433195478E+02
 0.83670900435922E+02
 0.83708948220805E+02
 0.83748973697702E+02
 0.83792275182725E+02
 0.83837580980068E+02
 0.83886431450933E+02
 0.83937906347426E+02
 0.83993186100651E+02
 0.84051281401870E+02
 0.84112980363352E+02
 0.84178599745546E+02
 0.84248123160697E+02
 0.84321923717745E+02
 0.84400373247459E+02
 0.84482669546157E+02
 0.84571077260288E+02
 0.84664349821193E+02
 0.84762476428421E+02
 0.84867161451938E+02
 0.84978185057805E+02
 0.85096087063250E+02
 0.85220279589631E+02
 0.85352056851536E+02
 0.85492702562034E+02
 0.85640743273311E+02
 0.85797675966012E+02
 0.85965725218589E+02
 0.86142161310043E+02
 0.86330270700222E+02
 0.86530543002714E+02
 0.86744164996713E+02
 0.86970264494715E+02
 0.87211491637483E+02
 0.87468526990278E+02
 0.87742866128262E+02
 0.88036396280944E+02
 0.88349551038071E+02
 0.88684531634315E+02
 0.89045833648446E+02
 0.89433180383167E+02
 0.89849830334938E+02
 0.90299839260413E+02
 0.90788141371693E+02
 0.91321418459606E+02
 0.91897937367474E+02
 0.92533985734212E+02
 0.93234644969008E+02
 0.94009308520581E+02
 0.94877392924743E+02
 0.95856600571142E+02
 0.96954239783192E+02
 0.98242426005154E+02
 0.99719491112163E+02
 0.10143382692771E+03
 0.10339303361582E+03
 0.10558247906167E+03
 0.10788628467533E+03
 0.11018067264024E+03
 0.11231714885448E+03
 0.11432241840204E+03
 0.11615365362360E+03
 0.11788272437296E+03
 0.11956219005851E+03
 0.12117861692159E+03
 0.12273654498358E+03
 0.12428961551175E+03
 0.12582390951228E+03
 0.12732785582237E+03
 0.12886058215033E+03
 0.13039029836602E+03
 0.13191129649692E+03
 0.13344517206931E+03
 0.13500371225279E+03
 0.13656068426562E+03
 0.13811600854013E+03
 0.13970844367511E+03
 0.14130642695452E+03
 0.14292007279736E+03
 0.14454502297005E+03
 0.14620867675697E+03
 0.14787395458337E+03
 0.14953686223453E+03
 0.15124605605355E+03
 0.15297190293518E+03
 0.15472250890999E+03
 0.15644769031488E+03
 0.15823666634323E+03
 0.16000689914522E+03
 0.16181247732121E+03
 0.16363603935098E+03
 0.16546222150520E+03
 0.16731783882531E+03
 0.16918810120345E+03
 0.17107278135397E+03
 0.17298690145386E+03
 0.17490454616844E+03
 0.17684046386030E+03
 0.17879862823491E+03
 0.18076281025121E+03
 0.18274327293748E+03
 0.18475433480561E+03
 0.18675238929227E+03
 0.18878839523371E+03
 0.19082814310499E+03
 0.19289168552252E+03
 0.19496095950848E+03
 0.19706375220567E+03
 0.19915021036016E+03
 0.20127309523201E+03
 0.20339479376823E+03
 0.20554703367233E+03
 0.20771092337610E+03
 0.20988767213139E+03
 0.21206971509818E+03
 0.21425818669131E+03
 0.21646942954685E+03
 0.21870484272778E+03
 0.22095158378464E+03
 0.22319962995044E+03
 0.22545972690264E+03
 0.22774472597705E+03
 0.23004233813985E+03
 0.23234756214818E+03
 0.23465198212936E+03
 0.23698942164353E+03
 0.23932232791142E+03
 0.24168317892944E+03
 0.24406191507448E+03
 0.24643904818938E+03
 0.24882818412920E+03
 0.25123420970135E+03
 0.25365302522259E+03
 0.25607413293900E+03
 0.25851796247136E+03
 0.26097812163142E+03
