 0.20944098223028E+01
 0.20944098223028E+01
 0.20944098223028E+01
 0.20944098223028E+01
 0.20944098223028E+01
 0.20944098242572E+01
 0.20944098274557E+01
 0.20944098237791E+01
 0.20944098898666E+01
 0.20944096917657E+01
 0.20944082491386E+01
 0.20944079046646E+01
 0.20944076585692E+01
 0.20944065960549E+01
 0.20944064772329E+01
 0.20944075033338E+01
 0.20944081243895E+01
 0.20944091582760E+01
 0.20944083081371E+01
 0.20944073991541E+01
 0.20944072154424E+01
 0.20944073719988E+01
 0.20944089743658E+01
 0.20944104309206E+01
 0.20944088466552E+01
 0.20944102379104E+01
 0.20944114269338E+01
 0.20944117919090E+01
 0.20944111273563E+01
 0.20944119005651E+01
 0.20944105768272E+01
 0.20944138044192E+01
 0.20944078999907E+01
 0.20944097880646E+01
 0.20944128629735E+01
 0.20944115721857E+01
 0.20944128042216E+01
 0.20944114062514E+01
 0.20944113090070E+01
 0.20944104313794E+01
 0.20944101024476E+01
 0.20944115415362E+01
 0.20944124341840E+01
 0.20944102012253E+01
 0.20944076067652E+01
 0.20944074656594E+01
 0.20944038112066E+01
 0.20944000077958E+01
 0.20943963669396E+01
 0.20943957403768E+01
 0.20943876314508E+01
 0.20943860937949E+01
 0.20943574648663E+01
 0.20943608015145E+01
 0.20942995944393E+01
 0.20943087159595E+01
 0.20943204472567E+01
 0.20943120162348E+01
 0.20942588315288E+01
 0.20942901595186E+01
 0.20941349993549E+01
 0.20940903419114E+01
 0.20941273533773E+01
 0.20940123070736E+01
 0.20940272138015E+01
 0.20939500463895E+01
 0.20939189960192E+01
 0.20938982915571E+01
 0.20938674585030E+01
 0.20937942572352E+01
 0.20936468587034E+01
 0.20936336459735E+01
 0.20936102754129E+01
 0.20934199127224E+01
 0.20935594122607E+01
 0.20933156797192E+01
 0.20933424501660E+01
 0.20931009260216E+01
 0.20929277206356E+01
 0.20927944036311E+01
 0.20926509598062E+01
 0.20924396757216E+01
 0.20924476231988E+01
 0.20922252037534E+01
 0.20918696986314E+01
 0.20917401035468E+01
 0.20915039357472E+01
 0.20910759841821E+01
 0.20907566185293E+01
 0.20905789334139E+01
 0.20899665250221E+01
 0.20898292321825E+01
 0.20892620637439E+01
 0.20888520464075E+01
 0.20883177919732E+01
 0.20877240408319E+01
 0.20873966287227E+01
 0.20866881104579E+01
 0.20861129532793E+01
 0.20853990771238E+01
 0.20847625766051E+01
 0.20841322249323E+01
 0.20833385411035E+01
 0.20825223684246E+01
 0.20814152908793E+01
 0.20805360589185E+01
 0.20795319536624E+01
 0.20785848191526E+01
 0.20775282917862E+01
 0.20765451909324E+01
 0.20752098708891E+01
 0.20740447829450E+01
 0.20727156322872E+01
 0.20714151778877E+01
 0.20700201314054E+01
 0.20687026814443E+01
 0.20671493610947E+01
 0.20654856910798E+01
 0.20639928902998E+01
 0.20623256111821E+01
 0.20604392825612E+01
 0.20587148860539E+01
 0.20568256414533E+01
 0.20551633117359E+01
 0.20530557205487E+01
 0.20510287314246E+01
 0.20491641431869E+01
 0.20468121211333E+01
 0.20446973958336E+01
 0.20424643024135E+01
 0.20404391557902E+01
 0.20378429066093E+01
 0.20355488164780E+01
 0.20331601529598E+01
 0.20308418214190E+01
 0.20281531625227E+01
 0.20257792474437E+01
 0.20229913572645E+01
 0.20203407795596E+01
 0.20176107600838E+01
 0.20148661463101E+01
 0.20122274685645E+01
 0.20092586920107E+01
 0.20066374944304E+01
 0.20037178684093E+01
 0.20004756035616E+01
 0.19977724236802E+01
 0.19946347056783E+01
 0.19916861142415E+01
 0.19885968637399E+01
 0.19854441860117E+01
 0.19822311669936E+01
 0.19790056122602E+01
 0.19757739828877E+01
 0.19725919898949E+01
 0.19690888145117E+01
 0.19658838097222E+01
 0.19624121730420E+01
 0.19588459177053E+01
 0.19554242494299E+01
 0.19519085319871E+01
 0.19482558551808E+01
 0.19446317215024E+01
 0.19410095148071E+01
 0.19370790061197E+01
 0.19332967199694E+01
 0.19294353555499E+01
 0.19256546528499E+01
 0.19215699277787E+01
 0.19176800604214E+01
 0.19134926307440E+01
 0.19095525776702E+01
 0.19056364067918E+01
 0.19012660025324E+01
 0.18971436893969E+01
 0.18928932106094E+01
 0.18888529442952E+01
 0.18844111411631E+01
 0.18800559980293E+01
 0.18759482392874E+01
 0.18716280999448E+01
 0.18668934614321E+01
 0.18626868752802E+01
 0.18580966253521E+01
 0.18538449247129E+01
 0.18492779206946E+01
 0.18445771282634E+01
 0.18401681171823E+01
 0.18355276317647E+01
 0.18308645709500E+01
 0.18264868534862E+01
 0.18217170257387E+01
 0.18172233322447E+01
 0.18123457920871E+01
 0.18077320611256E+01
 0.18028388647080E+01
 0.17982988196623E+01
 0.17936411717678E+01
 0.17886621240547E+01
 0.17838748644912E+01
 0.17792927637155E+01
 0.17742596161462E+01
 0.17695185324074E+01
 0.17648840561831E+01
 0.17600231748835E+01
 0.17551949853949E+01
 0.17501574974445E+01
 0.17454716249818E+01
 0.17404060887657E+01
 0.17354650734739E+01
 0.17308380929171E+01
 0.17257960705019E+01
 0.17210171287487E+01
 0.17158685879039E+01
 0.17109275444045E+01
 0.17060911210766E+01
 0.17011440922930E+01
 0.16962384052095E+01
 0.16914246644592E+01
 0.16864897377585E+01
 0.16815327388800E+01
 0.16767626554886E+01
 0.16716267232221E+01
 0.16666799599688E+01
 0.16617138395484E+01
 0.16569815874315E+01
 0.16520607639287E+01
 0.16469144015290E+01
 0.16421740538477E+01
 0.16372452439738E+01
 0.16324240362078E+01
 0.16275322755444E+01
 0.16225305669351E+01
 0.16178179857114E+01
 0.16127931872520E+01
 0.16081250376312E+01
 0.16031943836663E+01
 0.15981006810268E+01
 0.15935727789702E+01
 0.15886926895693E+01
 0.15836616120670E+01
 0.15790527085833E+01
 0.15742066447935E+01
 0.15692560070883E+01
 0.15643100914109E+01
 0.15597965172789E+01
 0.15548883791104E+01
 0.15502712940251E+01
 0.15454139777160E+01
 0.15407628737495E+01
 0.15360380978316E+01
 0.15311378970913E+01
 0.15264285652430E+01
 0.15219147342052E+01
 0.15169756910282E+01
 0.15123447753737E+01
 0.15076239449308E+01
 0.15031768194078E+01
 0.14986181033645E+01
 0.14939868330380E+01
 0.14893624246328E+01
 0.14848018277199E+01
 0.14799976351957E+01
 0.14756649272206E+01
 0.14709610066074E+01
 0.14663598437180E+01
 0.14619512905953E+01
 0.14572046544907E+01
 0.14527561909805E+01
 0.14485234057674E+01
 0.14440662553652E+01
 0.14394443984532E+01
 0.14351670592043E+01
 0.14306033622122E+01
 0.14260962340636E+01
 0.14218598366400E+01
 0.14175661039888E+01
 0.14132425867872E+01
 0.14086141248074E+01
 0.14044215863630E+01
 0.14000625696805E+01
 0.13958296245900E+01
 0.13915469155725E+01
 0.13873172538897E+01
 0.13830626682594E+01
 0.13790059092736E+01
 0.13746200093889E+01
 0.13703559536847E+01
 0.13662185858838E+01
 0.13622642977290E+01
 0.13579551755529E+01
 0.13539646205920E+01
 0.13495920114450E+01
 0.13456359413401E+01
 0.13415843002097E+01
 0.13376074515304E+01
 0.13333705295310E+01
 0.13294544780899E+01
 0.13255463291607E+01
 0.13214093389451E+01
