 0.53405570733478E+07
 0.53405570733478E+07
 0.53405570733478E+07
 0.53405570733478E+07
 0.53405570733478E+07
 0.53405570733478E+07
 0.53405570733478E+07
 0.53405570733478E+07
 0.53405570733479E+07
 0.53405570733478E+07
 0.53405570733473E+07
 0.53405570733473E+07
 0.53405570733475E+07
 0.53405570733471E+07
 0.53405570733468E+07
 0.53405570733461E+07
 0.53405570733456E+07
 0.53405570733445E+07
 0.53405570733433E+07
 0.53405570733414E+07
 0.53405570733404E+07
 0.53405570733372E+07
 0.53405570733296E+07
 0.53405570733247E+07
 0.53405570733241E+07
 0.53405570733137E+07
 0.53405570732942E+07
 0.53405570732858E+07
 0.53405570732993E+07
 0.53405570732703E+07
 0.53405570732720E+07
 0.53405570731679E+07
 0.53405570732054E+07
 0.53405570731597E+07
 0.53405570730913E+07
 0.53405570731008E+07
 0.53405570729945E+07
 0.53405570729998E+07
 0.53405570728481E+07
 0.53405570727766E+07
 0.53405570727120E+07
 0.53405570725732E+07
 0.53405570722131E+07
 0.53405570723336E+07
 0.53405570722026E+07
 0.53405570720902E+07
 0.53405570724001E+07
 0.53405570719311E+07
 0.53405570720899E+07
 0.53405570714166E+07
 0.53405570718808E+07
 0.53405570708510E+07
 0.53405570721654E+07
 0.53405570720658E+07
 0.53405570721810E+07
 0.53405570709462E+07
 0.53405570722314E+07
 0.53405570708915E+07
 0.53405570688569E+07
 0.53405570695394E+07
 0.53405570686459E+07
 0.53405570715372E+07
 0.53405570674607E+07
 0.53405570669393E+07
 0.53405570704341E+07
 0.53405570648015E+07
 0.53405570676757E+07
 0.53405570624349E+07
 0.53405570513664E+07
 0.53405570649950E+07
 0.53405570734632E+07
 0.53405570629805E+07
 0.53405570482185E+07
 0.53405570700067E+07
 0.53405570625038E+07
 0.53405570575894E+07
 0.53405570519521E+07
 0.53405570355628E+07
 0.53405570357430E+07
 0.53405571039580E+07
 0.53405570698144E+07
 0.53405570832505E+07
 0.53405570491851E+07
 0.53405570519452E+07
 0.53405570872743E+07
 0.53405570473881E+07
 0.53405570681340E+07
 0.53405571223972E+07
 0.53405571261887E+07
 0.53405571018556E+07
 0.53405571780580E+07
 0.53405571045393E+07
 0.53405571022029E+07
 0.53405570575636E+07
 0.53405570408711E+07
 0.53405571158432E+07
 0.53405570692234E+07
 0.53405570070579E+07
 0.53405570305222E+07
 0.53405571488197E+07
 0.53405570526252E+07
 0.53405571389392E+07
 0.53405572245419E+07
 0.53405571774508E+07
 0.53405573242864E+07
 0.53405571480046E+07
 0.53405570611655E+07
 0.53405570607694E+07
 0.53405569328998E+07
 0.53405570778763E+07
 0.53405570707559E+07
 0.53405570762278E+07
 0.53405570191345E+07
 0.53405574990573E+07
 0.53405569223353E+07
 0.53405573189610E+07
 0.53405573439487E+07
 0.53405574976157E+07
 0.53405578328362E+07
 0.53405581185700E+07
 0.53405582059014E+07
 0.53405574776643E+07
 0.53405577049882E+07
 0.53405576543168E+07
 0.53405576982681E+07
 0.53405584003867E+07
 0.53405574600842E+07
 0.53405583173139E+07
 0.53405580541190E+07
 0.53405581426209E+07
 0.53405572701910E+07
 0.53405581458713E+07
 0.53405583716574E+07
 0.53405578536110E+07
 0.53405568916002E+07
 0.53405572776941E+07
 0.53405579159766E+07
 0.53405589230448E+07
 0.53405584415218E+07
 0.53405585581664E+07
 0.53405580986936E+07
 0.53405577490757E+07
 0.53405572444989E+07
 0.53405572163084E+07
 0.53405579250309E+07
 0.53405586289384E+07
 0.53405585598049E+07
 0.53405570767960E+07
 0.53405567372882E+07
 0.53405590984088E+07
 0.53405573574029E+07
 0.53405556468932E+07
 0.53405600591483E+07
 0.53405578966690E+07
 0.53405563412084E+07
 0.53405562258396E+07
 0.53405556783033E+07
 0.53405560280322E+07
 0.53405565454656E+07
 0.53405581197498E+07
 0.53405576665629E+07
 0.53405578590470E+07
 0.53405572888160E+07
 0.53405562381286E+07
 0.53405558310361E+07
 0.53405555671305E+07
 0.53405565865843E+07
 0.53405555983841E+07
 0.53405569808266E+07
 0.53405563151917E+07
 0.53405538686602E+07
 0.53405556935881E+07
 0.53405551573047E+07
 0.53405564009776E+07
 0.53405552117724E+07
 0.53405549467429E+07
 0.53405564599727E+07
 0.53405545652247E+07
 0.53405558271881E+07
 0.53405562298985E+07
 0.53405552821318E+07
 0.53405553392494E+07
 0.53405560148707E+07
 0.53405549347271E+07
 0.53405560261888E+07
 0.53405560303319E+07
 0.53405563010158E+07
 0.53405533996465E+07
 0.53405554271497E+07
 0.53405538678578E+07
 0.53405536644419E+07
 0.53405529882786E+07
 0.53405533726835E+07
 0.53405530823371E+07
 0.53405537055000E+07
 0.53405533540760E+07
 0.53405529757867E+07
 0.53405530248554E+07
 0.53405515047434E+07
 0.53405519369260E+07
 0.53405550364438E+07
 0.53405551642301E+07
 0.53405496259806E+07
 0.53405523531586E+07
 0.53405523799211E+07
 0.53405523884121E+07
 0.53405523936389E+07
 0.53405519038376E+07
 0.53405516378410E+07
 0.53405523468499E+07
 0.53405510492694E+07
 0.53405513980844E+07
 0.53405548299179E+07
 0.53405531727983E+07
 0.53405533519755E+07
 0.53405524886189E+07
 0.53405521714762E+07
 0.53405525919694E+07
 0.53405528667256E+07
 0.53405540817683E+07
 0.53405534303477E+07
 0.53405543229242E+07
 0.53405541211185E+07
 0.53405547716109E+07
 0.53405554105642E+07
 0.53405561218373E+07
 0.53405553484911E+07
 0.53405564222178E+07
 0.53405539998656E+07
 0.53405566516014E+07
 0.53405567991551E+07
 0.53405570370497E+07
 0.53405569838731E+07
 0.53405584693574E+07
 0.53405579547745E+07
 0.53405588484943E+07
 0.53405567419622E+07
 0.53405593354482E+07
 0.53405571522629E+07
 0.53405593193590E+07
 0.53405584519203E+07
 0.53405587195522E+07
 0.53405597600105E+07
 0.53405572947515E+07
 0.53405606530159E+07
 0.53405588651845E+07
 0.53405574678367E+07
 0.53405599940551E+07
 0.53405570996850E+07
 0.53405574188968E+07
 0.53405577298831E+07
 0.53405562169092E+07
 0.53405562245555E+07
 0.53405567386956E+07
 0.53405546249562E+07
 0.53405569411603E+07
 0.53405582311849E+07
 0.53405575273719E+07
 0.53405556215335E+07
 0.53405553740452E+07
 0.53405554055972E+07
 0.53405528668555E+07
 0.53405566366784E+07
 0.53405538838324E+07
 0.53405555208546E+07
 0.53405548942472E+07
 0.53405548332503E+07
 0.53405533563744E+07
 0.53405550787291E+07
 0.53405557529244E+07
 0.53405525558094E+07
 0.53405546919440E+07
 0.53405552154504E+07
 0.53405519493182E+07
 0.53405518479494E+07
 0.53405518343947E+07
 0.53405528192641E+07
 0.53405551338885E+07
 0.53405525647520E+07
 0.53405526387805E+07
 0.53405531760724E+07
 0.53405514942606E+07
 0.53405523351839E+07
 0.53405508701663E+07
 0.53405517791406E+07
 0.53405482113576E+07
 0.53405515246592E+07
 0.53405493256481E+07
 0.53405479385485E+07
 0.53405499873850E+07
 0.53405514191931E+07
 0.53405498088300E+07
 0.53405499188156E+07
 0.53405499712858E+07
 0.53405479942042E+07
 0.53405507044192E+07
 0.53405500866136E+07
 0.53405462537343E+07
 0.53405484296092E+07
 0.53405488320664E+07
