 0.83176571363982E+02
 0.83176571363993E+02
 0.83176571364246E+02
 0.83176571419259E+02
 0.83176573347217E+02
 0.83176591494077E+02
 0.83176671867343E+02
 0.83176896760619E+02
 0.83177367131976E+02
 0.83178179585701E+02
 0.83179412468727E+02
 0.83181122434615E+02
 0.83183345317745E+02
 0.83186103500880E+02
 0.83189404508012E+02
 0.83193251398530E+02
 0.83197635365385E+02
 0.83202544242854E+02
 0.83207962297421E+02
 0.83213869148678E+02
 0.83195984914075E+02
 0.83196517300794E+02
 0.83197154022231E+02
 0.83197905676236E+02
 0.83198783676488E+02
 0.83199797368318E+02
 0.83200963926642E+02
 0.83202280107314E+02
 0.83203762276504E+02
 0.83205429935090E+02
 0.83207302821727E+02
 0.83209371230531E+02
 0.83211667936155E+02
 0.83214215659530E+02
 0.83216989411822E+02
 0.83220037753398E+02
 0.83223361149954E+02
 0.83226994743156E+02
 0.83230919907890E+02
 0.83235136377928E+02
 0.83239754515413E+02
 0.83244690311606E+02
 0.83249967473765E+02
 0.83255621363155E+02
 0.83261702152385E+02
 0.83268160959061E+02
 0.83274972885900E+02
 0.83282191654307E+02
 0.83289855810648E+02
 0.83297955017888E+02
 0.83306442224213E+02
 0.83315389267679E+02
 0.83324753511169E+02
 0.83334565309623E+02
 0.83344863364015E+02
 0.83355614169840E+02
 0.83366797945967E+02
 0.83378523137631E+02
 0.83390679965224E+02
 0.83403240801032E+02
 0.83416570059508E+02
 0.83430136817659E+02
 0.83444241359110E+02
 0.83459046964590E+02
 0.83474177495341E+02
 0.83490151849014E+02
 0.83506551102462E+02
 0.83523238366129E+02
 0.83540824497525E+02
 0.83558820579895E+02
 0.83577795321166E+02
 0.83597296774191E+02
 0.83617111270636E+02
 0.83638200907347E+02
 0.83659613601085E+02
 0.83682045439863E+02
 0.83705167489194E+02
 0.83729368058137E+02
 0.83753852004910E+02
 0.83779766654090E+02
 0.83806422841069E+02
 0.83834024522072E+02
 0.83862538686933E+02
 0.83892181297368E+02
 0.83923427081745E+02
 0.83955363800784E+02
 0.83988479478159E+02
 0.84023264568580E+02
 0.84059346433120E+02
 0.84097030870842E+02
 0.84135596187247E+02
 0.84175640236277E+02
 0.84217905780437E+02
 0.84262105818430E+02
 0.84307302167512E+02
 0.84354164747139E+02
 0.84404032938660E+02
 0.84455137845051E+02
 0.84508775755867E+02
 0.84564457843107E+02
 0.84623089840389E+02
 0.84683601504520E+02
 0.84746689923242E+02
 0.84813028238517E+02
 0.84882659887046E+02
 0.84954936759555E+02
 0.85029815475457E+02
 0.85109538448693E+02
 0.85192406585493E+02
 0.85278427785952E+02
 0.85368222340880E+02
 0.85463049340194E+02
 0.85562172248508E+02
 0.85666480013439E+02
 0.85776545308305E+02
 0.85891036976376E+02
 0.86011372343413E+02
 0.86137956530901E+02
 0.86271741756691E+02
 0.86412221360343E+02
 0.86559819615631E+02
 0.86714883589126E+02
 0.86880569761025E+02
 0.87055735879975E+02
 0.87239598601517E+02
 0.87433432784578E+02
 0.87638570836036E+02
 0.87858880418680E+02
 0.88092189483105E+02
 0.88338966843737E+02
 0.88602229867393E+02
 0.88885122221288E+02
 0.89184416444708E+02
 0.89506548132851E+02
 0.89853960664260E+02
 0.90223179209553E+02
 0.90625398959676E+02
 0.91058309080048E+02
 0.91526493499639E+02
 0.92042642713454E+02
 0.92573384018007E+02
 0.93175848817452E+02
 0.93827508127918E+02
 0.94537615024750E+02
 0.95316872955519E+02
 0.96166573208266E+02
 0.97103354686064E+02
 0.98128245160158E+02
 0.99258069286353E+02
 0.10050252043919E+03
 0.10184848146065E+03
 0.10333229005185E+03
 0.10495905725410E+03
 0.10670711445399E+03
 0.10860152154244E+03
 0.11062105324091E+03
 0.11277300603048E+03
 0.11503584429054E+03
 0.11742028493315E+03
 0.11988683377010E+03
 0.12243585174314E+03
 0.12506389893935E+03
 0.12775203792076E+03
 0.13048535870074E+03
 0.13324932115457E+03
 0.13605417618895E+03
 0.13887975845142E+03
 0.14172503302928E+03
 0.14458704888717E+03
 0.14745630338343E+03
 0.15031930841197E+03
 0.15321061976320E+03
 0.15609652435337E+03
 0.15896406099622E+03
 0.16184998702902E+03
 0.16474050295518E+03
 0.16759970926659E+03
 0.17048489132810E+03
 0.17335170629901E+03
 0.17624274088102E+03
 0.17908058077622E+03
 0.18195002625311E+03
 0.18479779549550E+03
 0.18768166724243E+03
 0.19052685990007E+03
 0.19339698241681E+03
 0.19623047736981E+03
 0.19908377190928E+03
 0.20192919059788E+03
 0.20478691885888E+03
 0.20762577934001E+03
 0.21048566492168E+03
 0.21334464044646E+03
 0.21619720506770E+03
 0.21904404985757E+03
 0.22188051754551E+03
 0.22472782514613E+03
 0.22759411298615E+03
 0.23045436078566E+03
 0.23330200018860E+03
 0.23615985233795E+03
 0.23901050172375E+03
 0.24189360823022E+03
 0.24474609250366E+03
 0.24763352421412E+03
 0.25049019591804E+03
 0.25337594432380E+03
 0.25626292482252E+03
 0.25914672722786E+03
 0.26202803638292E+03
 0.26493442829337E+03
 0.26783062064620E+03
 0.27075465720339E+03
 0.27365561131093E+03
 0.27656320439003E+03
 0.27948750593670E+03
 0.28241337460778E+03
 0.28535004127684E+03
 0.28827071792220E+03
 0.29122512707973E+03
 0.29416748066488E+03
 0.29712863753840E+03
 0.30011093871897E+03
 0.30307164604708E+03
 0.30606043872539E+03
 0.30903184120365E+03
 0.31201734782614E+03
 0.31500662684314E+03
 0.31802290729830E+03
 0.32102692563201E+03
 0.32402788297926E+03
 0.32705812327205E+03
 0.33009478353379E+03
 0.33312465919826E+03
 0.33618875877295E+03
 0.33922488360410E+03
 0.34228690319512E+03
 0.34533945869765E+03
 0.34843736532767E+03
 0.35151510719965E+03
 0.35458983476184E+03
 0.35770154180173E+03
 0.36079529574709E+03
 0.36390501772795E+03
 0.36703735973850E+03
 0.37015082974273E+03
 0.37329956223052E+03
 0.37644167200801E+03
 0.37959128498045E+03
 0.38276057025088E+03
 0.38591166519225E+03
 0.38910186559946E+03
 0.39227448303238E+03
 0.39547244832008E+03
 0.39867642957547E+03
 0.40187944275320E+03
 0.40510248015367E+03
 0.40833580343980E+03
 0.41155141160817E+03
 0.41481275809113E+03
 0.41804215618268E+03
 0.42132232982297E+03
 0.42458391210246E+03
 0.42785669740453E+03
 0.43112969620058E+03
 0.43443291359745E+03
 0.43773584008066E+03
 0.44104822794646E+03
 0.44436358707072E+03
 0.44769307313626E+03
 0.45101432714301E+03
 0.45435490292213E+03
 0.45771900305295E+03
 0.46108389921338E+03
 0.46444249524709E+03
 0.46783194816061E+03
 0.47121750009846E+03
 0.47458667088518E+03
 0.47800904027936E+03
 0.48142160163106E+03
 0.48484699025666E+03
 0.48827424122256E+03
 0.49171351106185E+03
 0.49515010825424E+03
 0.49860524667497E+03
 0.50208108466697E+03
 0.50553612233427E+03
 0.50901540399467E+03
 0.51249460456505E+03
 0.51597805504967E+03
 0.51950987653790E+03
 0.52299274637205E+03
 0.52653602969418E+03
 0.53005431411890E+03
 0.53359237101156E+03
 0.53713903983793E+03
 0.54069535183504E+03
 0.54426143482732E+03
 0.54783213190816E+03
 0.55141558055468E+03
