 0.10000000133514E-09
 0.10000000133514E-09
 0.10000000133514E-09
 0.10000000133514E-09
 0.10000000133514E-09
 0.10000000133514E-09
 0.10000000133514E-09
 0.10000000133514E-09
 0.10000000133514E-09
 0.10000000133514E-09
 0.10000000133514E-09
 0.10000000133514E-09
 0.10000000133514E-09
 0.10000000133514E-09
 0.10000000133514E-09
 0.10000000133514E-09
 0.10000000133514E-09
 0.10000000133514E-09
 0.10000000133514E-09
 0.10000000133514E-09
 0.10000000133514E-09
 0.10000000133514E-09
 0.10000000133514E-09
 0.53039062613934E-04
 0.53039062613934E-04
 0.10473515302739E-03
 0.14198929075087E-03
 0.18857537290511E-03
 0.24586364335648E-03
 0.31526507311918E-03
 0.39820792836928E-03
 0.49610689013648E-03
 0.61042913499636E-03
 0.74255792120708E-03
 0.89386110799962E-03
 0.10657160363345E-02
 0.12593884132073E-02
 0.14761548039620E-02
 0.17171796354090E-02
 0.19835737245229E-02
 0.22764863257270E-02
 0.25969006358103E-02
 0.29457051429103E-02
 0.33238381820007E-02
 0.37321739921580E-02
 0.41714485913312E-02
 0.46423145913348E-02
 0.51455123165680E-02
 0.56817174830367E-02
 0.62513791330727E-02
 0.68550913458066E-02
 0.74933018778674E-02
 0.81664256749607E-02
 0.88750013541457E-02
 0.96194460281683E-02
 0.10400064300134E-01
 0.11217163111526E-01
 0.12071019555978E-01
 0.12962249866937E-01
 0.13890016206210E-01
 0.14856817672519E-01
 0.15860554076658E-01
 0.16903326320369E-01
 0.17984056965973E-01
 0.19103212032370E-01
 0.20262419207661E-01
 0.21460499552907E-01
 0.22695676719933E-01
 0.23973337163852E-01
 0.25289770400445E-01
 0.26647835370962E-01
 0.28046082566305E-01
 0.29483904285394E-01
 0.30964591061366E-01
 0.32486334863718E-01
 0.34049331815638E-01
 0.35656247270983E-01
 0.37307888036284E-01
 0.38994311134244E-01
 0.40730944731419E-01
 0.42511857919604E-01
 0.44337593235998E-01
 0.46204368580086E-01
 0.48118633811036E-01
 0.50084389917778E-01
 0.52091712469151E-01
 0.54148547373586E-01
 0.56253430012707E-01
 0.58411323608187E-01
 0.60618912741883E-01
 0.62870704423638E-01
 0.65177367684650E-01
 0.67540859690615E-01
 0.69957816121174E-01
 0.72425482037852E-01
 0.74945245333802E-01
 0.77537273833194E-01
 0.80175629184818E-01
 0.82875619271393E-01
 0.85638532065234E-01
 0.88471350825407E-01
 0.91359705247511E-01
 0.94312359341320E-01
 0.97340399160941E-01
 0.10044050409154E+00
 0.10361338721083E+00
 0.10684822813069E+00
 0.11018184011766E+00
 0.11358499347997E+00
 0.11705981778551E+00
 0.12062088085855E+00
 0.12427842756389E+00
 0.12802289502862E+00
 0.13186575922994E+00
 0.13581472792142E+00
 0.13986100425758E+00
 0.14400422211042E+00
 0.14826451423987E+00
 0.15264829209400E+00
 0.15714549742986E+00
 0.16176618908776E+00
 0.16651714000127E+00
 0.17141616834461E+00
 0.17646294079670E+00
 0.18164763016942E+00
 0.18697903734659E+00
 0.19246979543678E+00
 0.19814796312024E+00
 0.20400037821457E+00
 0.21000845512348E+00
 0.21620388945382E+00
 0.22259827521464E+00
 0.22913641766969E+00
 0.23589169121346E+00
 0.24281591902509E+00
 0.24987145014105E+00
 0.25709188676701E+00
 0.26440675410889E+00
 0.27178672507202E+00
 0.27917327935112E+00
 0.28651831530334E+00
 0.29379358076905E+00
 0.30094465764843E+00
 0.30792875488584E+00
 0.31474294824701E+00
 0.32136679831863E+00
 0.32782163731344E+00
 0.33410691284825E+00
 0.34024850212830E+00
 0.34626241716410E+00
 0.35215108376613E+00
 0.35794724283633E+00
 0.36366206505197E+00
 0.36929423404928E+00
 0.37486202312720E+00
 0.38036746580319E+00
 0.38581921657797E+00
 0.39121858745961E+00
 0.39657049455827E+00
 0.40187651378492E+00
 0.40713521678536E+00
 0.41235196047303E+00
 0.41752273890932E+00
 0.42264987746556E+00
 0.42773265753543E+00
 0.43277007708987E+00
 0.43776210383924E+00
 0.44270747271445E+00
 0.44760733918351E+00
 0.45245858739966E+00
 0.45726216939849E+00
 0.46201726559245E+00
 0.46672382093185E+00
 0.47137919054482E+00
 0.47598599502544E+00
 0.48054353085128E+00
 0.48504968646493E+00
 0.48950584932654E+00
 0.49391136516336E+00
 0.49826702553080E+00
 0.50257085636498E+00
 0.50682549527335E+00
 0.51102969191792E+00
 0.51518473492768E+00
 0.51928967121095E+00
 0.52334528638320E+00
 0.52735179248218E+00
 0.53131013266826E+00
 0.53522015567260E+00
 0.53908283865894E+00
 0.54289815290655E+00
 0.54666729009027E+00
 0.55039023137203E+00
 0.55406725939851E+00
 0.55769967283431E+00
 0.56128709059528E+00
 0.56483104930777E+00
 0.56833206515194E+00
 0.57179000925051E+00
 0.57520625245584E+00
 0.57858058281824E+00
 0.58191418570205E+00
 0.58520774579711E+00
 0.58846141415765E+00
 0.59167630642839E+00
 0.59485240110241E+00
 0.59799087418552E+00
 0.60109225827069E+00
 0.60415666422845E+00
 0.60718501963756E+00
 0.61017775366958E+00
 0.61313561479818E+00
 0.61605914134106E+00
 0.61894857214133E+00
 0.62180478204652E+00
 0.62462815425244E+00
 0.62741944574096E+00
 0.63017882659991E+00
 0.63290689769761E+00
 0.63560457087835E+00
 0.63827154910169E+00
 0.64090935786188E+00
 0.64351760852440E+00
 0.64609703251305E+00
 0.64864826509946E+00
 0.65117141509374E+00
 0.65366733137227E+00
 0.65613616139949E+00
 0.65857869437793E+00
 0.66099493465804E+00
 0.66338529125169E+00
 0.66575068333119E+00
 0.66809095876375E+00
 0.67040692871203E+00
 0.67269864614398E+00
 0.67496665549563E+00
 0.67721120737067E+00
 0.67943294666074E+00
 0.68163209141973E+00
 0.68380853376295E+00
 0.68596327166087E+00
 0.68809664236769E+00
 0.69020841769994E+00
 0.69229935492619E+00
 0.69436965809011E+00
 0.69641967568210E+00
 0.69844963131668E+00
 0.70045998426998E+00
 0.70245072109863E+00
 0.70442269210220E+00
 0.70637508422945E+00
 0.70830972073681E+00
 0.71022558424772E+00
 0.71212375919492E+00
 0.71400409517757E+00
 0.71586695271182E+00
 0.71771222633017E+00
 0.71954103825927E+00
 0.72135278900493E+00
 0.72314807557798E+00
 0.72492692893915E+00
 0.72668999704139E+00
 0.72843701880836E+00
 0.73016854576680E+00
 0.73188477821007E+00
 0.73358577716332E+00
 0.73527176567384E+00
 0.73694313040433E+00
 0.73859964880977E+00
 0.74024230091670E+00
 0.74187028706292E+00
 0.74348460695199E+00
 0.74508513849165E+00
 0.74667218316989E+00
 0.74824569022672E+00
 0.74980594785697E+00
 0.75135324886559E+00
 0.75288733616448E+00
 0.75440922911408E+00
 0.75591815873911E+00
 0.75741498498487E+00
 0.75889944344719E+00
 0.76037183390607E+00
 0.76183238201919E+00
 0.76328111605168E+00
 0.76471832874577E+00
 0.76614388130546E+00
 0.76755841131448E+00
 0.76896141015865E+00
 0.77035350941847E+00
 0.77173483649303E+00
 0.77310526477237E+00
 0.77446514414010E+00
 0.77581458008650E+00
 0.77715338236685E+00
 0.77848216825907E+00
 0.77980077182774E+00
 0.78110935514846E+00
 0.78240811888775E+00
 0.78369703396944E+00
