 0.77828127914593E+07
 0.77828127914647E+07
 0.77828127915301E+07
 0.77828127918517E+07
 0.77828127940319E+07
 0.77828128089108E+07
 0.77828129398257E+07
 0.77828135132704E+07
 0.77828154248336E+07
 0.77828204368625E+07
 0.77828314346846E+07
 0.77828523524380E+07
 0.77828883628367E+07
 0.77829457172028E+07
 0.77830307446143E+07
 0.77831519134144E+07
 0.77833160634334E+07
 0.77835309933114E+07
 0.77838042139809E+07
 0.77841429596956E+07
 0.77845564942577E+07
 0.77850464020788E+07
 0.77856213445734E+07
 0.77862861012937E+07
 0.77870461441964E+07
 0.77879050390728E+07
 0.77888683238320E+07
 0.77899324465359E+07
 0.77911025670425E+07
 0.77923831489403E+07
 0.77937790509549E+07
 0.77952814688910E+07
 0.77968999321723E+07
 0.77986382546921E+07
 0.78004815031449E+07
 0.78024442437601E+07
 0.78045207851323E+07
 0.78067210214808E+07
 0.78090298203955E+07
 0.78114424666523E+07
 0.78140006825315E+07
 0.78166642431767E+07
 0.78194370897964E+07
 0.78223274113229E+07
 0.78253548441526E+07
 0.78284925232638E+07
 0.78317224901331E+07
 0.78350657490518E+07
 0.78385328897410E+07
 0.78421140925168E+07
 0.78457824205854E+07
 0.78495648531743E+07
 0.78534326937412E+07
 0.78573969676633E+07
 0.78614645560407E+07
 0.78656072551653E+07
 0.78698114956618E+07
 0.78741121763014E+07
 0.78784506597426E+07
 0.78827923360685E+07
 0.78872930597496E+07
 0.78916955627564E+07
 0.78961093933158E+07
 0.79006004802806E+07
 0.79049604931130E+07
 0.79094186767019E+07
 0.79137431059020E+07
 0.79178381900818E+07
 0.79219663762792E+07
 0.79258607098118E+07
 0.79297550888477E+07
 0.79333949808972E+07
 0.79366413993375E+07
 0.79398925685853E+07
 0.79426687574667E+07
 0.79452407264312E+07
 0.79474024934464E+07
 0.79492690236136E+07
 0.79504371430072E+07
 0.79513585777574E+07
 0.79516477507976E+07
 0.79513384900945E+07
 0.79503528624983E+07
 0.79487023659465E+07
 0.79465180583834E+07
 0.79433103955111E+07
 0.79392289308434E+07
 0.79343704325630E+07
 0.79284703267376E+07
 0.79215940352742E+07
 0.79133352290942E+07
 0.79038310548395E+07
 0.78932239019310E+07
 0.78812975946766E+07
 0.78675968073232E+07
 0.78522838368228E+07
 0.78355556352989E+07
 0.78168166982136E+07
 0.77962682144098E+07
 0.77736223936944E+07
 0.77489231635731E+07
 0.77218146408592E+07
 0.76922557103594E+07
 0.76602058796634E+07
 0.76254638693037E+07
 0.75876863461134E+07
 0.75467854333291E+07
 0.75026883662591E+07
 0.74550764292127E+07
 0.74037452934316E+07
 0.73484535047864E+07
 0.72890243487343E+07
 0.72251723370275E+07
 0.71566083126852E+07
 0.70829854881404E+07
 0.70040569080677E+07
 0.69195909650364E+07
 0.68290806682661E+07
 0.67320897153838E+07
 0.66284021012319E+07
 0.65176148354221E+07
 0.63993011770184E+07
 0.62725105375437E+07
 0.61369774247561E+07
 0.59927358089176E+07
 0.58392002447295E+07
 0.56757476127595E+07
 0.55007836913564E+07
 0.53148248620134E+07
 0.51181345391728E+07
 0.49094973480360E+07
 0.46879319296982E+07
 0.44561233304875E+07
 0.42115527998361E+07
 0.39554054699185E+07
 0.36917237203778E+07
 0.34184130124342E+07
 0.31407624152908E+07
 0.28622361931096E+07
 0.25881489473845E+07
 0.23228619525129E+07
 0.20697366385197E+07
 0.18339836827938E+07
 0.16196287833327E+07
 0.14275872267193E+07
 0.12597091821221E+07
 0.11140770739951E+07
 0.99036021421769E+06
 0.88570237604923E+06
 0.79799525263936E+06
 0.72602764056761E+06
 0.66607410060504E+06
 0.61633502860730E+06
 0.57589991742798E+06
 0.54249179122468E+06
 0.51520652935705E+06
 0.49265830060364E+06
 0.47410821899049E+06
 0.45861023670211E+06
 0.44570828883484E+06
 0.43483602925039E+06
 0.42551247990204E+06
 0.41743845587574E+06
 0.41035373040868E+06
 0.40404135751462E+06
 0.39827187808616E+06
 0.39292725838156E+06
 0.38789323845344E+06
 0.38305933073722E+06
 0.37837276539382E+06
 0.37377949096079E+06
 0.36920337590913E+06
 0.36464214526813E+06
 0.36006942511721E+06
 0.35544752815049E+06
 0.35077723363670E+06
 0.34605765897802E+06
 0.34127198392592E+06
 0.33642929753363E+06
 0.33152188111526E+06
 0.32656547695237E+06
 0.32155205413644E+06
 0.31649289631750E+06
 0.31139074554146E+06
 0.30625682598360E+06
 0.30109519615600E+06
 0.29591211289925E+06
 0.29071477601877E+06
 0.28551080162367E+06
 0.28030638657661E+06
 0.27510641405574E+06
 0.26991834278958E+06
 0.26474753679636E+06
 0.25959960525003E+06
 0.25447878537005E+06
 0.24939078041764E+06
 0.24433935832859E+06
 0.23932973707140E+06
 0.23436433224213E+06
 0.22944670948215E+06
 0.22458146904569E+06
 0.21976932152282E+06
 0.21501557407618E+06
 0.21031948601996E+06
 0.20568636520624E+06
 0.20111410597415E+06
 0.19660810101323E+06
 0.19216796773143E+06
 0.18779442239739E+06
 0.18348898802997E+06
 0.17925381407235E+06
 0.17508723665279E+06
 0.17099267249626E+06
 0.16696626816974E+06
 0.16301098668166E+06
 0.15912746990874E+06
 0.15531431412117E+06
 0.15157257639560E+06
 0.14789918320849E+06
 0.14429831203942E+06
 0.14076603295972E+06
 0.13730421574660E+06
 0.13391186545288E+06
 0.13058607839585E+06
 0.12732959635835E+06
 0.12413801299549E+06
 0.12101391306420E+06
 0.11795431780605E+06
 0.11496143323741E+06
 0.11203019583418E+06
 0.10916095746083E+06
 0.10635745132752E+06
 0.10361321837418E+06
 0.10092872180302E+06
 0.98306322535895E+05
 0.95738544715756E+05
 0.93229373403867E+05
 0.90776343620876E+05
 0.88381025306733E+05
 0.86038489141571E+05
 0.83748448898382E+05
 0.81513420946281E+05
 0.79327693101279E+05
 0.77193390805946E+05
 0.75109791485614E+05
 0.73072410849863E+05
 0.71084964115931E+05
 0.69144250879329E+05
 0.67248248998738E+05
 0.65397928464089E+05
 0.63589558388966E+05
 0.61827851580055E+05
 0.60105046242808E+05
 0.58425044001295E+05
 0.56785562019010E+05
 0.55184703248263E+05
 0.53623931108387E+05
 0.52100644113074E+05
 0.50612129377745E+05
 0.49163343628444E+05
 0.47746632355598E+05
 0.46367902616049E+05
 0.45020818433875E+05
 0.43706898885274E+05
 0.42425172063384E+05
 0.41176291230567E+05
 0.39957853689283E+05
 0.38769608037381E+05
 0.37609698402412E+05
 0.36480173770634E+05
 0.35378090393649E+05
 0.34302389923853E+05
 0.33255970549788E+05
 0.32234988314730E+05
 0.31239031136216E+05
 0.30267635514516E+05
 0.29321524353892E+05
 0.28397011568666E+05
 0.27499512397333E+05
 0.26622575732013E+05
 0.25768203742372E+05
 0.24935922245293E+05
 0.24124233021866E+05
 0.23333530971136E+05
 0.22561408983968E+05
 0.21811302766505E+05
 0.21078533584990E+05
 0.20364952811749E+05
 0.19669574511804E+05
 0.18991846959398E+05
 0.18334221508924E+05
 0.17688390802980E+05
 0.17063565025032E+05
 0.16452929389046E+05
 0.15857945937584E+05
 0.15279634375026E+05
 0.14714651400496E+05
 0.14166232191317E+05
 0.13631637030061E+05
 0.13110413130145E+05
