 0.13708380095672E+03
 0.13708380095668E+03
 0.13708380095628E+03
 0.13708380104278E+03
 0.13708380419564E+03
 0.13708383395743E+03
 0.13708396560561E+03
 0.13708433276320E+03
 0.13708509673953E+03
 0.13708640656966E+03
 0.13708837510282E+03
 0.13709107221543E+03
 0.13709452878161E+03
 0.13709874545745E+03
 0.13710369749090E+03
 0.13710934226739E+03
 0.13711562574253E+03
 0.13712248251801E+03
 0.13712984303387E+03
 0.13713763313356E+03
 0.13710579150655E+03
 0.13710386046757E+03
 0.13710161988839E+03
 0.13709906004452E+03
 0.13709617788802E+03
 0.13709297379494E+03
 0.13708945558436E+03
 0.13708563099144E+03
 0.13708151890626E+03
 0.13707714215689E+03
 0.13707252901637E+03
 0.13706770368715E+03
 0.13706270555556E+03
 0.13705757265990E+03
 0.13705233352119E+03
 0.13704703778330E+03
 0.13704172317350E+03
 0.13703643405590E+03
 0.13703120547640E+03
 0.13702607206241E+03
 0.13702109686357E+03
 0.13701629166374E+03
 0.13701169427293E+03
 0.13700734325283E+03
 0.13700327559978E+03
 0.13699950515618E+03
 0.13699604794755E+03
 0.13699293754349E+03
 0.13699020018231E+03
 0.13698785003341E+03
 0.13698589241430E+03
 0.13698435543581E+03
 0.13698324703267E+03
 0.13698258318131E+03
 0.13698239291140E+03
 0.13698267921858E+03
 0.13698345915220E+03
 0.13698477406314E+03
 0.13698661607183E+03
 0.13698902389451E+03
 0.13699209176502E+03
 0.13699574408484E+03
 0.13700008233095E+03
 0.13700519929532E+03
 0.13701105712778E+03
 0.13701783457080E+03
 0.13702550259866E+03
 0.13703410603088E+03
 0.13704387671804E+03
 0.13705481768334E+03
 0.13706712623941E+03
 0.13708082269309E+03
 0.13709596906024E+03
 0.13711297137002E+03
 0.13713171888214E+03
 0.13715255093454E+03
 0.13717556959722E+03
 0.13720107587699E+03
 0.13722899309763E+03
 0.13725994969918E+03
 0.13729393440596E+03
 0.13733126889321E+03
 0.13737217563228E+03
 0.13741704643626E+03
 0.13746639887722E+03
 0.13752015624340E+03
 0.13757884145086E+03
 0.13764308715328E+03
 0.13771309320790E+03
 0.13778951047368E+03
 0.13787221826289E+03
 0.13796216678992E+03
 0.13806020835834E+03
 0.13816675236602E+03
 0.13828174118615E+03
 0.13840606900100E+03
 0.13854169001621E+03
 0.13868761945113E+03
 0.13884572148006E+03
 0.13901645154309E+03
 0.13920150727370E+03
 0.13940049421435E+03
 0.13961518416511E+03
 0.13984735954528E+03
 0.14009825714417E+03
 0.14036822449425E+03
 0.14065820709370E+03
 0.14097309808649E+03
 0.14131173558455E+03
 0.14167535854410E+03
 0.14206680085173E+03
 0.14249029436221E+03
 0.14294620712524E+03
 0.14343855342862E+03
 0.14397134302656E+03
 0.14454421037880E+03
 0.14516197681391E+03
 0.14583025165483E+03
 0.14655452530405E+03
 0.14733655650278E+03
 0.14818222035997E+03
 0.14909735610073E+03
 0.15009533773542E+03
 0.15118051236132E+03
 0.15235537614661E+03
 0.15363152056157E+03
 0.15502152079334E+03
 0.15655019383736E+03
 0.15822014686877E+03
 0.16004251748663E+03
 0.16204485467825E+03
 0.16425881925071E+03
 0.16668513298167E+03
 0.16937458856364E+03
 0.17236698398083E+03
 0.17566387424529E+03
 0.17937541893807E+03
 0.18347320921940E+03
 0.18811361018251E+03
 0.19327445411101E+03
 0.19905795856003E+03
 0.20558958226864E+03
 0.21293564409531E+03
 0.22117574576587E+03
 0.23044708604174E+03
 0.24076853482857E+03
 0.25230831732230E+03
 0.26502587264816E+03
 0.27901214763408E+03
 0.29423052240548E+03
 0.31041879208848E+03
 0.32774408660195E+03
 0.34609497877703E+03
 0.36507384893252E+03
 0.38481492068960E+03
 0.40501281110747E+03
 0.42569991174587E+03
 0.44670731123630E+03
 0.46811095925619E+03
 0.48972221486888E+03
 0.51154741302829E+03
 0.53366188089926E+03
 0.55600669834589E+03
 0.57856088765395E+03
 0.60125491283609E+03
 0.62424255639832E+03
 0.64742926829157E+03
 0.67084081870477E+03
 0.69451663472822E+03
 0.71841268781499E+03
 0.74247108775981E+03
 0.76694499122380E+03
 0.79163193317987E+03
 0.81645442526349E+03
 0.84167291390870E+03
 0.86722739014139E+03
 0.89289469677566E+03
 0.91900136455389E+03
 0.94532406900494E+03
 0.97213739991116E+03
 0.99896745213149E+03
 0.10262895768857E+04
 0.10538695790525E+04
 0.10820091893542E+04
 0.11102314744292E+04
 0.11389949497497E+04
 0.11679075976442E+04
 0.11972952544843E+04
 0.12270185909820E+04
 0.12571823451988E+04
 0.12876382726481E+04
 0.13186029361057E+04
 0.13499329155484E+04
 0.13816339244484E+04
 0.14137153560948E+04
 0.14461107087900E+04
 0.14789950029384E+04
 0.15123984308732E+04
 0.15461934938534E+04
 0.15803094408292E+04
 0.16149529344448E+04
 0.16499680562874E+04
 0.16856194912740E+04
 0.17215389109655E+04
 0.17581356323430E+04
 0.17949507488401E+04
 0.18324456554978E+04
 0.18703699215339E+04
 0.19087844277484E+04
 0.19476608554738E+04
 0.19871296753904E+04
 0.20270691544360E+04
 0.20676929092802E+04
 0.21086082883397E+04
 0.21501547741722E+04
 0.21922528829729E+04
 0.22349153748424E+04
 0.22781789222157E+04
 0.23218616416360E+04
 0.23662904578587E+04
 0.24111760034584E+04
 0.24568041946871E+04
 0.25030826967290E+04
 0.25498401748678E+04
 0.25973363135668E+04
 0.26452951786574E+04
 0.26939192019690E+04
 0.27432389211669E+04
 0.27932659583999E+04
 0.28439149617797E+04
 0.28950877043968E+04
 0.29471946676310E+04
 0.29999497815795E+04
 0.30533715444684E+04
 0.31076428018089E+04
 0.31623996570202E+04
 0.32180563328216E+04
 0.32743107041842E+04
 0.33315772566009E+04
 0.33894521090109E+04
 0.34480709994032E+04
 0.35076351045787E+04
 0.35678753318186E+04
 0.36289804338206E+04
 0.36910002784928E+04
 0.37537028909287E+04
 0.38174198862537E+04
 0.38819936891363E+04
 0.39473839833485E+04
 0.40137954690553E+04
 0.40809138600241E+04
 0.41492062013010E+04
 0.42182241777022E+04
 0.42883894580262E+04
 0.43594673131475E+04
 0.44314833215233E+04
 0.45046254546535E+04
 0.45787377802170E+04
 0.46537537069172E+04
 0.47300830684624E+04
 0.48072574705312E+04
 0.48858144228624E+04
 0.49653156233919E+04
 0.50459280322517E+04
 0.51276841259800E+04
 0.52107756758374E+04
 0.52949672476401E+04
 0.53804095732849E+04
 0.54669661123746E+04
 0.55549042673014E+04
 0.56441291928687E+04
 0.57346068606240E+04
 0.58265765839711E+04
 0.59198742764862E+04
 0.60144248052057E+04
 0.61104827308794E+04
 0.62080443401662E+04
 0.63068458397776E+04
 0.64074023055915E+04
 0.65094468892346E+04
 0.66130290255544E+04
 0.67181840111275E+04
 0.68249976512009E+04
 0.69334515435037E+04
 0.70435451707493E+04
 0.71555209666183E+04
 0.72691292470751E+04
 0.73846186985227E+04
 0.75019037563419E+04
 0.76210714821779E+04
 0.77423228135494E+04
 0.78653119829733E+04
 0.79905077897878E+04
 0.81177373381353E+04
 0.82470917062673E+04
 0.83786044109452E+04
 0.85123538640676E+04
 0.86483569302593E+04
 0.87867039929302E+04
 0.89274474850772E+04
