 0.10000000133514E-09
 0.10000000133514E-09
 0.10000000133514E-09
 0.10000000133514E-09
 0.10000000133514E-09
 0.10000000133514E-09
 0.10000000133514E-09
 0.10000000133514E-09
 0.10000000133514E-09
 0.10000000133514E-09
 0.10000000133514E-09
 0.10000000133514E-09
 0.10000000133514E-09
 0.10000000133514E-09
 0.10000000133514E-09
 0.10000000133514E-09
 0.10000000133514E-09
 0.10000000133514E-09
 0.10000000133514E-09
 0.10000000133514E-09
 0.10000000133514E-09
 0.10000000133514E-09
 0.64651977245287E-04
 0.64651977245287E-04
 0.12906375754609E-03
 0.17559238237873E-03
 0.23381212116803E-03
 0.30539818937951E-03
 0.39206574353353E-03
 0.49554638401209E-03
 0.61755954868083E-03
 0.75976962147945E-03
 0.92389581386882E-03
 0.11115027306113E-02
 0.13241184573425E-02
 0.15632888997843E-02
 0.18303636275909E-02
 0.21267216485661E-02
 0.24535756737157E-02
 0.28120702323614E-02
 0.32033994064565E-02
 0.36285444392092E-02
 0.40883579257463E-02
 0.45837606899763E-02
 0.51156086637497E-02
 0.56845947600930E-02
 0.62912602238640E-02
 0.69363609335033E-02
 0.76204835365981E-02
 0.83440002251486E-02
 0.91074326231659E-02
 0.99111996323715E-02
 0.10755569883969E-01
 0.11641103301742E-01
 0.12568151660351E-01
 0.13536940173793E-01
 0.14547401224503E-01
 0.15600611547447E-01
 0.16696398164363E-01
 0.17834204869022E-01
 0.19016513794917E-01
 0.20240672652623E-01
 0.21508888056818E-01
 0.22820587869030E-01
 0.24175826323775E-01
 0.25575985192306E-01
 0.27020492522777E-01
 0.28507518419438E-01
 0.30042322992065E-01
 0.31620610297362E-01
 0.33246324232333E-01
 0.34917229795778E-01
 0.36632470009395E-01
 0.38395616255665E-01
 0.40206718125504E-01
 0.42062933901621E-01
 0.43969387429571E-01
 0.45926127832416E-01
 0.47921372922513E-01
 0.49974287571127E-01
 0.52076797950039E-01
 0.54230234527569E-01
 0.56429541857555E-01
 0.58682888901782E-01
 0.60994393563841E-01
 0.63353280832155E-01
 0.65767898011493E-01
 0.68239659014330E-01
 0.70767516005746E-01
 0.73354742172160E-01
 0.75990274947531E-01
 0.78691107115607E-01
 0.81454855781036E-01
 0.84280101366611E-01
 0.87163078104276E-01
 0.90105928591960E-01
 0.93131439719440E-01
 0.96213454317053E-01
 0.99365138159626E-01
 0.10258933023427E+00
 0.10589493526745E+00
 0.10926405293824E+00
 0.11270961724023E+00
 0.11624239150359E+00
 0.11986096182601E+00
 0.12356117180327E+00
 0.12734093446517E+00
 0.13123302279809E+00
 0.13521028509324E+00
 0.13927200422810E+00
 0.14343755057549E+00
 0.14771654274726E+00
 0.15210399679396E+00
 0.15661028139488E+00
 0.16124191032229E+00
 0.16599101850187E+00
 0.17086200238135E+00
 0.17587362121975E+00
 0.18103640738268E+00
 0.18633831417416E+00
 0.19178914560685E+00
 0.19740117546542E+00
 0.20319072055650E+00
 0.20916384624976E+00
 0.21529540387299E+00
 0.22160338964849E+00
 0.22809158109323E+00
 0.23479942349223E+00
 0.24169259139036E+00
 0.24874631437845E+00
 0.25597269809516E+00
 0.26337332482027E+00
 0.27086938104797E+00
 0.27846139965948E+00
 0.28609541469242E+00
 0.29366677633243E+00
 0.30117494978459E+00
 0.30852084887610E+00
 0.31566930388215E+00
 0.32258535966183E+00
 0.32927139120110E+00
 0.33574839690993E+00
 0.34202613266877E+00
 0.34812268670437E+00
 0.35406889717361E+00
 0.35987850500591E+00
 0.36558031052034E+00
 0.37118504165254E+00
 0.37670888622034E+00
 0.38216426379771E+00
 0.38754750244852E+00
 0.39288188934278E+00
 0.39816629577892E+00
 0.40339933351467E+00
 0.40858744980362E+00
 0.41373283192659E+00
 0.41883548990671E+00
 0.42389568830483E+00
 0.42891453750106E+00
 0.43389235304876E+00
 0.43882654979788E+00
 0.44372029310416E+00
 0.44857054312444E+00
 0.45337741491304E+00
 0.45814002404891E+00
 0.46285807626329E+00
 0.46753128055419E+00
 0.47215742859087E+00
 0.47673931733973E+00
 0.48127484626711E+00
 0.48576200855573E+00
 0.49020313702361E+00
 0.49459636646875E+00
 0.49894159488131E+00
 0.50323898315915E+00
 0.50749077170523E+00
 0.51169250467949E+00
 0.51584828061896E+00
 0.51995621183649E+00
 0.52401706703960E+00
 0.52803007961801E+00
 0.53199675190285E+00
 0.53591719421594E+00
 0.53979169621116E+00
 0.54361993678507E+00
 0.54740354954794E+00
 0.55114119101920E+00
 0.55483506396244E+00
 0.55848477640716E+00
 0.56209091904140E+00
 0.56565390089949E+00
 0.56917451226526E+00
 0.57265340624364E+00
 0.57609038205155E+00
 0.57948639148902E+00
 0.58284187776698E+00
 0.58615781884923E+00
 0.58943442110148E+00
 0.59267211504322E+00
 0.59587154455240E+00
 0.59903356515908E+00
 0.60215800223651E+00
 0.60524641390507E+00
 0.60829819090811E+00
 0.61131496096504E+00
 0.61429636917866E+00
 0.61724369727365E+00
 0.62015705580119E+00
 0.62303679364990E+00
 0.62588373513294E+00
 0.62869859426926E+00
 0.63148131039112E+00
 0.63423291372432E+00
 0.63695342809064E+00
 0.63964360405678E+00
 0.64230386931129E+00
 0.64493477302587E+00
 0.64753665130292E+00
 0.65010992975083E+00
 0.65265526774985E+00
 0.65517282441665E+00
 0.65766326300648E+00
 0.66012712325213E+00
 0.66256438241691E+00
 0.66497574053198E+00
 0.66736140799500E+00
 0.66972217533982E+00
 0.67205795761852E+00
 0.67436969660220E+00
 0.67665722464558E+00
 0.67892102581677E+00
 0.68116180118524E+00
 0.68337955656001E+00
 0.68557475804943E+00
 0.68774790308424E+00
 0.68989903630391E+00
 0.69202869857243E+00
 0.69413698480855E+00
 0.69622459815938E+00
 0.69829152391844E+00
 0.70033807945420E+00
 0.70236502591136E+00
 0.70437206112490E+00
 0.70635964544112E+00
 0.70832818576213E+00
 0.71027786872364E+00
 0.71220924973791E+00
 0.71412225495502E+00
 0.71601721585999E+00
 0.71789439986157E+00
 0.71975418028566E+00
 0.72159683740600E+00
 0.72342215208030E+00
 0.72523099282519E+00
 0.72702325616085E+00
 0.72879951335031E+00
 0.73055928294094E+00
 0.73230355677347E+00
 0.73403200010393E+00
 0.73574517089110E+00
 0.73744334332703E+00
 0.73912643375204E+00
 0.74079468655752E+00
 0.74244845985783E+00
 0.74408765172325E+00
 0.74571307991957E+00
 0.74732435545345E+00
 0.74892166734430E+00
 0.75050563249427E+00
 0.75207605242632E+00
 0.75363331951496E+00
 0.75517753967589E+00
 0.75670888085250E+00
 0.75822728766833E+00
 0.75973342899243E+00
 0.76122682634191E+00
 0.76270834810418E+00
 0.76417741010684E+00
 0.76563495536548E+00
 0.76708047325982E+00
 0.76851448131393E+00
 0.76993703141524E+00
 0.77134802333414E+00
 0.77274798356779E+00
 0.77413680580783E+00
 0.77551500280204E+00
 0.77688202646528E+00
 0.77823861894863E+00
 0.77958453475189E+00
 0.78092033448554E+00
 0.78224568156695E+00
 0.78356080821760E+00
 0.78486609274079E+00
 0.78616138219546E+00
 0.78744688908643E+00
 0.78872273119103E+00
 0.78998907092764E+00
 0.79124590534830E+00
 0.79249342649199E+00
 0.79373179015384E+00
