 0.83176571363982E+02
 0.83176571363993E+02
 0.83176571364246E+02
 0.83176571419259E+02
 0.83176573347217E+02
 0.83176591494077E+02
 0.83176671867343E+02
 0.83176896760619E+02
 0.83177367131976E+02
 0.83178179585701E+02
 0.83179412468704E+02
 0.83181122434632E+02
 0.83183345317720E+02
 0.83186103500240E+02
 0.83189404507202E+02
 0.83193251399285E+02
 0.83197635366240E+02
 0.83202544242745E+02
 0.83207962295591E+02
 0.83213869149733E+02
 0.83195984908879E+02
 0.83196517301635E+02
 0.83197154027939E+02
 0.83197905669178E+02
 0.83198783674491E+02
 0.83199797387979E+02
 0.83200963956807E+02
 0.83202280180742E+02
 0.83203762418781E+02
 0.83205430244960E+02
 0.83207303357088E+02
 0.83209372316163E+02
 0.83211669793202E+02
 0.83214219027856E+02
 0.83216995117487E+02
 0.83220047144690E+02
 0.83223376187126E+02
 0.83227018404048E+02
 0.83230956629345E+02
 0.83235191683528E+02
 0.83239834584738E+02
 0.83244806506071E+02
 0.83250132822863E+02
 0.83255851314017E+02
 0.83262018273253E+02
 0.83268589803373E+02
 0.83275542821312E+02
 0.83282946131261E+02
 0.83290836948077E+02
 0.83299217717027E+02
 0.83308054343392E+02
 0.83317426275910E+02
 0.83327304275101E+02
 0.83337730915160E+02
 0.83348765007775E+02
 0.83360375857071E+02
 0.83372577978999E+02
 0.83385483973946E+02
 0.83399021001417E+02
 0.83413172582308E+02
 0.83428327545320E+02
 0.83443985800678E+02
 0.83460456274798E+02
 0.83477955716761E+02
 0.83496117083170E+02
 0.83515501792081E+02
 0.83535729664947E+02
 0.83556672596697E+02
 0.83579018565347E+02
 0.83602280848072E+02
 0.83627108804774E+02
 0.83653059277772E+02
 0.83679988272586E+02
 0.83708883682592E+02
 0.83738865723714E+02
 0.83770694276438E+02
 0.83804077188034E+02
 0.83839481296425E+02
 0.83876127458263E+02
 0.83915303040754E+02
 0.83956356126481E+02
 0.83999583388291E+02
 0.84044981811283E+02
 0.84092909598133E+02
 0.84143984216049E+02
 0.84197263257150E+02
 0.84253397967288E+02
 0.84313029196058E+02
 0.84375882243067E+02
 0.84442468318993E+02
 0.84511909557167E+02
 0.84585245225102E+02
 0.84663348514929E+02
 0.84746124184618E+02
 0.84832503139316E+02
 0.84923523363851E+02
 0.85021099139484E+02
 0.85123130642161E+02
 0.85231550276369E+02
 0.85345895234812E+02
 0.85467655839768E+02
 0.85595608983896E+02
 0.85731031949862E+02
 0.85875247858932E+02
 0.86028665618219E+02
 0.86190545461213E+02
 0.86361400641636E+02
 0.86545109109328E+02
 0.86739477687094E+02
 0.86944909377051E+02
 0.87163089774548E+02
 0.87396796374809E+02
 0.87645564348439E+02
 0.87911644966908E+02
 0.88197137223583E+02
 0.88500344414793E+02
 0.88825235141996E+02
 0.89173814449647E+02
 0.89549656168476E+02
 0.89953234923519E+02
 0.90387034081614E+02
 0.90854085922573E+02
 0.91364239799259E+02
 0.91917952759688E+02
 0.92515984999968E+02
 0.93164913759353E+02
 0.93872116886200E+02
 0.94653906564677E+02
 0.95509093361096E+02
 0.96442717156325E+02
 0.97469419671725E+02
 0.98604877983471E+02
 0.99838168205432E+02
 0.10119012684500E+03
 0.10266232298034E+03
 0.10422703875169E+03
 0.10590493973477E+03
 0.10766237220910E+03
 0.10948253859799E+03
 0.11134283039100E+03
 0.11323455620008E+03
 0.11516316185886E+03
 0.11711693517781E+03
 0.11908565882279E+03
 0.12108152436040E+03
 0.12308644813268E+03
 0.12512122240600E+03
 0.12716863221772E+03
 0.12924332026965E+03
 0.13134087844629E+03
 0.13342863301357E+03
 0.13555347770939E+03
 0.13770967809607E+03
 0.13985956787614E+03
 0.14203739534117E+03
 0.14421772582372E+03
 0.14641658551182E+03
 0.14862241429802E+03
 0.15085220286132E+03
 0.15308414331959E+03
 0.15532481904441E+03
 0.15758417255185E+03
 0.15985515448051E+03
 0.16213653899736E+03
 0.16441851544506E+03
 0.16671990706527E+03
 0.16902914874492E+03
 0.17134720948171E+03
 0.17367827025236E+03
 0.17601821480248E+03
 0.17835528525394E+03
 0.18071904453028E+03
 0.18308921545935E+03
 0.18545052393739E+03
 0.18783515779214E+03
 0.19023635599186E+03
 0.19261974258040E+03
 0.19503291924792E+03
 0.19744571129757E+03
 0.19988828268321E+03
 0.20229587607996E+03
 0.20474224638002E+03
 0.20717733968588E+03
 0.20965888373910E+03
 0.21211313928463E+03
 0.21460377926940E+03
 0.21706882901062E+03
 0.21956225399741E+03
 0.22205921092756E+03
 0.22457447163854E+03
 0.22708487701828E+03
 0.22962316680964E+03
 0.23216796040017E+03
 0.23471713744962E+03
 0.23726698579963E+03
 0.23981477486929E+03
 0.24238427524610E+03
 0.24497385493639E+03
 0.24756426002359E+03
 0.25015389382796E+03
 0.25276782880970E+03
 0.25536816984976E+03
 0.25800873517004E+03
 0.26062990907820E+03
 0.26328913495923E+03
 0.26592219845948E+03
 0.26859074513225E+03
 0.27126720639994E+03
 0.27394553166035E+03
 0.27662597006888E+03
 0.27933512142626E+03
 0.28203982300064E+03
 0.28477622022789E+03
 0.28749348352553E+03
 0.29022797100914E+03
 0.29297514896361E+03
 0.29572893260516E+03
 0.29850119608872E+03
 0.30126139158351E+03
 0.30405370373881E+03
 0.30683498299310E+03
 0.30965002980882E+03
 0.31247928652827E+03
 0.31529982065581E+03
 0.31814245490287E+03
 0.32097130806812E+03
 0.32382696820865E+03
 0.32667944827333E+03
 0.32956138958875E+03
 0.33243436980521E+03
 0.33530953928914E+03
 0.33822406695981E+03
 0.34113449823955E+03
 0.34405178209762E+03
 0.34700146481035E+03
 0.34991903110104E+03
 0.35287104390560E+03
 0.35582087550778E+03
 0.35880666060876E+03
 0.36177861052944E+03
 0.36475056022375E+03
 0.36776301920685E+03
 0.37075743200193E+03
 0.37376810049408E+03
 0.37680583289754E+03
 0.37982390935319E+03
 0.38287814491179E+03
 0.38593950223869E+03
 0.38899533502306E+03
 0.39207569574935E+03
 0.39514127028287E+03
 0.39825427525775E+03
 0.40134142396592E+03
 0.40445720580426E+03
 0.40757343199443E+03
 0.41070307759154E+03
 0.41385295486292E+03
 0.41700568189850E+03
 0.42014707046179E+03
 0.42332894013609E+03
 0.42649722004231E+03
 0.42970398836095E+03
 0.43289699528829E+03
 0.43609747298569E+03
 0.43930516148155E+03
 0.44253871895234E+03
 0.44577886772245E+03
 0.44902545014917E+03
 0.45226626491758E+03
 0.45553843828307E+03
 0.45881107915480E+03
 0.46207476064411E+03
 0.46537472721725E+03
 0.46869398520367E+03
 0.47200427735688E+03
 0.47531651960354E+03
 0.47865273443385E+03
 0.48196795034454E+03
 0.48533911132268E+03
 0.48869455956946E+03
 0.49206972057274E+03
 0.49544408790821E+03
 0.49882010198964E+03
 0.50221364346763E+03
 0.50562398981656E+03
 0.50904519341772E+03
 0.51244149478770E+03
 0.51587823924937E+03
 0.51930617437424E+03
 0.52275756414192E+03
 0.52623844463909E+03
 0.52967941794365E+03
 0.53316958352195E+03
 0.53665683803993E+03
 0.54013646004383E+03
 0.54364451683386E+03
 0.54715697744842E+03
 0.55068187942289E+03
 0.55422881509045E+03
 0.55775243360712E+03
