 0.30964654458033E+03
 0.30964654458037E+03
 0.30964654458102E+03
 0.30964654462233E+03
 0.30964654557380E+03
 0.30964654936996E+03
 0.30964653212187E+03
 0.30964635945306E+03
 0.30964566553023E+03
 0.30964377523013E+03
 0.30963970462733E+03
 0.30963222550554E+03
 0.30961998037130E+03
 0.30960155329191E+03
 0.30957561172542E+03
 0.30954086594898E+03
 0.30949625379655E+03
 0.30944084648778E+03
 0.30937388602335E+03
 0.30929479830439E+03
 0.30918212745588E+03
 0.30907210095640E+03
 0.30894874949024E+03
 0.30881207605486E+03
 0.30866216927701E+03
 0.30849925108253E+03
 0.30832352363172E+03
 0.30813558543412E+03
 0.30793578279252E+03
 0.30772450113864E+03
 0.30750216190616E+03
 0.30726970284133E+03
 0.30702742884234E+03
 0.30677583790225E+03
 0.30651616759088E+03
 0.30624853586939E+03
 0.30597381001336E+03
 0.30569229119509E+03
 0.30540512083703E+03
 0.30511310015490E+03
 0.30481533183762E+03
 0.30451379118300E+03
 0.30420883821551E+03
 0.30390061104354E+03
 0.30358889183805E+03
 0.30327497991451E+03
 0.30295980905471E+03
 0.30264287499504E+03
 0.30232408100924E+03
 0.30200386361284E+03
 0.30168317360467E+03
 0.30136116804082E+03
 0.30103867326349E+03
 0.30071527515948E+03
 0.30039045255896E+03
 0.30006489118732E+03
 0.29973858860617E+03
 0.29941004633464E+03
 0.29908057748662E+03
 0.29875060401195E+03
 0.29841436287218E+03
 0.29807950961050E+03
 0.29774147229222E+03
 0.29739723356169E+03
 0.29705229526043E+03
 0.29669841115031E+03
 0.29634132916971E+03
 0.29598292983281E+03
 0.29561334702532E+03
 0.29523960653481E+03
 0.29485252923597E+03
 0.29445854233795E+03
 0.29405986904286E+03
 0.29364239659833E+03
 0.29321901619282E+03
 0.29277890937626E+03
 0.29232650489804E+03
 0.29185557982703E+03
 0.29137680519728E+03
 0.29087305240514E+03
 0.29035342363900E+03
 0.28981428321149E+03
 0.28925575389816E+03
 0.28867354379635E+03
 0.28806013621495E+03
 0.28742812642140E+03
 0.28676956150916E+03
 0.28607673513211E+03
 0.28535379093473E+03
 0.28459490711870E+03
 0.28381152735765E+03
 0.28299163779558E+03
 0.28212515464922E+03
 0.28121414015585E+03
 0.28027239656065E+03
 0.27928806476287E+03
 0.27824003223203E+03
 0.27715356030084E+03
 0.27600754229727E+03
 0.27480833118107E+03
 0.27354080730990E+03
 0.27221945157118E+03
 0.27083165053588E+03
 0.26936479704054E+03
 0.26781628178216E+03
 0.26619577447259E+03
 0.26449917391024E+03
 0.26268937092266E+03
 0.26079075147641E+03
 0.25880146068641E+03
 0.25670723073363E+03
 0.25448422197340E+03
 0.25214029688469E+03
 0.24965809547340E+03
 0.24702264724879E+03
 0.24425428102626E+03
 0.24132234181624E+03
 0.23821572504078E+03
 0.23491143817952E+03
 0.23141467262547E+03
 0.22771521110253E+03
 0.22380100887338E+03
 0.21961007337330E+03
 0.21516057073971E+03
 0.21047165038003E+03
 0.20552418858809E+03
 0.20030393983847E+03
 0.19475066387152E+03
 0.18894062513359E+03
 0.18292173536334E+03
 0.17670340377947E+03
 0.17033693685946E+03
 0.16401863641418E+03
 0.15781309805721E+03
 0.15189285860270E+03
 0.14651184561344E+03
 0.14172344533094E+03
 0.13770158003010E+03
 0.13449475954198E+03
 0.13209949492973E+03
 0.13044811899890E+03
 0.12944801905379E+03
 0.12901269927839E+03
 0.12904869520474E+03
 0.12947220650651E+03
 0.13020676275226E+03
 0.13120015031412E+03
 0.13239677395327E+03
 0.13376680494222E+03
 0.13527826212467E+03
 0.13688235727810E+03
 0.13859551267449E+03
 0.14040032113046E+03
 0.14225360635423E+03
 0.14417506555286E+03
 0.14613515895674E+03
 0.14814218068340E+03
 0.15018092466870E+03
 0.15226327919222E+03
 0.15436587160706E+03
 0.15649217327555E+03
 0.15864952475723E+03
 0.16082952999409E+03
 0.16302953959682E+03
 0.16523880998234E+03
 0.16747448694973E+03
 0.16972449528604E+03
 0.17198900454304E+03
 0.17427144813854E+03
 0.17656724418584E+03
 0.17886433792996E+03
 0.18119135821359E+03
 0.18352801611848E+03
 0.18585888894712E+03
 0.18821544903934E+03
 0.19059080059383E+03
 0.19295069327996E+03
 0.19534204729907E+03
 0.19773480382185E+03
 0.20015872947207E+03
 0.20254940206317E+03
 0.20497991997715E+03
 0.20740045067614E+03
 0.20986828985876E+03
 0.21231001378362E+03
 0.21478888470590E+03
 0.21724314072535E+03
 0.21972643953189E+03
 0.22221398404131E+03
 0.22472043787776E+03
 0.22722267001363E+03
 0.22975327196531E+03
 0.23229089002827E+03
 0.23483336946110E+03
 0.23737696916065E+03
 0.23991892876715E+03
 0.24248293783177E+03
 0.24506734642507E+03
 0.24765291383816E+03
 0.25023802050155E+03
 0.25284767706799E+03
 0.25544402794189E+03
 0.25808079597553E+03
 0.26069843185328E+03
 0.26335428994442E+03
 0.26598421913291E+03
 0.26864978141939E+03
 0.27132342839129E+03
 0.27399910367902E+03
 0.27667704493095E+03
 0.27938382017145E+03
 0.28208628588724E+03
 0.28482055182067E+03
 0.28753581783257E+03
 0.29026840857823E+03
 0.29301378757533E+03
 0.29576586773859E+03
 0.29853651105828E+03
 0.30129518055517E+03
 0.30408603325152E+03
 0.30686593620163E+03
 0.30967966511686E+03
 0.31250766785223E+03
 0.31532701720053E+03
 0.31816852010423E+03
 0.32099630507087E+03
 0.32385094272856E+03
 0.32670245322067E+03
 0.32958346511211E+03
 0.33245556503415E+03
 0.33532989727405E+03
 0.33824361903353E+03
 0.34115328501757E+03
 0.34406983929943E+03
 0.34701882076160E+03
 0.34993572616829E+03
 0.35288710274883E+03
 0.35583632869282E+03
 0.35882153027583E+03
 0.36179292639023E+03
 0.36476434795027E+03
 0.36777629692392E+03
 0.37077022580130E+03
 0.37378043008468E+03
 0.37681771572844E+03
 0.37983536801856E+03
 0.38288919396381E+03
 0.38595015910422E+03
 0.38900561764749E+03
 0.39208561794370E+03
 0.39515084926386E+03
 0.39826352132389E+03
 0.40135035387528E+03
 0.40446583054624E+03
 0.40758176452190E+03
 0.41071112919477E+03
 0.41386073580345E+03
 0.41701320331239E+03
 0.42015434393859E+03
 0.42333597315729E+03
 0.42650402339449E+03
 0.42971056903884E+03
 0.43290336318858E+03
 0.43610363627084E+03
 0.43931112796945E+03
 0.44254449513227E+03
 0.44578446084434E+03
 0.44903086714428E+03
 0.45227151296873E+03
 0.45554352259063E+03
 0.45881600607301E+03
 0.46207953661480E+03
 0.46537935660054E+03
 0.46869847289634E+03
 0.47200862909346E+03
 0.47532074045701E+03
 0.47865682851974E+03
 0.48197192308810E+03
 0.48534296549424E+03
 0.48869830005249E+03
 0.49207335099213E+03
 0.49544761233128E+03
 0.49882352423796E+03
 0.50221696679344E+03
 0.50562721737977E+03
 0.50904832840826E+03
 0.51244454108962E+03
 0.51588119910924E+03
 0.51930905104202E+03
 0.52276036006148E+03
 0.52624116206383E+03
 0.52968206038226E+03
 0.53317215265935E+03
 0.53665933647367E+03
 0.54013889032672E+03
 0.54364688082707E+03
 0.54715927733966E+03
 0.55068411719721E+03
 0.55423099251852E+03
 0.55775455305368E+03
