 0.35172473832405E+01
 0.35172473832405E+01
 0.35172473832405E+01
 0.35172473832405E+01
 0.35172473832405E+01
 0.35172473832405E+01
 0.35172473832405E+01
 0.35172473832405E+01
 0.35172473832405E+01
 0.35172473355199E+01
 0.35172494853538E+01
 0.35172464520117E+01
 0.35172442927179E+01
 0.35172457325827E+01
 0.35172428048518E+01
 0.35172440253569E+01
 0.35172432470528E+01
 0.35172466664678E+01
 0.35172454076261E+01
 0.35172431366911E+01
 0.35172443199566E+01
 0.35172464710992E+01
 0.35172457069793E+01
 0.35172407318903E+01
 0.35172393752262E+01
 0.35172432845318E+01
 0.35172447656780E+01
 0.35172416609498E+01
 0.35172388201837E+01
 0.35172436700012E+01
 0.35172500000957E+01
 0.35172367076135E+01
 0.35172569089317E+01
 0.35172568639325E+01
 0.35172486997909E+01
 0.35172663989071E+01
 0.35172542826004E+01
 0.35172522268826E+01
 0.35172748357804E+01
 0.35172557713089E+01
 0.35172373944425E+01
 0.35172680340229E+01
 0.35172499689310E+01
 0.35172763501433E+01
 0.35172916408432E+01
 0.35172923303924E+01
 0.35172908434386E+01
 0.35172763811110E+01
 0.35172587648882E+01
 0.35172906541300E+01
 0.35172580749182E+01
 0.35172998898322E+01
 0.35172802926169E+01
 0.35172705196349E+01
 0.35172730128069E+01
 0.35173020051411E+01
 0.35172166690949E+01
 0.35172561106267E+01
 0.35172995429643E+01
 0.35172863847772E+01
 0.35173011787826E+01
 0.35172979039816E+01
 0.35172313333501E+01
 0.35172892581231E+01
 0.35171951323089E+01
 0.35172923396662E+01
 0.35172972706607E+01
 0.35171540408361E+01
 0.35173008155888E+01
 0.35171944776858E+01
 0.35172858461083E+01
 0.35172694851265E+01
 0.35172436137228E+01
 0.35172816410497E+01
 0.35172004443082E+01
 0.35172987048971E+01
 0.35172647620010E+01
 0.35172089029600E+01
 0.35171775616142E+01
 0.35171889056845E+01
 0.35172141389043E+01
 0.35172300552825E+01
 0.35172752652911E+01
 0.35172105136400E+01
 0.35172224942551E+01
 0.35172865188460E+01
 0.35172062109942E+01
 0.35171716307976E+01
 0.35171849657560E+01
 0.35172064301328E+01
 0.35172730293445E+01
 0.35172579774378E+01
 0.35171860331185E+01
 0.35172743771469E+01
 0.35171832555621E+01
 0.35171826901886E+01
 0.35171953871228E+01
 0.35171748560599E+01
 0.35172730622962E+01
 0.35172705140839E+01
 0.35171778027522E+01
 0.35171858456647E+01
 0.35171930910497E+01
 0.35171864559675E+01
 0.35172340754850E+01
 0.35172235760979E+01
 0.35171751216311E+01
 0.35171012780296E+01
 0.35170956738663E+01
 0.35171669201894E+01
 0.35172396397272E+01
 0.35171568782160E+01
 0.35172124467745E+01
 0.35171256783729E+01
 0.35171252363441E+01
 0.35171345854800E+01
 0.35171057308166E+01
 0.35171088932358E+01
 0.35170920759043E+01
 0.35170903000901E+01
 0.35170798583400E+01
 0.35170769538083E+01
 0.35170765442415E+01
 0.35171255203341E+01
 0.35171514810140E+01
 0.35170450747722E+01
 0.35170438273223E+01
 0.35170502773279E+01
 0.35171231560552E+01
 0.35171288270258E+01
 0.35169917262477E+01
 0.35169862367367E+01
 0.35170289001546E+01
 0.35170300441252E+01
 0.35169917613598E+01
 0.35169932477034E+01
 0.35169905859576E+01
 0.35169263908435E+01
 0.35170119518827E+01
 0.35169648431344E+01
 0.35168562018916E+01
 0.35168985462989E+01
 0.35169503542232E+01
 0.35168552812280E+01
 0.35167960832273E+01
 0.35168761256927E+01
 0.35168143907720E+01
 0.35167858122777E+01
 0.35167505565938E+01
 0.35167457124190E+01
 0.35167040953271E+01
 0.35166675137751E+01
 0.35166383794103E+01
 0.35166802216077E+01
 0.35165462736875E+01
 0.35165633574720E+01
 0.35164836903879E+01
 0.35163825935594E+01
 0.35161806270930E+01
 0.35161161016815E+01
 0.35160095861224E+01
 0.35158388610792E+01
 0.35157519199570E+01
 0.35156166190176E+01
 0.35152734055033E+01
 0.35151445116230E+01
 0.35149129415936E+01
 0.35147355740561E+01
 0.35144909055683E+01
 0.35141164083716E+01
 0.35138933186242E+01
 0.35135794924484E+01
 0.35133681060394E+01
 0.35130570663324E+01
 0.35126221689974E+01
 0.35122451488400E+01
 0.35117775943332E+01
 0.35113355025603E+01
 0.35110800502488E+01
 0.35105947252724E+01
 0.35101017740018E+01
 0.35095400794385E+01
 0.35090241128753E+01
 0.35084745202735E+01
 0.35078861996374E+01
 0.35072619492566E+01
 0.35067137990430E+01
 0.35060648430000E+01
 0.35054201081366E+01
 0.35047120265668E+01
 0.35040232573147E+01
 0.35033081871176E+01
 0.35024852579060E+01
 0.35017210226473E+01
 0.35009091322707E+01
 0.35000585231311E+01
 0.34993367489679E+01
 0.34983008337772E+01
 0.34974338147024E+01
 0.34965074664311E+01
 0.34955238455044E+01
 0.34945488401691E+01
 0.34935227679005E+01
 0.34924313062600E+01
 0.34915560361174E+01
 0.34903980538985E+01
 0.34892349452139E+01
 0.34882073934096E+01
 0.34869785370997E+01
 0.34857595598375E+01
 0.34846842458189E+01
 0.34833671776717E+01
 0.34822029063529E+01
 0.34807507542861E+01
 0.34796300425901E+01
 0.34780821725237E+01
 0.34768383739859E+01
 0.34754135106308E+01
 0.34741760797641E+01
 0.34726375923266E+01
 0.34711952045280E+01
 0.34696794788526E+01
 0.34681355504414E+01
 0.34666755862073E+01
 0.34652547028010E+01
 0.34635900916936E+01
 0.34621232562366E+01
 0.34603102496767E+01
 0.34587680756497E+01
 0.34570656669149E+01
 0.34554812100671E+01
 0.34537168789455E+01
 0.34519758857633E+01
 0.34503311928535E+01
 0.34485268933467E+01
 0.34468970190530E+01
 0.34449272857598E+01
 0.34431581339602E+01
 0.34414368179337E+01
 0.34395242726762E+01
 0.34375646875396E+01
 0.34357036900420E+01
 0.34338034627694E+01
 0.34319224475960E+01
 0.34300268000193E+01
 0.34281072655578E+01
 0.34259660529565E+01
 0.34240469246397E+01
 0.34218828409861E+01
 0.34199185427852E+01
 0.34178396069741E+01
 0.34158368386287E+01
 0.34136257511804E+01
 0.34116092455417E+01
 0.34095929809817E+01
 0.34073334229029E+01
 0.34052432825326E+01
 0.34029592902579E+01
 0.34009875667029E+01
 0.33987401523502E+01
 0.33964995281892E+01
 0.33943091360195E+01
 0.33921410343393E+01
 0.33897050348032E+01
 0.33877093286106E+01
 0.33852573720178E+01
 0.33831241029347E+01
 0.33805909087550E+01
 0.33785542704860E+01
 0.33761623842175E+01
 0.33738464177254E+01
 0.33715000015724E+01
 0.33691640453594E+01
 0.33668299820424E+01
 0.33644515227059E+01
 0.33618964302934E+01
 0.33594784567159E+01
 0.33571368407483E+01
 0.33546899808702E+01
 0.33523786223178E+01
 0.33498269166709E+01
 0.33475063803125E+01
 0.33449211476028E+01
 0.33424586243073E+01
 0.33401000799430E+01
 0.33374285806908E+01
 0.33349742935302E+01
 0.33326357371244E+01
 0.33300036282824E+01
 0.33275540239333E+01
 0.33250681090907E+01
 0.33225679385026E+01
 0.33199904079878E+01
 0.33174814452924E+01
 0.33147364750775E+01
 0.33121280777748E+01
 0.33095730117154E+01
 0.33069710005029E+01
 0.33044639895464E+01
 0.33019548141066E+01
