 0.51033030801949E+03
 0.51033030801932E+03
 0.51033030801738E+03
 0.51033030806993E+03
 0.51033030954641E+03
 0.51033031525878E+03
 0.51033028379629E+03
 0.51032998622612E+03
 0.51032880070411E+03
 0.51032557666431E+03
 0.51031863191651E+03
 0.51030585479791E+03
 0.51028490316394E+03
 0.51025330867301E+03
 0.51020873716285E+03
 0.51014888615914E+03
 0.51007185866426E+03
 0.50997595624030E+03
 0.50985976884787E+03
 0.50972220157807E+03
 0.50952771740981E+03
 0.50933596237952E+03
 0.50912046831319E+03
 0.50888114318692E+03
 0.50861805635607E+03
 0.50833152290156E+03
 0.50802180588607E+03
 0.50768994440131E+03
 0.50733648530019E+03
 0.50696203777713E+03
 0.50656728046855E+03
 0.50615391569544E+03
 0.50572239194179E+03
 0.50527353179142E+03
 0.50480962493681E+03
 0.50433074288929E+03
 0.50383843599655E+03
 0.50333313276515E+03
 0.50281693483300E+03
 0.50229123593159E+03
 0.50175404679963E+03
 0.50120916483979E+03
 0.50065707644933E+03
 0.50009785392650E+03
 0.49953088237621E+03
 0.49895857241865E+03
 0.49838243005237E+03
 0.49780149516800E+03
 0.49721517272811E+03
 0.49662423094855E+03
 0.49603045802733E+03
 0.49543200580484E+03
 0.49483036150806E+03
 0.49422462648909E+03
 0.49361373394052E+03
 0.49299884308278E+03
 0.49238033180834E+03
 0.49175502718580E+03
 0.49112580163998E+03
 0.49049364649467E+03
 0.48984756378327E+03
 0.48920276530000E+03
 0.48855048407145E+03
 0.48788580439377E+03
 0.48721952583376E+03
 0.48653604396701E+03
 0.48584799666350E+03
 0.48515918604785E+03
 0.48445155335836E+03
 0.48373919848648E+03
 0.48300586430031E+03
 0.48226471203105E+03
 0.48152203211524E+03
 0.48074989088945E+03
 0.47997672511940E+03
 0.47918174370093E+03
 0.47837541008737E+03
 0.47754737332568E+03
 0.47671941766561E+03
 0.47586082024642E+03
 0.47499054367293E+03
 0.47410501978636E+03
 0.47320385367835E+03
 0.47228282711769E+03
 0.47133039856103E+03
 0.47037153034313E+03
 0.46939372317998E+03
 0.46838566825177E+03
 0.46735793776252E+03
 0.46630303571043E+03
 0.46524339062798E+03
 0.46416208214229E+03
 0.46304197696565E+03
 0.46189234783641E+03
 0.46074067960683E+03
 0.45956806690445E+03
 0.45834534927669E+03
 0.45711693923640E+03
 0.45585436607274E+03
 0.45456945710525E+03
 0.45324489117294E+03
 0.45190756719662E+03
 0.45054448918861E+03
 0.44914078629019E+03
 0.44769812867246E+03
 0.44623818710804E+03
 0.44476129427984E+03
 0.44322153956654E+03
 0.44166002973518E+03
 0.44008103161354E+03
 0.43847492485404E+03
 0.43681796895487E+03
 0.43513130154828E+03
 0.43340037944517E+03
 0.43161936461100E+03
 0.42982265114441E+03
 0.42798383521415E+03
 0.42610349472185E+03
 0.42417009766038E+03
 0.42219978220631E+03
 0.42019192899815E+03
 0.41814893148020E+03
 0.41602446443369E+03
 0.41384756491489E+03
 0.41164517190454E+03
 0.40940010197137E+03
 0.40710840592927E+03
 0.40471834126503E+03
 0.40228109672561E+03
 0.39980553462172E+03
 0.39726071252683E+03
 0.39462663385138E+03
 0.39196618233170E+03
 0.38921584567934E+03
 0.38637507405697E+03
 0.38351071469237E+03
 0.38052999788482E+03
 0.37749384061679E+03
 0.37443227401564E+03
 0.37125304457642E+03
 0.36810096146381E+03
 0.36489030448856E+03
 0.36167850358450E+03
 0.35851015837770E+03
 0.35540159502164E+03
 0.35245619956651E+03
 0.34969215873589E+03
 0.34725366419294E+03
 0.34522314135559E+03
 0.34374577488906E+03
 0.34302513347962E+03
 0.34316455390607E+03
 0.34435263275225E+03
 0.34675786268495E+03
 0.35049688142829E+03
 0.35564405505039E+03
 0.36224713969148E+03
 0.37027824099395E+03
 0.37972815081879E+03
 0.39046667616908E+03
 0.40241117815404E+03
 0.41550224910993E+03
 0.42960528989629E+03
 0.44460668067422E+03
 0.46038728148021E+03
 0.47695830420007E+03
 0.49416341778813E+03
 0.51199997461018E+03
 0.53039157223581E+03
 0.54928851850864E+03
 0.56861423232681E+03
 0.58847262931671E+03
 0.60874506246625E+03
 0.62930357383515E+03
 0.65035388119430E+03
 0.67181236700661E+03
 0.69348311750899E+03
 0.71562643195859E+03
 0.73806042721572E+03
 0.76098307516565E+03
 0.78397125994392E+03
 0.80749956752077E+03
 0.83124743225672E+03
 0.85551995962962E+03
 0.87996154521396E+03
 0.90486062459693E+03
 0.92993468205038E+03
 0.95545210340774E+03
 0.98126990786928E+03
 0.10075216829981E+04
 0.10340224153515E+04
 0.10609846373320E+04
 0.10882936119975E+04
 0.11159231997311E+04
 0.11438726655865E+04
 0.11721437489239E+04
 0.12008326196364E+04
 0.12299839035830E+04
 0.12594724672743E+04
 0.12892598926076E+04
 0.13195000127777E+04
 0.13500439949523E+04
 0.13811542069766E+04
 0.14124922836535E+04
 0.14444180813821E+04
 0.14765478146733E+04
 0.15092314838767E+04
 0.15423429147523E+04
 0.15758488809331E+04
 0.16097363245790E+04
 0.16441252022688E+04
 0.16789470669834E+04
 0.17143245383266E+04
 0.17499730067262E+04
 0.17861131872059E+04
 0.18227654906867E+04
 0.18598644981665E+04
 0.18974792994001E+04
 0.19354694609417E+04
 0.19740813454942E+04
 0.20130825014676E+04
 0.20526979862365E+04
 0.20928665811785E+04
 0.21334069440503E+04
 0.21745987894064E+04
 0.22161596375174E+04
 0.22582939719645E+04
 0.23009601805024E+04
 0.23442894896396E+04
 0.23880532583145E+04
 0.24323180759136E+04
 0.24773462611610E+04
 0.25228625304101E+04
 0.25689638038827E+04
 0.26157338489292E+04
 0.26629128365642E+04
 0.27108396590894E+04
 0.27592760253997E+04
 0.28085336569459E+04
 0.28583066420817E+04
 0.29085966925693E+04
 0.29597440391788E+04
 0.30113842057655E+04
 0.30637273696986E+04
 0.31168761406157E+04
 0.31704678897775E+04
 0.32249970838544E+04
 0.32801179748537E+04
 0.33359380120698E+04
 0.33925429295279E+04
 0.34496779581025E+04
 0.35078290788317E+04
 0.35665526192618E+04
 0.36260811102205E+04
 0.36864567881961E+04
 0.37474988848191E+04
 0.38094734926214E+04
 0.38722114445058E+04
 0.39355723722852E+04
 0.40000465994714E+04
 0.40650891414081E+04
 0.41313165706556E+04
 0.41981700768005E+04
 0.42659280658734E+04
 0.43345536883044E+04
 0.44042013771105E+04
 0.44747197573359E+04
 0.45462045735944E+04
 0.46185389064827E+04
 0.46918826421124E+04
 0.47661760235073E+04
 0.48414587550686E+04
 0.49178462933634E+04
 0.49952352981200E+04
 0.50735734373993E+04
 0.51530573775457E+04
 0.52335210441407E+04
 0.53149613070281E+04
 0.53977851248998E+04
 0.54816485873322E+04
 0.55666202352540E+04
 0.56527177341726E+04
 0.57400306177820E+04
 0.58284946688446E+04
 0.59181929691191E+04
 0.60092874441809E+04
 0.61013972809359E+04
 0.61949512437364E+04
 0.62897244746367E+04
 0.63858234158305E+04
 0.64835236658337E+04
 0.65821444347498E+04
 0.66825566726800E+04
 0.67841946665777E+04
 0.68873841271077E+04
 0.69920691122231E+04
 0.70982346999368E+04
 0.72059681683282E+04
 0.73152689985147E+04
 0.74261400078635E+04
