 0.35172473832405E+01
 0.35172473832405E+01
 0.35172473832405E+01
 0.35172473832405E+01
 0.35172473832405E+01
 0.35172473832405E+01
 0.35172473832405E+01
 0.35172473832405E+01
 0.35172473832405E+01
 0.35172473355199E+01
 0.35172494853538E+01
 0.35172464520117E+01
 0.35172442927179E+01
 0.35172457325827E+01
 0.35172428048518E+01
 0.35172440253569E+01
 0.35172432470528E+01
 0.35172466664678E+01
 0.35172454076261E+01
 0.35172431366911E+01
 0.35172443199566E+01
 0.35172464710992E+01
 0.35172457069793E+01
 0.35172407318903E+01
 0.35172393752262E+01
 0.35172432845318E+01
 0.35172447656780E+01
 0.35172416609498E+01
 0.35172388201837E+01
 0.35172436700012E+01
 0.35172500000957E+01
 0.35172367050662E+01
 0.35172571435131E+01
 0.35172557586912E+01
 0.35172494786039E+01
 0.35172664190202E+01
 0.35172530648361E+01
 0.35172529461017E+01
 0.35172718328069E+01
 0.35172556552606E+01
 0.35172418379128E+01
 0.35172663476582E+01
 0.35172499115621E+01
 0.35172783470365E+01
 0.35172909776836E+01
 0.35172928059811E+01
 0.35172899145317E+01
 0.35172767581635E+01
 0.35172609460194E+01
 0.35172905419236E+01
 0.35172566269174E+01
 0.35172992654808E+01
 0.35172799538306E+01
 0.35172694650626E+01
 0.35172697645752E+01
 0.35173017612313E+01
 0.35172162253426E+01
 0.35172529017946E+01
 0.35172992015620E+01
 0.35172857253833E+01
 0.35173010631830E+01
 0.35172966504652E+01
 0.35172245594953E+01
 0.35172860223713E+01
 0.35171985260307E+01
 0.35172932711739E+01
 0.35172976065048E+01
 0.35171565003056E+01
 0.35173009607711E+01
 0.35171945741704E+01
 0.35172871969539E+01
 0.35172695261397E+01
 0.35172354916973E+01
 0.35172855739345E+01
 0.35172021231909E+01
 0.35172987222751E+01
 0.35172634104470E+01
 0.35172087069672E+01
 0.35171866136810E+01
 0.35172001018475E+01
 0.35172163002616E+01
 0.35172355198858E+01
 0.35172782928901E+01
 0.35172278133583E+01
 0.35172224510933E+01
 0.35172842431432E+01
 0.35172056922575E+01
 0.35171604597541E+01
 0.35171936841922E+01
 0.35172015961880E+01
 0.35172675266698E+01
 0.35172546640433E+01
 0.35171756887819E+01
 0.35172732674287E+01
 0.35171810493857E+01
 0.35171993627691E+01
 0.35171937495347E+01
 0.35171734940616E+01
 0.35172722154817E+01
 0.35172640557453E+01
 0.35171738680148E+01
 0.35171892893553E+01
 0.35171909094172E+01
 0.35171869169775E+01
 0.35172258812433E+01
 0.35172233321730E+01
 0.35171640517380E+01
 0.35171126969369E+01
 0.35170976649965E+01
 0.35171596394580E+01
 0.35172302806661E+01
 0.35171567658913E+01
 0.35172154425281E+01
 0.35171497549202E+01
 0.35171304170777E+01
 0.35171271061453E+01
 0.35171309123887E+01
 0.35171039712351E+01
 0.35170411792920E+01
 0.35170633427377E+01
 0.35170847279717E+01
 0.35170613097566E+01
 0.35170576637384E+01
 0.35170602041074E+01
 0.35171085996880E+01
 0.35170084003778E+01
 0.35170009310587E+01
 0.35169957283797E+01
 0.35170538351673E+01
 0.35170318807128E+01
 0.35168897094125E+01
 0.35168585096875E+01
 0.35169112396474E+01
 0.35168695861315E+01
 0.35168360604926E+01
 0.35168333855146E+01
 0.35168690017651E+01
 0.35167599299384E+01
 0.35167785183161E+01
 0.35166847035195E+01
 0.35166541009064E+01
 0.35165485190196E+01
 0.35166254780852E+01
 0.35164581167450E+01
 0.35164377876439E+01
 0.35164552607888E+01
 0.35163901048782E+01
 0.35163569635046E+01
 0.35162383267365E+01
 0.35161893658911E+01
 0.35161063156591E+01
 0.35161047612667E+01
 0.35160139547424E+01
 0.35160315987338E+01
 0.35158756245645E+01
 0.35158163816284E+01
 0.35157622333024E+01
 0.35156666759362E+01
 0.35154717162379E+01
 0.35153450869177E+01
 0.35151497449985E+01
 0.35150444044296E+01
 0.35149456149595E+01
 0.35147252590927E+01
 0.35145082533647E+01
 0.35143003965844E+01
 0.35141490167844E+01
 0.35137792313424E+01
 0.35136444104773E+01
 0.35132733104955E+01
 0.35129462379356E+01
 0.35126448152994E+01
 0.35123234463693E+01
 0.35120401503382E+01
 0.35116907994533E+01
 0.35111727911598E+01
 0.35107847549095E+01
 0.35103334692865E+01
 0.35099819590369E+01
 0.35095307046512E+01
 0.35089744597359E+01
 0.35085469791372E+01
 0.35078771879533E+01
 0.35072745040193E+01
 0.35067797294410E+01
 0.35061165791550E+01
 0.35055382029615E+01
 0.35048648277837E+01
 0.35041638355453E+01
 0.35034730553088E+01
 0.35028403867204E+01
 0.35020359570166E+01
 0.35012709453965E+01
 0.35005766446893E+01
 0.34997424141948E+01
 0.34988418305750E+01
 0.34980007109371E+01
 0.34969772073624E+01
 0.34961360126459E+01
 0.34953237143410E+01
 0.34941743681452E+01
 0.34933512316946E+01
 0.34923130578342E+01
 0.34913144349694E+01
 0.34901927729795E+01
 0.34890087897454E+01
 0.34879092227023E+01
 0.34867956942398E+01
 0.34856672293201E+01
 0.34844269818526E+01
 0.34832557401529E+01
 0.34820481271487E+01
 0.34807358715187E+01
 0.34793936970771E+01
 0.34780822221082E+01
 0.34768002754646E+01
 0.34754253931937E+01
 0.34741559292684E+01
 0.34726400764758E+01
 0.34712471793661E+01
 0.34698652928875E+01
 0.34682710164268E+01
 0.34668550296142E+01
 0.34653037318780E+01
 0.34637162190775E+01
 0.34621944922308E+01
 0.34606813333350E+01
 0.34589718006033E+01
 0.34574926440668E+01
 0.34556841828253E+01
 0.34540438831409E+01
 0.34524966891780E+01
 0.34507480096404E+01
 0.34489170455123E+01
 0.34471716946810E+01
 0.34454206675250E+01
 0.34437049514795E+01
 0.34419146134650E+01
 0.34398757775259E+01
 0.34380988697250E+01
 0.34363550875173E+01
 0.34342856154691E+01
 0.34325512043451E+01
 0.34305160487499E+01
 0.34285548063596E+01
 0.34266646343589E+01
 0.34246748541892E+01
 0.34225692755158E+01
 0.34205996566989E+01
 0.34185355943636E+01
 0.34165309707033E+01
 0.34144709184132E+01
 0.34123744673913E+01
 0.34103829791636E+01
 0.34081558023459E+01
 0.34061110222806E+01
 0.34039705745022E+01
 0.34016428962523E+01
 0.33996602074386E+01
 0.33973539890757E+01
 0.33953203220285E+01
 0.33930942830003E+01
 0.33908200533599E+01
 0.33886475594318E+01
 0.33862497708332E+01
 0.33839736952516E+01
 0.33817290858162E+01
 0.33794336927758E+01
 0.33770893397462E+01
 0.33747485559297E+01
 0.33724866095974E+01
 0.33701355979798E+01
 0.33677431152435E+01
 0.33654055858669E+01
 0.33631769947361E+01
 0.33606349347352E+01
 0.33582393102645E+01
 0.33558723527912E+01
 0.33536002794484E+01
 0.33511389591678E+01
 0.33485310645385E+01
 0.33460811033341E+01
 0.33436904827492E+01
 0.33411698872550E+01
 0.33387078857939E+01
 0.33362294838549E+01
 0.33336653714404E+01
 0.33311909654951E+01
 0.33288506465268E+01
 0.33264292918268E+01
 0.33237087522939E+01
 0.33213888282145E+01
 0.33186885796847E+01
 0.33160639355213E+01
 0.33136049622985E+01
 0.33110964698751E+01
 0.33086331296880E+01
 0.33059088018994E+01
 0.33034505029514E+01
 0.33007073409847E+01
