 0.11076108624053E+04
 0.11076108624053E+04
 0.11076108624053E+04
 0.11076108624053E+04
 0.11076108624053E+04
 0.11076108624053E+04
 0.11076108624053E+04
 0.11076108624053E+04
 0.11076108624053E+04
 0.11076069849429E+04
 0.11077207589677E+04
 0.11075620357473E+04
 0.11074536527897E+04
 0.11075278816512E+04
 0.11073768013985E+04
 0.11074388962902E+04
 0.11074004255882E+04
 0.11075722226820E+04
 0.11075073314257E+04
 0.11073908208067E+04
 0.11074505137451E+04
 0.11075634452914E+04
 0.11075230248308E+04
 0.11072735383435E+04
 0.11072083062127E+04
 0.11074034957076E+04
 0.11074802993500E+04
 0.11073194081377E+04
 0.11071830621956E+04
 0.11074200282617E+04
 0.11077479150796E+04
 0.11070860525895E+04
 0.11081408534039E+04
 0.11080753491342E+04
 0.11077232826041E+04
 0.11087066810249E+04
 0.11079179049300E+04
 0.11079161484803E+04
 0.11090734764976E+04
 0.11080435923442E+04
 0.11073362851834E+04
 0.11087061548487E+04
 0.11077399037876E+04
 0.11095397092417E+04
 0.11107692649025E+04
 0.11110323834851E+04
 0.11106333565795E+04
 0.11094228773622E+04
 0.11083634415016E+04
 0.11107114696764E+04
 0.11081120154699E+04
 0.11120589304843E+04
 0.11096557585906E+04
 0.11088592880496E+04
 0.11088895973064E+04
 0.11127927557260E+04
 0.11122527440194E+04
 0.11078788335768E+04
 0.11145685266437E+04
 0.11100462056977E+04
 0.11129029272803E+04
 0.11114271445110E+04
 0.11064855403354E+04
 0.11102197458768E+04
 0.11098776326001E+04
 0.11111930958702E+04
 0.11121037370225E+04
 0.11198743709393E+04
 0.11139342516261E+04
 0.11086650348203E+04
 0.11161013726366E+04
 0.11174956990908E+04
 0.11069551599774E+04
 0.11161921808318E+04
 0.11102902585109E+04
 0.11142902710344E+04
 0.11086089041155E+04
 0.11116987745649E+04
 0.11182604918875E+04
 0.11171820345468E+04
 0.11156048084384E+04
 0.11072139122428E+04
 0.11167656039953E+04
 0.11197909103697E+04
 0.11133436895964E+04
 0.11158105565331E+04
 0.11165660861960E+04
 0.11192751587687E+04
 0.11171211024645E+04
 0.11158750210412E+04
 0.11166349389174E+04
 0.11088397148758E+04
 0.11179202988803E+04
 0.11118379105856E+04
 0.11105430754471E+04
 0.11203174178067E+04
 0.11064599902689E+04
 0.11174994926817E+04
 0.11135934315056E+04
 0.11113707349314E+04
 0.11114025720315E+04
 0.11145991013226E+04
 0.11125175409916E+04
 0.11127526054268E+04
 0.11173225421241E+04
 0.11094715338061E+04
 0.11205284319242E+04
 0.11084274378748E+04
 0.11080167188574E+04
 0.11128564126458E+04
 0.11120518275295E+04
 0.11131829358805E+04
 0.11160062745050E+04
 0.11199517813685E+04
 0.11202521392682E+04
 0.11068662324285E+04
 0.11199229003150E+04
 0.11106173812073E+04
 0.11200554740594E+04
 0.11217561199782E+04
 0.11117052578527E+04
 0.11107617948964E+04
 0.11109739838768E+04
 0.11201473570513E+04
 0.11159072451264E+04
 0.11217026784239E+04
 0.11102659414914E+04
 0.11166757255460E+04
 0.11126852978303E+04
 0.11173247775203E+04
 0.11207756455971E+04
 0.11089606789005E+04
 0.11140710860489E+04
 0.11115852707796E+04
 0.11186355918948E+04
 0.11171049439790E+04
 0.11170487877440E+04
 0.11146998358910E+04
 0.11124817259069E+04
 0.11228239253508E+04
 0.11171591190895E+04
 0.11226419810791E+04
 0.11133127893571E+04
 0.11114047909103E+04
 0.11221751948081E+04
 0.11118870019107E+04
 0.11244433674126E+04
 0.11124911529716E+04
 0.11268574154687E+04
 0.11150552475964E+04
 0.11138403571194E+04
 0.11215386426903E+04
 0.11186615086437E+04
 0.11182147942665E+04
 0.11218553569340E+04
 0.11268502116967E+04
 0.11193589879275E+04
 0.11245247064579E+04
 0.11221869898898E+04
 0.11222980810757E+04
 0.11189409704255E+04
 0.11277382954687E+04
 0.11217304774356E+04
 0.11203979250083E+04
 0.11253961095590E+04
 0.11278295247791E+04
 0.11267209647022E+04
 0.11243419087651E+04
 0.11304104962705E+04
 0.11241182861562E+04
 0.11403116487731E+04
 0.11307322289638E+04
 0.11358948961754E+04
 0.11304753936915E+04
 0.11336022723836E+04
 0.11332442222342E+04
 0.11423347668066E+04
 0.11442296983154E+04
 0.11450805126606E+04
 0.11400766703571E+04
 0.11422611544819E+04
 0.11449577686694E+04
 0.11507290446994E+04
 0.11530494429770E+04
 0.11474467297268E+04
 0.11446943853929E+04
 0.11583519184472E+04
 0.11482998303268E+04
 0.11597450382944E+04
 0.11641719909075E+04
 0.11629181422527E+04
 0.11565036398110E+04
 0.11577453204525E+04
 0.11602239374089E+04
 0.11668716532001E+04
 0.11645706359506E+04
 0.11605480177274E+04
 0.11621133821183E+04
 0.11689087348306E+04
 0.11705435338844E+04
 0.11801743677810E+04
 0.11793473663143E+04
 0.11728284610767E+04
 0.11766684572869E+04
 0.11861871853810E+04
 0.11782680653936E+04
 0.11804916133340E+04
 0.11844524477279E+04
 0.11824083191844E+04
 0.11865059810471E+04
 0.11859414671332E+04
 0.12008561481276E+04
 0.11964072100567E+04
 0.11934904070393E+04
 0.12072117591867E+04
 0.12018752381924E+04
 0.12140735732338E+04
 0.12034132837373E+04
 0.12049171585117E+04
 0.12099862884362E+04
 0.12196748553787E+04
 0.12118275870972E+04
 0.12125174611317E+04
 0.12226359936920E+04
 0.12320332773324E+04
 0.12177842492843E+04
 0.12226824630920E+04
 0.12390383833632E+04
 0.12338818311492E+04
 0.12300365728339E+04
 0.12333245117601E+04
 0.12394285942062E+04
 0.12382591986362E+04
 0.12470290690820E+04
 0.12398002381108E+04
 0.12426007534900E+04
 0.12549103482269E+04
 0.12557702814311E+04
 0.12520092943561E+04
 0.12599873594557E+04
 0.12636768873666E+04
 0.12701183556222E+04
 0.12699047627140E+04
 0.12684788218736E+04
 0.12642152463950E+04
 0.12810552170921E+04
 0.12837736901376E+04
 0.12748471105486E+04
 0.12859412190101E+04
 0.12821936131648E+04
 0.12966480672757E+04
 0.12899769213300E+04
 0.12898031036348E+04
 0.13010143350821E+04
 0.12946554175057E+04
 0.12949582060606E+04
 0.12977355994726E+04
 0.13148225107234E+04
 0.13161315962637E+04
 0.13074810401981E+04
 0.13192379938586E+04
 0.13141307339420E+04
 0.13272460089031E+04
 0.13205472922314E+04
 0.13234670802310E+04
 0.13248275512427E+04
 0.13319255664145E+04
 0.13342431553344E+04
 0.13343686534993E+04
 0.13345115408290E+04
 0.13420589600618E+04
 0.13497594764720E+04
 0.13449954173639E+04
 0.13556442901676E+04
 0.13514251005231E+04
 0.13625130755185E+04
 0.13581878474618E+04
 0.13666488079343E+04
 0.13669894622712E+04
 0.13655357385865E+04
 0.13667272732344E+04
 0.13863073116457E+04
 0.13791804769776E+04
 0.13873694916807E+04
 0.13902057841529E+04
 0.13974961947746E+04
 0.13990194857328E+04
 0.14010512737151E+04
 0.13890518847128E+04
 0.13980131890185E+04
 0.13982567859601E+04
 0.14052427750532E+04
 0.14056617005762E+04
 0.14190359465127E+04
 0.14115400891016E+04
 0.14096148337049E+04
 0.14221952939898E+04
 0.14330070994962E+04
 0.14311468348043E+04
 0.14250319366734E+04
