 0.10000000133514E-09
 0.10000000133514E-09
 0.10000000133514E-09
 0.10000000133514E-09
 0.10000000133514E-09
 0.10000000133514E-09
 0.10000000133514E-09
 0.10000000133514E-09
 0.10000000133514E-09
 0.10000000133514E-09
 0.10000000133514E-09
 0.10000000133514E-09
 0.10000000133514E-09
 0.10000000133514E-09
 0.10000000133514E-09
 0.10000000133514E-09
 0.10000000133514E-09
 0.10000000133514E-09
 0.10000000133514E-09
 0.10000000133514E-09
 0.10000000133514E-09
 0.10000000133514E-09
 0.10000000133514E-09
 0.10000000133514E-09
 0.10000000133514E-09
 0.10000000133514E-09
 0.10000000133514E-09
 0.10000000133514E-09
 0.10000000133514E-09
 0.10000000133514E-09
 0.21840115616029E-04
 0.21840115616029E-04
 0.39920509199804E-04
 0.52617151998258E-04
 0.68314577322101E-04
 0.87479468290288E-04
 0.11060359160395E-03
 0.13821059420713E-03
 0.17084402381169E-03
 0.20906829117537E-03
 0.25347760893437E-03
 0.30466921789121E-03
 0.36325088161763E-03
 0.42985027537936E-03
 0.50510478451410E-03
 0.58964615790222E-03
 0.68409978174866E-03
 0.78911767627569E-03
 0.90534646488888E-03
 0.10333975997199E-02
 0.11739177954376E-02
 0.13275177801519E-02
 0.14948140382483E-02
 0.16764368716153E-02
 0.18729915222141E-02
 0.20850699148104E-02
 0.23132494147163E-02
 0.25580989785252E-02
 0.28201873556902E-02
 0.31000299213981E-02
 0.33984759170847E-02
 0.37156154762663E-02
 0.40521704109788E-02
 0.44089454427679E-02
 0.47860406679950E-02
 0.51844251320831E-02
 0.56042750826648E-02
 0.60455792318236E-02
 0.65101644586188E-02
 0.69976109572524E-02
 0.75089280769412E-02
 0.80443151951319E-02
 0.86039812755642E-02
 0.91892956955654E-02
 0.98002001341812E-02
 0.10436993826529E-01
 0.11101206005490E-01
 0.11793336156831E-01
 0.12510888533921E-01
 0.13259414896368E-01
 0.14036042789034E-01
 0.14843365701677E-01
 0.15678941989879E-01
 0.16546793962443E-01
 0.17447393428934E-01
 0.18378671762166E-01
 0.19342908267500E-01
 0.20342467672552E-01
 0.21375735646174E-01
 0.22446153486998E-01
 0.23549554184439E-01
 0.24691037584847E-01
 0.25871042008766E-01
 0.27091647482775E-01
 0.28350059083728E-01
 0.29646844739492E-01
 0.30991491210469E-01
 0.32374111604341E-01
 0.33802459901726E-01
 0.35276547877722E-01
 0.36800524259972E-01
 0.38368773233693E-01
 0.39986116664238E-01
 0.41656866115182E-01
 0.43381018600553E-01
 0.45159459046893E-01
 0.46989914655165E-01
 0.48886878356519E-01
 0.50840308961940E-01
 0.52852006269952E-01
 0.54926525506202E-01
 0.57073453413965E-01
 0.59285428472889E-01
 0.61572689369268E-01
 0.63937574213913E-01
 0.66377777374321E-01
 0.68894812647140E-01
 0.71498932612579E-01
 0.74195827468942E-01
 0.76977817091039E-01
 0.79857401231552E-01
 0.82835688221956E-01
 0.85923906635754E-01
 0.89124104490327E-01
 0.92434645368855E-01
 0.95861707849836E-01
 0.99414452142847E-01
 0.10311370620784E+00
 0.10694876892362E+00
 0.11092364417112E+00
 0.11505887828744E+00
 0.11936464524099E+00
 0.12382648570873E+00
 0.12847974654032E+00
 0.13333167931447E+00
 0.13837074269755E+00
 0.14363780529476E+00
 0.14912284004223E+00
 0.15484406898519E+00
 0.16079578661495E+00
 0.16699355047055E+00
 0.17347645938969E+00
 0.18021631333097E+00
 0.18722820279899E+00
 0.19452553276877E+00
 0.20208932377057E+00
 0.20993483795765E+00
 0.21803662754041E+00
 0.22639254800472E+00
 0.23498096064253E+00
 0.24372270294939E+00
 0.25264218969559E+00
 0.26168850021046E+00
 0.27076102064680E+00
 0.27985111572592E+00
 0.28887290014800E+00
 0.29779339176644E+00
 0.30655782081565E+00
 0.31514713212314E+00
 0.32352120972373E+00
 0.33167276748061E+00
 0.33960745400335E+00
 0.34732342112018E+00
 0.35483091407711E+00
 0.36213927837002E+00
 0.36926784463031E+00
 0.37622626353819E+00
 0.38302880946422E+00
 0.38968524803084E+00
 0.39620493004493E+00
 0.40259547008508E+00
 0.40886733012768E+00
 0.41502374119921E+00
 0.42106740833822E+00
 0.42700695844807E+00
 0.43284502515526E+00
 0.43858099877262E+00
 0.44422255464900E+00
 0.44976991291413E+00
 0.45522622759403E+00
 0.46059086683996E+00
 0.46586951280018E+00
 0.47106174632847E+00
 0.47617118736231E+00
 0.48119695646975E+00
 0.48614322606703E+00
 0.49100985224710E+00
 0.49579966472179E+00
 0.50051356832190E+00
 0.50515377063308E+00
 0.50972095332518E+00
 0.51421756027617E+00
 0.51864449560792E+00
 0.52300312643236E+00
 0.52729462880442E+00
 0.53152110307149E+00
 0.53568363321255E+00
 0.53978374400042E+00
 0.54382251263116E+00
 0.54780128181058E+00
 0.55172145155378E+00
 0.55558399497510E+00
 0.55939094849701E+00
 0.56314238548788E+00
 0.56684052570081E+00
 0.57048570634701E+00
 0.57407957245119E+00
 0.57762299584049E+00
 0.58111672528667E+00
 0.58456231138286E+00
 0.58796067091819E+00
 0.59131282828288E+00
 0.59461964352177E+00
 0.59788205514168E+00
 0.60110074681093E+00
 0.60427707936592E+00
 0.60741174351273E+00
 0.61050559678419E+00
 0.61355918208525E+00
 0.61657365682180E+00
 0.61954990489708E+00
 0.62248841663767E+00
 0.62539034093024E+00
 0.62825537867975E+00
 0.63108571785478E+00
 0.63388098679636E+00
 0.63664218002029E+00
 0.63936987193977E+00
 0.64206471421365E+00
 0.64472766992327E+00
 0.64735886952696E+00
 0.64995918330428E+00
 0.65252924239644E+00
 0.65506934035684E+00
 0.65758060228579E+00
 0.66006263412183E+00
 0.66251696782114E+00
 0.66494324090784E+00
 0.66734275398974E+00
 0.66971510873628E+00
 0.67206167232131E+00
 0.67438245942649E+00
 0.67667784266348E+00
 0.67894830115469E+00
 0.68119446008878E+00
 0.68341671892305E+00
 0.68561542415531E+00
 0.68779076904603E+00
 0.68994353554521E+00
 0.69207386310651E+00
 0.69418204178049E+00
 0.69626887800389E+00
 0.69833416651412E+00
 0.70037870515356E+00
 0.70240261136878E+00
 0.70440610521557E+00
 0.70638992771333E+00
 0.70835396533259E+00
 0.71029865504543E+00
 0.71222456426681E+00
 0.71413168896682E+00
 0.71602041189950E+00
 0.71789099498222E+00
 0.71974394106944E+00
 0.72157918331446E+00
 0.72339704337325E+00
 0.72519798479018E+00
 0.72698221181084E+00
 0.72875000344300E+00
 0.73050142387433E+00
 0.73223669475345E+00
 0.73395638400619E+00
 0.73566043790657E+00
 0.73734933114069E+00
 0.73902284850093E+00
 0.74068170251071E+00
 0.74232579124857E+00
 0.74395539462074E+00
 0.74557095559735E+00
 0.74717237299180E+00
 0.74875989528954E+00
 0.75033369262061E+00
 0.75189406307282E+00
 0.75344115380553E+00
 0.75497515140888E+00
 0.75649648707607E+00
 0.75800454675296E+00
 0.75950037013986E+00
 0.76098374200874E+00
 0.76245486744138E+00
 0.76391404038230E+00
 0.76536108391770E+00
 0.76679643373938E+00
 0.76822038182307E+00
 0.76963250031191E+00
 0.77103362325216E+00
 0.77242343640002E+00
 0.77380240921329E+00
 0.77517032326568E+00
 0.77652757636878E+00
