 0.13708380095672E+03
 0.13708380095668E+03
 0.13708380095628E+03
 0.13708380104278E+03
 0.13708380419564E+03
 0.13708383395743E+03
 0.13708396560561E+03
 0.13708433276320E+03
 0.13708509673953E+03
 0.13708640656966E+03
 0.13708837510282E+03
 0.13709107221545E+03
 0.13709452878158E+03
 0.13709874545735E+03
 0.13710369749105E+03
 0.13710934226648E+03
 0.13711562574158E+03
 0.13712248251817E+03
 0.13712984303269E+03
 0.13713763313351E+03
 0.13710579150409E+03
 0.13710386046827E+03
 0.13710161987738E+03
 0.13709906004981E+03
 0.13709617789157E+03
 0.13709297378092E+03
 0.13708945557526E+03
 0.13708563097118E+03
 0.13708151888006E+03
 0.13707714211699E+03
 0.13707252896756E+03
 0.13706770360027E+03
 0.13706270545198E+03
 0.13705757251586E+03
 0.13705233328910E+03
 0.13704703711824E+03
 0.13704172122642E+03
 0.13703643133835E+03
 0.13703120101098E+03
 0.13702606439962E+03
 0.13702108453111E+03
 0.13701627287047E+03
 0.13701166465484E+03
 0.13700729763230E+03
 0.13700320761134E+03
 0.13699940588922E+03
 0.13699590529592E+03
 0.13699273430238E+03
 0.13698991660795E+03
 0.13698745856727E+03
 0.13698535894745E+03
 0.13698363899474E+03
 0.13698229356111E+03
 0.13698132892766E+03
 0.13698075831174E+03
 0.13698057078679E+03
 0.13698076043031E+03
 0.13698135104051E+03
 0.13698231287101E+03
 0.13698364806313E+03
 0.13698542528017E+03
 0.13698753828073E+03
 0.13699004705262E+03
 0.13699299856259E+03
 0.13699631556627E+03
 0.13700012073494E+03
 0.13700433090196E+03
 0.13700893926632E+03
 0.13701409542927E+03
 0.13701971865421E+03
 0.13702596423981E+03
 0.13703276528019E+03
 0.13704009795431E+03
 0.13704824599814E+03
 0.13705702956906E+03
 0.13706665842147E+03
 0.13707712880051E+03
 0.13708860059704E+03
 0.13710093503496E+03
 0.13711454540675E+03
 0.13712929732803E+03
 0.13714536615032E+03
 0.13716282752457E+03
 0.13718186463265E+03
 0.13720275460592E+03
 0.13722534815108E+03
 0.13724991940254E+03
 0.13727679984572E+03
 0.13730600384993E+03
 0.13733787214690E+03
 0.13737226537106E+03
 0.13740964291208E+03
 0.13745044395734E+03
 0.13749483861793E+03
 0.13754268415653E+03
 0.13759445758796E+03
 0.13765109240918E+03
 0.13771200157242E+03
 0.13777813883595E+03
 0.13784963671258E+03
 0.13792726426906E+03
 0.13801083296551E+03
 0.13810108498027E+03
 0.13819886752808E+03
 0.13830464570434E+03
 0.13841856061653E+03
 0.13854101949056E+03
 0.13867415555928E+03
 0.13881733453243E+03
 0.13897111646150E+03
 0.13913664316495E+03
 0.13931571259162E+03
 0.13950828159821E+03
 0.13971620132176E+03
 0.13994082455898E+03
 0.14018187798184E+03
 0.14044147094505E+03
 0.14072140542885E+03
 0.14102387405337E+03
 0.14134928043116E+03
 0.14169989977661E+03
 0.14207730223539E+03
 0.14248698960444E+03
 0.14292961036025E+03
 0.14340584789403E+03
 0.14391934417230E+03
 0.14447420924562E+03
 0.14507886834246E+03
 0.14573281726379E+03
 0.14643910355576E+03
 0.14720665343393E+03
 0.14804408057447E+03
 0.14894931620209E+03
 0.14993863701342E+03
 0.15102185561408E+03
 0.15219746095217E+03
 0.15349348498761E+03
 0.15491251578541E+03
 0.15647183230995E+03
 0.15818265755274E+03
 0.16008464098394E+03
 0.16214745560067E+03
 0.16446681579362E+03
 0.16702848976277E+03
 0.16988360011133E+03
 0.17305322161158E+03
 0.17660155711039E+03
 0.18056261123525E+03
 0.18500616175783E+03
 0.18999869847418E+03
 0.19553608609883E+03
 0.20177233389629E+03
 0.20878142538055E+03
 0.21652799452055E+03
 0.22516516589400E+03
 0.23465133586674E+03
 0.24505531875660E+03
 0.25633447894997E+03
 0.26853700797288E+03
 0.28153785067510E+03
 0.29529645384809E+03
 0.30981031644554E+03
 0.32498167234659E+03
 0.34074261437373E+03
 0.35699237404583E+03
 0.37376487411366E+03
 0.39097327240952E+03
 0.40859060529729E+03
 0.42660903606477E+03
 0.44496803331789E+03
 0.46361332776639E+03
 0.48267765252683E+03
 0.50204743728169E+03
 0.52161789771190E+03
 0.54157779890796E+03
 0.56186190006504E+03
 0.58230912605514E+03
 0.60316027960118E+03
 0.62424415857899E+03
 0.64572766185129E+03
 0.66726704997078E+03
 0.68925434480215E+03
 0.71144169649697E+03
 0.73411047760764E+03
 0.75687859811315E+03
 0.78008980936486E+03
 0.80343288336956E+03
 0.82717350549934E+03
 0.85118133976786E+03
 0.87555098228579E+03
 0.90015862222011E+03
 0.92520111463077E+03
 0.95053553302256E+03
 0.97617456678229E+03
 0.10020757241994E+04
 0.10282515954515E+04
 0.10548273092995E+04
 0.10818137289865E+04
 0.11090953826536E+04
 0.11366474956180E+04
 0.11646076085842E+04
 0.11928439895656E+04
 0.12215950121379E+04
 0.12505476485900E+04
 0.12800431144224E+04
 0.13096850327736E+04
 0.13398702200801E+04
 0.13704075433596E+04
 0.14012890571492E+04
 0.14325320450195E+04
 0.14642559170713E+04
 0.14963172578763E+04
 0.15289053101505E+04
 0.15617331639078E+04
 0.15950097677387E+04
 0.16287264692941E+04
 0.16628448386389E+04
 0.16974597181902E+04
 0.17323587682938E+04
 0.17678508437904E+04
 0.18036672250327E+04
 0.18400400271720E+04
 0.18769428620042E+04
 0.19141302301344E+04
 0.19519027708218E+04
 0.19900110372997E+04
 0.20286466061365E+04
 0.20677774426286E+04
 0.21074275808885E+04
 0.21475027368105E+04
 0.21880094435792E+04
 0.22291744034487E+04
 0.22708384758918E+04
 0.23129565383150E+04
 0.23557301059672E+04
 0.23988326644377E+04
 0.24425817222171E+04
 0.24867860674035E+04
 0.25317240247435E+04
 0.25770742954742E+04
 0.26229263926541E+04
 0.26694609994816E+04
 0.27164845190146E+04
 0.27641372383036E+04
 0.28124840794779E+04
 0.28612069407353E+04
 0.29107337832011E+04
 0.29608373016006E+04
 0.30114640350902E+04
 0.30628804659670E+04
 0.31146613114093E+04
 0.31673731932440E+04
 0.32205440711983E+04
 0.32744696456025E+04
 0.33290601007306E+04
 0.33842597021098E+04
 0.34402200417315E+04
 0.34969220311742E+04
 0.35540554266897E+04
 0.36122850874542E+04
 0.36709043395615E+04
 0.37305328873914E+04
 0.37907367628998E+04
 0.38516732651663E+04
 0.39133240642127E+04
 0.39759274285553E+04
 0.40392492022887E+04
 0.41033632744640E+04
 0.41682216640382E+04
 0.42338832566613E+04
 0.43003969553776E+04
 0.43676811397537E+04
 0.44359567078361E+04
 0.45050733362627E+04
 0.45749089575082E+04
 0.46457624641483E+04
 0.47175183102716E+04
 0.47899327379746E+04
 0.48635569747768E+04
 0.49380850128108E+04
 0.50135247474131E+04
 0.50897927017995E+04
 0.51672271295004E+04
 0.52455041605180E+04
 0.53247616237671E+04
 0.54052408684658E+04
 0.54864662769192E+04
 0.55689549923414E+04
 0.56523260784415E+04
 0.57368535853879E+04
 0.58226220082592E+04
 0.59092090815904E+04
 0.59972316331616E+04
 0.60862086659278E+04
 0.61763718666049E+04
 0.62677948336499E+04
 0.63604115482595E+04
 0.64543160804967E+04
 0.65493561926202E+04
 0.66456160352419E+04
