 0.21140089951492E+08
 0.21140089951487E+08
 0.21140089951416E+08
 0.21140089951002E+08
 0.21140089949331E+08
 0.21140089944668E+08
 0.21140090048753E+08
 0.21140090529864E+08
 0.21140092253790E+08
 0.21140096868176E+08
 0.21140107191162E+08
 0.21140126663458E+08
 0.21140160645055E+08
 0.21140214944602E+08
 0.21140295299822E+08
 0.21140410022534E+08
 0.21140565507549E+08
 0.21140768968194E+08
 0.21141027355722E+08
 0.21141347827513E+08
 0.21141740617139E+08
 0.21142204982705E+08
 0.21142751686261E+08
 0.21143385310494E+08
 0.21144113872805E+08
 0.21144942288822E+08
 0.21145879341301E+08
 0.21146919295022E+08
 0.21148073418425E+08
 0.21149351012673E+08
 0.21150763731845E+08
 0.21152300073731E+08
 0.21153981080396E+08
 0.21155817734865E+08
 0.21157790369059E+08
 0.21159929542233E+08
 0.21162230734740E+08
 0.21164718103262E+08
 0.21167369811481E+08
 0.21170184984290E+08
 0.21173241360845E+08
 0.21176475532261E+08
 0.21179900050256E+08
 0.21183534372252E+08
 0.21187418563413E+08
 0.21191510932980E+08
 0.21195786223678E+08
 0.21200285653363E+08
 0.21205034773619E+08
 0.21210022156958E+08
 0.21215206851418E+08
 0.21220641670774E+08
 0.21226283356916E+08
 0.21232162756574E+08
 0.21238297341734E+08
 0.21244650512060E+08
 0.21251207310231E+08
 0.21258045928399E+08
 0.21265070477595E+08
 0.21272239598325E+08
 0.21279856205928E+08
 0.21287462473984E+08
 0.21295299476308E+08
 0.21303487820860E+08
 0.21311692410030E+08
 0.21320351518273E+08
 0.21329082352491E+08
 0.21337738632199E+08
 0.21346838431275E+08
 0.21355940518526E+08
 0.21365513089911E+08
 0.21375138238120E+08
 0.21384604980461E+08
 0.21394728011631E+08
 0.21404638334664E+08
 0.21414934469500E+08
 0.21425289945247E+08
 0.21435994244615E+08
 0.21446334251152E+08
 0.21457290884871E+08
 0.21468214304104E+08
 0.21479224981073E+08
 0.21490281642969E+08
 0.21501526046423E+08
 0.21513318348107E+08
 0.21524825802418E+08
 0.21536422832779E+08
 0.21548473824029E+08
 0.21560621675086E+08
 0.21573102523791E+08
 0.21585166666113E+08
 0.21597354831953E+08
 0.21610183414420E+08
 0.21623361378750E+08
 0.21636018020491E+08
 0.21648720396956E+08
 0.21662394532021E+08
 0.21675624859142E+08
 0.21689312536605E+08
 0.21703041045751E+08
 0.21717378133125E+08
 0.21731482814295E+08
 0.21745742858800E+08
 0.21760629343677E+08
 0.21776034124906E+08
 0.21791398662050E+08
 0.21806596299856E+08
 0.21823094399287E+08
 0.21839606786280E+08
 0.21856017825011E+08
 0.21872611301065E+08
 0.21890155655580E+08
 0.21908005868714E+08
 0.21926573681694E+08
 0.21946070887541E+08
 0.21965484788967E+08
 0.21985574450195E+08
 0.22006349546860E+08
 0.22028225228077E+08
 0.22050763278619E+08
 0.22073913054340E+08
 0.22097633767455E+08
 0.22123554139361E+08
 0.22150646880623E+08
 0.22178251247624E+08
 0.22206831705170E+08
 0.22236746268635E+08
 0.22269583055644E+08
 0.22304011473117E+08
 0.22339735506423E+08
 0.22377964699196E+08
 0.22419623818063E+08
 0.22462858140561E+08
 0.22509937640004E+08
 0.22561534948183E+08
 0.22615600610733E+08
 0.22676135005197E+08
 0.22741715068836E+08
 0.22813307391671E+08
 0.22891082824815E+08
 0.22976254446112E+08
 0.23071360457088E+08
 0.23176756546443E+08
 0.23293484770667E+08
 0.23424134709115E+08
 0.23568755201051E+08
 0.23731989182795E+08
 0.23913497625964E+08
 0.24117547006215E+08
 0.24346145801276E+08
 0.24595701280796E+08
 0.24874347763119E+08
 0.25182344132900E+08
 0.25512712293337E+08
 0.25868568547375E+08
 0.26242227998092E+08
 0.26631319198209E+08
 0.27027690144468E+08
 0.27427397979489E+08
 0.27819642203302E+08
 0.28200090596487E+08
 0.28564423340950E+08
 0.28906768716899E+08
 0.29223369054612E+08
 0.29510989421586E+08
 0.29770441845345E+08
 0.29999401595803E+08
 0.30198473376562E+08
 0.30368069358707E+08
 0.30508302971427E+08
 0.30620167613501E+08
 0.30706206868539E+08
 0.30766580373747E+08
 0.30802520062857E+08
 0.30816293999699E+08
 0.30808780999072E+08
 0.30781434372084E+08
 0.30735530440843E+08
 0.30672554082898E+08
 0.30593081304291E+08
 0.30499748712612E+08
 0.30391933023778E+08
 0.30272061635483E+08
 0.30139051502947E+08
 0.29996443948454E+08
 0.29842860527313E+08
 0.29681602822935E+08
 0.29511065363051E+08
 0.29333207362113E+08
 0.29147471614977E+08
 0.28956434420272E+08
 0.28758213905066E+08
 0.28554780354163E+08
 0.28346742427862E+08
 0.28135060000041E+08
 0.27920331703819E+08
 0.27701145263712E+08
 0.27478015207641E+08
 0.27252590114906E+08
 0.27025862303270E+08
 0.26796295231680E+08
 0.26565813568278E+08
 0.26331737246885E+08
 0.26098857997462E+08
 0.25862555114301E+08
 0.25628041640209E+08
 0.25391333063333E+08
 0.25154070845677E+08
 0.24917137981922E+08
 0.24681011937356E+08
 0.24443425936219E+08
 0.24207287921195E+08
 0.23969368411637E+08
 0.23734946863451E+08
 0.23500084556552E+08
 0.23266137147107E+08
 0.23032767776490E+08
 0.22800158891182E+08
 0.22570262566041E+08
 0.22339359147952E+08
 0.22111280122208E+08
 0.21882956101377E+08
 0.21655819799404E+08
 0.21431647464910E+08
 0.21207450425307E+08
 0.20986556735638E+08
 0.20766438749560E+08
 0.20548381185124E+08
 0.20330906375832E+08
 0.20115914545597E+08
 0.19903894348805E+08
 0.19691441707870E+08
 0.19481234878546E+08
 0.19273437132261E+08
 0.19066323455813E+08
 0.18862936751841E+08
 0.18660434886391E+08
 0.18460413258042E+08
 0.18260181820785E+08
 0.18063661785897E+08
 0.17869678789573E+08
 0.17676064163966E+08
 0.17485631644105E+08
 0.17296610418636E+08
 0.17108588144890E+08
 0.16924400894387E+08
 0.16740247672473E+08
 0.16558661025034E+08
 0.16379577534351E+08
 0.16201331178351E+08
 0.16026684491219E+08
 0.15851760660258E+08
 0.15680273479012E+08
 0.15510303113205E+08
 0.15341771653135E+08
 0.15175970045714E+08
 0.15010987052185E+08
 0.14848144550707E+08
 0.14688353667316E+08
 0.14528134850738E+08
 0.14371966590103E+08
 0.14215558627927E+08
 0.14062054651188E+08
 0.13910391875127E+08
 0.13760646460318E+08
 0.13611848946266E+08
 0.13464971126660E+08
 0.13319617556199E+08
 0.13176694749000E+08
 0.13035208872704E+08
 0.12895378278127E+08
 0.12757223636574E+08
 0.12620051841313E+08
 0.12484842433638E+08
 0.12351574688564E+08
 0.12219457897391E+08
 0.12089206717652E+08
 0.11961203671242E+08
 0.11833495596876E+08
 0.11707315565020E+08
 0.11583319125656E+08
 0.11460792283935E+08
 0.11339428987163E+08
 0.11219837252654E+08
 0.11101425946848E+08
 0.10984127957290E+08
 0.10869010912240E+08
 0.10754720104282E+08
 0.10642167010888E+08
 0.10530897143076E+08
 0.10420385096909E+08
 0.10312547215250E+08
 0.10204562692244E+08
 0.10098738626270E+08
 0.99940023337968E+07
 0.98901578439517E+07
 0.97879588395829E+07
 0.96866406654897E+07
 0.95867648556624E+07
 0.94881232061748E+07
