 0.77828127914593E+07
 0.77828127914647E+07
 0.77828127915301E+07
 0.77828127918517E+07
 0.77828127940319E+07
 0.77828128089108E+07
 0.77828129398257E+07
 0.77828135132704E+07
 0.77828154248336E+07
 0.77828204368625E+07
 0.77828314346844E+07
 0.77828523523921E+07
 0.77828883628423E+07
 0.77829457173454E+07
 0.77830307447893E+07
 0.77831519136851E+07
 0.77833160630875E+07
 0.77835309934647E+07
 0.77838042137521E+07
 0.77841429597793E+07
 0.77845564934270E+07
 0.77850464009960E+07
 0.77856213422672E+07
 0.77862861057928E+07
 0.77870461566804E+07
 0.77879050334750E+07
 0.77888683273741E+07
 0.77899324774510E+07
 0.77911025866180E+07
 0.77923831772180E+07
 0.77937790952901E+07
 0.77952815470212E+07
 0.77969000266906E+07
 0.77986385830509E+07
 0.78004820468850E+07
 0.78024453033701E+07
 0.78045225151397E+07
 0.78067241158996E+07
 0.78090347575219E+07
 0.78114502194885E+07
 0.78140128397210E+07
 0.78166822215963E+07
 0.78194633863842E+07
 0.78223659556911E+07
 0.78254101958854E+07
 0.78285701504032E+07
 0.78318304611937E+07
 0.78352133744210E+07
 0.78387327048518E+07
 0.78423814985615E+07
 0.78461362007637E+07
 0.78500272797121E+07
 0.78540310263992E+07
 0.78581641921454E+07
 0.78624393462772E+07
 0.78668365775971E+07
 0.78713476270298E+07
 0.78760192471725E+07
 0.78807986589360E+07
 0.78856643323845E+07
 0.78907886706270E+07
 0.78959154507107E+07
 0.79011813603332E+07
 0.79066566714403E+07
 0.79121552557006E+07
 0.79179221312447E+07
 0.79237451583205E+07
 0.79295428512531E+07
 0.79356069842753E+07
 0.79416884964218E+07
 0.79480498672191E+07
 0.79544566319471E+07
 0.79607918144297E+07
 0.79675055242377E+07
 0.79741134458873E+07
 0.79809450469618E+07
 0.79878128271269E+07
 0.79948788643154E+07
 0.80017397136159E+07
 0.80089332843906E+07
 0.80160932758320E+07
 0.80232801461085E+07
 0.80304631858976E+07
 0.80377089339408E+07
 0.80452097218456E+07
 0.80524923817784E+07
 0.80597520945207E+07
 0.80671764148544E+07
 0.80745532720680E+07
 0.80819924718284E+07
 0.80890714272201E+07
 0.80960610402132E+07
 0.81032336681513E+07
 0.81103943806338E+07
 0.81170495586358E+07
 0.81234894272921E+07
 0.81301709075240E+07
 0.81363150152054E+07
 0.81423695505946E+07
 0.81480651113124E+07
 0.81536766741952E+07
 0.81587155690292E+07
 0.81633449534604E+07
 0.81677607549049E+07
 0.81718577720069E+07
 0.81752823909571E+07
 0.81779169615872E+07
 0.81804494368494E+07
 0.81821563289405E+07
 0.81829176765268E+07
 0.81827837810767E+07
 0.81820593922487E+07
 0.81803364540756E+07
 0.81777036208623E+07
 0.81741549510687E+07
 0.81690925768951E+07
 0.81627783764615E+07
 0.81550591674091E+07
 0.81459560712609E+07
 0.81351761462199E+07
 0.81224745257689E+07
 0.81076678158706E+07
 0.80912699521266E+07
 0.80725646694934E+07
 0.80511060084467E+07
 0.80268496085598E+07
 0.79996534388668E+07
 0.79697244870863E+07
 0.79362991271971E+07
 0.78990034514427E+07
 0.78577824551434E+07
 0.78124561242908E+07
 0.77622502366669E+07
 0.77071148452074E+07
 0.76466838756679E+07
 0.75801575453524E+07
 0.75075458541316E+07
 0.74281071464870E+07
 0.73413381822182E+07
 0.72468572074897E+07
 0.71440073023653E+07
 0.70326022316141E+07
 0.69119470082403E+07
 0.67818530625613E+07
 0.66419442700459E+07
 0.64923526480332E+07
 0.63327885115486E+07
 0.61639845745936E+07
 0.59861454661179E+07
 0.58002758004399E+07
 0.56089534301649E+07
 0.54122600236086E+07
 0.52122831239914E+07
 0.50126525112536E+07
 0.48144045343523E+07
 0.46205585519619E+07
 0.44323164287729E+07
 0.42514209751865E+07
 0.40782534523963E+07
 0.39139160066757E+07
 0.37580758938663E+07
 0.36102968415158E+07
 0.34703606135495E+07
 0.33378055761484E+07
 0.32122102114932E+07
 0.30926896560865E+07
 0.29790212502103E+07
 0.28706413685139E+07
 0.27671507008754E+07
 0.26683218028073E+07
 0.25739023140703E+07
 0.24832625882009E+07
 0.23964448920220E+07
 0.23133992883641E+07
 0.22334909935463E+07
 0.21567334088966E+07
 0.20832603087273E+07
 0.20124254917086E+07
 0.19444452606561E+07
 0.18788855515308E+07
 0.18161413814948E+07
 0.17555480520563E+07
 0.16973586101222E+07
 0.16410966180739E+07
 0.15871231363990E+07
 0.15350043677688E+07
 0.14849738191463E+07
 0.14366616929182E+07
 0.13901384101121E+07
 0.13452198316137E+07
 0.13020065350685E+07
 0.12602325647647E+07
 0.12199550250946E+07
 0.11811199194829E+07
 0.11436953103473E+07
 0.11076303035181E+07
 0.10727647662132E+07
 0.10390665240463E+07
 0.10065583867246E+07
 0.97522160155652E+06
 0.94492349954303E+06
 0.91569692788269E+06
 0.88737911322577E+06
 0.86011792698179E+06
 0.83368364515854E+06
 0.80823369928726E+06
 0.78357642047026E+06
 0.75973689071193E+06
 0.73670658648682E+06
 0.71446378084556E+06
 0.69290668272334E+06
 0.67209105456902E+06
 0.65189704965781E+06
 0.63244042038022E+06
 0.61358755868086E+06
 0.59534752910215E+06
 0.57768925120213E+06
 0.56059374657885E+06
 0.54408366146733E+06
 0.52805267592702E+06
 0.51256601981787E+06
 0.49753862475962E+06
 0.48298381619366E+06
 0.46891734033095E+06
 0.45526497822755E+06
 0.44207308964113E+06
 0.42927824664117E+06
 0.41688932222778E+06
 0.40486625357598E+06
 0.39322874290250E+06
 0.38196973779970E+06
 0.37102211919873E+06
 0.36041792356925E+06
 0.35014658304512E+06
 0.34017225777105E+06
 0.33052779456287E+06
 0.32116099313698E+06
 0.31208595184838E+06
 0.30325812710474E+06
 0.29471768070100E+06
 0.28644124752540E+06
 0.27839337917589E+06
 0.27060049403501E+06
 0.26303339624008E+06
 0.25568051967906E+06
 0.24856586663648E+06
 0.24164124474325E+06
 0.23492697075333E+06
 0.22841554541306E+06
 0.22208449968601E+06
 0.21595419893319E+06
 0.20998268505068E+06
 0.20419854107013E+06
 0.19857861599229E+06
 0.19311756303319E+06
 0.18782118640657E+06
 0.18266883258807E+06
 0.17766656611976E+06
 0.17281705539941E+06
 0.16808943437712E+06
 0.16351279804170E+06
 0.15905185461553E+06
 0.15472536252975E+06
 0.15052178591788E+06
 0.14643781368952E+06
 0.14246403250341E+06
 0.13860308955169E+06
 0.13484961190022E+06
 0.13120561155160E+06
 0.12766170401856E+06
 0.12421640814819E+06
 0.12086746615099E+06
 0.11760789848328E+06
 0.11444039026749E+06
 0.11136222288343E+06
 0.10836675433853E+06
 0.10545520957236E+06
 0.10262667472094E+06
 0.99870065149243E+05
 0.97189329564368E+05
 0.94584296531785E+05
 0.92050448640359E+05
 0.89583959833734E+05
 0.87185827865133E+05
 0.84851875463795E+05
 0.82579728164153E+05
 0.80371697623224E+05
 0.78221171023091E+05
 0.76129843196636E+05
 0.74094276166367E+05
 0.72111384409570E+05
 0.70185597320590E+05
 0.68307052664361E+05
 0.66480930800681E+05
 0.64702793002858E+05
 0.62971116881794E+05
 0.61286306926646E+05
 0.59645328977921E+05
 0.58048097760388E+05
 0.56493227677038E+05
