 0.12287856071230E+01
 0.12287856154771E+01
 0.12287856532512E+01
 0.12287857575042E+01
 0.12287859811654E+01
 0.12287863952375E+01
 0.12287871001449E+01
 0.12287882577229E+01
 0.12287901441678E+01
 0.12287932080140E+01
 0.12287981102368E+01
 0.12288057403488E+01
 0.12288172093827E+01
 0.12288337967606E+01
 0.12288569441765E+01
 0.12288881487053E+01
 0.12289289861333E+01
 0.12289810216746E+01
 0.12290457829033E+01
 0.12291247488468E+01
 0.12292192596250E+01
 0.12293307177101E+01
 0.12294602617574E+01
 0.12296089867567E+01
 0.12297778597864E+01
 0.12299677637272E+01
 0.12301794199775E+01
 0.12304136174675E+01
 0.12306708718922E+01
 0.12309515998332E+01
 0.12312561172374E+01
 0.12315849014774E+01
 0.12319379904765E+01
 0.12323154365093E+01
 0.12327175839440E+01
 0.12331441076033E+01
 0.12335950009323E+01
 0.12340698813373E+01
 0.12345687618389E+01
 0.12350913960262E+01
 0.12356365709342E+01
 0.12362045874933E+01
 0.12367948156766E+01
 0.12374064700337E+01
 0.12380385365126E+01
 0.12386907969228E+01
 0.12393627893885E+01
 0.12400533102411E+01
 0.12407612656471E+01
 0.12414859233139E+01
 0.12422268205481E+01
 0.12429824587864E+01
 0.12437523230897E+01
 0.12445351475056E+01
 0.12453296890806E+01
 0.12461353106899E+01
 0.12469511680431E+01
 0.12477753544662E+01
 0.12486078279467E+01
 0.12494479419694E+01
 0.12502914780774E+01
 0.12511421512065E+01
 0.12519964248766E+01
 0.12528519275715E+01
 0.12537111371307E+01
 0.12545684619867E+01
 0.12554268889399E+01
 0.12562869782316E+01
 0.12571422275815E+01
 0.12579964260323E+01
 0.12588435932305E+01
 0.12596872766227E+01
 0.12605288525773E+01
 0.12613586540825E+01
 0.12621852225616E+01
 0.12630012426304E+01
 0.12638094983602E+01
 0.12646059116856E+01
 0.12653977790539E+01
 0.12661733758767E+01
 0.12669393237815E+01
 0.12676935532807E+01
 0.12684359328950E+01
 0.12691642985497E+01
 0.12698737630276E+01
 0.12705734500476E+01
 0.12712586205330E+01
 0.12719243085838E+01
 0.12725743547586E+01
 0.12732055136434E+01
 0.12738263822941E+01
 0.12744302106086E+01
 0.12750100560510E+01
 0.12755693873202E+01
 0.12761186927747E+01
 0.12766506686949E+01
 0.12771535588711E+01
 0.12776449771231E+01
 0.12781132061489E+01
 0.12785639120035E+01
 0.12789892236917E+01
 0.12794002850338E+01
 0.12797920839321E+01
 0.12801583580711E+01
 0.12805007270132E+01
 0.12808265463922E+01
 0.12811383361981E+01
 0.12814158399785E+01
 0.12816769555503E+01
 0.12819236046070E+01
 0.12821526712726E+01
 0.12823537065410E+01
 0.12825361908493E+01
 0.12826949767927E+01
 0.12828277310133E+01
 0.12829495163551E+01
 0.12830501063513E+01
 0.12831306054740E+01
 0.12831860590432E+01
 0.12832232762141E+01
 0.12832450363328E+01
 0.12832526114323E+01
 0.12832237638766E+01
 0.12831753391460E+01
 0.12831186564712E+01
 0.12830484785890E+01
 0.12829620938409E+01
 0.12828386041686E+01
 0.12826997925624E+01
 0.12825526830122E+01
 0.12823831182739E+01
 0.12821808990407E+01
 0.12819757374131E+01
 0.12817400725923E+01
 0.12814686536056E+01
 0.12811954811469E+01
 0.12808698416302E+01
 0.12805173291483E+01
 0.12801318841816E+01
 0.12797175885758E+01
 0.12792679505602E+01
 0.12787537955635E+01
 0.12781830767171E+01
 0.12775518387354E+01
 0.12768371161848E+01
 0.12760505895681E+01
 0.12751453100518E+01
 0.12741379925774E+01
 0.12729894286236E+01
 0.12716865728854E+01
 0.12702786577431E+01
 0.12686781019716E+01
 0.12668829576241E+01
 0.12649630838800E+01
 0.12628698717890E+01
 0.12606619283945E+01
 0.12583337556532E+01
 0.12559338956947E+01
 0.12534634461282E+01
 0.12509946948151E+01
 0.12485342973308E+01
 0.12460932447293E+01
 0.12437053145646E+01
 0.12413905871933E+01
 0.12391711936451E+01
 0.12370237806717E+01
 0.12349755790606E+01
 0.12330173535244E+01
 0.12311473669906E+01
 0.12293774744755E+01
 0.12277099287696E+01
 0.12261042832995E+01
 0.12245867767585E+01
 0.12231712101769E+01
 0.12218056694217E+01
 0.12205068125901E+01
 0.12193040472013E+01
 0.12181362266617E+01
 0.12170410275528E+01
 0.12159771888988E+01
 0.12150051524694E+01
 0.12140529722060E+01
 0.12131622646250E+01
 0.12122813737769E+01
 0.12114672546541E+01
 0.12106711924233E+01
 0.12099343302761E+01
 0.12092140106409E+01
 0.12085293781613E+01
 0.12078617470439E+01
 0.12072337539930E+01
 0.12066145986554E+01
 0.12060200193815E+01
 0.12054492584858E+01
 0.12049052622117E+01
 0.12043878797485E+01
 0.12038779451980E+01
 0.12033766511613E+01
 0.12028947054360E+01
 0.12024364471919E+01
 0.12019846714853E+01
 0.12015525773455E+01
 0.12011155411991E+01
 0.12007084501437E+01
 0.12002930472840E+01
 0.11999067293350E+01
 0.11995169664432E+01
 0.11991346245206E+01
 0.11987637604050E+01
 0.11984061064587E+01
 0.11980442360932E+01
 0.11976966465981E+01
 0.11973402894547E+01
 0.11970093686232E+01
 0.11966762106568E+01
 0.11963486905484E+01
 0.11960238849681E+01
 0.11957018368161E+01
 0.11953943185642E+01
 0.11950765351589E+01
 0.11947725398167E+01
 0.11944618183490E+01
 0.11941528587327E+01
 0.11938565187928E+01
 0.11935532953849E+01
 0.11932636476174E+01
 0.11929711057741E+01
 0.11926832973552E+01
 0.11923906088458E+01
 0.11921048611268E+01
 0.11918283758514E+01
 0.11915395709734E+01
 0.11912551373315E+01
 0.11909756197384E+01
 0.11906901277023E+01
 0.11904176722628E+01
 0.11901399527461E+01
 0.11898669959574E+01
 0.11895814144065E+01
 0.11893083597357E+01
 0.11890399862649E+01
 0.11887622309893E+01
 0.11884932163042E+01
 0.11882215271751E+01
 0.11879443361149E+01
 0.11876798431085E+01
 0.11874036796411E+01
 0.11871318508169E+01
 0.11868642930652E+01
 0.11865898835297E+01
 0.11863270766834E+01
 0.11860498869473E+01
 0.11857832952225E+01
 0.11855141939840E+01
 0.11852425330991E+01
 0.11849767144825E+01
 0.11847039366438E+01
 0.11844332222538E+01
 0.11841711723066E+01
 0.11838933113441E+01
 0.11836312922778E+01
 0.11833548910985E+01
 0.11830864151935E+01
 0.11828185485570E+01
 0.11825517929497E+01
 0.11822793751815E+01
 0.11820082051571E+01
 0.11817357315861E+01
 0.11814685844067E+01
 0.11811995700679E+01
 0.11809304160761E+01
 0.11806615652939E+01
 0.11803876663880E+01
 0.11801162473817E+01
 0.11798474933769E+01
 0.11795752849302E+01
 0.11793052859722E+01
 0.11790408228247E+01
 0.11787664510704E+01
 0.11784920098917E+01
 0.11782230253389E+01
 0.11779538582326E+01
 0.11776820985721E+01
 0.11774129704846E+01
 0.11771416596081E+01
 0.11768677891309E+01
 0.11766002793590E+01
 0.11763280965522E+01
 0.11760589813244E+01
 0.11757892505362E+01
 0.11755143190623E+01
 0.11752512859795E+01
 0.11749754238977E+01
 0.11747072510813E+01
 0.11744373436243E+01
 0.11741641487929E+01
 0.11738945077899E+01
 0.11736218027252E+01
 0.11733510890844E+01
 0.11730807026250E+01
