 0.16431646807701E+00
 0.16431646807697E+00
 0.16431646807651E+00
 0.16431646810801E+00
 0.16431646927819E+00
 0.16431648034875E+00
 0.16431652778923E+00
 0.16431665760741E+00
 0.16431691794218E+00
 0.16431734131408E+00
 0.16431793132732E+00
 0.16431865791849E+00
 0.16431946793289E+00
 0.16432026599043E+00
 0.16432096554652E+00
 0.16432141105601E+00
 0.16432149319047E+00
 0.16432107138237E+00
 0.16431999377794E+00
 0.16431811841156E+00
 0.16430024805118E+00
 0.16429243425186E+00
 0.16428315775579E+00
 0.16427229706713E+00
 0.16425970383567E+00
 0.16424526490300E+00
 0.16422877695721E+00
 0.16421031138620E+00
 0.16418965154872E+00
 0.16416657512591E+00
 0.16414083418681E+00
 0.16411259682025E+00
 0.16408144534864E+00
 0.16404711478330E+00
 0.16400996016376E+00
 0.16396936070895E+00
 0.16392535321639E+00
 0.16387747552581E+00
 0.16382604915497E+00
 0.16377108875465E+00
 0.16371112734189E+00
 0.16364731577516E+00
 0.16357938137057E+00
 0.16350690484613E+00
 0.16342918259183E+00
 0.16334694451980E+00
 0.16326056092716E+00
 0.16316930511465E+00
 0.16307270286015E+00
 0.16297090946145E+00
 0.16286460681398E+00
 0.16275288951230E+00
 0.16263635824405E+00
 0.16251459877419E+00
 0.16238712442725E+00
 0.16225456305128E+00
 0.16211709530929E+00
 0.16197335002862E+00
 0.16182492372682E+00
 0.16167228208279E+00
 0.16151039594024E+00
 0.16134667370767E+00
 0.16117721863412E+00
 0.16099961905832E+00
 0.16081944143086E+00
 0.16062931192042E+00
 0.16043539498041E+00
 0.16023988440913E+00
 0.16003407960943E+00
 0.15982497858557E+00
 0.15960485905342E+00
 0.15938027790288E+00
 0.15915438323856E+00
 0.15891372711136E+00
 0.15867203196854E+00
 0.15841953269731E+00
 0.15816116436902E+00
 0.15789209233086E+00
 0.15762280515702E+00
 0.15733828207280E+00
 0.15704800808291E+00
 0.15674960801036E+00
 0.15644359621466E+00
 0.15612739053711E+00
 0.15579443022883E+00
 0.15545811235483E+00
 0.15511182372483E+00
 0.15474932412955E+00
 0.15437572165980E+00
 0.15398704658013E+00
 0.15359415209757E+00
 0.15318839068995E+00
 0.15276088684874E+00
 0.15231583148833E+00
 0.15186656122548E+00
 0.15140328779989E+00
 0.15090994217317E+00
 0.15040939954960E+00
 0.14988636332078E+00
 0.14934636546999E+00
 0.14877947026569E+00
 0.14819945056432E+00
 0.14759824616486E+00
 0.14696752518138E+00
 0.14630785251832E+00
 0.14562819234984E+00
 0.14492930063562E+00
 0.14418466077115E+00
 0.14341585269290E+00
 0.14262371227068E+00
 0.14180237064663E+00
 0.14093615690209E+00
 0.14003643608380E+00
 0.13909450602408E+00
 0.13810279693150E+00
 0.13708032506587E+00
 0.13601280108048E+00
 0.13489278236545E+00
 0.13371671035683E+00
 0.13248932433463E+00
 0.13120964909409E+00
 0.12987439251830E+00
 0.12845509693833E+00
 0.12696533548927E+00
 0.12541622135805E+00
 0.12379813835566E+00
 0.12210129976596E+00
 0.12029248902666E+00
 0.11839720976645E+00
 0.11641854984441E+00
 0.11433269419758E+00
 0.11211557293950E+00
 0.10980774716785E+00
 0.10736220094547E+00
 0.10476714457915E+00
 0.10206607993456E+00
 0.99201181215263E-01
 0.96154573575502E-01
 0.92967044451156E-01
 0.89634372023782E-01
 0.86147352556004E-01
 0.82480944270193E-01
 0.78660015568110E-01
 0.74707997308611E-01
 0.70621083369932E-01
 0.66458290684287E-01
 0.62210836133114E-01
 0.57960412614970E-01
 0.53724919623890E-01
 0.49557162905749E-01
 0.45574352085681E-01
 0.41734079875925E-01
 0.38087335547038E-01
 0.34721035892390E-01
 0.31595340688496E-01
 0.28746123975236E-01
 0.26152031141514E-01
 0.23814010477373E-01
 0.21697886025704E-01
 0.19804728886061E-01
 0.18109747284495E-01
 0.16584573330378E-01
 0.15217636503932E-01
 0.13992222941798E-01
 0.12896071454261E-01
 0.11906790994881E-01
 0.11016907858788E-01
 0.10214286348644E-01
 0.94876888195598E-02
 0.88304056430014E-02
 0.82364259020377E-02
 0.76924128476003E-02
 0.71978107002231E-02
 0.67490577808941E-02
 0.63359143110951E-02
 0.59564292859237E-02
 0.56112955088878E-02
 0.52911626750555E-02
 0.49973537481057E-02
 0.47236328199598E-02
 0.44747030712823E-02
 0.42414515644690E-02
 0.40262273123873E-02
 0.38236265360629E-02
 0.36376010327214E-02
 0.34623685312916E-02
 0.33007680192317E-02
 0.31488396658489E-02
 0.30066558957765E-02
 0.28729352074176E-02
 0.27482564574978E-02
 0.26302187504734E-02
 0.25193267591676E-02
 0.24152340876617E-02
 0.23172689990849E-02
 0.22252063431885E-02
 0.21379322846115E-02
 0.20550117824084E-02
 0.19767940914127E-02
 0.19031498915931E-02
 0.18329176370513E-02
 0.17666734660081E-02
 0.17030794902357E-02
 0.16433564345867E-02
 0.15859175887739E-02
 0.15319523264227E-02
 0.14800662851264E-02
 0.14307265881909E-02
 0.13836818476533E-02
 0.13389129568203E-02
 0.12959483139696E-02
 0.12550200467321E-02
 0.12155737700929E-02
 0.11782617776341E-02
 0.11424260381242E-02
 0.11080713957352E-02
 0.10751850356921E-02
 0.10435459385875E-02
 0.10134683707383E-02
 0.98424581445334E-03
 0.95642683444766E-03
 0.92952902509126E-03
 0.90357193932553E-03
 0.87881525859287E-03
 0.85489512249083E-03
 0.83202141636672E-03
 0.80992709467003E-03
 0.78866731705797E-03
 0.76808066400033E-03
 0.74828455117937E-03
 0.72929062392669E-03
 0.71080768939896E-03
 0.69302203355707E-03
 0.67588296160056E-03
 0.65916945621533E-03
 0.64322951679496E-03
 0.62772635399779E-03
 0.61279149678957E-03
 0.59823213230386E-03
 0.58425213461458E-03
 0.57072563412783E-03
 0.55753503105660E-03
 0.54486328534672E-03
 0.53254403100242E-03
 0.52058050869768E-03
 0.50903496666282E-03
 0.49780321960155E-03
 0.48689876398032E-03
 0.47637753894183E-03
 0.46606516524399E-03
 0.45618914153563E-03
 0.44650081808762E-03
 0.43716647369616E-03
 0.42803345302949E-03
 0.41918165103756E-03
 0.41061391534239E-03
 0.40223628873068E-03
 0.39408859776433E-03
 0.38624379525075E-03
 0.37849756088690E-03
 0.37108679286801E-03
 0.36374733299000E-03
 0.35666854380554E-03
 0.34980025276522E-03
 0.34309940160383E-03
 0.33653219242887E-03
 0.33016978622952E-03
 0.32395533285220E-03
 0.31793122035496E-03
 0.31202618126234E-03
 0.30628693657717E-03
 0.30069719842389E-03
 0.29520907858935E-03
 0.28988751702490E-03
 0.28469112280826E-03
 0.27961224307999E-03
 0.27465991936358E-03
 0.26986420669387E-03
 0.26512846446886E-03
 0.26051641613964E-03
 0.25602893089887E-03
 0.25163553812202E-03
 0.24734840553146E-03
 0.24315905792165E-03
 0.23907099769645E-03
 0.23505693182680E-03
 0.23116769650515E-03
 0.22733872622503E-03
 0.22362102042815E-03
 0.21996972068977E-03
 0.21637879153131E-03
 0.21291189179054E-03
 0.20948696902404E-03
 0.20615129764549E-03
 0.20287856814580E-03
 0.19967049486964E-03
 0.19653688240350E-03
 0.19346915929025E-03
 0.19046921138800E-03
 0.18752881043749E-03
