 0.16432730420240E+00
 0.16432730420236E+00
 0.16432730420183E+00
 0.16432730419992E+00
 0.16432730418738E+00
 0.16432730411560E+00
 0.16432730225377E+00
 0.16432729422841E+00
 0.16432726668768E+00
 0.16432719381257E+00
 0.16432703280143E+00
 0.16432672133681E+00
 0.16432618508405E+00
 0.16432531645592E+00
 0.16432401734620E+00
 0.16432211242294E+00
 0.16431944970178E+00
 0.16431579897613E+00
 0.16431084392638E+00
 0.16430415871715E+00
 0.16429505547544E+00
 0.16428287600975E+00
 0.16426641790113E+00
 0.16424424496288E+00
 0.16421451244520E+00
 0.16417499655512E+00
 0.16412297127301E+00
 0.16405558618729E+00
 0.16396933950676E+00
 0.16386044050094E+00
 0.16372401707720E+00
 0.16355788001542E+00
 0.16335707933138E+00
 0.16311768427509E+00
 0.16283663720723E+00
 0.16251033373512E+00
 0.16213605873865E+00
 0.16171131246291E+00
 0.16123467606735E+00
 0.16070483305522E+00
 0.16011903344687E+00
 0.15947757897775E+00
 0.15878037268194E+00
 0.15802614502990E+00
 0.15721299642772E+00
 0.15634142847616E+00
 0.15541102657196E+00
 0.15441958262478E+00
 0.15336495938903E+00
 0.15224600274836E+00
 0.15106081825810E+00
 0.14980572517907E+00
 0.14847875318549E+00
 0.14707489632701E+00
 0.14558979588789E+00
 0.14402029336509E+00
 0.14236093400150E+00
 0.14060208721846E+00
 0.13873922941190E+00
 0.13676615074432E+00
 0.13465986081268E+00
 0.13242588351590E+00
 0.13003684624553E+00
 0.12746621012018E+00
 0.12469803315749E+00
 0.12167118239133E+00
 0.11834809719371E+00
 0.11462505437691E+00
 0.11024017384809E+00
