 0.98445526788544E+00
 0.98445526788544E+00
 0.98445526788544E+00
 0.98445526788544E+00
 0.98445526788544E+00
 0.98445526788544E+00
 0.98445526788544E+00
 0.98445526788544E+00
 0.98445526788544E+00
 0.98445524117202E+00
 0.98445644462219E+00
 0.98445474659539E+00
 0.98445353785076E+00
 0.98445434386831E+00
 0.98445270496311E+00
 0.98445338818560E+00
 0.98445295250129E+00
 0.98445486664520E+00
 0.98445416196184E+00
 0.98445289072232E+00
 0.98445355309864E+00
 0.98445475728037E+00
 0.98445432953585E+00
 0.98445154454734E+00
 0.98445078510554E+00
 0.98445297348158E+00
 0.98445380260766E+00
 0.98445206462217E+00
 0.98445047440052E+00
 0.98445321258677E+00
 0.98445636051391E+00
 0.98445003527434E+00
 0.98446111629626E+00
 0.98446270594007E+00
 0.98445449250870E+00
 0.98446575447871E+00
 0.98445816232227E+00
 0.98445937377802E+00
 0.98447086102266E+00
 0.98445806464746E+00
 0.98445018348230E+00
 0.98446515642197E+00
 0.98445770162844E+00
 0.98447207188926E+00
 0.98448035416285E+00
 0.98448030517315E+00
 0.98447890707150E+00
 0.98447169346465E+00
 0.98446154420327E+00
 0.98447791878190E+00
 0.98446182181193E+00
 0.98448471914522E+00
 0.98447392218451E+00
 0.98446757928607E+00
 0.98446909299324E+00
 0.98448574042213E+00
 0.98443779441500E+00
 0.98446096330903E+00
 0.98448464482417E+00
 0.98447616755549E+00
 0.98448532820687E+00
 0.98448363189803E+00
 0.98444238137813E+00
 0.98447850389779E+00
 0.98442738064814E+00
 0.98448065027468E+00
 0.98448316301063E+00
 0.98440258269873E+00
 0.98448547388775E+00
 0.98442547338402E+00
 0.98447356968490E+00
 0.98446576118653E+00
 0.98445324531664E+00
 0.98447514510937E+00
 0.98443006467068E+00
 0.98448435530792E+00
 0.98446783693052E+00
 0.98443223651485E+00
 0.98441990237530E+00
 0.98442465150322E+00
 0.98443899965816E+00
 0.98444387885114E+00
 0.98447528297269E+00
 0.98443208652318E+00
 0.98444187369359E+00
 0.98447847718526E+00
 0.98442667441439E+00
 0.98441443692286E+00
 0.98442489767233E+00
 0.98443373596572E+00
 0.98447003735127E+00
 0.98446420419131E+00
 0.98442748110529E+00
 0.98447656053271E+00
 0.98442277882799E+00
 0.98444207892913E+00
 0.98442782273615E+00
 0.98442364827658E+00
 0.98447891151772E+00
 0.98448059896564E+00
 0.98443020380977E+00
 0.98443632657674E+00
 0.98444215488330E+00
 0.98444470066558E+00
 0.98447099779522E+00
 0.98448127045731E+00
 0.98445159739733E+00
 0.98441133748342E+00
 0.98441109768957E+00
 0.98445833174368E+00
 0.98450481574070E+00
 0.98446551841633E+00
 0.98450903659622E+00
 0.98449001148248E+00
 0.98448366358961E+00
 0.98448769226895E+00
 0.98451557478854E+00
 0.98450611426749E+00
 0.98451016456170E+00
 0.98454006863864E+00
 0.98453730811573E+00
 0.98454951816130E+00
 0.98457742550003E+00
 0.98462962104618E+00
 0.98465672785927E+00
 0.98463654511180E+00
 0.98468739822208E+00
 0.98470885312526E+00
 0.98478108952325E+00
 0.98481188211284E+00
 0.98479824918966E+00
 0.98483437195360E+00
 0.98489336641323E+00
 0.98492272840713E+00
 0.98496116330754E+00
 0.98501642313181E+00
 0.98511201077980E+00
 0.98510513713769E+00
 0.98519795707239E+00
 0.98518986081522E+00
 0.98523100708494E+00
 0.98528582070347E+00
 0.98536807204478E+00
 0.98540474782519E+00
 0.98535387680546E+00
 0.98546999228811E+00
 0.98541870462151E+00
 0.98548644372091E+00
 0.98549112797797E+00
 0.98552422646597E+00
 0.98553283929782E+00
 0.98556423440907E+00
 0.98556588518621E+00
 0.98562398760313E+00
 0.98555007295845E+00
 0.98561834324275E+00
 0.98558464051381E+00
 0.98555481846289E+00
 0.98550649058951E+00
 0.98549178564985E+00
 0.98546338416301E+00
 0.98543120322001E+00
 0.98542924731422E+00
 0.98531633620757E+00
 0.98524902179125E+00
 0.98515253812014E+00
 0.98508443803799E+00
 0.98505968623303E+00
 0.98496409639436E+00
 0.98479981436218E+00
 0.98469271044599E+00
 0.98452712962044E+00
 0.98436027310053E+00
 0.98423875580219E+00
 0.98409995335614E+00
 0.98397388780730E+00
 0.98374387366801E+00
 0.98351215594895E+00
 0.98338905519669E+00
 0.98310506141280E+00
 0.98286624042603E+00
 0.98260687294566E+00
 0.98242791586946E+00
 0.98210791465030E+00
 0.98180395372874E+00
 0.98147671054168E+00
 0.98124421576486E+00
 0.98092436224605E+00
 0.98051187307928E+00
 0.98011763227892E+00
 0.97980404532989E+00
 0.97940506220944E+00
 0.97901790521503E+00
 0.97854840177126E+00
 0.97816954823005E+00
 0.97768011506234E+00
 0.97727413496018E+00
 0.97683732019153E+00
 0.97637391530748E+00
 0.97578803772103E+00
 0.97531472065360E+00
 0.97478077728026E+00
 0.97423175576870E+00
 0.97366158055486E+00
 0.97308643316580E+00
 0.97255245877666E+00
 0.97189439583849E+00
 0.97135290913668E+00
 0.97073249501999E+00
 0.97000484664091E+00
 0.96932334349887E+00
 0.96874332559457E+00
 0.96798044961606E+00
 0.96728327858809E+00
 0.96665242514869E+00
 0.96584210929181E+00
 0.96509932854705E+00
 0.96437507592540E+00
 0.96362293054799E+00
 0.96278458072468E+00
 0.96206918516487E+00
 0.96121268255179E+00
 0.96044719842701E+00
 0.95952446157130E+00
 0.95867252069298E+00
 0.95782794625830E+00
 0.95701725793111E+00
 0.95605573395678E+00
 0.95522765948780E+00
 0.95424760389360E+00
 0.95336737706108E+00
 0.95248887447352E+00
 0.95155092390118E+00
 0.95051785320100E+00
 0.94955969925776E+00
 0.94865894949230E+00
 0.94762286518338E+00
 0.94666697552915E+00
 0.94558173490496E+00
 0.94454231658753E+00
 0.94361525971472E+00
 0.94255634105842E+00
 0.94145145975907E+00
 0.94035359078956E+00
 0.93937064822712E+00
 0.93824734733869E+00
 0.93711524105068E+00
 0.93604221047627E+00
 0.93497235876511E+00
 0.93389430538786E+00
 0.93270398818430E+00
 0.93154404386801E+00
 0.93050619387064E+00
 0.92921585130515E+00
 0.92811945544574E+00
 0.92700145397262E+00
 0.92575032040664E+00
 0.92467746040985E+00
 0.92334984613902E+00
 0.92221891979903E+00
 0.92101088642122E+00
 0.91988313483869E+00
 0.91852787728676E+00
 0.91743263723956E+00
 0.91612278616159E+00
 0.91487657350982E+00
 0.91373364119438E+00
 0.91244886244204E+00
 0.91112542596167E+00
 0.90996519461754E+00
 0.90862938885188E+00
 0.90735105051292E+00
 0.90611373210067E+00
 0.90481903611650E+00
 0.90348591534994E+00
 0.90216669379637E+00
 0.90090958145307E+00
 0.89962242258609E+00
 0.89834842898866E+00
 0.89708430680023E+00
 0.89562079711616E+00
 0.89435867044109E+00
 0.89300719102365E+00
 0.89168827725641E+00
 0.89038935504907E+00
 0.88905023320697E+00
 0.88771883120814E+00
 0.88645388794535E+00
 0.88499897180315E+00
 0.88374312877409E+00
 0.88233719049665E+00
 0.88097399741845E+00
 0.87965084600384E+00
 0.87825649599780E+00
 0.87696866219049E+00
 0.87562147259469E+00
 0.87413658034592E+00
 0.87278056564676E+00
 0.87140657089986E+00
 0.87005631365298E+00
