 0.11076108624053E+04
 0.11076108624053E+04
 0.11076108624053E+04
 0.11076108624053E+04
 0.11076108624053E+04
 0.11076108624053E+04
 0.11076108624053E+04
 0.11076108624053E+04
 0.11076108624053E+04
 0.11076069849429E+04
 0.11077207589677E+04
 0.11075620357473E+04
 0.11074536527897E+04
 0.11075278816512E+04
 0.11073768013985E+04
 0.11074388962902E+04
 0.11074004255882E+04
 0.11075722226820E+04
 0.11075073314257E+04
 0.11073908208067E+04
 0.11074505137451E+04
 0.11075634452914E+04
 0.11075230248308E+04
 0.11072735383435E+04
 0.11072083062127E+04
 0.11074034957076E+04
 0.11074802993500E+04
 0.11073194081377E+04
 0.11071830621956E+04
 0.11074214466338E+04
 0.11077174934912E+04
 0.11071504793781E+04
 0.11081775402610E+04
 0.11083611323551E+04
 0.11075475832542E+04
 0.11086907937176E+04
 0.11078891078811E+04
 0.11080153796705E+04
 0.11093267875514E+04
 0.11078631997735E+04
 0.11071626567607E+04
 0.11086223390259E+04
 0.11078378043632E+04
 0.11094623972581E+04
 0.11109155752339E+04
 0.11109364848237E+04
 0.11105990622652E+04
 0.11094130457496E+04
 0.11082252338762E+04
 0.11104164584805E+04
 0.11082549150037E+04
 0.11122515534451E+04
 0.11097143797927E+04
 0.11088581908126E+04
 0.11090485227312E+04
 0.11128137968783E+04
 0.11122397415782E+04
 0.11081358242066E+04
 0.11144137790770E+04
 0.11099500599684E+04
 0.11128508604630E+04
 0.11116920579615E+04
 0.11064733028216E+04
 0.11105073306831E+04
 0.11097919488304E+04
 0.11111003414563E+04
 0.11119920062113E+04
 0.11200178677829E+04
 0.11138088843939E+04
 0.11086358131624E+04
 0.11167667486972E+04
 0.11177282787189E+04
 0.11073448974539E+04
 0.11164754935575E+04
 0.11102883638665E+04
 0.11141592083755E+04
 0.11090133631888E+04
 0.11112264994890E+04
 0.11184229684964E+04
 0.11177546775976E+04
 0.11154513841043E+04
 0.11067631763589E+04
 0.11164367913160E+04
 0.11207706818157E+04
 0.11126117392700E+04
 0.11154975712549E+04
 0.11174980989618E+04
 0.11187055004391E+04
 0.11174275847315E+04
 0.11155086882434E+04
 0.11165543597277E+04
 0.11089728665524E+04
 0.11168590293140E+04
 0.11126854284783E+04
 0.11102742073169E+04
 0.11197600485938E+04
 0.11113639500843E+04
 0.11174372874330E+04
 0.11144810808912E+04
 0.11124378447407E+04
 0.11116152494549E+04
 0.11156787517816E+04
 0.11116643658935E+04
 0.11126556614027E+04
 0.11170560605225E+04
 0.11107780367613E+04
 0.11197349819629E+04
 0.11196883234310E+04
 0.11072597415480E+04
 0.11133564286936E+04
 0.11118936500085E+04
 0.11107261336403E+04
 0.11162696278605E+04
 0.11192006688428E+04
 0.11199811585459E+04
 0.11111201378049E+04
 0.11190264833361E+04
 0.11206184783012E+04
 0.11093386590975E+04
 0.11115058555962E+04
 0.11083531902586E+04
 0.11081797020573E+04
 0.11089614506390E+04
 0.11173232331532E+04
 0.11166745206574E+04
 0.11082065036493E+04
 0.11126468698699E+04
 0.11145591854919E+04
 0.11117604092214E+04
 0.11151865620142E+04
 0.11094612624316E+04
 0.11096026662053E+04
 0.11129268311817E+04
 0.11084763356782E+04
 0.11166100239136E+04
 0.11160016297513E+04
 0.11127185191508E+04
 0.11152628012167E+04
 0.11127127094432E+04
 0.11197983978075E+04
 0.11165061152068E+04
 0.11141151101319E+04
 0.11114348290681E+04
 0.11107504544203E+04
 0.11065996359327E+04
 0.11100322072469E+04
 0.11198544834122E+04
 0.11124297853246E+04
 0.11184106106130E+04
 0.11106015809677E+04
 0.11093855269505E+04
 0.11172766742301E+04
 0.11125290930573E+04
 0.11125542070364E+04
 0.11208884182968E+04
 0.11132873926081E+04
 0.11213204091358E+04
 0.11231496578710E+04
 0.11219364957537E+04
 0.11148571980410E+04
 0.11158812468484E+04
 0.11195903144114E+04
 0.11184301709648E+04
 0.11168203386871E+04
 0.11243655956940E+04
 0.11273640560738E+04
 0.11267727256581E+04
 0.11254495153855E+04
 0.11247512143458E+04
 0.11170281289605E+04
 0.11244287817085E+04
 0.11214416691505E+04
 0.11203790984498E+04
 0.11333835175883E+04
 0.11273526958405E+04
 0.11286266448211E+04
 0.11323860678779E+04
 0.11275062839313E+04
 0.11333795358400E+04
 0.11413732525381E+04
 0.11436422741871E+04
 0.11320766330785E+04
 0.11400472057845E+04
 0.11453250079912E+04
 0.11380974513633E+04
 0.11380849199795E+04
 0.11464971701870E+04
 0.11458348140096E+04
 0.11434631699044E+04
 0.11551206190746E+04
 0.11483145700427E+04
 0.11543655000255E+04
 0.11593868182783E+04
 0.11484137604283E+04
 0.11572600858236E+04
 0.11648165489352E+04
 0.11585591237767E+04
 0.11658960653185E+04
 0.11640272326552E+04
 0.11596041759058E+04
 0.11730724971739E+04
 0.11659726600314E+04
 0.11683239534857E+04
 0.11675348848549E+04
 0.11712459542791E+04
 0.11809497179427E+04
 0.11728329413739E+04
 0.11763681251356E+04
 0.11809495815811E+04
 0.11786333797551E+04
 0.11800696725775E+04
 0.11914239978013E+04
 0.11855315023229E+04
 0.11885301818099E+04
 0.11916659887782E+04
 0.12007960187657E+04
 0.12071015877312E+04
 0.11936594900481E+04
 0.12090071672553E+04
 0.12007468574653E+04
 0.12029537102949E+04
 0.12095381188535E+04
 0.12121480200662E+04
 0.12104011447917E+04
 0.12212034957755E+04
 0.12149026174681E+04
 0.12167218635657E+04
 0.12189037906515E+04
 0.12308553422292E+04
 0.12378154293803E+04
 0.12328057320532E+04
 0.12299904361330E+04
 0.12335683154674E+04
 0.12358545565005E+04
 0.12412036578812E+04
 0.12430158625450E+04
 0.12391007997386E+04
 0.12453751330237E+04
 0.12484559510489E+04
 0.12494849852200E+04
 0.12568074962459E+04
 0.12616786062507E+04
 0.12624318803673E+04
 0.12574580623639E+04
 0.12702104744335E+04
 0.12699964517658E+04
 0.12653760782293E+04
 0.12726681724799E+04
 0.12832883759716E+04
 0.12765768608305E+04
 0.12816084679959E+04
 0.12806472891648E+04
 0.12854908615898E+04
 0.12829856542688E+04
 0.13017390500719E+04
 0.12897594518810E+04
 0.13088155834882E+04
 0.13031791306537E+04
 0.12962408878612E+04
 0.12981538580381E+04
 0.13189477731616E+04
 0.13103954472113E+04
 0.13234715279784E+04
 0.13223257622501E+04
 0.13261378008914E+04
 0.13339989671974E+04
 0.13241528567981E+04
 0.13229732418245E+04
 0.13430456298353E+04
 0.13309488813524E+04
 0.13473167486402E+04
 0.13457245915911E+04
 0.13367325218379E+04
 0.13390380762189E+04
 0.13450811112427E+04
 0.13456598451656E+04
 0.13654925919790E+04
 0.13567747974750E+04
 0.13687625434728E+04
 0.13661169666679E+04
 0.13764021723837E+04
 0.13751715065218E+04
 0.13676509965377E+04
 0.13829508324619E+04
 0.13887676269898E+04
 0.13791832146037E+04
 0.13821691446340E+04
 0.13915082826598E+04
 0.13855485756783E+04
 0.13887763378248E+04
 0.13984895217371E+04
 0.14051502807582E+04
 0.13959119829218E+04
 0.14054418579938E+04
 0.14149583083227E+04
 0.14114296501568E+04
 0.14275852444075E+04
 0.14149943278389E+04
 0.14329179222657E+04
 0.14229169021654E+04
