 0.98445526788544E+00
 0.98445526788544E+00
 0.98445526788544E+00
 0.98445526788544E+00
 0.98445526788544E+00
 0.98445526788544E+00
 0.98445526788544E+00
 0.98445526788544E+00
 0.98445526788544E+00
 0.98445524117202E+00
 0.98445644462219E+00
 0.98445474659539E+00
 0.98445353785076E+00
 0.98445434386831E+00
 0.98445270496311E+00
 0.98445338818560E+00
 0.98445295250129E+00
 0.98445486664520E+00
 0.98445416196184E+00
 0.98445289072232E+00
 0.98445355309864E+00
 0.98445475728037E+00
 0.98445432953585E+00
 0.98445154454734E+00
 0.98445078510554E+00
 0.98445297348158E+00
 0.98445380260766E+00
 0.98445206462217E+00
 0.98445047620553E+00
 0.98445369356235E+00
 0.98445594703067E+00
 0.98445096582790E+00
 0.98446117293734E+00
 0.98446175834349E+00
 0.98445534579788E+00
 0.98446522390711E+00
 0.98446218426534E+00
 0.98445683823190E+00
 0.98447053603277E+00
 0.98446059776400E+00
 0.98445248506966E+00
 0.98446764277455E+00
 0.98445819558488E+00
 0.98447139649269E+00
 0.98448021369559E+00
 0.98448032341689E+00
 0.98447859209255E+00
 0.98447136102848E+00
 0.98446007803549E+00
 0.98447963022358E+00
 0.98446116816734E+00
 0.98448473598336E+00
 0.98447291371278E+00
 0.98446965893917E+00
 0.98446789618159E+00
 0.98448580909602E+00
 0.98443812868219E+00
 0.98445873724209E+00
 0.98448413405201E+00
 0.98447699171385E+00
 0.98448534028072E+00
 0.98448260744842E+00
 0.98444105636749E+00
 0.98447989271481E+00
 0.98442683005215E+00
 0.98448128598465E+00
 0.98448271490928E+00
 0.98440626549128E+00
 0.98448544879437E+00
 0.98442648390304E+00
 0.98447543873620E+00
 0.98446609633195E+00
 0.98445377350781E+00
 0.98447444964208E+00
 0.98443101526188E+00
 0.98448524945279E+00
 0.98446845514276E+00
 0.98443326795138E+00
 0.98442405395699E+00
 0.98442875040351E+00
 0.98443943183239E+00
 0.98444554450902E+00
 0.98447649690360E+00
 0.98443642805232E+00
 0.98444434341376E+00
 0.98447863441365E+00
 0.98443281390081E+00
 0.98441727303026E+00
 0.98442756736287E+00
 0.98443392312737E+00
 0.98447951532042E+00
 0.98446811771402E+00
 0.98443397315827E+00
 0.98448670935249E+00
 0.98443813363140E+00
 0.98445929896433E+00
 0.98444997710174E+00
 0.98444286846315E+00
 0.98450550462151E+00
 0.98450829404474E+00
 0.98446684407900E+00
 0.98447714221363E+00
 0.98449244052139E+00
 0.98450034783599E+00
 0.98452300709317E+00
 0.98454753077034E+00
 0.98454395790483E+00
 0.98451136549070E+00
 0.98453159985604E+00
 0.98457632764691E+00
 0.98464559349784E+00
 0.98463269555598E+00
 0.98470251415860E+00
 0.98469502812734E+00
 0.98469870911617E+00
 0.98476565935776E+00
 0.98479065844421E+00
 0.98483332123709E+00
 0.98487149802145E+00
 0.98493795900919E+00
 0.98497581487686E+00
 0.98505134637202E+00
 0.98511301738073E+00
 0.98520996666720E+00
 0.98526982592809E+00
 0.98531581034050E+00
 0.98539548133213E+00
 0.98546733345190E+00
 0.98558022814858E+00
 0.98565792570444E+00
 0.98569788315578E+00
 0.98576954804103E+00
 0.98586289812711E+00
 0.98594158449096E+00
 0.98598482777353E+00
 0.98607575736487E+00
 0.98622507533600E+00
 0.98623523882193E+00
 0.98640567535971E+00
 0.98643139461681E+00
 0.98651999530195E+00
 0.98658833976359E+00
 0.98674691809268E+00
 0.98682478532379E+00
 0.98684927646327E+00
 0.98698751251055E+00
 0.98700855786827E+00
 0.98714194996585E+00
 0.98715740329495E+00
 0.98724368310658E+00
 0.98730917671657E+00
 0.98734325751166E+00
 0.98746295449452E+00
 0.98747028083760E+00
 0.98749970425642E+00
 0.98761131678386E+00
 0.98761508702654E+00
 0.98764202277694E+00
 0.98767501129207E+00
 0.98773747967562E+00
 0.98773173926073E+00
 0.98770112665951E+00
 0.98773528751633E+00
 0.98768119606824E+00
 0.98763992698235E+00
 0.98764249260685E+00
 0.98761992664376E+00
 0.98756311617743E+00
 0.98753625874684E+00
 0.98739203110851E+00
 0.98734193430740E+00
 0.98730646881078E+00
 0.98714616315554E+00
 0.98699249413496E+00
 0.98690088321993E+00
 0.98674533280494E+00
 0.98661803428644E+00
 0.98649562863900E+00
 0.98623900671213E+00
 0.98606826613942E+00
 0.98584946155412E+00
 0.98566167852914E+00
 0.98547952994438E+00
 0.98512984450308E+00
 0.98494348323860E+00
 0.98466421731894E+00
 0.98434304593193E+00
 0.98402101312378E+00
 0.98370932402369E+00
 0.98338700419649E+00
 0.98307746345344E+00
 0.98262040602950E+00
 0.98227520140265E+00
 0.98186510327536E+00
 0.98146416383812E+00
 0.98104762381443E+00
 0.98066144850349E+00
 0.98014055014106E+00
 0.97965925513537E+00
 0.97916985989114E+00
