 0.64710694463868E-04
 0.64709147731278E-04
 0.64706566878458E-04
 0.64702952542888E-04
 0.64698298816402E-04
 0.64692602331337E-04
 0.64685860037704E-04
 0.64678060740075E-04
 0.64669201150896E-04
 0.64659269225231E-04
 0.64648259734588E-04
 0.64636161829229E-04
 0.64622968050440E-04
 0.64608669617493E-04
 0.64593255798935E-04
 0.64576715898020E-04
 0.64559042068547E-04
 0.64540217512462E-04
 0.64520237640614E-04
 0.64499084163575E-04
 0.64476738310928E-04
 0.64453194794477E-04
 0.64428428873959E-04
 0.64402419021640E-04
 0.64375142812950E-04
 0.64346577207571E-04
 0.64316690266815E-04
 0.64285459481364E-04
 0.64252850772489E-04
 0.64218826107526E-04
 0.64183341842217E-04
 0.64146377319441E-04
 0.64107877908197E-04
 0.64067800265712E-04
 0.64026131281441E-04
 0.63982810770689E-04
 0.63937807408551E-04
 0.63891077140744E-04
 0.63842602661708E-04
 0.63792359194564E-04
 0.63740265124142E-04
 0.63686351904410E-04
 0.63630594888045E-04
 0.63572956867676E-04
 0.63513399207646E-04
 0.63451951539661E-04
 0.63388629319265E-04
 0.63323398739651E-04
 0.63256244701506E-04
 0.63187179445974E-04
 0.63116248870044E-04
 0.63043420914896E-04
 0.62968742998198E-04
 0.62892219791924E-04
 0.62813842518008E-04
 0.62733671666019E-04
 0.62651736676226E-04
 0.62568011229298E-04
 0.62482592844996E-04
 0.62395536096722E-04
 0.62306660273659E-04
 0.62216319936035E-04
 0.62124388437967E-04
 0.62030802915997E-04
 0.61935845211654E-04
 0.61839233679791E-04
 0.61741282614037E-04
 0.61642139545216E-04
 0.61541459479541E-04
 0.61439612013158E-04
 0.61336299387233E-04
 0.61231855521434E-04
 0.61126472923181E-04
 0.61019623441996E-04
 0.60911932004206E-04
 0.60803050080287E-04
 0.60693227842897E-04
 0.60582322595750E-04
 0.60470840291173E-04
 0.60358170696220E-04
 0.60244772777603E-04
 0.60130611296081E-04
 0.60015751154707E-04
 0.59900131883443E-04
 0.59783541697018E-04
 0.59666580749542E-04
 0.59549015167154E-04
 0.59430619255144E-04
 0.59311672508535E-04
 0.59192030993616E-04
 0.59072191646107E-04
 0.58951827385095E-04
 0.58830600747344E-04
 0.58708699839811E-04
 0.58586676609337E-04
 0.58464145275455E-04
 0.58340541675608E-04
 0.58216650043739E-04
 0.58091911539074E-04
 0.57966518302917E-04
 0.57840008949117E-04
 0.57712860296531E-04
 0.57584714468749E-04
 0.57455135687786E-04
 0.57324034878217E-04
 0.57191626460350E-04
 0.57057756876236E-04
 0.56921202193334E-04
 0.56782593299782E-04
 0.56641657399792E-04
 0.56497997678214E-04
 0.56350574117561E-04
 0.56199619054854E-04
 0.56044226848786E-04
 0.55883926061575E-04
 0.55719044450728E-04
 0.55548725268833E-04
 0.55372372748761E-04
 0.55189638472229E-04
 0.55000736932980E-04
 0.54806032407017E-04
 0.54605940283037E-04
 0.54400027168248E-04
 0.54190641725648E-04
 0.53980373725824E-04
 0.53770913206404E-04
 0.53563844373222E-04
 0.53359554463875E-04
 0.53160176500279E-04
 0.52966356325929E-04
 0.52776880505511E-04
 0.52590548935492E-04
 0.52407984022689E-04
 0.52226788452138E-04
 0.52046000946979E-04
 0.51866383918804E-04
 0.51685300766782E-04
 0.51503411019014E-04
 0.51320310907075E-04
 0.51136158679220E-04
 0.50950666242563E-04
 0.50763040135279E-04
 0.50573740495997E-04
 0.50383015486348E-04
 0.50190543715765E-04
 0.49997163268272E-04
 0.49801870265272E-04
 0.49605765021143E-04
 0.49408163833137E-04
 0.49209098253421E-04
 0.49010823566002E-04
 0.48810743770194E-04
 0.48609125116254E-04
 0.48408015758905E-04
 0.48205882185183E-04
 0.48004114767185E-04
 0.47801637187502E-04
 0.47599609993112E-04
 0.47396709895774E-04
 0.47194448373237E-04
 0.46992521460147E-04
 0.46790195473470E-04
 0.46588209026003E-04
 0.46386293966798E-04
 0.46185505313453E-04
 0.45984488712410E-04
 0.45784045337306E-04
 0.45584184095745E-04
 0.45384542214164E-04
 0.45185610079775E-04
 0.44987938525293E-04
 0.44789868396656E-04
 0.44592806297955E-04
 0.44397429582435E-04
 0.44201807237385E-04
 0.44006772736189E-04
 0.43813758836855E-04
 0.43620449392829E-04
 0.43428492927387E-04
 0.43236311170303E-04
 0.43047296743256E-04
 0.42857648712818E-04
 0.42669747759811E-04
 0.42480873493953E-04
 0.42294805316121E-04
 0.42108282533273E-04
 0.41924395806231E-04
 0.41740364818460E-04
 0.41557756462312E-04
 0.41375580447684E-04
 0.41195075588057E-04
 0.41014558083650E-04
 0.40835144799956E-04
 0.40656986430981E-04
 0.40480119095000E-04
 0.40305021536274E-04
 0.40130168386330E-04
 0.39955788492279E-04
 0.39782589282865E-04
 0.39611064936577E-04
