 0.10000000133514E-09
 0.10000000133514E-09
 0.10000000133514E-09
 0.10000000133514E-09
 0.10000000133514E-09
 0.10000000133514E-09
 0.10000000133514E-09
 0.10000000133514E-09
 0.10000000133514E-09
 0.10000000133514E-09
 0.10000000133514E-09
 0.10000000133514E-09
 0.10000000133514E-09
 0.10000000133514E-09
 0.10000000133514E-09
 0.10000000133514E-09
 0.10000000133514E-09
 0.10000000133514E-09
 0.10000000133514E-09
 0.10000000133514E-09
 0.10000000133514E-09
 0.91925306171461E-04
 0.91925306171461E-04
 0.18647148339534E-03
 0.25523319543784E-03
 0.34159648066174E-03
 0.44812991800969E-03
 0.57745053849389E-03
 0.73221524018904E-03
 0.91508807368503E-03
 0.11286918195845E-02
 0.13755529775639E-02
 0.16582737755626E-02
 0.19792265049818E-02
 0.23407262805014E-02
 0.27450747272519E-02
 0.31943573866677E-02
 0.36906698189783E-02
 0.42358672250560E-02
 0.48317133696450E-02
 0.54801181650531E-02
 0.61825536802944E-02
 0.69404623072816E-02
 0.77553301292436E-02
 0.86286098506914E-02
 0.95614597255544E-02
 0.10554876339209E-01
 0.11610201065201E-01
 0.12728537126744E-01
 0.13910660342496E-01
 0.15157605887968E-01
 0.16470299329134E-01
 0.17849360168958E-01
 0.19296683650605E-01
 0.20811905690259E-01
 0.22396295925880E-01
 0.24050053789881E-01
 0.25775046216968E-01
 0.27571718829053E-01
 0.29438640458141E-01
 0.31381608297423E-01
 0.33395961461947E-01
 0.35485317141953E-01
 0.37650154079560E-01
 0.39891204024548E-01
 0.42212048694102E-01
 0.44608322431421E-01
 0.47078826368186E-01
 0.49635203757646E-01
 0.52269983817590E-01
 0.54989392271759E-01
 0.57790648804490E-01
 0.60674413495813E-01
 0.63645564933833E-01
 0.66702583701679E-01
 0.69846620735352E-01
 0.73084955147176E-01
 0.76415709754434E-01
 0.79826952764067E-01
 0.83343513663116E-01
 0.86954255732830E-01
 0.90665015868072E-01
 0.94467336444360E-01
 0.98376714747777E-01
 0.10240241498174E+00
 0.10652554248943E+00
 0.11076556972638E+00
 0.11512120184435E+00
 0.11959270178584E+00
 0.12418703568622E+00
 0.12889247173550E+00
 0.13373398539416E+00
 0.13871544993961E+00
 0.14383690524782E+00
 0.14909023405836E+00
 0.15447758643113E+00
 0.16005151575998E+00
 0.16576086294722E+00
 0.17164141094931E+00
 0.17769443788152E+00
 0.18394454212985E+00
 0.19035339879793E+00
 0.19696388317292E+00
 0.20378676320860E+00
 0.21082285281528E+00
 0.21807366580791E+00
 0.22551922687230E+00
 0.23323396176158E+00
 0.24116710674928E+00
 0.24931660503810E+00
 0.25770005791664E+00
 0.26632990029859E+00
 0.27518673627673E+00
 0.28427384878543E+00
 0.29358796943356E+00
 0.30308255608317E+00
 0.31274044591931E+00
 0.32255692374785E+00
 0.33250101549534E+00
 0.34250695491582E+00
 0.35252197065678E+00
 0.36248680466556E+00
 0.37236606339554E+00
 0.38204094598789E+00
 0.39140680530498E+00
 0.40040146826250E+00
 0.40898704045295E+00
 0.41716629154876E+00
 0.42491078090594E+00
 0.43224091068378E+00
 0.43921491555280E+00
 0.44587597684779E+00
 0.45224515529529E+00
 0.45838354978545E+00
 0.46431913691506E+00
 0.47006695639693E+00
 0.47566469703624E+00
 0.48112386463265E+00
 0.48646193656072E+00
 0.49168749636415E+00
 0.49681007234824E+00
 0.50184166473416E+00
 0.50678838199948E+00
 0.51165253068474E+00
 0.51644033442939E+00
 0.52115423413725E+00
 0.52579870312317E+00
 0.53037546786502E+00
 0.53488695979957E+00
 0.53933567383607E+00
 0.54372014804546E+00
 0.54804584811668E+00
 0.55231303281946E+00
 0.55652166611145E+00
 0.56067407859957E+00
 0.56477027340585E+00
 0.56881251364320E+00
 0.57280012648158E+00
 0.57673563426286E+00
 0.58061887207409E+00
 0.58445146802254E+00
 0.58823370010029E+00
 0.59196558670899E+00
 0.59564973744967E+00
 0.59928644091327E+00
 0.60287559989792E+00
 0.60641725577883E+00
 0.60991522580241E+00
 0.61336727277506E+00
 0.61677525785873E+00
 0.62013987761388E+00
 0.62346206272339E+00
 0.62674183351517E+00
 0.62997957555250E+00
 0.63317768566839E+00
 0.63633579173053E+00
 0.63945413212657E+00
 0.64253398440583E+00
 0.64557541019746E+00
 0.64858023578419E+00
 0.65154708605360E+00
 0.65447851797223E+00
 0.65737417584496E+00
 0.66023513487125E+00
 0.66306136172616E+00
 0.66585397992002E+00
 0.66861303115694E+00
 0.67133944531812E+00
 0.67403364848828E+00
 0.67669649385127E+00
 0.67932798799768E+00
 0.68192921889718E+00
 0.68450022159921E+00
 0.68704151809759E+00
 0.68955383261081E+00
 0.69203745228965E+00
 0.69449257227062E+00
 0.69692051928433E+00
 0.69932130167217E+00
 0.70169504583186E+00
