 0.10000000133514E-09
 0.10000000133514E-09
 0.10000000133514E-09
 0.10000000133514E-09
 0.10000000133514E-09
 0.10000000133514E-09
 0.10000000133514E-09
 0.10000000133514E-09
 0.10000000133514E-09
 0.10000000133514E-09
 0.10000000133514E-09
 0.10000000133514E-09
 0.10000000133514E-09
 0.10000000133514E-09
 0.10000000133514E-09
 0.10000000133514E-09
 0.10000000133514E-09
 0.10000000133514E-09
 0.10000000133514E-09
 0.10000000133514E-09
 0.10000000133514E-09
 0.10000000133514E-09
 0.10000000133514E-09
 0.10000000133514E-09
 0.10000000133514E-09
 0.33004989713276E-04
 0.33004989713276E-04
 0.64536180575742E-04
 0.87312626333027E-04
 0.11588992724440E-03
 0.15118092494537E-03
 0.19414205218155E-03
 0.24576445274237E-03
 0.30706751832010E-03
 0.37908768003400E-03
 0.46287063332019E-03
 0.55945857968991E-03
 0.66990911200136E-03
 0.79525799321308E-03
 0.93649068904547E-03
 0.10946530425124E-02
 0.12706862021530E-02
 0.14654913563174E-02
 0.16801140449407E-02
 0.19152953516047E-02
 0.21720030091467E-02
 0.24509860046325E-02
 0.27530586611652E-02
 0.30789515816585E-02
 0.34294360210152E-02
 0.38051375913066E-02
 0.42067631974409E-02
 0.46348648133723E-02
 0.50899887165778E-02
 0.55730862038810E-02
 0.60842273977235E-02
 0.66240519714493E-02
 0.71930699416378E-02
 0.77918711639580E-02
 0.84210270905848E-02
 0.90806904130807E-02
 0.97711417860624E-02
 0.10493421367740E-01
 0.11247479755664E-01
 0.12033759116263E-01
 0.12852203340784E-01
 0.13704309029118E-01
 0.14589391395839E-01
 0.15509703681099E-01
 0.16461908150665E-01
 0.17450159644453E-01
 0.18473375252163E-01
 0.19531862544631E-01
 0.20625715168458E-01
 0.21755205615148E-01
 0.22922257315148E-01
 0.24125892514492E-01
 0.25366141045109E-01
 0.26646192330164E-01
 0.27961927045172E-01
 0.29320087339614E-01
 0.30717263808918E-01
 0.32150567135515E-01
 0.33627779790909E-01
 0.35147253998015E-01
 0.36707090525647E-01
 0.38308311005702E-01
 0.39954914533643E-01
 0.41645979755617E-01
 0.43378993930655E-01
 0.45156368178084E-01
 0.46984828947347E-01
 0.48854390423727E-01
 0.50777443734800E-01
 0.52746896598396E-01
 0.54769408916780E-01
 0.56842136008319E-01
 0.58966575153053E-01
 0.61143756332514E-01
 0.63377506920108E-01
 0.65666329319215E-01
 0.68014979489846E-01
 0.70417535774367E-01
 0.72888947170916E-01
 0.75416137626469E-01
 0.78011658169566E-01
 0.80670907433119E-01
 0.83397182323444E-01
 0.86199896437027E-01
 0.89069435102261E-01
 0.92014535739446E-01
 0.95043671092853E-01
 0.98145027578890E-01
 0.10133529123594E+00
 0.10461400625735E+00
 0.10796692216221E+00
 0.11143562460105E+00
 0.11499464146147E+00
 0.11865035632014E+00
 0.12240610550890E+00
 0.12628228412252E+00
 0.13026603654668E+00
 0.13437733628390E+00
 0.13860118537956E+00
 0.14297023327610E+00
 0.14745752494641E+00
 0.15209795960327E+00
 0.15690240795622E+00
 0.16186390659395E+00
 0.16697325228430E+00
 0.17226342905023E+00
 0.17773388708215E+00
 0.18336114714387E+00
 0.18921581916227E+00
 0.19526366265867E+00
 0.20149324761893E+00
 0.20793289420851E+00
 0.21461425446565E+00
 0.22147509397653E+00
 0.22852042670328E+00
 0.23578904260195E+00
 0.24322363640210E+00
 0.25081812113469E+00
 0.25854138025206E+00
 0.26639337220598E+00
 0.27428473988347E+00
 0.28216705643497E+00
 0.29005281831847E+00
 0.29786343562484E+00
 0.30556502930449E+00
 0.31308365980121E+00
 0.32047876168543E+00
 0.32767067983713E+00
 0.33470258848770E+00
 0.34156650495503E+00
 0.34826485400025E+00
 0.35482269388770E+00
 0.36124485980017E+00
 0.36754497780808E+00
 0.37373863481646E+00
 0.37982723071622E+00
 0.38582190501378E+00
 0.39173192670627E+00
 0.39755837671143E+00
 0.40330749689058E+00
 0.40898472709714E+00
 0.41458630270859E+00
 0.42012174485309E+00
 0.42558688859074E+00
 0.43098548715911E+00
 0.43631593571244E+00
 0.44158308088866E+00
 0.44678200191542E+00
 0.45191722270352E+00
 0.45698630955741E+00
 0.46199258935242E+00
 0.46693499285458E+00
 0.47181297327418E+00
 0.47662723799959E+00
 0.48137871568388E+00
 0.48606806266898E+00
 0.49069557754984E+00
 0.49526164087784E+00
 0.49976665544254E+00
 0.50421170917553E+00
 0.50859776662670E+00
 0.51292440560605E+00
 0.51719318946696E+00
 0.52140414584540E+00
 0.52555908785249E+00
 0.52965760231612E+00
 0.53370157391602E+00
 0.53769137703883E+00
 0.54162751157890E+00
 0.54551093714516E+00
 0.54934265768442E+00
 0.55312364836230E+00
 0.55685414173572E+00
 0.56053574028655E+00
 0.56416862475998E+00
