 0.10189891284960E+00
 0.10189891284961E+00
 0.10189891284978E+00
 0.10189891285078E+00
 0.10189891285480E+00
 0.10189891286596E+00
 0.10189891261479E+00
 0.10189891145554E+00
 0.10189890729668E+00
 0.10189889613235E+00
 0.10189887143474E+00
 0.10189882427015E+00
 0.10189874225058E+00
 0.10189861152909E+00
 0.10189841758196E+00
 0.10189814120349E+00
 0.10189776648556E+00
 0.10189727624732E+00
 0.10189665306322E+00
 0.10189587968290E+00
 0.10189493126594E+00
 0.10189380772589E+00
 0.10189248207041E+00
 0.10189093867307E+00
 0.10188915496730E+00
 0.10188711127647E+00
 0.10188477720746E+00
 0.10188215405092E+00
 0.10187919927239E+00
 0.10187587214822E+00
 0.10187212260080E+00
 0.10186795532767E+00
 0.10186329585609E+00
 0.10185809284777E+00
 0.10185237450387E+00
 0.10184604557560E+00
 0.10183910973735E+00
 0.10183150334186E+00
 0.10182329035609E+00
 0.10181451198231E+00
 0.10180498852740E+00
 0.10179493990909E+00
 0.10178441446880E+00
 0.10177346082991E+00
 0.10176210234238E+00
 0.10175057693035E+00
 0.10173910748139E+00
 0.10172778010903E+00
 0.10171674406689E+00
 0.10170624616499E+00
 0.10169661896925E+00
 0.10168800494148E+00
 0.10168077316685E+00
 0.10167513244105E+00
 0.10167134856064E+00
 0.10166979099349E+00
 0.10167079899226E+00
 0.10167454032499E+00
 0.10168148781389E+00
 0.10169209438032E+00
 0.10170602044192E+00
 0.10172451587285E+00
 0.10174743247725E+00
 0.10177481909083E+00
 0.10180767189245E+00
 0.10184546035648E+00
 0.10188921064870E+00
 0.10193951690836E+00
 0.10199567821231E+00
 0.10205889551757E+00
 0.10212873749286E+00
 0.10220622533498E+00
 0.10229182887031E+00
 0.10238499679402E+00
 0.10248705828596E+00
 0.10259768392567E+00
 0.10271785627218E+00
 0.10284759286612E+00
 0.10298756391578E+00
 0.10313818714926E+00
 0.10329985673485E+00
 0.10347325812592E+00
 0.10365857319992E+00
 0.10385670839448E+00
 0.10406857659175E+00
 0.10429371261800E+00
 0.10453341787255E+00
 0.10478786791191E+00
 0.10505671404179E+00
 0.10533974909106E+00
 0.10563245930360E+00
 0.10593001253417E+00
