 0.22012047225508E+01
 0.22012047225508E+01
 0.22012047225508E+01
 0.22012047225508E+01
 0.22012047225508E+01
 0.22012047225508E+01
 0.22012047225508E+01
 0.22012047225508E+01
 0.22012047225509E+01
 0.22012046921021E+01
 0.22012050888252E+01
 0.22012045357365E+01
 0.22012041451643E+01
 0.22012044430752E+01
 0.22012038045248E+01
 0.22012040697297E+01
 0.22012039230940E+01
 0.22012045719827E+01
 0.22012043316713E+01
 0.22012038525428E+01
 0.22012040699015E+01
 0.22012045662938E+01
 0.22012044163232E+01
 0.22012034286594E+01
 0.22012032075063E+01
 0.22012039819229E+01
 0.22012044810432E+01
 0.22012039708570E+01
 0.22012035688544E+01
 0.22012042343541E+01
 0.22012057481843E+01
 0.22012038605733E+01
 0.22012061615818E+01
 0.22012065868398E+01
 0.22012042474414E+01
 0.22012068839774E+01
 0.22012062457658E+01
 0.22012059119213E+01
 0.22012148356027E+01
 0.22012062569287E+01
 0.22012028411306E+01
 0.22012081754714E+01
 0.22012049500107E+01
 0.22012153807420E+01
 0.22012365771524E+01
 0.22012398525456E+01
 0.22012363095142E+01
 0.22012176920030E+01
 0.22012065156488E+01
 0.22012343822395E+01
 0.22012066254366E+01
 0.22012521572223E+01
 0.22012201973485E+01
 0.22012089615674E+01
 0.22012089487604E+01
 0.22012557663842E+01
 0.22011937686482E+01
 0.22012052814509E+01
 0.22012669329691E+01
 0.22012273806942E+01
 0.22012567970816E+01
 0.22012450972476E+01
 0.22011975651482E+01
 0.22012344497910E+01
 0.22011640341238E+01
 0.22012404840642E+01
 0.22012562514871E+01
 0.22011866176570E+01
 0.22012666349465E+01
 0.22012077422986E+01
 0.22012693445321E+01
 0.22012654073787E+01
 0.22012078291323E+01
 0.22012703574562E+01
 0.22011738085992E+01
 0.22012720043734E+01
 0.22012137623108E+01
 0.22012000568925E+01
 0.22012098728902E+01
 0.22012177704634E+01
 0.22012248572552E+01
 0.22012242666670E+01
 0.22012857270655E+01
 0.22012661386266E+01
 0.22012299015549E+01
 0.22013084827480E+01
 0.22012504594089E+01
 0.22012339037521E+01
 0.22012671859973E+01
 0.22012825695102E+01
 0.22013488805186E+01
 0.22013208341016E+01
