 0.77828127914593E+07
 0.77828127914647E+07
 0.77828127915301E+07
 0.77828127918517E+07
 0.77828127940319E+07
 0.77828128089108E+07
 0.77828129398257E+07
 0.77828135132704E+07
 0.77828154248336E+07
 0.77828204368625E+07
 0.77828314346785E+07
 0.77828523523766E+07
 0.77828883628566E+07
 0.77829457172600E+07
 0.77830307447453E+07
 0.77831519135740E+07
 0.77833160628366E+07
 0.77835309933442E+07
 0.77838042137126E+07
 0.77841429594827E+07
 0.77845564926162E+07
 0.77850464012850E+07
 0.77856213490998E+07
 0.77862861034776E+07
 0.77870461560610E+07
 0.77879050258823E+07
 0.77888683173051E+07
 0.77899324680091E+07
 0.77911025665473E+07
 0.77923831244251E+07
 0.77937789860825E+07
 0.77952813193093E+07
 0.77968996343614E+07
 0.77986378187574E+07
 0.78004806383226E+07
 0.78024427943700E+07
 0.78045184731521E+07
 0.78067174438475E+07
 0.78090242722080E+07
 0.78114340365489E+07
 0.78139881549597E+07
 0.78166460847276E+07
 0.78194104292304E+07
 0.78222903182398E+07
 0.78253032065031E+07
 0.78284219221447E+07
 0.78316268889434E+07
 0.78349376006119E+07
 0.78383638699559E+07
 0.78418938529225E+07
 0.78454977714627E+07
 0.78492009943057E+07
 0.78529718954916E+07
 0.78568181527228E+07
 0.78607434796641E+07
 0.78647154867678E+07
 0.78687181353777E+07
 0.78727797254842E+07
 0.78768391563379E+07
 0.78808492552390E+07
 0.78849740924289E+07
 0.78889384713124E+07
 0.78928544223920E+07
 0.78967725302954E+07
 0.79004846988276E+07
 0.79042055316697E+07
 0.79077028143438E+07
 0.79108660927392E+07
 0.79139499716683E+07
 0.79166788218878E+07
 0.79192756646253E+07
 0.79214808913856E+07
 0.79231437102838E+07
 0.79246411133330E+07
 0.79254972973270E+07
 0.79259572282159E+07
 0.79258107214482E+07
 0.79251513541194E+07
 0.79235815343503E+07
 0.79215114439493E+07
 0.79185691028035E+07
 0.79147426848432E+07
 0.79099724947677E+07
 0.79042302160204E+07
 0.78976153525398E+07
 0.78896608544105E+07
 0.78804704468908E+07
 0.78701058317858E+07
 0.78583301406147E+07
 0.78451232789058E+07
 0.78301299964020E+07
 0.78134208771124E+07
 0.77950945655327E+07
 0.77749213665145E+07
 0.77524683391199E+07
 0.77278369602523E+07
 0.77011196514087E+07
 0.76718022882095E+07
 0.76399815681891E+07
 0.76053746749306E+07
 0.75679089254404E+07
 0.75273078274099E+07
 0.74834269951821E+07
 0.74361233779256E+07
 0.73851666819528E+07
 0.73302423097697E+07
 0.72712034718472E+07
 0.72077184431138E+07
 0.71396170379872E+07
 0.70666550284881E+07
 0.69884574328195E+07
 0.69046781717819E+07
 0.68150163702463E+07
 0.67190647129856E+07
 0.66163184417834E+07
 0.65066861988705E+07
 0.63896991718223E+07
 0.62647050775953E+07
 0.61310995019246E+07
 0.59886457815852E+07
 0.58369545868574E+07
 0.56754519099602E+07
 0.55027206670808E+07
 0.53185932988221E+07
 0.51234678104891E+07
 0.49167744818300E+07
 0.46977555281313E+07
 0.44643519270414E+07
 0.42181417227280E+07
 0.39601837873005E+07
 0.36899495646957E+07
 0.34066588714720E+07
 0.31163953547186E+07
 0.28184477417105E+07
 0.25161048792091E+07
 0.22180058587270E+07
 0.19244959474732E+07
 0.16444230682050E+07
 0.13826099776698E+07
 0.11445733418605E+07
 0.93274321104910E+06
 0.74676255504317E+06
 0.58756019999093E+06
 0.45396138195056E+06
 0.34312367045618E+06
 0.25333097789511E+06
 0.18093188793568E+06
 0.12387600459297E+06
 0.79364843660750E+05
 0.45372255761934E+05
 0.20585941132367E+05
 0.26028637651491E+04
-0.97906037709914E+04
-0.17296375243376E+05
-0.21204544207305E+05
-0.22128661393021E+05
-0.20815122710650E+05
-0.17728324445982E+05
-0.13363632806818E+05
-0.80102455616295E+04
-0.19783201019890E+04
 0.44839386831152E+04
 0.11205951695736E+05
 0.18036301015732E+05
 0.24852685304991E+05
 0.31566401057564E+05
 0.38097572466604E+05
 0.44394549726243E+05
 0.50416505518923E+05
 0.56129761486632E+05
 0.61506577441363E+05
 0.66554451387948E+05
 0.71256241306751E+05
 0.75585059665004E+05
 0.79584017460056E+05
 0.83245116036555E+05
 0.86544204624207E+05
 0.89539812141993E+05
 0.92211166296342E+05
 0.94603020377778E+05
 0.96659997807698E+05
 0.98472393932147E+05
 0.10000597768767E+06
 0.10132783414249E+06
 0.10237713292640E+06
 0.10323094485655E+06
 0.10385056380731E+06
 0.10428909575414E+06
 0.10454421011979E+06
 0.10463465299270E+06
 0.10455803446658E+06
 0.10434704706954E+06
 0.10399890295296E+06
 0.10351945556879E+06
 0.10291838326367E+06
 0.10220467630070E+06
 0.10139941256437E+06
 0.10051221819477E+06
 0.99539578334841E+05
 0.98481021446854E+05
 0.97364826213673E+05
 0.96175442958960E+05
 0.94950846005000E+05
 0.93659644090093E+05
 0.92341625222697E+05
 0.90967705462570E+05
 0.89570080789151E+05
 0.88143187778673E+05
 0.86687901142402E+05
 0.85209244191910E+05
 0.83719751756780E+05
 0.82213055714483E+05
 0.80706977336282E+05
 0.79174953977285E+05
 0.77643112747466E+05
 0.76112825238857E+05
 0.74576370806343E+05
 0.73049173699211E+05
 0.71516959338867E+05
 0.69997174524023E+05
 0.68478214115480E+05
 0.66977964917339E+05
 0.65487969534213E+05
 0.64001646704997E+05
 0.62536313091716E+05
 0.61072529748840E+05
 0.59629418572726E+05
 0.58202424612751E+05
 0.56794833300032E+05
 0.55399693747906E+05
 0.54019160692845E+05
 0.52666080200975E+05
 0.51327501884205E+05
 0.50006085350398E+05
 0.48712514665756E+05
 0.47427272439894E+05
 0.46168458795474E+05
 0.44927532535556E+05
 0.43711653456654E+05
 0.42512397761387E+05
 0.41330364766084E+05
 0.40176214864607E+05
 0.39036660814836E+05
 0.37920426295749E+05
 0.36827741423195E+05
 0.35749740277381E+05
 0.34697795175663E+05
 0.33665667777199E+05
 0.32649873471959E+05
 0.31659585574925E+05
 0.30681354013682E+05
 0.29731760101146E+05
 0.28795807207933E+05
 0.27881489224104E+05
 0.26986746448947E+05
 0.26109399833896E+05
 0.25252904239601E+05
 0.24415460332496E+05
 0.23590846829548E+05
 0.22791217131133E+05
 0.22003879463343E+05
 0.21240859433722E+05
 0.20488889887238E+05
 0.19755019904590E+05
 0.19036862740147E+05
 0.18338394793356E+05
 0.17656391690292E+05
 0.16988885990710E+05
 0.16334411283095E+05
 0.15698474406504E+05
 0.15076244552516E+05
 0.14468408397891E+05
 0.13877377785828E+05
 0.13301607176311E+05
 0.12737282424362E+05
 0.12185152777868E+05
 0.11650660614030E+05
 0.11123434806919E+05
 0.10615952607497E+05
 0.10118329159402E+05
 0.96326918255394E+04
 0.91596056891006E+04
 0.86986854229233E+04
 0.82484292639288E+04
 0.78114123670771E+04
 0.73842624248273E+04
 0.69668535103766E+04
 0.65630004224629E+04
 0.61654781461558E+04
 0.57820133137570E+04
 0.54112102237352E+04
 0.50435434960736E+04
 0.46895343775470E+04
 0.43439251565701E+04
 0.40093813577529E+04
 0.36818858260724E+04
 0.33625803192114E+04
 0.30542484145548E+04
 0.27536584015278E+04
 0.24606367727274E+04
