 0.21140089951492E+08
 0.21140089951487E+08
 0.21140089951416E+08
 0.21140089951002E+08
 0.21140089949331E+08
 0.21140089944668E+08
 0.21140090048753E+08
 0.21140090529864E+08
 0.21140092253790E+08
 0.21140096868176E+08
 0.21140107191163E+08
 0.21140126663463E+08
 0.21140160645047E+08
 0.21140214944652E+08
 0.21140295299878E+08
 0.21140410022872E+08
 0.21140565507207E+08
 0.21140768968024E+08
 0.21141027356157E+08
 0.21141347826425E+08
 0.21141740615527E+08
 0.21142204983594E+08
 0.21142751705188E+08
 0.21143385303732E+08
 0.21144113875602E+08
 0.21144942281776E+08
 0.21145879323043E+08
 0.21146919310758E+08
 0.21148073452034E+08
 0.21149351051400E+08
 0.21150763801435E+08
 0.21152300204047E+08
 0.21153981472889E+08
 0.21155818344628E+08
 0.21157791045787E+08
 0.21159930609763E+08
 0.21162232684903E+08
 0.21164720647514E+08
 0.21167373773504E+08
 0.21170190684427E+08
 0.21173249064109E+08
 0.21176486864898E+08
 0.21179914625894E+08
 0.21183553956986E+08
 0.21187443298053E+08
 0.21191542611727E+08
 0.21195824812591E+08
 0.21200331704566E+08
 0.21205088635320E+08
 0.21210083705094E+08
 0.21215274074463E+08
 0.21220713926596E+08
 0.21226357751506E+08
 0.21232234114201E+08
 0.21238359230837E+08
 0.21244692097222E+08
 0.21251220442050E+08
 0.21258011547812E+08
 0.21264974566448E+08
 0.21272056866821E+08
 0.21279558866668E+08
 0.21287019723755E+08
 0.21294669919687E+08
 0.21302628133099E+08
 0.21310551216343E+08
 0.21318867381788E+08
 0.21327191346613E+08
 0.21335360777656E+08
 0.21343887422454E+08
 0.21352316402666E+08
 0.21361109968820E+08
 0.21369844919947E+08
 0.21378293292117E+08
 0.21387233710533E+08
 0.21395834481735E+08
 0.21404634023670E+08
 0.21413317411677E+08
 0.21422147676728E+08
 0.21430417072003E+08
 0.21439064824936E+08
 0.21447452020525E+08
 0.21455658622509E+08
 0.21463659329505E+08
 0.21471551505356E+08
 0.21479692362697E+08
 0.21487219789211E+08
 0.21494527323715E+08
 0.21501911240683E+08
 0.21509048417815E+08
 0.21516106168304E+08
 0.21522404981498E+08
 0.21528426064177E+08
 0.21534619853955E+08
 0.21540718604245E+08
 0.21545878656948E+08
 0.21550632553372E+08
 0.21555846004824E+08
 0.21560168622820E+08
 0.21564431508564E+08
 0.21568273162225E+08
 0.21572163665586E+08
 0.21575353698153E+08
 0.21578189515482E+08
 0.21581124274817E+08
 0.21584066373099E+08
 0.21586445866343E+08
 0.21588272136176E+08
 0.21590850400520E+08
 0.21593041389846E+08
 0.21594813466716E+08
 0.21596481681943E+08
 0.21598726517726E+08
 0.21601115739608E+08
 0.21604098603926E+08
 0.21607958786627E+08
 0.21612007382548E+08
 0.21617063549428E+08
 0.21623439454365E+08
 0.21631641651243E+08
 0.21641737148871E+08
 0.21654024533361E+08
 0.21669053827775E+08
 0.21688788923068E+08
 0.21713213803684E+08
 0.21742646818741E+08
 0.21778664610671E+08
 0.21823033229190E+08
 0.21879150133284E+08
 0.21947983269417E+08
 0.22031931710487E+08
 0.22135410995032E+08
 0.22264142459846E+08
 0.22419774563541E+08
 0.22610786651884E+08
 0.22844051173988E+08
 0.23120666203902E+08
 0.23451760973165E+08
 0.23835831060307E+08
 0.24272890751477E+08
 0.24755745893334E+08
 0.25276410199555E+08
 0.25828922869549E+08
 0.26398468491013E+08
 0.26972214541472E+08
 0.27542511034454E+08
 0.28095894919647E+08
 0.28630732791741E+08
 0.29138254030690E+08
 0.29617819438458E+08
 0.30066451633061E+08
 0.30476563200708E+08
 0.30856087907740E+08
 0.31204383619561E+08
 0.31515672995164E+08
 0.31795822221578E+08
 0.32042891607768E+08
 0.32260011366328E+08
 0.32446984444752E+08
 0.32606735109417E+08
 0.32738783994048E+08
 0.32844988408946E+08
 0.32927387654464E+08
 0.32986565271044E+08
 0.33023865009994E+08
 0.33040315542370E+08
 0.33037352613953E+08
 0.33015986245430E+08
 0.32977300836059E+08
 0.32922220065723E+08
 0.32851801937263E+08
 0.32767288031455E+08
 0.32668794609331E+08
 0.32557637945699E+08
 0.32435502996275E+08
 0.32301487402368E+08
 0.32156976619507E+08
 0.32004118729875E+08
 0.31841190716020E+08
 0.31670579601919E+08
 0.31490821686876E+08
 0.31306756222395E+08
 0.31114132357502E+08
 0.30916543887683E+08
 0.30710702428153E+08
 0.30502549937083E+08
 0.30287649492630E+08
 0.30070565827372E+08
 0.29848437132558E+08
 0.29622897471265E+08
 0.29393636040893E+08
 0.29162294642423E+08
 0.28927071646615E+08
 0.28689586809477E+08
 0.28450551966663E+08
 0.28210410339045E+08
 0.27969422874632E+08
 0.27726334540648E+08
 0.27481203150381E+08
 0.27235571139267E+08
 0.26990837783309E+08
 0.26744193212626E+08
 0.26498965468888E+08
 0.26250866303025E+08
 0.26005281451894E+08
 0.25757362456461E+08
 0.25512426579550E+08
 0.25266372750711E+08
 0.25020857128837E+08
 0.24776546617238E+08
 0.24533478908997E+08
 0.24290119919694E+08
 0.24048269727127E+08
 0.23805487827271E+08
 0.23566950473935E+08
 0.23328719161852E+08
 0.23091037044909E+08
 0.22855676866150E+08
 0.22620371998162E+08
 0.22388220534093E+08
 0.22156279142157E+08
 0.21927154446098E+08
 0.21697700106421E+08
 0.21469788492809E+08
 0.21245261861954E+08
 0.21020744447726E+08
 0.20800468300549E+08
 0.20580834975260E+08
 0.20362837723225E+08
 0.20146026034981E+08
 0.19932087249379E+08
 0.19720749891053E+08
 0.19509241553339E+08
 0.19300544104486E+08
 0.19094225643453E+08
 0.18887965822216E+08
 0.18686269499240E+08
 0.18485010750381E+08
 0.18286292973238E+08
 0.18088395986486E+08
 0.17893467364268E+08
 0.17701252256441E+08
 0.17509286286107E+08
 0.17320760858452E+08
 0.17133573489293E+08
 0.16947551060927E+08
 0.16765044560099E+08
 0.16583016729007E+08
 0.16403134699015E+08
 0.16226097722515E+08
 0.16049686934370E+08
 0.15877150781313E+08
 0.15704322874039E+08
 0.15534878883605E+08
 0.15366746281321E+08
 0.15200388659612E+08
 0.15036267368135E+08
 0.14873473492903E+08
 0.14712404662250E+08
 0.14554505484247E+08
 0.14396661702557E+08
 0.14242054533656E+08
 0.14087422867873E+08
 0.13936125645868E+08
 0.13786319645860E+08
 0.13638532499187E+08
 0.13491598470309E+08
 0.13346347591203E+08
 0.13203108665392E+08
 0.13062239986641E+08
 0.12922170337624E+08
 0.12784074121282E+08
 0.12647836263641E+08
 0.12512514133951E+08
 0.12378608589940E+08
 0.12246921019660E+08
 0.12117136494557E+08
 0.11987933930290E+08
 0.11861730836163E+08
 0.11735293686111E+08
 0.11611103509764E+08
 0.11488496610083E+08
 0.11367325247911E+08
 0.11247488223886E+08
 0.11129396931073E+08
 0.11012244313413E+08
 0.10896794925029E+08
 0.10783138125037E+08
 0.10670136880536E+08
 0.10559466912477E+08
 0.10449273369530E+08
 0.10339724385476E+08
 0.10233174182046E+08
 0.10126862659897E+08
 0.10022161838732E+08
 0.99182705274934E+07
 0.98160448104731E+07
 0.97152489711631E+07
 0.96150713526440E+07
 0.95163122724618E+07
 0.94188570550024E+07
