 0.61503569054433E+01
 0.61503569442521E+01
 0.61503571242289E+01
 0.61503576334659E+01
 0.61503587495692E+01
 0.61503608442607E+01
 0.61503643810685E+01
 0.61503698960624E+01
 0.61503779716234E+01
 0.61503891932745E+01
 0.61504041437638E+01
 0.61504233830926E+01
 0.61504477073913E+01
 0.61504776390012E+01
 0.61505143217698E+01
 0.61505580921143E+01
 0.61506105724429E+01
 0.61506729812272E+01
 0.61507467197660E+01
 0.61508335463137E+01
 0.61509339073257E+01
 0.61510520820741E+01
 0.61511884998269E+01
 0.61513448529469E+01
 0.61515225349109E+01
 0.61517230439745E+01
 0.61519461384931E+01
 0.61521949599326E+01
 0.61524684928117E+01
 0.61527645698530E+01
 0.61530804066712E+01
 0.61534180732547E+01
 0.61537710129424E+01
 0.61541339838704E+01
 0.61545097668539E+01
 0.61548869410848E+01
 0.61552624271863E+01
 0.61556258339518E+01
 0.61559767920536E+01
 0.61563104099313E+01
 0.61566009057642E+01
 0.61568583692546E+01
 0.61570725317593E+01
 0.61572307050910E+01
 0.61573167658031E+01
 0.61573335829544E+01
 0.61572787995556E+01
 0.61571357907841E+01
 0.61568898737681E+01
 0.61565366945083E+01
 0.61560776649426E+01
 0.61554928404320E+01
 0.61547843106984E+01
 0.61539385102103E+01
 0.61529418904650E+01
 0.61517970583717E+01
 0.61504991806352E+01
 0.61490232119811E+01
 0.61473851456839E+01
 0.61455851639849E+01
 0.61435480349871E+01
 0.61413718997651E+01
 0.61389967217131E+01
 0.61363855787533E+01
 0.61336098450042E+01
 0.61305632510580E+01
 0.61273266920518E+01
 0.61239285338205E+01
 0.61202442191570E+01
 0.61163682265404E+01
 0.61121905631046E+01
 0.61077983872575E+01
 0.61032375271944E+01
 0.60983152621582E+01
 0.60932248297772E+01
 0.60878261166285E+01
 0.60821898422454E+01
 0.60762440077723E+01
 0.60701465556433E+01
 0.60636730677989E+01
 0.60569664188265E+01
 0.60499927006758E+01
 0.60427640514263E+01
 0.60352399587082E+01
 0.60273352689568E+01
 0.60192430150482E+01
 0.60108691483960E+01
 0.60021239052052E+01
 0.59930981442385E+01
 0.59837309795988E+01
 0.59741889375863E+01
 0.59643525798300E+01
 0.59540963386615E+01
 0.59434837352127E+01
 0.59327213248718E+01
 0.59216751798885E+01
 0.59101304498838E+01
 0.58984159706075E+01
 0.58863172894408E+01
 0.58739362865885E+01
 0.58611361182397E+01
 0.58481256756336E+01
 0.58348036062377E+01
 0.58210602945096E+01
 0.58069213717744E+01
 0.57925328568651E+01
 0.57779232421238E+01
 0.57627284729870E+01
 0.57472753824853E+01
 0.57315960531574E+01
 0.57156178551070E+01
 0.56991619987870E+01
 0.56823930089208E+01
 0.56652135596840E+01
 0.56475750976973E+01
 0.56297233539463E+01
 0.56115054745237E+01
 0.55928875933612E+01
 0.55738117455032E+01
 0.55543926342695E+01
 0.55346379020454E+01
 0.55145638440284E+01
 0.54938158729295E+01
 0.54726200621747E+01
 0.54511961575802E+01
 0.54294115591648E+01
 0.54072237124237E+01
 0.53842669954564E+01
 0.53608994395200E+01
 0.53372072092208E+01
 0.53129457683893E+01
 0.52879339339869E+01
 0.52626538673867E+01
 0.52366131361940E+01
 0.52097554493580E+01
 0.51825723752666E+01
 0.51542849132407E+01
 0.51252883025849E+01
 0.50954510632071E+01
 0.50648705265379E+01
 0.50334315939192E+01
 0.50007143693904E+01
 0.49668758062104E+01
 0.49319081566079E+01
 0.48954322841803E+01
 0.48577335265908E+01
 0.48182114695784E+01
 0.47771388980514E+01
 0.47341118478463E+01
 0.46888969699230E+01
 0.46424091912260E+01
 0.45934442557306E+01
 0.45420689264317E+01
 0.44892931059686E+01
 0.44344320620227E+01
 0.43784321734441E+01
 0.43212039028377E+01
 0.42636074518439E+01
 0.42055644737322E+01
 0.41482493493487E+01
 0.40919261341863E+01
 0.40368428949944E+01
 0.39834682379914E+01
 0.39321384594611E+01
 0.38831742166410E+01
 0.38362746917135E+01
 0.37917543335046E+01
 0.37494689159047E+01
 0.37093275184428E+01
 0.36713656061520E+01
 0.36355207435634E+01
 0.36013221053894E+01
 0.35689248468037E+01
 0.35384462208630E+01
 0.35092684378621E+01
 0.34815078339448E+01
 0.34553041780688E+01
 0.34301547478993E+01
 0.34062449842452E+01
 0.33832067682751E+01
 0.33615385262875E+01
 0.33405698498620E+01
 0.33205791708462E+01
 0.33011553579764E+01
 0.32827282386862E+01
 0.32648468809879E+01
 0.32478164792841E+01
 0.32313009855877E+01
 0.32154056064019E+01
 0.32000014890469E+01
 0.31851845523535E+01
 0.31707421475656E+01
 0.31567936144377E+01
 0.31433018951484E+01
 0.31302672893955E+01
 0.31176515383033E+01
 0.31053686100794E+01
 0.30933603601206E+01
 0.30817236982238E+01
 0.30704608017719E+01
 0.30594690638985E+01
 0.30487945140771E+01
 0.30382960565577E+01
 0.30281646571739E+01
 0.30181715763365E+01
 0.30085516117436E+01
 0.29990757391526E+01
 0.29898146135986E+01
 0.29807762101373E+01
 0.29719719918911E+01
 0.29633082162878E+01
 0.29548543964828E+01
 0.29465238550336E+01
 0.29384390039532E+01
 0.29305098809926E+01
 0.29227222610890E+01
 0.29150941479641E+01
 0.29075938740074E+01
 0.29002869366360E+01
 0.28930604406559E+01
 0.28860033429484E+01
 0.28790383209188E+01
 0.28721782122797E+01
 0.28655001743208E+01
 0.28588898100850E+01
 0.28524397857401E+01
 0.28460726815814E+01
 0.28398224266842E+01
 0.28336492477508E+01
 0.28276025326084E+01
 0.28216694560848E+01
 0.28157874684851E+01
 0.28099919079990E+01
 0.28043191978773E+01
 0.27986781997099E+01
 0.27931858528231E+01
 0.27877346259934E+01
 0.27823984920540E+01
 0.27770843565391E+01
 0.27718825814291E+01
 0.27667596088306E+01
 0.27616826574690E+01
 0.27567024439976E+01
 0.27517729158015E+01
 0.27468980977291E+01
 0.27421130399272E+01
 0.27373635921392E+01
 0.27326850348921E+01
 0.27280755182446E+01
 0.27235012453164E+01
 0.27190292314800E+01
 0.27145642127961E+01
 0.27101835353745E+01
 0.27058424310218E+01
 0.27015522213483E+01
 0.26973259535444E+01
 0.26931335276354E+01
 0.26889906533516E+01
 0.26849247501827E+01
 0.26808588255436E+01
 0.26768780716155E+01
 0.26729098902320E+01
 0.26689948023212E+01
 0.26651395771111E+01
 0.26613347581588E+01
 0.26575325150021E+01
 0.26537889125409E+01
 0.26500789134921E+01
 0.26464243452150E+01
 0.26427953409667E+01
 0.26392065427349E+01
 0.26356619156487E+01
 0.26321356607215E+01
 0.26286447347286E+01
 0.26252117710388E+01
 0.26217900458678E+01
 0.26184107244157E+01
 0.26150834675695E+01
 0.26117522627748E+01
 0.26084666602298E+01
 0.26052145177762E+01
 0.26020032710214E+01
 0.25988060414572E+01
 0.25956409560072E+01
 0.25925182730575E+01
 0.25894006210379E+01
 0.25863370814645E+01
 0.25832831104167E+01
 0.25802777478422E+01
 0.25772842226701E+01
 0.25743054975888E+01
 0.25713828451267E+01
 0.25684550203016E+01
 0.25655698969756E+01
 0.25627102831036E+01
 0.25598608927028E+01
 0.25570472068403E+01
 0.25542500628405E+01
 0.25514700844303E+01
 0.25487254537003E+01
