 0.30964654458033E+03
 0.30964654458037E+03
 0.30964654458102E+03
 0.30964654462233E+03
 0.30964654557380E+03
 0.30964654936996E+03
 0.30964653212187E+03
 0.30964635945306E+03
 0.30964566553023E+03
 0.30964377523013E+03
 0.30963970462720E+03
 0.30963222550581E+03
 0.30961998037095E+03
 0.30960155328442E+03
 0.30957561171745E+03
 0.30954086596109E+03
 0.30949625382267E+03
 0.30944084648109E+03
 0.30937388597506E+03
 0.30929479833748E+03
 0.30918212736792E+03
 0.30907210096408E+03
 0.30894874960626E+03
 0.30881207597720E+03
 0.30866216913914E+03
 0.30849925073746E+03
 0.30832352319873E+03
 0.30813558396778E+03
 0.30793577920521E+03
 0.30772449427650E+03
 0.30750214841935E+03
 0.30726967741516E+03
 0.30702738066787E+03
 0.30677575764676E+03
 0.30651602960386E+03
 0.30624830879859E+03
 0.30597344803741E+03
 0.30569172888596E+03
 0.30540428318011E+03
 0.30511186886236E+03
 0.30481354719813E+03
 0.30451127872512E+03
 0.30420536236045E+03
 0.30389587473972E+03
 0.30358256267677E+03
 0.30326666611553E+03
 0.30294897364353E+03
 0.30262904275939E+03
 0.30230656682038E+03
 0.30198199348608E+03
 0.30165617976256E+03
 0.30132822317038E+03
 0.30099891678893E+03
 0.30066774241097E+03
 0.30033417723668E+03
 0.29999886933066E+03
 0.29966184779547E+03
 0.29932153913973E+03
 0.29897950801588E+03
 0.29863598273439E+03
 0.29828548749556E+03
 0.29793569695954E+03
 0.29758216107181E+03
 0.29722223594066E+03
 0.29686142154159E+03
 0.29649174451504E+03
 0.29611936770425E+03
 0.29574634839110E+03
 0.29536345046514E+03
 0.29497760899737E+03
 0.29458065245867E+03
 0.29417897290833E+03
 0.29377584879427E+03
 0.29335698094384E+03
 0.29293646321734E+03
 0.29250389512131E+03
 0.29206427830032E+03
 0.29161227177045E+03
 0.29115906853272E+03
 0.29068826115121E+03
 0.29020999964643E+03
 0.28972156818360E+03
 0.28922361540017E+03
 0.28871299947442E+03
 0.28818345252466E+03
 0.28764831304373E+03
 0.28710072098773E+03
 0.28653396758752E+03
 0.28595417100220E+03
 0.28535661110708E+03
 0.28475276696989E+03
 0.28413370043038E+03
 0.28349042656021E+03
 0.28282683315103E+03
 0.28215693167125E+03
 0.28147100116771E+03
 0.28075328628559E+03
 0.28002653411144E+03
 0.27927513605344E+03
 0.27850547154711E+03
 0.27770764312828E+03
 0.27689542893439E+03
 0.27606118884301E+03
 0.27519651306161E+03
 0.27430253280757E+03
 0.27338853760040E+03
 0.27245564103905E+03
 0.27147776369150E+03
 0.27047664793286E+03
 0.26945379960968E+03
 0.26840289839886E+03
 0.26731043450734E+03
 0.26618682286236E+03
 0.26502388074548E+03
 0.26381679590573E+03
 0.26258182104528E+03
 0.26130672966712E+03
 0.25998742807660E+03
 0.25861798815557E+03
 0.25720533338609E+03
 0.25574788075226E+03
 0.25424488241430E+03
 0.25266906898763E+03
 0.25103386311659E+03
 0.24935348570909E+03
 0.24761604893957E+03
 0.24581581347173E+03
 0.24392236986328E+03
 0.24195998101383E+03
 0.23993260270393E+03
 0.23781791008303E+03
 0.23559923180785E+03
 0.23331137759818E+03
 0.23091162950721E+03
 0.22839243752772E+03
 0.22579010893007E+03
 0.22303902754572E+03
 0.22016868310878E+03
 0.21716626559948E+03
 0.21403957249968E+03
 0.21079220625121E+03
 0.20733662450916E+03
 0.20376992992080E+03
 0.20004592147838E+03
 0.19615514321535E+03
 0.19213592047917E+03
 0.18795824888128E+03
 0.18367079075760E+03
 0.17927486104432E+03
 0.17479523041055E+03
 0.17035332649804E+03
 0.16591649330137E+03
 0.16156291766003E+03
 0.15743227746195E+03
 0.15355460264342E+03
 0.15005289782955E+03
 0.14697987191222E+03
 0.14441459346162E+03
 0.14237948726853E+03
 0.14091090420130E+03
 0.13999414028491E+03
 0.13960208271574E+03
 0.13969622978641E+03
 0.14022618384214E+03
 0.14113392525567E+03
 0.14237477641012E+03
 0.14389223404581E+03
 0.14564506592286E+03
 0.14759597712609E+03
 0.14970500253131E+03
 0.15193945891418E+03
 0.15429885982994E+03
 0.15674694816735E+03
 0.15924724438637E+03
 0.16182721041492E+03
 0.16445888519101E+03
 0.16710899521466E+03
 0.16981071047413E+03
 0.17253014920384E+03
 0.17529586568068E+03
 0.17803440189952E+03
 0.18081642987406E+03
 0.18359569579746E+03
 0.18642004213021E+03
 0.18921821096368E+03
 0.19204869698701E+03
 0.19485511592523E+03
 0.19768411015089E+03
 0.20051135258256E+03
 0.20335320637574E+03
 0.20618552311543E+03
 0.20904348843962E+03
 0.21189858622654E+03
 0.21475250447117E+03
 0.21759933851290E+03
 0.22044189818131E+03
 0.22329510828353E+03
 0.22616958980393E+03
 0.22903803075352E+03
 0.23189482990373E+03
 0.23476219647420E+03
 0.23762433012910E+03
 0.24051705654602E+03
 0.24338315191880E+03
 0.24628563486340E+03
 0.24915125759340E+03
 0.25204638021070E+03
 0.25494707751879E+03
 0.25784781716014E+03
 0.26074157992378E+03
 0.26365778788627E+03
 0.26657010133883E+03
 0.26950743631250E+03
 0.27242241485020E+03
 0.27534553536536E+03
 0.27828045293985E+03
 0.28121811003667E+03
 0.28416933783929E+03
 0.28710464982356E+03
 0.29006977544900E+03
 0.29302479700194E+03
 0.29600185717628E+03
 0.29899419456302E+03
 0.30196387960698E+03
 0.30496286679678E+03
 0.30794491347227E+03
 0.31094604216854E+03
 0.31394788330845E+03
 0.31696942112824E+03
 0.31998341010904E+03
 0.32299442840602E+03
 0.32603534450144E+03
 0.32908605329409E+03
 0.33212394085809E+03
 0.33520063905948E+03
 0.33824588092293E+03
 0.34132229506328E+03
 0.34438352882236E+03
 0.34748650895361E+03
 0.35057323512053E+03
 0.35366329219709E+03
 0.35677729721863E+03
 0.35988020993081E+03
 0.36300208114486E+03
 0.36613940854066E+03
 0.36926624211209E+03
 0.37242029751002E+03
 0.37557507742121E+03
 0.37873065125731E+03
 0.38191168579055E+03
 0.38506545055318E+03
 0.38826515658766E+03
 0.39144904550486E+03
 0.39465173868531E+03
 0.39786351960123E+03
 0.40107219681276E+03
 0.40430244202695E+03
 0.40754015860334E+03
 0.41076003293602E+03
 0.41402951464020E+03
 0.41727155730153E+03
 0.42055118182339E+03
 0.42383068806482E+03
 0.42710227755370E+03
 0.43037358191371E+03
 0.43369092462972E+03
 0.43699864762547E+03
 0.44032087445070E+03
 0.44363440940783E+03
 0.44696910667278E+03
 0.45030917887972E+03
 0.45364953083158E+03
 0.45701722949288E+03
 0.46039355152278E+03
 0.46375241960260E+03
 0.46714523567912E+03
 0.47053632488223E+03
 0.47391335933203E+03
 0.47734111481542E+03
 0.48076101479232E+03
 0.48418672600954E+03
 0.48760811375293E+03
 0.49105763933818E+03
 0.49451267865392E+03
 0.49795904524129E+03
 0.50144421248477E+03
 0.50490393950499E+03
 0.50839594786650E+03
 0.51186766321106E+03
 0.51536762982329E+03
 0.51889195657643E+03
 0.52238289348538E+03
 0.52592503570962E+03
 0.52945074187659E+03
 0.53298358464116E+03
 0.53654523707129E+03
 0.54009810633433E+03
 0.54366987371313E+03
 0.54725937240515E+03
 0.55083833797402E+03
