 0.10813086768930E+04
 0.10813086768930E+04
 0.10813086768930E+04
 0.10813086768930E+04
 0.10813086768930E+04
 0.10813086768930E+04
 0.10813086768930E+04
 0.10813086768930E+04
 0.10813086768930E+04
 0.10813001936183E+04
 0.10814168631599E+04
 0.10812570832628E+04
 0.10811551961542E+04
 0.10812320685437E+04
 0.10810722137684E+04
 0.10811364702020E+04
 0.10811003400226E+04
 0.10812669424037E+04
 0.10812031220861E+04
 0.10810840125707E+04
 0.10811366249169E+04
 0.10812648701833E+04
 0.10812242502846E+04
 0.10809762595047E+04
 0.10809137327792E+04
 0.10811161062353E+04
 0.10811856459128E+04
 0.10810086898520E+04
 0.10808888165124E+04
 0.10811227935650E+04
 0.10814332628242E+04
 0.10807967610522E+04
 0.10818132415080E+04
 0.10818107843388E+04
 0.10812758080933E+04
 0.10824041076404E+04
 0.10816966960441E+04
 0.10816060586668E+04
 0.10763739211154E+04
 0.10817794005132E+04
 0.10809028136516E+04
 0.10824526063350E+04
 0.10815073795137E+04
 0.10765923029777E+04
 0.10779166240198E+04
 0.10778478501756E+04
 0.10778819543608E+04
 0.10765483700028E+04
 0.10820646099718E+04
 0.10777369814031E+04
 0.10820038455140E+04
 0.10792365792980E+04
 0.10767738478731E+04
 0.10761517251024E+04
 0.10764044910253E+04
 0.10799125830614E+04
 0.10791900007419E+04
 0.10817210205061E+04
 0.10817143741530E+04
 0.10770315991838E+04
 0.10799645523244E+04
 0.10786263832630E+04
 0.10801982700058E+04
 0.10776880008744E+04
 0.10769017555455E+04
 0.10780132341265E+04
 0.10790813229075E+04
 0.10865263994102E+04
 0.10809296684909E+04
 0.10889207449744E+04
 0.10831314829457E+04
 0.10844924202791E+04
 0.10815025505142E+04
 0.10830971088012E+04
 0.10775713177486E+04
 0.10808105282658E+04
 0.10820963722630E+04
 0.10786158849854E+04
 0.10852342557458E+04
 0.10846350264462E+04
 0.10824883933228E+04
 0.10813118941196E+04
 0.10836692070993E+04
 0.10869051793207E+04
 0.10798500537715E+04
 0.10828880413225E+04
 0.10839525664645E+04
 0.10865160535560E+04
 0.10846560138202E+04
 0.10831508626618E+04
 0.10829906020195E+04
 0.10823786552782E+04
 0.10837615615258E+04
 0.10792058830098E+04
 0.10775802572143E+04
 0.10862945157286E+04
 0.10800470108669E+04
 0.10848568458084E+04
 0.10810320809928E+04
 0.10792193636870E+04
 0.10801244062795E+04
 0.10814048800953E+04
 0.10792384929763E+04
 0.10784278094663E+04
 0.10840500459772E+04
 0.10768236592511E+04
 0.10858722685597E+04
 0.10765530158300E+04
 0.10767026257617E+04
 0.10807392216275E+04
 0.10788317779333E+04
 0.10806129230004E+04
 0.10824201511034E+04
 0.10876997567753E+04
 0.10876091934568E+04
 0.10803758060807E+04
 0.10892232382705E+04
 0.10870914092715E+04
 0.10883089267547E+04
 0.10774258541089E+04
 0.10886620171920E+04
 0.10773613508105E+04
 0.10783914835705E+04
 0.10844225085997E+04
 0.10842682775728E+04
 0.10890463925252E+04
 0.10784879230101E+04
 0.10828241088620E+04
 0.10781275952882E+04
 0.10799866590963E+04
 0.10878554184104E+04
 0.10796870674054E+04
 0.10798676416718E+04
 0.10895710706840E+04
 0.10872819043653E+04
 0.10836086857289E+04
 0.10818932590686E+04
 0.10864415039420E+04
 0.10788414204672E+04
 0.10886239075840E+04
 0.10791890953727E+04
 0.10828515519221E+04
 0.10752167674104E+04
 0.10801303587594E+04
 0.10860315182804E+04
 0.10769766566485E+04
 0.10816576297956E+04
 0.10754024551972E+04
 0.10827778228043E+04
 0.10781422716895E+04
 0.10755774599445E+04
 0.10840603527908E+04
 0.10812237190518E+04
 0.10829126817797E+04
 0.10829665700015E+04
 0.10799562729328E+04
 0.10785195071938E+04
 0.10898763057515E+04
 0.10872447053594E+04
 0.10895901809054E+04
 0.10892370287145E+04
 0.10782223200170E+04
 0.10912803997146E+04
 0.10864366197694E+04
 0.10922047976872E+04
 0.10901456978986E+04
 0.10810748142442E+04
 0.10912003584749E+04
 0.10947047821418E+04
 0.10874001342218E+04
 0.10887798451423E+04
 0.10889947103530E+04
 0.10970374027292E+04
 0.10997178760920E+04
 0.10862995099308E+04
 0.10994304002261E+04
 0.10900007564389E+04
 0.11011097397556E+04
 0.10992356536368E+04
 0.11014211875519E+04
 0.10980533441613E+04
 0.10991156730806E+04
 0.11003337832349E+04
 0.10950591134032E+04
 0.10988378934207E+04
 0.11003189735943E+04
 0.11073597300477E+04
 0.11028988281554E+04
 0.11077935434111E+04
 0.11038876485968E+04
 0.11068024967036E+04
 0.11032077072522E+04
 0.11039294755117E+04
 0.11069327106661E+04
 0.11110220976539E+04
 0.11108292473957E+04
 0.11232558883443E+04
 0.11216463415203E+04
 0.11166861050939E+04
 0.11249464485645E+04
