 0.11312241377893E+03
 0.11312241377892E+03
 0.11312241377876E+03
 0.11312241378960E+03
 0.11312241419241E+03
 0.11312241800310E+03
 0.11312243433312E+03
 0.11312247901954E+03
 0.11312256863268E+03
 0.11312271436613E+03
 0.11312291746586E+03
 0.11312316747836E+03
 0.11312344378900E+03
 0.11312371034960E+03
 0.11312392616612E+03
 0.11312401248650E+03
 0.11312388194256E+03
 0.11312339542593E+03
 0.11312234812445E+03
 0.11312045103965E+03
 0.11311145178410E+03
 0.11310467137385E+03
 0.11309502174892E+03
 0.11308149139013E+03
 0.11306282992945E+03
 0.11303756680866E+03
 0.11300398589811E+03
 0.11295983383939E+03
 0.11290379879643E+03
 0.11283338905390E+03
 0.11274639070073E+03
 0.11264080559965E+03
 0.11251456298234E+03
 0.11236570794103E+03
 0.11219282576477E+03
 0.11199415234376E+03
 0.11176824582363E+03
 0.11151416073945E+03
 0.11123092337602E+03
 0.11091731178983E+03
 0.11057148012115E+03
 0.11019288356399E+03
 0.10977986164218E+03
 0.10933051363147E+03
 0.10884252184526E+03
 0.10831276909464E+03
 0.10773981028178E+03
 0.10711899532731E+03
 0.10644676865520E+03
 0.10571648603852E+03
 0.10492407730377E+03
 0.10406100287496E+03
 0.10311869417224E+03
 0.10208453393749E+03
 0.10094248402403E+03
 0.99663585044781E+02
 0.98228519575948E+02
 0.96573055714659E+02
 0.94589339460632E+02
 0.91938517676003E+02
