157.96433048647648
157.95345946348763
157.91907872389984
157.86067630572228
157.78108298594952
157.76331290122855
157.68651154598524
157.54532495343258
157.37155504220596
157.18027401080528
156.96468613279418
156.72241010069052
156.66020185503018
156.38107504488494
156.06979803231917
155.73788942860725
155.59354921072128
155.21118773470766
154.8036794321964
154.57137185064516
154.11666701587956
153.72750442920935
153.32607732644718
152.78691074014571
152.41001011341618
151.81931593325962
151.4098309939188
150.7515088999864
150.26432704337037
149.6432804902821
148.99763968230351
148.30710616281456
147.7077925601599
146.94856217052472
146.16786472157375
145.49282996069803
144.7679245286804
143.86427758428582
143.08502326726122
142.25107469701328
141.31775347285057
140.4033548123386
139.3110622700678
138.32770610730572
137.30007682957643
136.29293569830097
135.1990228779965
134.10776935702972
132.86721263445673
131.5882419803367
130.30833133235288
128.9604284195689
127.65337619925225
126.32376834906289
124.7525221697772
123.32058188180439
121.96563690669343
120.0841729751037
118.3933369984778
116.71689050465818
114.86224915287987
113.04149241099341
111.15019020952926
109.00721527863104