 0.83176571363982E+02
 0.83176571363993E+02
 0.83176571364246E+02
 0.83176571419259E+02
 0.83176573347217E+02
 0.83176591494063E+02
 0.83176671867330E+02
 0.83176896760752E+02
 0.83177367132485E+02
 0.83178179586029E+02
 0.83179412468389E+02
 0.83181122434600E+02
 0.83183345322801E+02
 0.83186103554744E+02
 0.83189404895774E+02
 0.83193252792189E+02
 0.83197639708040E+02
 0.83202556270986E+02
 0.83207992458269E+02
 0.83213938600856E+02
 0.83196035762876E+02
 0.83196621605920E+02
 0.83197355820637E+02
 0.83198276209605E+02
 0.83199433096326E+02
 0.83200889306698E+02
 0.83202732456232E+02
 0.83205049379111E+02
 0.83207967677454E+02
 0.83211640763866E+02
 0.83216246611728E+02
 0.83221954574939E+02
 0.83229000156338E+02
 0.83237629261593E+02
 0.83248052736572E+02
 0.83260646513317E+02
 0.83275556811596E+02
 0.83293151109353E+02
 0.83313691462065E+02
 0.83337456066526E+02
 0.83364869052446E+02
 0.83396108578937E+02
 0.83431491871339E+02
 0.83471354553566E+02
 0.83516025722208E+02
 0.83565758764291E+02
 0.83620801229377E+02
 0.83681533424958E+02
 0.83748325352574E+02
 0.83821488796060E+02
 0.83901294342301E+02
 0.83988221682493E+02
 0.84082593985961E+02
 0.84184861579634E+02
 0.84295540943888E+02
 0.84415041097649E+02
 0.84543893392655E+02
 0.84682793378262E+02
 0.84832029916249E+02
 0.84992350996780E+02
 0.85165118943272E+02
 0.85350079679867E+02
 0.85548449121795E+02
 0.85761925094428E+02
 0.85990318981430E+02
 0.86236116444053E+02
 0.86499767743017E+02
 0.86781292612258E+02
 0.87085074606600E+02
 0.87411021020254E+02
 0.87763451969128E+02
 0.88143064869657E+02
 0.88551640181756E+02
 0.88996976420860E+02
 0.89479455723806E+02
 0.90007014798211E+02
 0.90585852049298E+02
 0.91227761495227E+02
 0.91939264488377E+02
 0.92749439211685E+02
 0.93685737412209E+02
 0.94802833148173E+02
