 0.11312761337694E+03
 0.11312761337693E+03
 0.11312761337676E+03
 0.11312761338642E+03
 0.11312761377878E+03
 0.11312761756218E+03
 0.11312763402505E+03
 0.11312767865724E+03
 0.11312776828800E+03
 0.11312791430479E+03
 0.11312811795286E+03
 0.11312836888136E+03
 0.11312864841868E+03
 0.11312892431462E+03
 0.11312915908314E+03
 0.11312931843778E+03
 0.11312933734106E+03
 0.11312917387839E+03
 0.11312878308940E+03
 0.11312807360868E+03
 0.11312174233761E+03
 0.11311877468500E+03
 0.11311510860418E+03
 0.11311057468258E+03
 0.11310494260381E+03
 0.11309796737046E+03
 0.11308928935970E+03
 0.11307847991880E+03
 0.11306511474229E+03
 0.11304860376492E+03
 0.11302827840995E+03
 0.11300347157143E+03
 0.11297343847771E+03
 0.11293732525869E+03
 0.11289420775512E+03
 0.11284344855225E+03
 0.11278433433780E+03
 0.11271572595859E+03
 0.11263709834421E+03
 0.11254783581433E+03
 0.11244717152176E+03
 0.11233458513351E+03
 0.11220987097462E+03
 0.11207203963064E+03
 0.11192121536152E+03
 0.11175674863075E+03
 0.11157850927453E+03
 0.11138622201891E+03
 0.11117965407713E+03
 0.11095816996979E+03
 0.11072212667022E+03
 0.11047064097112E+03
 0.11020353209523E+03
 0.10992062840994E+03
 0.10961987888327E+03
 0.10930269711078E+03
 0.10896775726184E+03
 0.10861437984137E+03
 0.10824074045518E+03
 0.10784604046759E+03
 0.10743091706766E+03
 0.10699241852958E+03
 0.10652965530830E+03
 0.10604101184722E+03
 0.10552513891650E+03
 0.10497981638089E+03
 0.10440109319875E+03
 0.10379248478794E+03
 0.10314019053983E+03
 0.10245392854221E+03
 0.10171779619918E+03
 0.10093506274780E+03
 0.10009115550072E+03
 0.99190477695671E+02
 0.98216613636242E+02
 0.97155961310783E+02
 0.95993184009931E+02
 0.94700053199438E+02
 0.93230810477742E+02
 0.91502803431043E+02
