 0.16434232347461E+00
 0.16434232347457E+00
 0.16434232347403E+00
 0.16434232346865E+00
 0.16434232342544E+00
 0.16434232326737E+00
 0.16434232175719E+00
 0.16434231349675E+00
 0.16434228584441E+00
 0.16434221352820E+00
 0.16434205373905E+00
 0.16434174414574E+00
 0.16434121098443E+00
 0.16434035124859E+00
 0.16433905420464E+00
 0.16433722409281E+00
 0.16433468017369E+00
 0.16433131096900E+00
 0.16432699691630E+00
 0.16432148358727E+00
 0.16431452837850E+00
 0.16430590717955E+00
 0.16429525733016E+00
 0.16428208688304E+00
 0.16426572715458E+00
 0.16424546702499E+00
 0.16422026276638E+00
 0.16418887071314E+00
 0.16415006056562E+00
 0.16410212182713E+00
 0.16404311780946E+00
 0.16397111833751E+00
 0.16388397117975E+00
 0.16377921161661E+00
 0.16365417723147E+00
 0.16350704353342E+00
 0.16333577423965E+00
 0.16313710946798E+00
 0.16290957958985E+00
 0.16265146539266E+00
 0.16236062451392E+00
 0.16203564350141E+00
 0.16167603295009E+00
 0.16127905752986E+00
 0.16084521425043E+00
 0.16037278882913E+00
 0.15986158004781E+00
 0.15931098855437E+00
 0.15872055649553E+00
 0.15808870025872E+00
 0.15741668843161E+00
 0.15670227966105E+00
 0.15594526224001E+00
 0.15514547293309E+00
 0.15429748214539E+00
 0.15340567212915E+00
 0.15246673484260E+00
 0.15147923405197E+00
 0.15043860099091E+00
 0.14934320814609E+00
 0.14819545519573E+00
 0.14698788524793E+00
 0.14571885546798E+00
 0.14438483199691E+00
 0.14298313323514E+00
 0.14150885547519E+00
 0.13995264196251E+00
 0.13832535254590E+00
 0.13659182656096E+00
 0.13477982854384E+00
 0.13284960050178E+00
 0.13081243895694E+00
 0.12863367658010E+00
 0.12632849040155E+00
 0.12385937296922E+00
 0.12119781071199E+00
 0.11831295997161E+00
 0.11514501936026E+00
 0.11159651984200E+00
 0.10751091062922E+00
