 0.61503569054433E+01
 0.61503569442521E+01
 0.61503571242289E+01
 0.61503576334659E+01
 0.61503587495692E+01
 0.61503608442607E+01
 0.61503643810685E+01
 0.61503698960624E+01
 0.61503779716234E+01
 0.61503891932745E+01
 0.61504041437638E+01
 0.61504233830926E+01
 0.61504477073907E+01
 0.61504776390370E+01
 0.61505143217523E+01
 0.61505580922260E+01
 0.61506105724126E+01
 0.61506729809860E+01
 0.61507467200057E+01
 0.61508335464885E+01
 0.61509339076338E+01
 0.61510520821671E+01
 0.61511884997280E+01
 0.61513448528789E+01
 0.61515225349937E+01
 0.61517230440351E+01
 0.61519461386788E+01
 0.61521949582369E+01
 0.61524684941691E+01
 0.61527645694234E+01
 0.61530804034728E+01
 0.61534180755845E+01
 0.61537710375018E+01
 0.61541339827051E+01
 0.61545097661743E+01
 0.61548869457648E+01
 0.61552624203281E+01
 0.61556258461618E+01
 0.61559767833466E+01
 0.61563104071629E+01
 0.61566009091535E+01
 0.61568583215746E+01
 0.61570725313185E+01
 0.61572307641539E+01
 0.61573167664786E+01
 0.61573335254820E+01
 0.61572789993321E+01
 0.61571359732007E+01
 0.61568901098693E+01
 0.61565368717191E+01
 0.61560779327951E+01
 0.61554938262087E+01
 0.61547854239943E+01
 0.61539400073391E+01
 0.61529441986640E+01
 0.61517996806667E+01
 0.61505033510711E+01
 0.61490285889915E+01
 0.61473920187453E+01
 0.61455939869219E+01
 0.61435603674925E+01
 0.61413870795483E+01
 0.61390160258686E+01
 0.61364091562381E+01
 0.61336379980027E+01
 0.61305992122540E+01
 0.61273724405812E+01
 0.61239841200056E+01
 0.61203107111533E+01
 0.61164485099130E+01
 0.61122878109192E+01
 0.61079148655521E+01
 0.61033756984094E+01
 0.60984776990518E+01
 0.60934135453148E+01
 0.60880501047652E+01
 0.60824506143583E+01
 0.60765448679484E+01
 0.60704921934801E+01
 0.60640715889050E+01
 0.60574247736101E+01
 0.60505162377394E+01
 0.60433593128066E+01
 0.60359138012225E+01
 0.60280996662596E+01
 0.60200993921793E+01
 0.60118309992275E+01
 0.60032047599351E+01
 0.59943027407525E+01
 0.59850769791307E+01
 0.59756793629301E+01
 0.59660009069147E+01
 0.59559136307384E+01
 0.59454940635036E+01
 0.59349317324833E+01
 0.59241036857336E+01
 0.59127782672001E+01
 0.59013070907413E+01
 0.58894717636443E+01
 0.58773611159685E+01
 0.58648517599378E+01
 0.58521474780889E+01
 0.58391427369869E+01
 0.58257457603950E+01
 0.58119589907895E+01
 0.57979466516658E+01
 0.57837249895466E+01
 0.57689371348289E+01
 0.57539063203422E+01
 0.57386553818624E+01
 0.57231262420982E+01
 0.57071309706124E+01
 0.56908420763839E+01
 0.56741425011503E+01
 0.56569941886053E+01
 0.56396470850094E+01
 0.56219316723519E+01
 0.56038147871575E+01
 0.55852276625830E+01
 0.55662839524218E+01
 0.55470071890540E+01
 0.55273848172224E+01
 0.55070566075356E+01
 0.54862623767989E+01
 0.54651563144225E+01
 0.54436776597593E+01
 0.54217044405548E+01
 0.53988771170137E+01
 0.53755487227528E+01
 0.53517599644780E+01
 0.53272743372285E+01
 0.53018585989195E+01
 0.52759791423306E+01
 0.52490953672668E+01
 0.52211055346963E+01
 0.51925000943334E+01
 0.51623805225969E+01
 0.51311480139323E+01
 0.50985456736646E+01
 0.50646677010533E+01
 0.50292391208719E+01
 0.49918420507760E+01
 0.49524718428204E+01
 0.49111207208819E+01
 0.48673044970014E+01
 0.48213295071300E+01
 0.47724719238125E+01
 0.47212585607248E+01
 0.46672516002279E+01
 0.46106358197036E+01
 0.45526295603266E+01
 0.44923576797547E+01
 0.44303790966648E+01
 0.43684827811692E+01
 0.43061826220029E+01
 0.42448633775606E+01
 0.41846308841442E+01
 0.41262519854615E+01
 0.40696967473312E+01
 0.40156108336618E+01
 0.39640236139932E+01
 0.39146664591341E+01
 0.38677874616056E+01
 0.38233638407501E+01
 0.37813949159605E+01
 0.37414433454937E+01
 0.37036485081712E+01
 0.36677482863810E+01
 0.36337101770357E+01
 0.36013978126634E+01
 0.35708191382096E+01
 0.35414762486624E+01
 0.35136128523335E+01
 0.34872437506556E+01
 0.34618886092705E+01
 0.34375854051416E+01
 0.34145691220618E+01
 0.33923388852753E+01
 0.33711206014241E+01
 0.33505609278716E+01
 0.33311336088824E+01
 0.33122471828760E+01
 0.32941729013538E+01
 0.32765217678472E+01
 0.32597076321384E+01
 0.32433253568168E+01
 0.32276780666204E+01
 0.32124350042886E+01
 0.31977059991185E+01
 0.31834060708612E+01
 0.31696012216973E+01
 0.31561327634545E+01
 0.31430569744890E+01
 0.31303840695888E+01
 0.31180999900396E+01
 0.31061992728080E+01
 0.30945594026354E+01
 0.30831769070692E+01
 0.30721252057073E+01
 0.30613922915474E+01
 0.30508931140358E+01
 0.30406961512730E+01
 0.30306496628560E+01
 0.30209243956907E+01
 0.30113231281904E+01
 0.30020616866419E+01
 0.29929127384645E+01
 0.29839811304419E+01
 0.29752703849435E+01
 0.29667356942304E+01
 0.29583517013435E+01
 0.29501534446541E+01
 0.29420606838524E+01
 0.29342119403459E+01
 0.29264943104628E+01
 0.29189108211066E+01
 0.29114709880958E+01
 0.29041632926110E+01
 0.28970205668137E+01
 0.28899586226258E+01
 0.28830588522356E+01
 0.28762458712497E+01
 0.28695286828376E+01
 0.28629745123339E+01
 0.28564799453077E+01
 0.28501571167960E+01
 0.28439116480731E+01
 0.28377649722508E+01
 0.28316915835880E+01
 0.28257388832018E+01
 0.28198953595607E+01
 0.28140967375488E+01
 0.28084010570463E+01
 0.28027988043036E+01
 0.27972389771419E+01
 0.27918212921467E+01
 0.27864405193914E+01
 0.27811667115156E+01
 0.27759067466625E+01
 0.27707699992068E+01
 0.27657105108163E+01
 0.27606813215554E+01
 0.27557586514159E+01
 0.27508754467592E+01
 0.27460438732395E+01
 0.27413173295829E+01
 0.27366032720519E+01
 0.27319662234503E+01
 0.27274002533556E+01
 0.27228641805424E+01
 0.27184206718954E+01
 0.27139893535628E+01
 0.27096433675999E+01
 0.27053380295429E+01
 0.27010768008769E+01
 0.26968828332651E+01
 0.26927179239911E+01
 0.26885990421813E+01
 0.26845539860068E+01
 0.26805128154084E+01
 0.26765635583508E+01
 0.26726062049093E+01
 0.26687301159876E+01
 0.26648901355087E+01
 0.26610895639237E+01
 0.26573167220846E+01
 0.26535880344051E+01
 0.26499007262661E+01
 0.26462560031436E+01
 0.26426504736733E+01
 0.26390759164173E+01
 0.26355385162483E+01
 0.26320324089351E+01
 0.26285601430469E+01
 0.26251308187150E+01
 0.26217278531774E+01
 0.26183521298203E+01
 0.26150363153324E+01
 0.26117209949569E+01
 0.26084394978707E+01
 0.26052040625368E+01
 0.26019935423972E+01
 0.25988086748081E+01
 0.25956627129386E+01
 0.25925402168093E+01
 0.25894340465879E+01
 0.25863798229314E+01
 0.25833296650456E+01
 0.25803273612552E+01
 0.25773458693432E+01
 0.25743670476160E+01
 0.25714508759246E+01
 0.25685320607772E+01
 0.25656532735953E+01
 0.25627975218450E+01
 0.25599565504951E+01
 0.25571367988439E+01
 0.25543454323936E+01
 0.25515794767517E+01
 0.25488346426946E+01
