 0.67197792076794E+03
 0.67197792076794E+03
 0.67197792076794E+03
 0.67197792076794E+03
 0.67197792076794E+03
 0.67197823877565E+03
 0.67197734998231E+03
 0.67197756846389E+03
 0.67197660663052E+03
 0.67195495340662E+03
 0.67205188985754E+03
 0.67192827157642E+03
 0.67949582194605E+03
 0.67190633634510E+03
 0.67942965274651E+03
 0.67947477267217E+03
 0.67945972969675E+03
 0.67194404236533E+03
 0.67189493495517E+03
 0.67943914507355E+03
 0.67948071329734E+03
 0.67193495829407E+03
 0.67190470754046E+03
 0.67935253530545E+03
 0.67931080776140E+03
 0.67946942908066E+03
 0.67952496296823E+03
 0.67938635058955E+03
 0.68186138041703E+03
 0.67947152020617E+03
 0.67207459599202E+03
 0.68176966962963E+03
 0.67236773632126E+03
 0.67231377934903E+03
 0.67191338609104E+03
 0.67284069971241E+03
 0.67222558117009E+03
 0.67217873320443E+03
 0.67337743602593E+03
 0.67228703188959E+03
 0.68183778802341E+03
 0.67299881462628E+03
 0.67206880485761E+03
 0.67342002554344E+03
 0.67431974796547E+03
 0.67446459656363E+03
 0.67433391018691E+03
 0.67329929203877E+03
 0.67236937361979E+03
 0.67443921848665E+03
 0.67230528458689E+03
 0.67544086394036E+03
 0.67344502862248E+03
 0.67297147973027E+03
 0.67305022559077E+03
 0.67602275458998E+03
 0.68080502007417E+03
 0.67229392683813E+03
 0.67718615677396E+03
 0.67377739846967E+03
 0.67624709693978E+03
 0.67472435348761E+03
 0.68138312827533E+03
 0.67424272076433E+03
 0.67886584777544E+03
 0.67449287015595E+03
 0.67528921794486E+03
 0.67607327756060E+03
 0.67687068165779E+03
 0.67311148110292E+03
 0.67849574774561E+03
 0.67965620416473E+03
 0.68208756830527E+03
 0.67868564165897E+03
 0.67928803580372E+03
 0.67690402684896E+03
 0.68272030123262E+03
 0.67993122768917E+03
 0.67529865557596E+03
 0.67459090760346E+03
 0.67775774967507E+03
 0.68203100817091E+03
 0.67872891546454E+03
 0.68161392784585E+03
 0.67589370575354E+03
 0.67869266780917E+03
 0.67922597737188E+03
 0.67590970470421E+03
 0.67508943380444E+03
 0.67800092543702E+03
 0.67884651673445E+03
 0.68329614228661E+03
 0.68037303230386E+03
 0.68496133127438E+03
 0.67936057379672E+03
 0.68028079540136E+03
 0.68135134280252E+03
 0.67939775386403E+03
 0.68611289273502E+03
 0.68530040214480E+03
 0.68505716467002E+03
 0.68769569755741E+03
 0.68618884464935E+03
 0.68445493643742E+03
 0.68965180596794E+03
 0.68849854631111E+03
 0.69102517109267E+03
 0.69173293492283E+03
 0.69200398518541E+03
 0.69612296985995E+03
 0.69086501901468E+03
 0.69549895009143E+03
 0.69320465128318E+03
 0.69657628583222E+03
 0.69496497891240E+03
 0.70601948138739E+03
 0.69598334416847E+03
 0.69756705301018E+03
 0.70241875855311E+03
 0.70845363295443E+03
 0.70898444549148E+03
 0.70346297052680E+03
 0.70850036049814E+03
 0.71558739659976E+03
 0.71355677247655E+03
 0.71631297145366E+03
 0.71832510362891E+03
 0.72183513465522E+03
 0.71169334252802E+03
 0.71649845463610E+03
 0.72576147386336E+03
 0.71759841442887E+03
 0.72058629750994E+03
 0.72064148477266E+03
 0.72377449908947E+03
 0.72605501704175E+03
 0.72875113272263E+03
 0.72723016845030E+03
 0.73564268200372E+03
 0.73856153596123E+03
 0.73368376403709E+03
 0.73818989074895E+03
 0.73717273279183E+03
 0.74083653873194E+03
 0.74876546166213E+03
 0.74243598853643E+03
 0.74205717298921E+03
 0.75327743939567E+03
 0.75414395315481E+03
 0.75001100831829E+03
 0.75136788706856E+03
 0.75670221925233E+03
 0.75799861591411E+03
 0.75417628992317E+03
 0.76193530988826E+03
 0.75763002797722E+03
 0.76288334897947E+03
 0.76380959042634E+03
 0.77114694364086E+03
 0.77021617492969E+03
 0.77561770982084E+03
 0.76846944538013E+03
 0.77561725683405E+03
 0.77639979220681E+03
 0.77866312743890E+03
 0.78172446785140E+03
 0.78513066033697E+03
 0.79236535936477E+03
 0.79128142721089E+03
 0.79049807102133E+03
 0.79077018919836E+03
 0.79408387093699E+03
 0.79462069071688E+03
 0.79655498944700E+03
 0.80482221620152E+03
 0.80625794767922E+03
 0.80571808344675E+03
 0.80826427117667E+03
 0.80748011942292E+03
 0.81285266829906E+03
 0.82019250942891E+03
 0.81172095104933E+03
 0.81652523297047E+03
 0.82265849669740E+03
 0.81956017956418E+03
 0.82322115208078E+03
 0.83318386291044E+03
 0.82839923214006E+03
 0.83221446139166E+03
 0.83392661509915E+03
 0.83858543477597E+03
 0.84627892162324E+03
 0.84142704747723E+03
 0.85070535862110E+03
 0.85186578174241E+03
 0.85505818775788E+03
 0.84763310082093E+03
 0.86031301688267E+03
 0.86199886506227E+03
 0.86079702110225E+03
 0.86190641613216E+03
 0.85995746571300E+03
 0.86325209119623E+03
 0.86785961873487E+03
 0.86698327231168E+03
 0.87888539305970E+03
 0.87155665736552E+03
 0.87615862063974E+03
 0.87782315709325E+03
 0.88486996192144E+03
 0.88769010230349E+03
 0.89505882576537E+03
 0.88913889040138E+03
 0.88772400868651E+03
 0.89653413523497E+03
 0.89778132901522E+03
 0.90614840661000E+03
 0.90763827742822E+03
 0.91194246871684E+03
 0.91578366295274E+03
 0.90808525848877E+03
 0.91159475909868E+03
 0.91749132871750E+03
 0.91940129803131E+03
 0.91705014589798E+03
 0.92097969977025E+03
 0.92670489098942E+03
 0.92513490847640E+03
 0.93774208976697E+03
 0.93529437158547E+03
 0.94169719232458E+03
 0.94015177772278E+03
 0.94730979761672E+03
 0.93949190666711E+03
 0.94724554306547E+03
 0.94721939929179E+03
 0.95035177907583E+03
 0.96457871244861E+03
 0.95350195032160E+03
 0.96650234561798E+03
 0.96365382700222E+03
 0.96315420918630E+03
 0.96563165843205E+03
 0.97048718214830E+03
 0.97174740186431E+03
 0.98100131940106E+03
 0.98268404357353E+03
 0.97659209066295E+03
 0.97872462970547E+03
 0.99167570935979E+03
 0.99596497246745E+03
 0.99783095453413E+03
 0.98938032838253E+03
 0.10001333436711E+04
 0.10018941531069E+04
 0.10126204838032E+04
 0.10000203708357E+04
 0.10047607225679E+04
 0.10138492437052E+04
 0.10223168459677E+04
 0.10129955432689E+04
 0.10164894058672E+04
 0.10269828528979E+04
 0.10214560758993E+04
 0.10349270428387E+04
 0.10250178239912E+04
 0.10419348924784E+04
 0.10419788097095E+04
 0.10346962027944E+04
 0.10450767455666E+04
 0.10496198692582E+04
 0.10414423283565E+04
 0.10548933027787E+04
 0.10590306328726E+04
 0.10614895548681E+04
 0.10575411697655E+04
 0.10615860718494E+04
 0.10643755126731E+04
 0.10650641467124E+04
 0.10629818079079E+04
 0.10767646175732E+04
 0.10822034657116E+04
 0.10800079279316E+04
 0.10882751216604E+04
 0.10908009995952E+04
 0.10810692544063E+04
 0.10915210909249E+04
 0.10925632578647E+04
 0.11038967475745E+04
 0.11084217522075E+04
 0.10992840138576E+04
 0.11120982690411E+04
 0.11170453460819E+04
 0.11090676010991E+04
 0.11101939583327E+04
 0.11071532444989E+04
 0.11156524960960E+04
 0.11143084085010E+04
 0.11217853847754E+04
 0.11205977305766E+04
