 0.21140089951492E+08
 0.21140089951487E+08
 0.21140089951416E+08
 0.21140089951002E+08
 0.21140089949331E+08
 0.21140089944668E+08
 0.21140090048753E+08
 0.21140090529864E+08
 0.21140092253790E+08
 0.21140096868176E+08
 0.21140107191162E+08
 0.21140126663458E+08
 0.21140160645055E+08
 0.21140214944610E+08
 0.21140295299831E+08
 0.21140410022551E+08
 0.21140565507616E+08
 0.21140768968238E+08
 0.21141027355876E+08
 0.21141347827948E+08
 0.21141740618347E+08
 0.21142204982880E+08
 0.21142751692736E+08
 0.21143385310021E+08
 0.21144113871862E+08
 0.21144942285571E+08
 0.21145879340244E+08
 0.21146919256242E+08
 0.21148073391392E+08
 0.21149350985586E+08
 0.21150763718461E+08
 0.21152300094195E+08
 0.21153981071726E+08
 0.21155817671743E+08
 0.21157790273636E+08
 0.21159929546608E+08
 0.21162230668458E+08
 0.21164717999852E+08
 0.21167370018478E+08
 0.21170184913089E+08
 0.21173241383223E+08
 0.21176475990199E+08
 0.21179900084364E+08
 0.21183534728267E+08
 0.21187418956652E+08
 0.21191511327202E+08
 0.21195786715670E+08
 0.21200285915155E+08
 0.21205035455686E+08
 0.21210023373679E+08
 0.21215208494548E+08
 0.21220642742559E+08
 0.21226284814335E+08
 0.21232164752038E+08
 0.21238298643014E+08
 0.21244651902087E+08
 0.21251207572238E+08
 0.21258045330207E+08
 0.21265066847726E+08
 0.21272235318206E+08
 0.21279845066209E+08
 0.21287448790821E+08
 0.21295277605480E+08
 0.21303458182999E+08
 0.21311653515361E+08
 0.21320295447267E+08
 0.21329005634277E+08
 0.21337641361838E+08
 0.21346713958545E+08
 0.21355786198809E+08
 0.21365313641995E+08
 0.21374893909103E+08
 0.21384302929184E+08
 0.21394361352231E+08
 0.21404202860583E+08
 0.21414401407165E+08
 0.21424654373738E+08
 0.21435240930845E+08
 0.21445461011242E+08
 0.21456262231419E+08
 0.21467008472981E+08
 0.21477831344233E+08
 0.21488669259705E+08
 0.21499682897854E+08
 0.21511200781817E+08
 0.21522418456452E+08
 0.21533689484104E+08
 0.21545379415329E+08
 0.21557133052139E+08
 0.21569159631054E+08
 0.21580770986823E+08
 0.21592453233658E+08
 0.21604727269478E+08
 0.21617283983239E+08
 0.21629288198016E+08
 0.21641269784576E+08
 0.21654222457347E+08
 0.21666640048397E+08
 0.21679440482265E+08
 0.21692275270548E+08
 0.21705628007933E+08
 0.21718669159332E+08
 0.21731837114679E+08
 0.21745527563439E+08
 0.21759730595232E+08
 0.21773751723031E+08
 0.21787580665182E+08
 0.21802647746435E+08
 0.21817657162286E+08
 0.21832490283904E+08
 0.21847446115989E+08
 0.21863286167566E+08
 0.21879340957015E+08
 0.21896083453338E+08
 0.21913723928594E+08
 0.21931207621517E+08
 0.21949293407240E+08
 0.21968134509177E+08
 0.21988040225550E+08
 0.22008591243640E+08
 0.22029746235473E+08
 0.22051540670786E+08
 0.22075566128032E+08
 0.22100880404490E+08
 0.22126899399120E+08
 0.22153952952741E+08
 0.22182638281052E+08
 0.22214549832471E+08
 0.22248344465892E+08
 0.22283972366182E+08
 0.22322601429190E+08
 0.22365380004412E+08
 0.22410561886516E+08
 0.22460669731117E+08
 0.22516501359510E+08
 0.22576258613402E+08
 0.22644347295160E+08
 0.22719455170050E+08
 0.22803384830406E+08
 0.22896397165742E+08
 0.23000583980705E+08
 0.23118891160168E+08
 0.23252572737049E+08
 0.23403053041635E+08
 0.23574288563248E+08
 0.23766443339705E+08
 0.23985310210904E+08
 0.24229991663498E+08
 0.24505052283003E+08
 0.24811314308440E+08
 0.25142598859850E+08
 0.25505234850182E+08
 0.25895936516087E+08
 0.26301621203682E+08
 0.26723690247842E+08
 0.27149601202456E+08
 0.27575180284082E+08
 0.27991042722117E+08
 0.28393750848390E+08
 0.28774897264540E+08
 0.29131190186798E+08
 0.29461955712983E+08
 0.29763260763506E+08
 0.30033804729154E+08
 0.30272655694970E+08
 0.30481940498040E+08
 0.30660739660137E+08
 0.30810607796791E+08
 0.30932219948616E+08
 0.31026860911335E+08
 0.31095583350726E+08
 0.31140756164047E+08
 0.31162827158360E+08
 0.31163339026610E+08
 0.31143944835260E+08
 0.31105612455643E+08
 0.31050050923238E+08
 0.30977882529885E+08
 0.30890800732973E+08
 0.30788833124574E+08
 0.30675277054368E+08
 0.30548679974204E+08
 0.30411621578880E+08
 0.30262572356572E+08
 0.30105593643122E+08
 0.29938542471331E+08
 0.29765177087779E+08
 0.29583388070856E+08
 0.29395059962061E+08
 0.29200174553827E+08
 0.29000389895206E+08
 0.28794428550220E+08
 0.28583740263958E+08
 0.28369271330284E+08
 0.28151603356006E+08
 0.27931376499533E+08
 0.27707159486121E+08
 0.27479371001096E+08
 0.27249957510237E+08
 0.27019326015653E+08
 0.26786331272085E+08
 0.26552897065074E+08
 0.26316196811498E+08
 0.26080488290205E+08
 0.25841674589272E+08
 0.25605319312195E+08
 0.25366318032003E+08
 0.25127582462394E+08
 0.24889666094401E+08
 0.24651685787943E+08
 0.24413313932855E+08
 0.24175791680033E+08
 0.23937153056497E+08
 0.23701661166418E+08
 0.23466375313091E+08
 0.23231594274965E+08
 0.22997827747268E+08
 0.22764992980902E+08
 0.22534336991584E+08
 0.22303417674792E+08
 0.22075011751669E+08
 0.21846887576064E+08
 0.21619470851141E+08
 0.21395245231134E+08
 0.21170828431593E+08
 0.20950281805821E+08
 0.20730481511339E+08
 0.20512305235708E+08
 0.20294978987290E+08
 0.20080322202117E+08
 0.19868103558588E+08
 0.19656049804709E+08
 0.19446406004190E+08
 0.19238957440877E+08
 0.19031838184033E+08
 0.18828976046487E+08
 0.18626418260629E+08
 0.18426985095340E+08
 0.18227108442421E+08
 0.18031147597128E+08
 0.17837387987043E+08
 0.17644055889478E+08
 0.17454238734528E+08
 0.17265305149502E+08
 0.17077821425855E+08
 0.16894030283186E+08
 0.16710176939755E+08
 0.16528980530881E+08
 0.16350243752461E+08
 0.16172326245895E+08
 0.15997844108128E+08
 0.15823530141213E+08
 0.15652450365499E+08
 0.15482810129571E+08
 0.15314749900016E+08
 0.15149305171339E+08
 0.14984898337535E+08
 0.14822266582074E+08
 0.14662599407894E+08
 0.14503013497103E+08
 0.14347224912055E+08
 0.14191022896353E+08
 0.14038246856362E+08
 0.13886970071933E+08
 0.13737359106452E+08
 0.13588950656304E+08
 0.13442460362823E+08
 0.13297780701694E+08
 0.13154977337178E+08
 0.13013934270198E+08
 0.12874300081763E+08
 0.12736343332240E+08
 0.12599859246872E+08
 0.12464948805314E+08
 0.12331991147075E+08
 0.12200326126503E+08
 0.12069972483146E+08
 0.11942342928349E+08
 0.11814918608111E+08
 0.11689120051727E+08
 0.11565468192314E+08
 0.11443078514781E+08
 0.11321979564826E+08
 0.11202747516818E+08
 0.11084735820438E+08
 0.10967627189103E+08
 0.10852950111839E+08
 0.10738672885410E+08
 0.10626651791568E+08
 0.10515746652467E+08
 0.10405210755888E+08
 0.10297531919459E+08
 0.10190008904955E+08
 0.10084401862481E+08
 0.99800230300274E+07
 0.98765159068933E+07
 0.97741551987752E+07
 0.96732225770806E+07
 0.95736200212833E+07
 0.94751487108451E+07
