 0.10189891284960E+00
 0.10189891284961E+00
 0.10189891284978E+00
 0.10189891285078E+00
 0.10189891285480E+00
 0.10189891286596E+00
 0.10189891261479E+00
 0.10189891145552E+00
 0.10189890729663E+00
 0.10189889613219E+00
 0.10189887143469E+00
 0.10189882426968E+00
 0.10189874225028E+00
 0.10189861152820E+00
 0.10189841759600E+00
 0.10189814120210E+00
 0.10189776652593E+00
 0.10189727643479E+00
 0.10189665368115E+00
 0.10189588117009E+00
 0.10189493473674E+00
 0.10189381576182E+00
 0.10189249858370E+00
 0.10189097149466E+00
 0.10188921615482E+00
 0.10188722026831E+00
 0.10188496276838E+00
 0.10188245738557E+00
 0.10187967712776E+00
 0.10187660008654E+00
 0.10187319745184E+00
 0.10186949699017E+00
 0.10186544906205E+00
 0.10186102639802E+00
 0.10185627664029E+00
 0.10185112632751E+00
 0.10184558572242E+00
 0.10183959724916E+00
 0.10183321284266E+00
 0.10182643465827E+00
 0.10181907639848E+00
 0.10181128847411E+00
 0.10180304292939E+00
 0.10179429089304E+00
 0.10178493880706E+00
 0.10177508623484E+00
 0.10176479513273E+00
 0.10175396718849E+00
 0.10174254095250E+00
 0.10173054937447E+00
 0.10171809172203E+00
 0.10170504687355E+00
 0.10169152123298E+00
 0.10167744609321E+00
 0.10166278809967E+00
 0.10164764665197E+00
 0.10163205437773E+00
 0.10161585129181E+00
 0.10159926911855E+00
 0.10158242127159E+00
 0.10156459832770E+00
 0.10154691588195E+00
 0.10152881454760E+00
 0.10151001757586E+00
 0.10149136521556E+00
 0.10147180654662E+00
 0.10145231192680E+00
 0.10143323347496E+00
 0.10141336875616E+00
 0.10139382009802E+00
 0.10137348010650E+00
 0.10135336723726E+00
 0.10133402202603E+00
 0.10131359342082E+00
 0.10129410104364E+00
 0.10127421335110E+00
 0.10125470972011E+00
 0.10123501062715E+00
 0.10121671404695E+00
 0.10119769750010E+00
 0.10117945914514E+00
 0.10116169188303E+00
 0.10114461353381E+00
 0.10112794838170E+00
 0.10111084636481E+00
 0.10109533520159E+00
 0.10108051345306E+00
 0.10106568129723E+00
 0.10105165404168E+00
 0.10103794136470E+00
 0.10102621221857E+00
 0.10101532737332E+00
 0.10100423555421E+00
 0.10099355522202E+00
 0.10098529189736E+00
 0.10097818839837E+00
 0.10097023727690E+00
 0.10096459513740E+00
 0.10095923829768E+00
 0.10095520734959E+00
 0.10095126579552E+00
 0.10094920908075E+00
 0.10094815076662E+00
 0.10094714352264E+00
 0.10094638084539E+00
 0.10094722095994E+00
 0.10094945730407E+00
 0.10095033803152E+00
 0.10095230791960E+00
 0.10095547232123E+00
 0.10095907352264E+00
 0.10096156464486E+00
 0.10096384623661E+00
 0.10096499987406E+00
 0.10096411689848E+00
 0.10096295909286E+00
 0.10095936784874E+00
 0.10095269687748E+00
 0.10094140716921E+00
 0.10092545542601E+00
 0.10090376250506E+00
 0.10087494489718E+00
 0.10083394360310E+00
 0.10078059308961E+00
 0.10071330807594E+00
 0.10062804222368E+00
 0.10051969263813E+00
 0.10037912738766E+00
 0.10020297783764E+00
 0.99984175402558E-01
 0.99710701222501E-01
 0.99367642308630E-01
 0.98951049088660E-01
 0.98441345920190E-01
 0.97827145790324E-01
 0.97114373113560E-01
 0.96288698507146E-01
 0.95372187296074E-01
 0.94383984261129E-01
 0.93354120062722E-01
 0.92310608349080E-01
 0.91270026237013E-01
 0.90259736128734E-01
 0.89297947258311E-01
 0.88390318712683E-01
 0.87549629313958E-01
 0.86770391578287E-01
 0.86058636756389E-01
 0.85408456173387E-01
 0.84818217731456E-01
 0.84293656815023E-01
 0.83819696210401E-01
 0.83394530936810E-01
 0.83022251517327E-01
 0.82693601277744E-01
 0.82409228962393E-01
 0.82163886088686E-01
 0.81956402351108E-01
 0.81782779835675E-01
 0.81642625469397E-01
 0.81533225981655E-01
 0.81452018166509E-01
 0.81397966255950E-01
 0.81369398242819E-01
 0.81364969404162E-01
 0.81383126407590E-01
 0.81422694084478E-01
 0.81482597291761E-01
 0.81561831047147E-01
 0.81659341562584E-01
 0.81773698390765E-01
 0.81905479089799E-01
 0.82052916301091E-01
 0.82214340937485E-01
 0.82391139755524E-01
 0.82582132192889E-01
 0.82784738280596E-01
 0.83001136151163E-01
 0.83229338627809E-01
 0.83470646590944E-01
 0.83719490050168E-01
 0.83981737518030E-01
 0.84252868598250E-01
 0.84537908051222E-01
 0.84828678128697E-01
 0.85131877312068E-01
 0.85440536171373E-01
 0.85760417850065E-01
 0.86088210426451E-01
 0.86425196155076E-01
 0.86768748421860E-01
 0.87122532273315E-01
 0.87483921343266E-01
 0.87852063252276E-01
 0.88226546622863E-01
 0.88606476902983E-01
 0.88994882147503E-01
 0.89391974368577E-01
 0.89794541140083E-01
 0.90201729708917E-01
 0.90617132367929E-01
 0.91036723574115E-01
 0.91466328302146E-01
 0.91897646797009E-01
 0.92339374592298E-01
 0.92782052416815E-01
 0.93233038187407E-01
 0.93689912527137E-01
 0.94150651135560E-01
 0.94616396487982E-01
 0.95089268616388E-01
 0.95566821050837E-01
 0.96052372753638E-01
 0.96537643003393E-01
 0.97029661124181E-01
 0.97527622612356E-01
 0.98029197069974E-01
 0.98536710966954E-01
 0.99046575873177E-01
 0.99564020609653E-01
 0.10008263334082E+00
 0.10060988593356E+00
 0.10114248149686E+00
 0.10167593369152E+00
 0.10221658589602E+00
 0.10275676243476E+00
 0.10330388443775E+00
 0.10385502384258E+00
 0.10441181399310E+00
 0.10497053834133E+00
 0.10553108492482E+00
 0.10610214425940E+00
 0.10667410406650E+00
 0.10724905080305E+00
 0.10783225891165E+00
 0.10841249430389E+00
 0.10900022271959E+00
 0.10959072739173E+00
 0.11018907477411E+00
 0.11078638651984E+00
 0.11138725532484E+00
 0.11199560402379E+00
 0.11260369138890E+00
 0.11321700764382E+00
 0.11383530990286E+00
 0.11445373732233E+00
 0.11507880324045E+00
 0.11570811259666E+00
 0.11633878951069E+00
 0.11697465518910E+00
 0.11760955333463E+00
 0.11825404354375E+00
 0.11889705260198E+00
 0.11954561005790E+00
 0.12019663250806E+00
 0.12085105766906E+00
 0.12151191689197E+00
 0.12217377910492E+00
 0.12283377907051E+00
 0.12350537762445E+00
 0.12417466592715E+00
 0.12485210672184E+00
 0.12552927760866E+00
 0.12620764529396E+00
 0.12689041112735E+00
 0.12757992812445E+00
 0.12827049182005E+00
 0.12896446515799E+00
 0.12965810733481E+00
 0.13035893990979E+00
 0.13106144228669E+00
 0.13176399560223E+00
 0.13247503067513E+00
 0.13318909092233E+00
 0.13390262852294E+00
 0.13461748957024E+00
 0.13534050172525E+00
 0.13605891782477E+00
 0.13678833755933E+00
 0.13751914782312E+00
 0.13825135201939E+00
 0.13898502042840E+00
 0.13972315324065E+00
 0.14046123474763E+00
 0.14120676145678E+00
 0.14195405982301E+00
 0.14269929970338E+00
 0.14345223663080E+00
 0.14420269539679E+00
 0.14496003326457E+00
 0.14572465729134E+00
 0.14648102643705E+00
 0.14724959458944E+00
 0.14801483098130E+00
 0.14878615405270E+00
 0.14956151064386E+00
 0.15033384672462E+00
 0.15111514021913E+00
 0.15189674615564E+00
 0.15268216271654E+00
