 0.67197792076794E+03
 0.67197792076794E+03
 0.67197792076794E+03
 0.67197792076794E+03
 0.67197792076794E+03
 0.67197823877565E+03
 0.67197734998231E+03
 0.67197756846389E+03
 0.67197660663052E+03
 0.67195495340662E+03
 0.67205188985754E+03
 0.67192827157642E+03
 0.67949582194605E+03
 0.67190633634510E+03
 0.67942965274651E+03
 0.67947477267217E+03
 0.67945972969675E+03
 0.67194404236533E+03
 0.67189493495517E+03
 0.67943914507355E+03
 0.67948071329734E+03
 0.67193527172666E+03
 0.67190472298843E+03
 0.67935326911493E+03
 0.67931093491740E+03
 0.67947412556695E+03
 0.67952849361641E+03
 0.67937372492746E+03
 0.68185423945612E+03
 0.67947264802787E+03
 0.67204321787760E+03
 0.68185318396201E+03
 0.67239771140583E+03
 0.67244671286763E+03
 0.67222522221715E+03
 0.67276706661131E+03
 0.67222693814084E+03
 0.67217984554279E+03
 0.67315554191709E+03
 0.67241000878370E+03
 0.67939608340423E+03
 0.67286793528338E+03
 0.67218167521533E+03
 0.67332080994732E+03
 0.67446386952028E+03
 0.67465235722924E+03
 0.67434446490408E+03
 0.67340679666534E+03
 0.67246171917627E+03
 0.67434275129553E+03
 0.67245284623671E+03
 0.67543362046807E+03
 0.67343191150756E+03
 0.67310604043020E+03
 0.67322311607336E+03
 0.67593210159966E+03
 0.68082950658179E+03
 0.67225490666975E+03
 0.67725930875004E+03
 0.67392294056862E+03
 0.67609420360989E+03
 0.67486403270529E+03
 0.68145495716251E+03
 0.67431119471812E+03
 0.67890070193328E+03
 0.67470934406589E+03
 0.67537514785260E+03
 0.67621659214012E+03
 0.67680387972230E+03
 0.67307932043451E+03
 0.67848521571327E+03
 0.67954637440839E+03
 0.68205612395029E+03
 0.67865633289905E+03
 0.67906790420681E+03
 0.67672668028775E+03
 0.68060691547410E+03
 0.67994574084158E+03
 0.67502076416229E+03
 0.67461809225525E+03
 0.67296923553253E+03
 0.68173170425573E+03
 0.67890237995393E+03
 0.68135906921019E+03
 0.67586773983474E+03
 0.67857127443920E+03
 0.67914023991285E+03
 0.67522357354022E+03
 0.67968758590903E+03
 0.67804106376664E+03
 0.67857210953030E+03
 0.68323227902866E+03
 0.67909152642565E+03
 0.68472318635095E+03
 0.67820787755289E+03
 0.68014610665895E+03
 0.68024762165443E+03
 0.67920670903997E+03
 0.68590306380401E+03
 0.68410361006075E+03
 0.68506730523852E+03
 0.68687491418811E+03
 0.68518409006486E+03
 0.68423230240418E+03
 0.68878406491910E+03
 0.68744220306215E+03
 0.68977273634337E+03
 0.68993109885060E+03
 0.69020767489813E+03
 0.69417307070805E+03
 0.68899315494556E+03
 0.69319419729623E+03
 0.69303366615327E+03
 0.69426196498626E+03
 0.69416755399526E+03
 0.70382630857651E+03
 0.70313760951573E+03
 0.70494866207428E+03
 0.70095372649087E+03
 0.70738277564727E+03
 0.70519566532343E+03
 0.70344740157744E+03
 0.70611113887762E+03
 0.71095711253090E+03
 0.70931836328919E+03
 0.71378891411026E+03
 0.71598384560332E+03
 0.71800307354647E+03
 0.71932140742745E+03
 0.71211132534290E+03
 0.72179822534219E+03
 0.71535819509363E+03
 0.71740520182411E+03
 0.71613404156670E+03
 0.71784290835175E+03
 0.71994601600317E+03
 0.72955379177231E+03
 0.72340049395843E+03
 0.72876491628377E+03
 0.73473222227449E+03
 0.73867504425171E+03
 0.73075282979171E+03
 0.73919715741456E+03
 0.73905749762778E+03
 0.74182405716827E+03
 0.74099370559999E+03
 0.74170269779748E+03
 0.74649114809214E+03
 0.74113043385279E+03
 0.75167176221009E+03
 0.74473817307523E+03
 0.75633642402491E+03
 0.74930609567672E+03
 0.75019451945982E+03
 0.75367516137291E+03
 0.75313065661575E+03
 0.76104453416339E+03
 0.76192192191205E+03
 0.77019916433653E+03
 0.76675410327868E+03
 0.76741700112058E+03
 0.76521098060248E+03
 0.77927794780212E+03
 0.77607353462514E+03
 0.77744668911077E+03
 0.78149984391755E+03
 0.77768985672939E+03
 0.78741112366276E+03
 0.78309588451439E+03
 0.79132737452242E+03
 0.78566456608435E+03
 0.79674292751864E+03
 0.79897061004322E+03
 0.79169696750557E+03
 0.79937375393898E+03
 0.79735541537258E+03
 0.80616336123961E+03
 0.80451492488943E+03
 0.80388372088962E+03
 0.80960632180617E+03
 0.81314799640349E+03
 0.81310118916477E+03
 0.82346297596369E+03
 0.82051997562686E+03
 0.82052155085161E+03
 0.82357898751096E+03
 0.82982822177366E+03
 0.82839783699766E+03
 0.82915719788095E+03
 0.82883894291101E+03
 0.83432347901725E+03
 0.84141589722239E+03
 0.83462443320256E+03
 0.83683619788328E+03
 0.84927913416642E+03
 0.85004940165345E+03
 0.85060283184458E+03
 0.85030172616782E+03
 0.85965381360934E+03
 0.86340895693123E+03
 0.85428581559270E+03
 0.86927459431869E+03
 0.86422152052384E+03
 0.87110643920269E+03
 0.86373749978626E+03
 0.86803068456405E+03
 0.87703360615998E+03
 0.88307484947899E+03
 0.87620262607547E+03
 0.87751176873445E+03
 0.88069041620484E+03
 0.88330167923752E+03
 0.88929897171931E+03
 0.89772250084459E+03
 0.89845667683306E+03
 0.89463397426453E+03
 0.89346890330420E+03
 0.90416785257184E+03
 0.90659012179694E+03
 0.90441325054430E+03
 0.90593747411072E+03
 0.92002983282078E+03
 0.91182083608465E+03
 0.91691642798495E+03
 0.91647487643905E+03
 0.92681652134041E+03
 0.92431812777257E+03
 0.92686491805473E+03
 0.93423016102793E+03
 0.94310759401329E+03
 0.93156532866195E+03
 0.94424041711240E+03
 0.94645994258201E+03
 0.94076484137671E+03
 0.95547453904445E+03
 0.94295832363453E+03
 0.94950993340019E+03
 0.96081974589824E+03
 0.95459752549610E+03
 0.95602655052382E+03
 0.96465692913997E+03
 0.96485348786917E+03
 0.96750036390242E+03
 0.96994899284081E+03
 0.97171477872112E+03
 0.98201198957704E+03
 0.97185139212071E+03
 0.97777475804418E+03
 0.99093615271572E+03
 0.99276784798144E+03
 0.99642774902966E+03
 0.99616973761169E+03
 0.10016898418192E+04
 0.99291070146051E+03
 0.10077494435683E+04
 0.10071488140660E+04
 0.10001252220048E+04
 0.10094079438353E+04
 0.10119836645705E+04
 0.10239026009455E+04
 0.10189005011673E+04
 0.10138631262691E+04
 0.10266447846289E+04
 0.10193538959104E+04
 0.10248075014852E+04
 0.10387209964865E+04
 0.10402958020662E+04
 0.10357333885599E+04
 0.10325584883373E+04
 0.10374141655722E+04
 0.10456331242398E+04
 0.10421405328026E+04
 0.10521051784367E+04
 0.10561529952285E+04
 0.10603819662359E+04
 0.10636708624692E+04
 0.10582278952880E+04
 0.10622883138400E+04
 0.10682212225612E+04
 0.10675037802038E+04
 0.10816418372912E+04
 0.10847738563109E+04
 0.10804541532156E+04
 0.10857822169545E+04
 0.10883307072071E+04
 0.10914494317821E+04
 0.10854567993245E+04
 0.10851360467094E+04
 0.10881903143467E+04
 0.10964959826672E+04
 0.10964234909986E+04
 0.11049518371233E+04
 0.11088442125549E+04
 0.11088859366523E+04
 0.11171232896318E+04
 0.11211458465202E+04
 0.11172166563548E+04
 0.11288170754282E+04
 0.11175798623730E+04
 0.11242155027079E+04
