 0.30964654458033E+03
 0.30964654458037E+03
 0.30964654458102E+03
 0.30964654462233E+03
 0.30964654557380E+03
 0.30964654936998E+03
 0.30964653212273E+03
 0.30964635945104E+03
 0.30964566553077E+03
 0.30964377522914E+03
 0.30963970462984E+03
 0.30963222552803E+03
 0.30961998124431E+03
 0.30960156452147E+03
 0.30957565412827E+03
 0.30954100162664E+03
 0.30949663422898E+03
 0.30944180302068E+03
 0.30937608557724E+03
 0.30929948278251E+03
 0.30919090751292E+03
 0.30908864706623E+03
 0.30897835346706E+03
 0.30886264581186E+03
 0.30874502642119E+03
 0.30862997463274E+03
 0.30852278965278E+03
 0.30842992291910E+03
 0.30835815360166E+03
 0.30831465743154E+03
 0.30830666392942E+03
 0.30834268207244E+03
 0.30842656710913E+03
 0.30856414815116E+03
 0.30875928868294E+03
 0.30901298362620E+03
 0.30932446082058E+03
 0.30969015030699E+03
 0.31010436309251E+03
 0.31055924916557E+03
 0.31104369873037E+03
 0.31154678139026E+03
 0.31205479493498E+03
 0.31255348188629E+03
 0.31302678649336E+03
 0.31346050417966E+03
 0.31383978405033E+03
 0.31414905129721E+03
 0.31437330471445E+03
 0.31449842362794E+03
 0.31451134270883E+03
 0.31439762041764E+03
 0.31414514207838E+03
 0.31373960816812E+03
 0.31316758978815E+03
 0.31241548819881E+03
 0.31146866451582E+03
 0.31031029725718E+03
 0.30892278512251E+03
 0.30728881588687E+03
 0.30537230420366E+03
 0.30316275551741E+03
 0.30061638495577E+03
 0.29768229815089E+03
 0.29431971134686E+03
 0.29043533750276E+03
 0.28594504180028E+03
 0.28071768896339E+03
 0.27451132021879E+03
 0.26691864146034E+03
 0.25733884845036E+03
 0.24403620313728E+03
 0.21186734397599E+03
