 0.51033030801949E+03
 0.51033030801932E+03
 0.51033030801738E+03
 0.51033030806993E+03
 0.51033030954641E+03
 0.51033031525887E+03
 0.51033028379870E+03
 0.51032998622091E+03
 0.51032880070513E+03
 0.51032557665514E+03
 0.51031863191513E+03
 0.51030585485103E+03
 0.51028490500322E+03
 0.51025333165186E+03
 0.51020882424368E+03
 0.51014916592083E+03
 0.51007264571850E+03
 0.50997794156310E+03
 0.50986434370227E+03
 0.50973195878914E+03
 0.50954627209109E+03
 0.50937094585510E+03
 0.50918309414317E+03
 0.50898820206423E+03
 0.50879366070183E+03
 0.50860900541798E+03
 0.50844567830508E+03
 0.50831779255591E+03
 0.50824062302450E+03
 0.50823085507191E+03
 0.50830609705928E+03
 0.50848887087099E+03
 0.50878982445052E+03
 0.50922835495303E+03
 0.50982040003918E+03
 0.51057804160999E+03
 0.51151157121716E+03
 0.51262771231135E+03
 0.51393064036995E+03
 0.51542249962301E+03
 0.51710142745646E+03
 0.51896724718993E+03
 0.52101586721569E+03
 0.52324547998758E+03
 0.52564977592377E+03
 0.52823096598087E+03
 0.53099021976695E+03
 0.53393055846607E+03
 0.53705897788529E+03
 0.54038510885755E+03
 0.54392815450001E+03
 0.54770486463768E+03
 0.55174551073195E+03
 0.55608680157864E+03
 0.56076607479112E+03
 0.56584307354274E+03
 0.57138476555537E+03
 0.57746587532094E+03
 0.58420487563357E+03
 0.59172181702182E+03
 0.60021648496974E+03
 0.60987808147704E+03
 0.62102687720218E+03
 0.63410529985264E+03
 0.64968197807659E+03
 0.66867907585855E+03
 0.69244655092021E+03
 0.72322229665962E+03
 0.76517520805160E+03
 0.82660223274427E+03
 0.92901910533731E+03
 0.11487838380814E+04
 0.26160423103339E+04
