 0.53405578660231E+07
 0.53405578660231E+07
 0.53405578660231E+07
 0.53405578660231E+07
 0.53405578660231E+07
 0.53405578660231E+07
 0.53405578660231E+07
 0.53405578660231E+07
 0.53405578660231E+07
 0.53405578660231E+07
 0.53405578660232E+07
 0.53405578660234E+07
 0.53405578660238E+07
 0.53405578660235E+07
 0.53405578660229E+07
 0.53405578660228E+07
 0.53405578660221E+07
 0.53405578660211E+07
 0.53405578660194E+07
 0.53405578660172E+07
 0.53405578660184E+07
 0.53405578660138E+07
 0.53405578660102E+07
 0.53405578660054E+07
 0.53405578660015E+07
 0.53405578660008E+07
 0.53405578660125E+07
 0.53405578660020E+07
 0.53405578659859E+07
 0.53405578659792E+07
 0.53405578659918E+07
 0.53405578659772E+07
 0.53405578659868E+07
 0.53405578660011E+07
 0.53405578659714E+07
 0.53405578659678E+07
 0.53405578659320E+07
 0.53405578659852E+07
 0.53405578658834E+07
 0.53405578656916E+07
 0.53405578656844E+07
 0.53405578656487E+07
 0.53405578655405E+07
 0.53405578653247E+07
 0.53405578654842E+07
 0.53405578653296E+07
 0.53405578648837E+07
 0.53405578642637E+07
 0.53405578639501E+07
 0.53405578637287E+07
 0.53405578630514E+07
 0.53405578624412E+07
 0.53405578610265E+07
 0.53405578604622E+07
 0.53405578595544E+07
 0.53405578580741E+07
 0.53405578558770E+07
 0.53405578555843E+07
 0.53405578540169E+07
 0.53405578499431E+07
 0.53405578538409E+07
 0.53405578483612E+07
 0.53405578469320E+07
 0.53405578473130E+07
 0.53405578415421E+07
 0.53405578456398E+07
 0.53405578465280E+07
 0.53405578341385E+07
 0.53405578319941E+07
 0.53405578199810E+07
 0.53405578238129E+07
 0.53405578287190E+07
 0.53405577985754E+07
