 0.10795098908076E+04
 0.10795098908076E+04
 0.10795098908076E+04
 0.10795098908076E+04
 0.10795098908076E+04
 0.10795098908076E+04
 0.10795098908076E+04
 0.10795098908076E+04
 0.10795098908076E+04
 0.10795204695579E+04
 0.10793534522789E+04
 0.10796090611243E+04
 0.10796546482137E+04
 0.10795797082771E+04
 0.10795000585310E+04
 0.10793813043206E+04
 0.10797916670243E+04
 0.10796270542626E+04
 0.10796416469556E+04
 0.10795161055014E+04
 0.10795252118518E+04
 0.10797506805587E+04
 0.10795230573106E+04
 0.10795441720300E+04
 0.10795805835280E+04
 0.10796668978026E+04
 0.10796564894077E+04
 0.10795385905490E+04
 0.10794742540924E+04
 0.10799350942607E+04
 0.10797604771126E+04
 0.10798654644314E+04
 0.10796261913905E+04
 0.10804201470489E+04
 0.10794280878766E+04
 0.10803145839084E+04
 0.10798117719913E+04
 0.10799054081969E+04
 0.10805783330489E+04
 0.10798220281374E+04
 0.10809480249294E+04
 0.10809087464139E+04
 0.10794387885768E+04
 0.10809857418312E+04
 0.10801829847116E+04
 0.10803211531551E+04
 0.10799076042426E+04
 0.10796935511754E+04
 0.10783574664306E+04
 0.10771867885933E+04
 0.10793053341835E+04
 0.10804852434773E+04
 0.10809411305377E+04
 0.10816561889136E+04
 0.10776781226338E+04
 0.10779948807824E+04
 0.10777290821342E+04
 0.10799885058591E+04
 0.10817791999037E+04
 0.10761793514130E+04
 0.10788881595064E+04
 0.10821812845750E+04
 0.10852885851045E+04
 0.10801736574594E+04
 0.10808076443735E+04
 0.10782384985351E+04
 0.10820971670201E+04
 0.10765166950805E+04
 0.10884084871749E+04
 0.10764514518522E+04
 0.10784853413207E+04
 0.10791865193829E+04
 0.10796211089821E+04
 0.10856611548930E+04
 0.10882353681927E+04
 0.10864954110412E+04
 0.10844486320106E+04
 0.10827149072766E+04
 0.10848630859376E+04
 0.10828119449812E+04
 0.10859949795908E+04
 0.10792127259697E+04
 0.10837604495529E+04
 0.10863707646836E+04
 0.10763276068323E+04
 0.10856017969146E+04
 0.10867378420252E+04
 0.10775137579383E+04
 0.10772702675422E+04
 0.10819512137672E+04
 0.10877999143532E+04
 0.10806671619861E+04
 0.10852169816699E+04
 0.10836224618479E+04
 0.10873818855123E+04
 0.10822876566623E+04
 0.10820826278976E+04
 0.10873209666224E+04
 0.10781613354178E+04
 0.10769479807278E+04
 0.10808537743767E+04
 0.10821236957464E+04
 0.10864162585709E+04
 0.10821149068152E+04
 0.10860089143645E+04
 0.10818191670022E+04
 0.10882616458871E+04
 0.10792985292659E+04
 0.10810913643341E+04
 0.10790619966247E+04
 0.10790043049650E+04
 0.10762493702552E+04
 0.10764123061181E+04
 0.10826523826401E+04
 0.10817665957149E+04
 0.10814304758702E+04
 0.10897544118941E+04
 0.10797635619995E+04
 0.10840928099598E+04
 0.10856916564592E+04
 0.10823947566677E+04
 0.10796453904825E+04
 0.10901136082635E+04
 0.10777670755671E+04
 0.10829683472769E+04
 0.10824714394583E+04
 0.10793118955471E+04
 0.10849932709900E+04
 0.10885606432123E+04
 0.10767600583739E+04
 0.10871992501243E+04
 0.10813282883862E+04
 0.10831889205814E+04
 0.10892389136150E+04
 0.10876162824855E+04
 0.10888261937219E+04
 0.10860528123423E+04
 0.10908228489639E+04
 0.10906223610799E+04
 0.10843344264920E+04
 0.10911799085320E+04
 0.10902489027164E+04
 0.10801324655854E+04
 0.10901445165937E+04
 0.10832812339605E+04
 0.10886416825905E+04
 0.10852855185143E+04
 0.10847233669525E+04
 0.10885727226364E+04
 0.10799469974552E+04
 0.10840694286231E+04
 0.10839467794737E+04
 0.10880109645603E+04
 0.10851115390080E+04
 0.10930028890469E+04
 0.10904514647268E+04
 0.10936920499309E+04
 0.10892644272520E+04
 0.10826093587111E+04
 0.10963312228876E+04
 0.10903669121305E+04
 0.10953064500705E+04
 0.10933998720690E+04
 0.10921840542401E+04
 0.10862702234943E+04
 0.11001389543400E+04
 0.10916277697819E+04
 0.10922113054837E+04
 0.10888777985902E+04
 0.10950830074981E+04
 0.10929116670853E+04
 0.10917596871012E+04
 0.10917627569789E+04
 0.11045171867127E+04
 0.10984782725152E+04
 0.10994939325503E+04
 0.10962510361606E+04
 0.10965679488352E+04
 0.11083863470562E+04
 0.11074140723168E+04
 0.11069666979828E+04
 0.11088511551288E+04
 0.11018645249299E+04
 0.11047984582962E+04
 0.11067290295459E+04
 0.11130083402867E+04
 0.11073083722005E+04
 0.11125961432934E+04
 0.11065850067367E+04
 0.11142979367117E+04
 0.11182432680563E+04
 0.11111610834179E+04
 0.11128852861687E+04
 0.11166650170468E+04
 0.11188126534760E+04
 0.11153120706665E+04
 0.11177331030271E+04
 0.11204042842947E+04
 0.11266355927992E+04
 0.11244631007885E+04
