 0.30966386294506E+03
 0.30966386294510E+03
 0.30966386294574E+03
 0.30966386298241E+03
 0.30966386388633E+03
 0.30966386761272E+03
 0.30966385083566E+03
 0.30966367797331E+03
 0.30966298400405E+03
 0.30966109445740E+03
 0.30965702590182E+03
 0.30964955004353E+03
 0.30963730736216E+03
 0.30961887988951E+03
 0.30959291451872E+03
 0.30955819087598E+03
 0.30951355400569E+03
 0.30945811550141E+03
 0.30939117416100E+03
 0.30931206274570E+03
 0.30919927201718E+03
 0.30908917537230E+03
 0.30896579422702E+03
 0.30882910768617E+03
 0.30867916394059E+03
 0.30851625809561E+03
 0.30834060357835E+03
 0.30815250442642E+03
 0.30795260452286E+03
 0.30774128406624E+03
 0.30751898755267E+03
 0.30728639018201E+03
 0.30704413466579E+03
 0.30679265903176E+03
 0.30653278755656E+03
 0.30626481467282E+03
 0.30599013857386E+03
 0.30570829346365E+03
 0.30542049282386E+03
 0.30512757199890E+03
 0.30482951860704E+03
 0.30452710600452E+03
 0.30422157896234E+03
 0.30391157343806E+03
 0.30359898458433E+03
 0.30328317678163E+03
 0.30296499390334E+03
 0.30264467006299E+03
 0.30232235226276E+03
 0.30199750540882E+03
 0.30167144663565E+03
 0.30134349475602E+03
 0.30101386105835E+03
 0.30068306127417E+03
 0.30034799869945E+03
 0.30001267183774E+03
 0.29967554164468E+03
 0.29933697897518E+03
 0.29899433843274E+03
 0.29864820281535E+03
 0.29830083560526E+03
 0.29795002814751E+03
 0.29759583582803E+03
 0.29723720013921E+03
 0.29687569841820E+03
 0.29650961647106E+03
 0.29613573487341E+03
 0.29576323282262E+03
 0.29537644228475E+03
 0.29499346367994E+03
 0.29459610119947E+03
 0.29419733096617E+03
 0.29378449386673E+03
 0.29337151989685E+03
 0.29295021110726E+03
 0.29251911980238E+03
 0.29208029445544E+03
 0.29163188837186E+03
 0.29117213625343E+03
 0.29071085185836E+03
 0.29022848705623E+03
 0.28973918070081E+03
 0.28924514239625E+03
 0.28873361980752E+03
 0.28820964559080E+03
 0.28767041745495E+03
 0.28712534828884E+03
 0.28656511379204E+03
 0.28598447831528E+03
 0.28539687972532E+03
 0.28479576666261E+03
 0.28416846714392E+03
 0.28353879399035E+03
 0.28288699608255E+03
 0.28221625690355E+03
 0.28152426710103E+03
 0.28082102880285E+03
 0.28009638780807E+03
 0.27935287320521E+03
 0.27858856829572E+03
 0.27780198176161E+03
 0.27699707666349E+03
 0.27617163322920E+03
 0.27531638489970E+03
 0.27444067031341E+03
 0.27354360931856E+03
 0.27262127814702E+03
 0.27166879451298E+03
 0.27068204017779E+03
 0.26968169225708E+03
 0.26864116988007E+03
 0.26756937022332E+03
 0.26647125376346E+03
 0.26533336266114E+03
 0.26415962178062E+03
 0.26297351335504E+03
 0.26171047062050E+03
 0.26042778718675E+03
 0.25910491677731E+03
 0.25774358430067E+03
 0.25632866007032E+03
 0.25487326318916E+03
 0.25335691164523E+03
 0.25181222236649E+03
 0.25018702828441E+03
 0.24853558604236E+03
 0.24681612279893E+03
 0.24500012217935E+03
 0.24312681397974E+03
 0.24121025094164E+03
 0.23919591109034E+03
 0.23710928541709E+03
 0.23497132638445E+03
 0.23270155900539E+03
 0.23034797750007E+03
 0.22791700240701E+03
 0.22537586518847E+03
 0.22270167793245E+03
 0.21993375521948E+03
 0.21706734413745E+03
 0.21403690314720E+03
 0.21090089702528E+03
 0.20759181710569E+03
 0.20418832520361E+03
 0.20058661330653E+03
 0.19686629465304E+03
 0.19304136856881E+03
 0.18902797787726E+03
 0.18488606902182E+03
 0.18063004425162E+03
 0.17636821117721E+03
 0.17198606652909E+03
 0.16767769625083E+03
 0.16340509227629E+03
 0.15927320244022E+03
 0.15538484087303E+03
 0.15178179534016E+03
 0.14857832615752E+03
 0.14583433276934E+03
 0.14359832280431E+03
 0.14192064657688E+03
 0.14080029651537E+03
 0.14021860322224E+03
 0.14014508364946E+03
 0.14053150319293E+03
 0.14133255352116E+03
 0.14247563726770E+03
 0.14393278446977E+03
 0.14563762857788E+03
 0.14756411177496E+03
 0.14965786163284E+03
 0.15191597126259E+03
 0.15426243673414E+03
 0.15672889215345E+03
 0.15925785870253E+03
 0.16187369481543E+03
 0.16453330044930E+03
 0.16724288229548E+03
 0.16997360691493E+03
 0.17272593044922E+03
 0.17551451419756E+03
 0.17832805929777E+03
 0.18115706247336E+03
 0.18398599811217E+03
 0.18682239564374E+03
 0.18968245321660E+03
 0.19254484460167E+03
 0.19541266214270E+03
 0.19826701218869E+03
 0.20114683534731E+03
 0.20401018103253E+03
 0.20689596878286E+03
 0.20978870090966E+03
 0.21266952377128E+03
 0.21555591969240E+03
 0.21844389066258E+03
 0.22133513041333E+03
 0.22422048966229E+03
 0.22711793882050E+03
 0.23001910510370E+03
