 0.22011922627266E+01
 0.22011922627266E+01
 0.22011922627266E+01
 0.22011922627266E+01
 0.22011922627266E+01
 0.22011922627266E+01
 0.22011922627266E+01
 0.22011922627266E+01
 0.22011922627267E+01
 0.22011923551161E+01
 0.22011908614886E+01
 0.22011931150223E+01
 0.22011934974270E+01
 0.22011928652037E+01
 0.22011921756102E+01
 0.22011911158884E+01
 0.22011946089907E+01
 0.22011932666055E+01
 0.22011933886501E+01
 0.22011923158391E+01
 0.22011923946291E+01
 0.22011942799733E+01
 0.22011923729731E+01
 0.22011925604193E+01
 0.22011928683141E+01
 0.22011936024407E+01
 0.22011935089449E+01
 0.22011924979513E+01
 0.22011919455489E+01
 0.22011957151785E+01
 0.22011943579459E+01
 0.22011951896978E+01
 0.22011932534496E+01
 0.22011990090671E+01
 0.22011915389225E+01
 0.22011983356732E+01
 0.22011947613837E+01
 0.22011954812834E+01
 0.22011999341505E+01
 0.22011948531541E+01
 0.22012018289812E+01
 0.22012016302099E+01
 0.22011916654128E+01
 0.22012019814797E+01
 0.22011974803474E+01
 0.22011983847337E+01
 0.22011954858005E+01
 0.22011938046877E+01
 0.22012416124955E+01
 0.22012255783442E+01
 0.22012516860288E+01
 0.22011993909867E+01
 0.22012018204580E+01
 0.22012043658185E+01
 0.22012328648933E+01
 0.22012371278174E+01
 0.22012336214239E+01
 0.22011961757958E+01
 0.22012047444742E+01
 0.22012087534690E+01
 0.22011863428829E+01
 0.22012662337156E+01
 0.22012554513031E+01
 0.22012585708373E+01
 0.22012012830901E+01
 0.22012404282415E+01
 0.22012663588834E+01
 0.22012146659401E+01
 0.22012170339653E+01
 0.22011520203369E+01
 0.22012432685649E+01
 0.22011892487709E+01
 0.22011938068542E+01
 0.22012523768314E+01
 0.22012200480541E+01
 0.22012442798081E+01
 0.22012612612602E+01
 0.22012063170943E+01
 0.22012590424567E+01
 0.22012665291262E+01
 0.22012491858252E+01
 0.22012520657616E+01
 0.22012051500118E+01
 0.22012463086752E+01
 0.22011516498414E+01
 0.22012538949874E+01
 0.22011833595410E+01
 0.22011708677102E+01
 0.22011680135683E+01
 0.22012080533913E+01
 0.22011706434878E+01
 0.22012651744268E+01
 0.22012001219956E+01
 0.22012104938869E+01
 0.22012388932073E+01
 0.22012721044476E+01
 0.22012133274850E+01
 0.22011821212387E+01
 0.22011885389978E+01
 0.22012331909322E+01
 0.22012748173659E+01
 0.22012179727686E+01
 0.22012593039621E+01
 0.22012219093691E+01
 0.22012667863298E+01
 0.22012239008308E+01
 0.22011824415625E+01
 0.22012178438875E+01
 0.22012293682466E+01
 0.22012146235341E+01
 0.22012191658732E+01
 0.22011840418989E+01
 0.22012482503706E+01
 0.22012430049395E+01
 0.22012445665025E+01
 0.22012454942724E+01
 0.22012371641822E+01
 0.22012380996802E+01
 0.22012518039548E+01
 0.22013036736339E+01
 0.22012566937703E+01
 0.22013056296689E+01
 0.22012396429893E+01
 0.22012826265926E+01
 0.22012555758133E+01
 0.22012638491679E+01
 0.22012393276749E+01
 0.22012496517663E+01
 0.22012714859036E+01
 0.22012529333854E+01
 0.22012751074679E+01
 0.22012313208722E+01
 0.22012962508405E+01
 0.22011823913473E+01
 0.22012523407020E+01
 0.22011741976400E+01
 0.22011927701921E+01
 0.22011809971736E+01
 0.22011763809402E+01
 0.22012249586893E+01
 0.22011405511049E+01
 0.22010891423109E+01
 0.22010818006394E+01
 0.22010572416914E+01
 0.22010732878507E+01
 0.22010430504053E+01
 0.22010382489311E+01
 0.22010201352593E+01
 0.22010498725637E+01
 0.22009150561089E+01
 0.22010035141502E+01
 0.22009071464134E+01
 0.22009499644763E+01
 0.22009192418750E+01
 0.22007882974846E+01
 0.22007829097725E+01
 0.22007721166335E+01
 0.22007679570734E+01
 0.22005881366907E+01
 0.22005857456584E+01
 0.22005287335773E+01
 0.22004160338978E+01
 0.22003580518185E+01
 0.22002870602238E+01
 0.22002064432191E+01
 0.22000421999855E+01
 0.22000183714980E+01
 0.21998858562192E+01
 0.21996362174084E+01
 0.21995987469690E+01
 0.21993606647708E+01
 0.21992362476112E+01
 0.21990413327483E+01
 0.21988046739897E+01
 0.21985992993774E+01
 0.21983804707305E+01
 0.21981257871603E+01
 0.21978702966999E+01
 0.21976364640928E+01
 0.21973290756822E+01
 0.21970653400814E+01
 0.21968163819756E+01
 0.21964421224708E+01
 0.21961324651358E+01
 0.21957864333005E+01
 0.21954717089959E+01
 0.21950495064054E+01
 0.21946647774696E+01
 0.21943026358317E+01
 0.21939143990079E+01
 0.21933817244998E+01
 0.21930076728386E+01
 0.21924658814650E+01
 0.21920046510853E+01
 0.21915093030066E+01
 0.21909524035694E+01
 0.21904359106129E+01
 0.21899760360467E+01
 0.21893360209636E+01
 0.21887603971181E+01
