 0.22012047225508E+01
 0.22012047225508E+01
 0.22012047225508E+01
 0.22012047225508E+01
 0.22012047225508E+01
 0.22012047225508E+01
 0.22012047225508E+01
 0.22012047225508E+01
 0.22012047225509E+01
 0.22012046921021E+01
 0.22012050888252E+01
 0.22012045357365E+01
 0.22012041451643E+01
 0.22012044430752E+01
 0.22012038045248E+01
 0.22012040697297E+01
 0.22012039230940E+01
 0.22012045719827E+01
 0.22012043316713E+01
 0.22012038525428E+01
 0.22012040699015E+01
 0.22012045662938E+01
 0.22012044163182E+01
 0.22012033875666E+01
 0.22012030981813E+01
 0.22012039863606E+01
 0.22012042708764E+01
 0.22012035302979E+01
 0.22012029815680E+01
 0.22012040043638E+01
 0.22012051491032E+01
 0.22012025156021E+01
 0.22012061495435E+01
 0.22012062024558E+01
 0.22012046803663E+01
 0.22012068426647E+01
 0.22012056186648E+01
 0.22012050704892E+01
 0.22012109958417E+01
 0.22012063923064E+01
 0.22012037003071E+01
 0.22012068523356E+01
 0.22012056216592E+01
 0.22012191545462E+01
 0.22012389815117E+01
 0.22012390924945E+01
 0.22012358444256E+01
 0.22012156518443E+01
 0.22012065556217E+01
 0.22012366852920E+01
 0.22012062042604E+01
 0.22012528046246E+01
 0.22012206818137E+01
 0.22012080963009E+01
 0.22012138917821E+01
 0.22012587721497E+01
 0.22011931924552E+01
 0.22012063031553E+01
 0.22012661489678E+01
 0.22012293247187E+01
 0.22012586698937E+01
 0.22012464653157E+01
 0.22011989219347E+01
 0.22012329656826E+01
 0.22011648965736E+01
 0.22012397377198E+01
 0.22012513610274E+01
 0.22011815994601E+01
 0.22012644896199E+01
 0.22012074509234E+01
 0.22012670120620E+01
 0.22012612965992E+01
 0.22012038937425E+01
 0.22012664494703E+01
 0.22011718804298E+01
 0.22012660657571E+01
 0.22012075487140E+01
 0.22011875833588E+01
 0.22011980014349E+01
 0.22012029830819E+01
 0.22012084031168E+01
 0.22012017314357E+01
 0.22012675077605E+01
 0.22012428570136E+01
 0.22012016598557E+01
 0.22012691141053E+01
 0.22012081959331E+01
 0.22011862890516E+01
 0.22012066807402E+01
 0.22012104606045E+01
 0.22012695798817E+01
 0.22012213001357E+01
 0.22012062891715E+01
 0.22012489235788E+01
 0.22011721792197E+01
 0.22012419767010E+01
 0.22012058651609E+01
 0.22012104519622E+01
 0.22012707592674E+01
 0.22012599791330E+01
 0.22011971380632E+01
 0.22012212942695E+01
 0.22012123237617E+01
 0.22012086612035E+01
 0.22012808968964E+01
 0.22012498594898E+01
 0.22012650420268E+01
 0.22011996876302E+01
 0.22011947576157E+01
 0.22012190172324E+01
 0.22012878687546E+01
 0.22012317301567E+01
 0.22013034305162E+01
 0.22012898216363E+01
 0.22012908181850E+01
 0.22012428997823E+01
 0.22012453239004E+01
 0.22012621663579E+01
 0.22012291341693E+01
 0.22012539784699E+01
 0.22012854778939E+01
 0.22012461533064E+01
 0.22012451714507E+01
 0.22013328731535E+01
 0.22013341060745E+01
 0.22012713874208E+01
 0.22012513159295E+01
 0.22012745706247E+01
 0.22013273054816E+01
 0.22013336491322E+01
 0.22012585659473E+01
 0.22012468428142E+01
 0.22012622263101E+01
 0.22012591495345E+01
 0.22012514117169E+01
 0.22012451145275E+01
 0.22013065124057E+01
 0.22012452466403E+01
 0.22012471085449E+01
 0.22012583218110E+01
 0.22012279639036E+01
 0.22012182706648E+01
 0.22012093881019E+01
 0.22011486055587E+01
 0.22011919843511E+01
 0.22012086301998E+01
 0.22011730658446E+01
 0.22011698492037E+01
 0.22011368549609E+01
 0.22011515996173E+01
 0.22010976023879E+01
 0.22011272841166E+01
 0.22011723307162E+01
 0.22011071948947E+01
 0.22010650673730E+01
 0.22010835826967E+01
 0.22010395102168E+01
 0.22009849096455E+01
 0.22009182683712E+01
 0.22008309976179E+01
 0.22008362629407E+01
 0.22008222202084E+01
 0.22007368176678E+01
 0.22006109083908E+01
 0.22005219879863E+01
 0.22003999626100E+01
 0.22002742283333E+01
 0.22001633083179E+01
 0.22000872228129E+01
 0.21999386154086E+01
 0.21996787491005E+01
 0.21995889060090E+01
 0.21993884428295E+01
 0.21992684312089E+01
 0.21990025562734E+01
 0.21988552904858E+01
 0.21985639885607E+01
 0.21983911565912E+01
 0.21980895353183E+01
 0.21977787041663E+01
 0.21974786243551E+01
 0.21971852572980E+01
 0.21968573993678E+01
 0.21965753989533E+01
 0.21962285514244E+01
 0.21958833642564E+01
 0.21955199481955E+01
 0.21950976785699E+01
 0.21947104591584E+01
 0.21942932615423E+01
 0.21938570348879E+01
 0.21935160805968E+01
 0.21929029449565E+01
 0.21924704995596E+01
 0.21919805107768E+01
 0.21915116088787E+01
 0.21909781689409E+01
 0.21904885001102E+01
 0.21899227892062E+01
 0.21892425513103E+01
 0.21886611696738E+01
 0.21880592965294E+01
 0.21874371825865E+01
 0.21867244327457E+01
 0.21861369597377E+01
 0.21854941550124E+01
 0.21847803179360E+01
 0.21839438255833E+01
 0.21833390993946E+01
 0.21825063235893E+01
 0.21817205634300E+01
 0.21810374977973E+01
 0.21801606908076E+01
 0.21794510447225E+01
 0.21785525977721E+01
 0.21776794892991E+01
 0.21768114096125E+01
 0.21759187264730E+01
 0.21750182258430E+01
 0.21741181623176E+01
 0.21732487979067E+01
 0.21722938989525E+01
 0.21713363205190E+01
 0.21702782842018E+01
 0.21693624676166E+01
 0.21682302692804E+01
 0.21671946289647E+01
 0.21662125900586E+01
 0.21650631916956E+01
 0.21641177787092E+01
 0.21628793580356E+01
 0.21618505853471E+01
 0.21607411625114E+01
 0.21595883633072E+01
 0.21584378379539E+01
 0.21572300018250E+01
 0.21561726158417E+01
 0.21549789396644E+01
 0.21536725833718E+01
 0.21524576065298E+01
 0.21512145405520E+01
 0.21498803552978E+01
 0.21486912213158E+01
 0.21473353758767E+01
 0.21461305141251E+01
 0.21448210728935E+01
 0.21434563395196E+01
 0.21422686930104E+01
 0.21408666115211E+01
 0.21394741696597E+01
 0.21380802594762E+01
 0.21366990415906E+01
 0.21353067710783E+01
 0.21339307259074E+01
 0.21325179656869E+01
 0.21310240403448E+01
 0.21296399301397E+01
 0.21281991161424E+01
 0.21267262473176E+01
 0.21252681550641E+01
 0.21237512165841E+01
 0.21223049687456E+01
 0.21209022823031E+01
 0.21193396585101E+01
 0.21177391731197E+01
 0.21162207479539E+01
 0.21146939363230E+01
 0.21131559362257E+01
 0.21116957888601E+01
 0.21099506332104E+01
 0.21085499914969E+01
 0.21068590886930E+01
 0.21052701269547E+01
 0.21036182051471E+01
 0.21019986230882E+01
 0.21004829680872E+01
 0.20987874766202E+01
 0.20971894335136E+01
 0.20955573861075E+01
 0.20938983970580E+01
 0.20922522834311E+01
 0.20905786181595E+01
 0.20889054599491E+01
 0.20871618198294E+01
 0.20855768346517E+01
 0.20838757170391E+01
 0.20822518785415E+01
 0.20804301252423E+01
 0.20788187587943E+01
 0.20770733752453E+01
 0.20753261261132E+01
 0.20736294311304E+01
 0.20719211766296E+01
 0.20702942567984E+01
 0.20683998768965E+01
 0.20667200240715E+01
 0.20649256105510E+01
 0.20632980778761E+01
 0.20615684736658E+01
 0.20596889183592E+01
