 0.16431646807701E+00
 0.16431646807697E+00
 0.16431646807651E+00
 0.16431646810801E+00
 0.16431646927819E+00
 0.16431648034875E+00
 0.16431652778923E+00
 0.16431665760741E+00
 0.16431691794218E+00
 0.16431734131408E+00
 0.16431793132732E+00
 0.16431865791865E+00
 0.16431946793252E+00
 0.16432026599045E+00
 0.16432096554814E+00
 0.16432141105769E+00
 0.16432149316696E+00
 0.16432107138271E+00
 0.16431999375658E+00
 0.16431811841199E+00
 0.16430024804017E+00
 0.16429243428528E+00
 0.16428315768516E+00
 0.16427229706314E+00
 0.16425970404459E+00
 0.16424526501061E+00
 0.16422877735982E+00
 0.16421031139327E+00
 0.16418965156449E+00
 0.16416657529954E+00
 0.16414083417276E+00
 0.16411259625949E+00
 0.16408144439145E+00
 0.16404711241786E+00
 0.16400995593594E+00
 0.16396935554764E+00
 0.16392534188587E+00
 0.16387745827964E+00
 0.16382602102296E+00
 0.16377104103160E+00
 0.16371105341709E+00
 0.16364721171814E+00
 0.16357923141722E+00
 0.16350668234376E+00
 0.16342887269551E+00
 0.16334649486070E+00
 0.16325995905084E+00
 0.16316849924571E+00
 0.16307162488775E+00
 0.16296948891715E+00
 0.16286278437990E+00
 0.16275052954808E+00
 0.16263335973766E+00
 0.16251082354201E+00
 0.16238239364902E+00
 0.16224872046968E+00
 0.16210992687710E+00
 0.16196465022379E+00
 0.16181433915936E+00
 0.16165960304860E+00
 0.16149526683362E+00
 0.16132875758747E+00
 0.16115603840079E+00
 0.16097486849251E+00
 0.16079058968709E+00
 0.16059575621434E+00
 0.16039661393626E+00
 0.16019532709895E+00
 0.15998298711123E+00
 0.15976671794766E+00
 0.15953858759031E+00
 0.15930521233493E+00
 0.15906956039869E+00
 0.15881823503406E+00
 0.15856490758249E+00
 0.15829973001878E+00
 0.15802730491684E+00
 0.15774299721966E+00
 0.15745746962339E+00
 0.15715464677404E+00
 0.15684498235598E+00
 0.15652546797703E+00
 0.15619635187522E+00
 0.15585557441561E+00
 0.15549632173596E+00
 0.15513103472507E+00
 0.15475381302581E+00
 0.15435794023808E+00
 0.15394841543928E+00
 0.15352091286606E+00
 0.15308692980300E+00
 0.15263640982478E+00
 0.15216135784618E+00
 0.15166489467550E+00
 0.15116079399604E+00
 0.15063836914505E+00
 0.15008221130727E+00
 0.14951444373718E+00
 0.14891870929828E+00
 0.14830183981547E+00
 0.14765165045751E+00
 0.14698296768435E+00
 0.14628731856400E+00
 0.14555518322741E+00
 0.14478663136215E+00
 0.14399137352368E+00
 0.14316900505648E+00
 0.14229131363703E+00
 0.14138073941980E+00
 0.14043786474533E+00
 0.13945456684162E+00
 0.13841644307671E+00
 0.13733161143650E+00
 0.13619237543360E+00
 0.13498903102329E+00
 0.13374117608366E+00
 0.13243137484807E+00
 0.13105444652085E+00
 0.12960220051339E+00
 0.12807896090895E+00
 0.12648359220992E+00
 0.12481148891519E+00
 0.12302966544544E+00
 0.12115164373194E+00
 0.11918841127566E+00
 0.11712821721421E+00
 0.11495815430335E+00
 0.11264176045789E+00
 0.11020311436248E+00
 0.10764657341935E+00
 0.10494353289787E+00
 0.10206851000229E+00
 0.99065526749752E-01
 0.95884072705027E-01
 0.92512402200281E-01
 0.88982866911685E-01
 0.85277337847924E-01
 0.81389805421474E-01
 0.77343950848210E-01
 0.73174110122695E-01
 0.68902085072626E-01
 0.64534938392153E-01
 0.60137953090187E-01
 0.55783042562888E-01
 0.51500795251533E-01
 0.47384455550837E-01
 0.43442849366264E-01
 0.39747039932392E-01
 0.36298432624508E-01
 0.33109057616088E-01
 0.30232033863581E-01
 0.27593855043010E-01
 0.25188180092499E-01
 0.23040498196113E-01
 0.21095622746889E-01
 0.19353736081283E-01
 0.17782120040697E-01
 0.16374179272272E-01
 0.15098463004688E-01
 0.13953958901196E-01
 0.12921662299408E-01
 0.11984758083748E-01
 0.11136173794334E-01
 0.10365734453604E-01
 0.96686263847041E-02
 0.90309691714809E-02
 0.84497406844155E-02
 0.79182259160536E-02
 0.74311353439609E-02
 0.69843981284570E-02
 0.65759982344349E-02
 0.61969459131090E-02
 0.58479267060551E-02
 0.55277237750380E-02
 0.52297974790453E-02
 0.49528421895018E-02
 0.46983372877403E-02
 0.44600944160347E-02
 0.42390471213670E-02
 0.40312290654113E-02
 0.38405897171063E-02
 0.36602286906535E-02
 0.34927309656636E-02
 0.33335606486163E-02
 0.31863651875369E-02
 0.30466522988126E-02
 0.29169965829466E-02
 0.27939689812244E-02
 0.26784773658638E-02
 0.25690996746382E-02
 0.24663564993551E-02
 0.23686107624478E-02
 0.22762416411394E-02
 0.21890461555739E-02
 0.21066535282401E-02
 0.20289269276324E-02
 0.19547279057065E-02
 0.18839695486507E-02
 0.18168522479639E-02
 0.17534379077784E-02
 0.16926729148185E-02
 0.16353030419069E-02
 0.15798837078411E-02
 0.15276727822830E-02
 0.14772916226543E-02
 0.14297564893345E-02
 0.13839422162004E-02
 0.13401945091364E-02
 0.12984162499487E-02
 0.12585153235657E-02
 0.12201158257050E-02
 0.11833898566084E-02
 0.11479111145487E-02
 0.11143305691201E-02
 0.10819763557974E-02
 0.10508812729172E-02
 0.10209695684956E-02
 0.99215405310458E-03
 0.96471823035250E-03
 0.93806055657795E-03
 0.91256593030226E-03
 0.88786891149717E-03
 0.86401875697509E-03
 0.84124816052793E-03
 0.81914105012270E-03
 0.79801793041316E-03
 0.77757373601457E-03
 0.75783413511772E-03
 0.73869283009416E-03
 0.72032503670069E-03
 0.70261266172633E-03
 0.68535689032339E-03
 0.66873491982543E-03
 0.65269351503585E-03
 0.63703301980155E-03
 0.62210493758209E-03
 0.60753311628511E-03
 0.59348933365878E-03
 0.57974739806820E-03
 0.56651924142246E-03
 0.55378917411289E-03
 0.54130746363828E-03
 0.52933828319367E-03
 0.51765970645496E-03
 0.50628951785906E-03
 0.49537910587753E-03
 0.48467962066453E-03
 0.47431759481936E-03
 0.46428364687745E-03
 0.45446201413654E-03
 0.44506681407905E-03
 0.43577971105089E-03
 0.42686646626566E-03
 0.41816796542830E-03
 0.40968030120726E-03
 0.40145727671633E-03
 0.39343461949710E-03
 0.38563539158520E-03
 0.37809511846310E-03
 0.37067302420469E-03
 0.36352139914565E-03
 0.35647569602641E-03
 0.34967116243167E-03
 0.34304904783865E-03
 0.33659631194545E-03
 0.33027189887649E-03
 0.32410816140768E-03
 0.31812147595290E-03
 0.31229160858857E-03
 0.30659493932414E-03
 0.30104161771590E-03
 0.29562465590153E-03
 0.29031781711806E-03
 0.28515532839672E-03
 0.28011148118697E-03
 0.27521098852321E-03
 0.27039671445987E-03
 0.26574571693386E-03
 0.26114300058332E-03
 0.25665703008727E-03
 0.25229449257563E-03
 0.24801974862335E-03
 0.24384777651464E-03
 0.23978279223539E-03
 0.23580824680681E-03
 0.23189399338679E-03
 0.22809857145220E-03
 0.22436798907732E-03
 0.22074355543053E-03
 0.21718129084064E-03
 0.21368542386289E-03
 0.21029259678055E-03
 0.20693604718187E-03
 0.20368918777720E-03
 0.20048757358902E-03
 0.19734877430477E-03
 0.19429364012000E-03
 0.19129454390831E-03
 0.18835060452648E-03
 0.18547835828300E-03
