   0.00000000000000000000000000000000000      
   1.66281382177402902985556678272823901E-0043
   1.58377933919767037364785350798786744E-0041
   2.60829043147580405069844003011297287E-0040
   1.82731813081764207911365442152365550E-0039
  -3.01867292096377961210234509379757603E-0026
   2.99425791359817799854964716910766425E-0025
  -5.34270034268787786699460159445640908E-0025
  -2.23752468001928888243967817830034391E-0023
  -4.06085438282333502974077292364131801E-0022
  -4.29641421599177281581689405870068314E-0021
  -3.05706642329616845323031491055183518E-0020
  -1.62681520256767711720966357196696845E-0019
  -6.86159852488513837896018635623195369E-0019
  -2.37277790483014826318874483163775347E-0018
  -6.88826874956547533261062532244333002E-0018
  -1.71124844857157028590101561541513726E-0017
  -3.69775614563805627141872442426781841E-0017
  -7.05908612093213786996142868096966148E-0017
  -1.22269382859372506648395968108954245E-0016
  -2.09063865101234988684371009325915003E-0016
  -4.40299770964466258611474995014671515E-0016
  -1.36856316474514936116004959614164914E-0015
  -5.25028301941529858402965055173764819E-0015
  -1.99064616808952101974945219823077156E-0014
  -6.90751755677164476891574500594461272E-0014
   9.02446485380699441345707626813437493E-0011
  -3.11752830001613531957020552915924634E-0010
   1.06127433480275076624872411485392089E-0009
   5.52975387854060058737856150380894634E-0009
  -7.53074470144189315209523222689373922E-0009
  -4.96164689513872853785139561483303181E-0008
  -1.98013662238143521026974259714901615E-0008
   4.72006373518871861644621990096894798E-0008
   5.67198474016900269253789688929773796E-0008
   3.12199254018790757278593878783727530E-0008
  -4.18112599230152711414718876454194371E-0008
  -2.19672509168205072126812798216314571E-0007
   1.47743207102953868812414744990706387E-0008
   1.80396372999209439293164526001785787E-0007
   1.94324708835176961064433069115309023E-0007
   3.03480717671061168429462953375042794E-0008
   1.79804039452476954068609950942541886E-0007
  -1.84504490507676779212405315607858658E-0007
   1.67609233851425583919235577550909310E-0007
  -1.43496663570604500362201780914542505E-0007
   2.02171743295092922642164899673787337E-0007
  -2.94901830190373478638892030506280069E-0008
  -2.41729455165932004335131366288769724E-0008
   1.46861881389511059428801419982424227E-0007
   2.32943635353252068545806937747020289E-0007
   3.58799085162196379035570642886987221E-0007
   5.38982912159501503883961410335106315E-0007
   7.92049336282473227928876942998481139E-0007
   1.14136290234362532467900260775423017E-0006
   1.61591620335126086675392246233002274E-0006
   2.25127602665794564452916947761009100E-0006
   3.09050385663118724318775244662494202E-0006
   4.18519204122265306750800979448905875E-0006
   5.59652332635501967403162496197856883E-0006
   7.39635166451707909022661999084022875E-0006
   9.66830948410996359287424544316941428E-0006
   1.25089448248667839407804814026165489E-0005
   1.60288018824614218241838599360070723E-0005
   2.03535755626178444321206540268926148E-0005
   2.56251996089047360324136820534843381E-0005
   3.20029439337284758866911832480689732E-0005
   3.96643436354158974109041718383592910E-0005
   4.88063825396259988556302027285634735E-0005
   5.96462562988287178519441578863708987E-0005
   7.24311690195948063360214730232227435E-0005
   8.73959189061949248909624643384392793E-0005
   1.04849457381255601220245263831874944E-0004
   1.25090180414592791873580537301848542E-0004
   1.48451679275995186301590586290651032E-0004
   1.75287979642350462319240957735449052E-0004
   2.05955322916496048939551505535548570E-0004
   2.40947633014999847501095519578623364E-0004
   2.80615955344372158557996585696155270E-0004
   3.25451349681198133494687472053894022E-0004
   3.75951717438438391384620742924620403E-0004
   4.32632816689178206860652684347274121E-0004
   4.96046502555628199573016403934738296E-0004
   5.66775864505905114858786848263068045E-0004
   6.45433137369101169505776192606282136E-0004
   7.32659651325410339106817209713350558E-0004
   8.29134204124549847168140210674297789E-0004
   9.35563800600185066956689132325442954E-0004
   1.05269390791239759136477347418568462E-0003
   1.18129192328808939623935187539668145E-0003
   1.32221560933716670236030049814352662E-0003
   1.47591991442220820799686316479689177E-0003
   1.64422842770138958194154122814521576E-0003
   1.82725890799437945594816601934719406E-0003
   2.02618168122673791612057901876715938E-0003
   2.24252168988753464650816714182021649E-0003
   2.47574472456490644761870057123565761E-0003
   2.72910520959968908141936505841366399E-0003
   3.00186240563070981054311110252134664E-0003
   3.29640801866775940876390193278838565E-0003
   3.61307352201749465684574225638805386E-0003
   3.95681854225802234082390039206290225E-0003
   4.31108921934804768745093144207304791E-0003
   4.72930111058045509742456425594419057E-0003
   5.13511310771769343160200183918564659E-0003
   5.58660288033557179037728435605199985E-0003
   6.06960255469682197144691817033842348E-0003
   6.58310941020678741991404054932357571E-0003
   7.12666364221164518338917211557975923E-0003
   7.70351081027495182274723358665828900E-0003
   8.33374947972079838196622207691203483E-0003
   9.00953370436192481199391962435497619E-0003
   9.72583875844752719382482323454693113E-0003
   1.04766840047331777069256442797467326E-0002
   1.12680893971066514619049414330208996E-0002
   1.21003961548585543760200586988988601E-0002
   1.29762407580032178830684467260019012E-0002
   1.39150138685600598772667179311688724E-0002
   1.49436114885401803590572671738820002E-0002
   1.60041386348780113356562895395903939E-0002
   1.71279255533838145783959455735168762E-0002
   1.83183024724556644510474030511934294E-0002
   1.95720582448610483574243222136674814E-0002
   2.08649154242810125065760950487434281E-0002
   2.22756405188289485681304291596149893E-0002
   2.37620989719764992786108820569726496E-0002
   2.52590257828817060781864241724734835E-0002
   2.69107332735892058013114681546089288E-0002
   2.85988795475450884272514601324678647E-0002
   3.03888951065858329824169995909985494E-0002
   3.22654475387863071907925680413052883E-0002
   3.42191781406725986916196252287422775E-0002
   3.62714349132267981995956341592990683E-0002
   3.84233303341951212318814999211664242E-0002
   4.06410250152294572941369939071428021E-0002
   4.29697966794083822586129814044609768E-0002
   4.54358693389013152196083673173199952E-0002
   4.78889869399769910032892925378837598E-0002
   5.06533437458109025241411646404147720E-0002
   5.29481307327325124326053104328817679E-0002
   5.52977668773161313708949471683635844E-0002
   5.91131573450119487449482657160244043E-0002
   6.08059504772825243783967126672233478E-0002
   6.47944646499876809774234123011407763E-0002
   6.69234529622849875836385419910595160E-0002
   6.96452103594674729588916274988421660E-0002
   7.22400600097385025947490056303829963E-0002
   7.47506203880245939449567073132437777E-0002
   7.70684219668574600950308930087798784E-0002
   7.90678728176712586344049195129248446E-0002
   8.08038965102595193268143424329117544E-0002
   8.20811955960473995270007977485400641E-0002
   8.28801474414675869267966183187526099E-0002
   8.32332272121945342771351900189744625E-0002
   8.30055321632992431410092729754125108E-0002
   8.19444498509834161302203844453385711E-0002
   8.01169720674632754423949813393682957E-0002
   7.74596785614967862452264855676578727E-0002
   7.42164365772582552006773948569093759E-0002
   7.05980471987108555521165583208670507E-0002
   6.69144122274928333605315288873913968E-0002
   6.33791088529110539849229365410279527E-0002
   6.02118751700749036851242346387267796E-0002
   5.74738145678372163051229665070606879E-0002
   5.52040618282266479611741288142399886E-0002
   5.33415352537184020468757300112604493E-0002
   5.17969547723132898803328359825184401E-0002
   5.05461656852262356492289351873568863E-0002
   4.94869682010367313441082073691505919E-0002
   4.85445218783990131504516673344880246E-0002
   4.77250405151129012934275329948316556E-0002
   4.69608122067475321712285113854201178E-0002
   4.62474450134287960966281063153247179E-0002
   4.55363689964149288558630517114389311E-0002
   4.49414467072382186788491234190173570E-0002
   4.43741673703419328942677818865244871E-0002
   4.37939895855227404170038918139103898E-0002
   4.32254319952628512501084736120072271E-0002
   4.26471885502510518510202940759736153E-0002
   4.21510590833414524633027912192031764E-0002
   4.16471184880272723488210258056268235E-0002
   4.11807881576623535999313113185929497E-0002
   4.07287625004133618386070925007041653E-0002
   4.02908127402459735467910695822640983E-0002
   3.98557721578999941827014058412194965E-0002
   3.94531099345352186389385063174770671E-0002
   3.90630614302556941597309289640050436E-0002
   3.86642743961958708435653135981188445E-0002
   3.82978741858477050678872727806411366E-0002
   3.79569934592090169065512637368301618E-0002
   3.76316367550567620429171725452374727E-0002
   3.73253934106828218609297974371074482E-0002
   3.69869558524765147216444417558402709E-0002
   3.66671452382471877048409707058969528E-0002
   3.63354404379720374797113684389112477E-0002
   3.60735453157872437804379007298977039E-0002
   3.58281813860885445880011196195566764E-0002
   3.55491489589640437779853505251375886E-0002
   3.52625311094048414183558224818286824E-0002
   3.49768239585799654137093429204290082E-0002
