 0.25955908804632E+10
 0.25957108867719E+10
 0.25959108782898E+10
 0.25961908750767E+10
 0.25965508759658E+10
 0.25969908781553E+10
 0.25975108684409E+10
 0.25981108679460E+10
 0.25987908595972E+10
 0.25995508418334E+10
 0.26003908422088E+10
 0.26013108360382E+10
 0.26023108306015E+10
 0.26033908363106E+10
 0.26045508096234E+10
 0.26057908234310E+10
 0.26071108131264E+10
 0.26085108597647E+10
 0.26099908815112E+10
 0.26115509206790E+10
 0.26131909785545E+10
 0.26149110554803E+10
 0.26167112006302E+10
 0.26185913514820E+10
 0.26205515540606E+10
 0.26225918147425E+10
 0.26247121141459E+10
 0.26269125318988E+10
 0.26291929806000E+10
 0.26315535468318E+10
 0.26339940687478E+10
 0.26365147293874E+10
 0.26391154223271E+10
 0.26417960467215E+10
 0.26445567583337E+10
 0.26473971759247E+10
 0.26503173052222E+10
 0.26533171917291E+10
 0.26563964362198E+10
 0.26595550780958E+10
 0.26627925915969E+10
 0.26661087983452E+10
 0.26695032412359E+10
 0.26729755318995E+10
 0.26765251498971E+10
 0.26801514385501E+10
 0.26838536117170E+10
 0.26876308536004E+10
 0.26914823225510E+10
 0.26954069930731E+10
 0.26994034476790E+10
 0.27034703467581E+10
 0.27076067449394E+10
 0.27118109183890E+10
 0.27160810868763E+10
 0.27204153236649E+10
 0.27248120747452E+10
 0.27292686451997E+10
 0.27337828157797E+10
 0.27383525581834E+10
 0.27429752330258E+10
 0.27476479800218E+10
 0.27523680830654E+10
 0.27571321181893E+10
 0.27619383671749E+10
 0.27667813724254E+10
 0.27716593132191E+10
 0.27765689206311E+10
 0.27815056134498E+10
 0.27864663001885E+10
 0.27914453551775E+10
 0.27964399955748E+10
 0.28014480039922E+10
 0.28064621727940E+10
 0.28114805744133E+10
 0.28164961449767E+10
 0.28215058480193E+10
 0.28265048666249E+10
 0.28314930799244E+10
 0.28364547432085E+10
 0.28413947247542E+10
 0.28463046919656E+10
 0.28511804282754E+10
 0.28560151614032E+10
 0.28607999004665E+10
 0.28655375205625E+10
 0.28702209075797E+10
 0.28748388684168E+10
 0.28793912860475E+10
 0.28838647618233E+10
 0.28882717536463E+10
 0.28925934080198E+10
 0.28968186184911E+10
 0.29009463530472E+10
 0.29049879457420E+10
 0.29089320749201E+10
 0.29127369630650E+10
 0.29164474538100E+10
 0.29200310749329E+10
 0.29234892489619E+10
 0.29268111481222E+10
 0.29300133323329E+10
 0.29330804221509E+10
 0.29359954604416E+10
 0.29387618035943E+10
 0.29413936538293E+10
 0.29438933120380E+10
 0.29462207450279E+10
 0.29484129487692E+10
 0.29504951694821E+10
 0.29524523720867E+10
 0.29542755828189E+10
 0.29559930886177E+10
 0.29576167591824E+10
 0.29591491477695E+10
 0.29606962671225E+10
 0.29622576999149E+10
 0.29639012748381E+10
 0.29657033652047E+10
 0.29678064665519E+10
 0.29703721214636E+10
 0.29736149454377E+10
 0.29776619696173E+10
 0.29827134847684E+10
 0.29887779409338E+10
 0.29956926435248E+10
 0.30032309269809E+10
 0.30111760160596E+10
 0.30193641331685E+10
 0.30277120532669E+10
 0.30361615699926E+10
 0.30447207451803E+10
 0.30533776632736E+10
 0.30621628177815E+10
 0.30710765707332E+10
 0.30801348198590E+10
 0.30893236481907E+10
 0.30986739722854E+10
 0.31081826514857E+10
 0.31178365390212E+10
 0.31276377019780E+10
 0.31375981541007E+10
 0.31477068910891E+10
 0.31579423252429E+10
 0.31683165895349E+10
 0.31788317325342E+10
 0.31894821592634E+10
 0.32002495386965E+10
 0.32111327865135E+10
 0.32221490132345E+10
 0.32332690525093E+10
 0.32445075131448E+10
 0.32558736370786E+10
 0.32673175114455E+10
 0.32788938010752E+10
 0.32905386371949E+10
 0.33023054282251E+10
 0.33141656720730E+10
 0.33261289335277E+10
 0.33381833587561E+10
 0.33503277676696E+10
 0.33625731824624E+10
 0.33749043484992E+10
 0.33873308012112E+10
 0.33998375227941E+10
 0.34124501575647E+10
 0.34251340936331E+10
 0.34379180090883E+10
 0.34507740150393E+10
 0.34637211558780E+10
 0.34767561506791E+10
 0.34898625066178E+10
 0.35030752873848E+10
 0.35163506657330E+10
 0.35296974695841E+10
 0.35431548217863E+10
 0.35566699523720E+10
 0.35702726689339E+10
 0.35839691696927E+10
 0.35977433489778E+10
 0.36115837002977E+10
 0.36255122153156E+10
 0.36395112809090E+10
 0.36536012584942E+10
 0.36677667311064E+10
 0.36820230400387E+10
 0.36963397051704E+10
 0.37107358261746E+10
 0.37252194163156E+10
 0.37397913283478E+10
 0.37544189477432E+10
 0.37691413453119E+10
 0.37839412565590E+10
 0.37988123829525E+10
 0.38137653457919E+10
 0.38287981184307E+10
 0.38439026184150E+10
 0.38590907084883E+10
 0.38743454775317E+10
 0.38897006485541E+10
 0.39051164502481E+10
 0.39206067659553E+10
 0.39361916629858E+10
 0.39518452561881E+10
 0.39675827501068E+10
 0.39833908181660E+10
 0.39992821609658E+10
 0.40152472002574E+10
 0.40312911620196E+10
 0.40474197933509E+10
 0.40636226255906E+10
 0.40799006437610E+10
 0.40962637057261E+10
 0.41126962187809E+10
 0.41292194532820E+10
 0.41458072193892E+10
 0.41624773636738E+10
 0.41792311744054E+10
 0.41960542364609E+10
 0.42129648146393E+10
 0.42299518240979E+10
 0.42470146723302E+10
 0.42641568068871E+10
 0.42813782302367E+10
 0.42986871979258E+10
 0.43160659241621E+10
 0.43335204544662E+10
 0.43510544531563E+10
 0.43686720275211E+10
 0.43863770711296E+10
 0.44041526887096E+10
 0.44220061129091E+10
 0.44399448625249E+10
 0.44579501042141E+10
 0.44760507563384E+10
 0.44942196131422E+10
 0.45124756176948E+10
 0.45308000470703E+10
 0.45492082145811E+10
 0.45677045008614E+10
 0.45862756280070E+10
 0.46049294559790E+10
 0.46236507053495E+10
 0.46424690923188E+10
 0.46613531549035E+10
 0.46803240171533E+10
 0.46993775990764E+10
 0.47185061306551E+10
 0.47377065289790E+10
 0.47570059102459E+10
 0.47763721564278E+10
 0.47958237963816E+10
 0.48153503011637E+10
 0.48349588039499E+10
 0.48546582612131E+10
 0.48744184589343E+10
 0.48942769707975E+10
 0.49142084562259E+10
 0.49342168765342E+10
 0.49543105149656E+10
 0.49744844180614E+10
 0.49947397391534E+10
 0.50150752455998E+10
 0.50354888836712E+10
 0.50559760114531E+10
 0.50765581128889E+10
 0.50972140787267E+10
 0.51179570539007E+10
 0.51387751058836E+10
 0.51596737631748E+10
 0.51806472123608E+10
 0.52017071048667E+10
 0.52228489390674E+10
 0.52440702781106E+10
 0.52653754690355E+10
 0.52867557675068E+10
 0.53082222462167E+10
 0.53297684293644E+10
 0.53514017922689E+10
 0.53731041472756E+10
 0.53948970769281E+10
 0.54167718280137E+10
 0.54387116305279E+10
 0.54607524761322E+10
 0.54828648331175E+10
 0.55050644395325E+10
 0.55273341700107E+10
 0.55496972272740E+10
 0.55721346349170E+10
 0.55946616277991E+10
 0.56172556371178E+10
 0.56399426163364E+10
 0.56627059337229E+10
 0.56855461556515E+10
 0.57084810906395E+10
 0.57314793087558E+10
 0.57545772328475E+10
 0.57777461659375E+10
 0.58009948642383E+10
 0.58243259132556E+10
