 0.98445526788544E+00
 0.98445526788544E+00
 0.98445526788544E+00
 0.98445526788544E+00
 0.98445526788544E+00
 0.98445526788544E+00
 0.98445526788544E+00
 0.98445526788544E+00
 0.98445526788544E+00
 0.98445524117202E+00
 0.98445644462219E+00
 0.98445474659539E+00
 0.98445353785076E+00
 0.98445434386831E+00
 0.98445270496311E+00
 0.98445338818560E+00
 0.98445295250129E+00
 0.98445486664520E+00
 0.98445416196184E+00
 0.98445289072232E+00
 0.98445355309864E+00
 0.98445475728037E+00
 0.98445432953585E+00
 0.98445154454734E+00
 0.98445078510554E+00
 0.98445297348158E+00
 0.98445380260766E+00
 0.98445206462217E+00
 0.98445047440052E+00
 0.98445319280152E+00
 0.98445637667700E+00
 0.98444946150169E+00
 0.98446168173794E+00
 0.98446250944075E+00
 0.98445372092821E+00
 0.98446713188435E+00
 0.98445849663376E+00
 0.98445845949639E+00
 0.98446925713580E+00
 0.98445938930343E+00
 0.98444930301711E+00
 0.98446558974911E+00
 0.98445848297940E+00
 0.98447164150493E+00
 0.98447982682557E+00
 0.98448100137525E+00
 0.98447889355508E+00
 0.98447046424787E+00
 0.98446357422462E+00
 0.98448007217545E+00
 0.98446119263195E+00
 0.98448465148937E+00
 0.98447312665199E+00
 0.98446897794360E+00
 0.98446856583237E+00
 0.98448580241373E+00
 0.98443803842971E+00
 0.98446158808660E+00
 0.98448459591993E+00
 0.98447648134577E+00
 0.98448533715458E+00
 0.98448236307596E+00
 0.98444405543968E+00
 0.98447897813540E+00
 0.98442646930648E+00
 0.98448097087358E+00
 0.98448399190133E+00
 0.98440384643476E+00
 0.98448553667668E+00
 0.98442364284519E+00
 0.98447629510586E+00
 0.98446701665941E+00
 0.98445340110325E+00
 0.98447642813495E+00
 0.98442955007816E+00
 0.98448387819044E+00
 0.98446761911846E+00
 0.98443342150319E+00
 0.98441528087997E+00
 0.98442424092333E+00
 0.98443912770409E+00
 0.98444788072739E+00
 0.98447054596469E+00
 0.98444145035990E+00
 0.98444204974481E+00
 0.98447681202860E+00
 0.98443282615524E+00
 0.98440766180220E+00
 0.98442367537206E+00
 0.98443345174397E+00
 0.98446690838934E+00
 0.98446444794154E+00
 0.98442636003307E+00
 0.98447479893905E+00
 0.98442255819491E+00
 0.98444311909024E+00
 0.98442958192219E+00
 0.98441651010645E+00
 0.98447834268666E+00
 0.98447467352322E+00
 0.98442779641415E+00
 0.98443123382359E+00
 0.98443981058490E+00
 0.98444047902010E+00
 0.98446789450905E+00
 0.98447526753898E+00
 0.98445454682383E+00
 0.98441130991363E+00
 0.98441169028155E+00
 0.98444278875010E+00
 0.98449487566134E+00
 0.98445815478293E+00
 0.98449382520913E+00
 0.98444505081932E+00
 0.98447314433579E+00
 0.98448016122462E+00
 0.98447101724348E+00
 0.98449515055721E+00
 0.98448651920191E+00
 0.98449861504486E+00
 0.98452929682253E+00
 0.98452086145614E+00
 0.98455206828946E+00
 0.98459302614505E+00
 0.98462037772881E+00
 0.98460192752823E+00
 0.98463117301564E+00
 0.98464403759436E+00
 0.98470949957928E+00
 0.98474628482312E+00
 0.98471125647682E+00
 0.98479273493835E+00
 0.98480164247731E+00
 0.98482232123450E+00
 0.98484458110336E+00
 0.98490072254169E+00
 0.98499617958237E+00
 0.98498079615882E+00
 0.98507272895703E+00
 0.98506793198689E+00
 0.98511775826498E+00
 0.98514849631363E+00
 0.98522911324449E+00
 0.98524801850342E+00
 0.98521241403607E+00
 0.98532490868536E+00
 0.98529230127070E+00
 0.98532849935177E+00
 0.98536399496348E+00
 0.98536384876888E+00
 0.98536403789623E+00
 0.98539931101384E+00
 0.98541338907174E+00
 0.98541014458559E+00
 0.98538766141985E+00
 0.98543890012977E+00
 0.98538213028314E+00
 0.98540824481884E+00
 0.98528948885602E+00
 0.98526133928819E+00
 0.98525019190749E+00
 0.98521161114053E+00
 0.98521283179869E+00
 0.98508087646222E+00
 0.98503008997684E+00
 0.98496316939604E+00
 0.98486074983923E+00
 0.98480121633831E+00
 0.98467311945235E+00
 0.98454661510853E+00
 0.98442466570780E+00
 0.98429401387150E+00
 0.98412891723114E+00
 0.98400378025551E+00
 0.98380940971185E+00
 0.98370332310524E+00
 0.98343595996798E+00
 0.98326515093976E+00
 0.98310409436478E+00
 0.98279763761681E+00
 0.98259230848195E+00
 0.98228865714296E+00
 0.98212559254784E+00
 0.98175254371490E+00
 0.98149657747245E+00
 0.98113911429456E+00
 0.98086181096517E+00
 0.98054548345219E+00
 0.98018351831107E+00
 0.97985223330715E+00
 0.97952947927884E+00
 0.97908904060053E+00
 0.97873711988950E+00
 0.97826085981621E+00
 0.97783728798339E+00
 0.97745822544358E+00
 0.97693334798272E+00
 0.97648427070211E+00
 0.97595511243232E+00
 0.97546610178047E+00
 0.97492104032895E+00
 0.97443772017614E+00
 0.97389065111920E+00
 0.97331066576489E+00
 0.97271813514416E+00
 0.97221097025961E+00
 0.97153021822101E+00
 0.97090750558184E+00
 0.97030489744617E+00
 0.96966537706240E+00
 0.96894646575636E+00
 0.96831437901609E+00
 0.96768048758643E+00
 0.96697963810163E+00
 0.96618369110910E+00
 0.96547896811798E+00
 0.96471021118346E+00
 0.96405271930890E+00
 0.96323566068469E+00
 0.96244601763967E+00
 0.96162651151486E+00
 0.96083942650683E+00
 0.96000757344032E+00
 0.95911190642383E+00
 0.95829815193989E+00
 0.95753438434109E+00
 0.95658315348915E+00
 0.95572062607855E+00
 0.95488503407038E+00
 0.95392761917749E+00
 0.95297135969011E+00
 0.95205740343970E+00
 0.95105524016338E+00
 0.95023054193532E+00
 0.94919071133868E+00
 0.94820909749894E+00
 0.94720168941545E+00
 0.94628855236632E+00
 0.94529025212374E+00
 0.94417651822492E+00
 0.94319303453814E+00
 0.94212019323010E+00
 0.94108209318476E+00
 0.94004825416098E+00
 0.93894612682008E+00
 0.93788821952848E+00
 0.93686737673409E+00
 0.93568797212348E+00
 0.93461398447940E+00
 0.93342469270429E+00
 0.93234608759121E+00
 0.93128404157383E+00
 0.93010105869154E+00
 0.92900708257105E+00
 0.92777905441154E+00
 0.92663007301756E+00
 0.92539744671194E+00
 0.92428659118705E+00
 0.92300470712149E+00
 0.92192033891837E+00
 0.92068380923273E+00
 0.91944415485442E+00
 0.91833194108135E+00
 0.91711223610569E+00
 0.91587538585934E+00
 0.91455082312024E+00
 0.91331532161819E+00
 0.91208797254761E+00
 0.91080523951006E+00
 0.90962894493722E+00
 0.90830939180436E+00
 0.90702945337865E+00
 0.90572908837709E+00
 0.90441274827424E+00
 0.90327664692665E+00
 0.90188792765423E+00
 0.90061538449815E+00
 0.89929465953836E+00
 0.89807744455562E+00
 0.89677591418496E+00
 0.89540011166440E+00
 0.89406913619461E+00
 0.89274065571095E+00
 0.89149322855550E+00
 0.89008983713329E+00
 0.88875639224945E+00
 0.88747163487809E+00
 0.88608472493211E+00
 0.88472690204173E+00
 0.88339671052294E+00
 0.88208823635496E+00
 0.88076164118926E+00
 0.87930599550641E+00
 0.87794698049816E+00
 0.87658778716360E+00
 0.87518572984868E+00
 0.87391981723830E+00
 0.87249717432883E+00
 0.87114700290714E+00
 0.86978944891944E+00
