 0.25955908804632E+10
 0.25957108867719E+10
 0.25959108782898E+10
 0.25961908750767E+10
 0.25965508759658E+10
 0.25969908781553E+10
 0.25975108684409E+10
 0.25981108744504E+10
 0.25987908512540E+10
 0.25995508468222E+10
 0.26003908383096E+10
 0.26013108373001E+10
 0.26023108241589E+10
 0.26033908248560E+10
 0.26045508116591E+10
 0.26057908172801E+10
 0.26071108287119E+10
 0.26085108582833E+10
 0.26099908648711E+10
 0.26115509116617E+10
 0.26131909880725E+10
 0.26149110604264E+10
 0.26167111860741E+10
 0.26185913330093E+10
 0.26205515522481E+10
 0.26225918331192E+10
 0.26247121157258E+10
 0.26269125457264E+10
 0.26291930245848E+10
 0.26315536183987E+10
 0.26339942253479E+10
 0.26365149633120E+10
 0.26391158434805E+10
 0.26417967296464E+10
 0.26445578573075E+10
 0.26473989216648E+10
 0.26503199640493E+10
 0.26533211602344E+10
 0.26564022708944E+10
 0.26595634666562E+10
 0.26628044688081E+10
 0.26661252848647E+10
 0.26695258533271E+10
 0.26730060895109E+10
 0.26765658827621E+10
 0.26802051212981E+10
 0.26839235157992E+10
 0.26877208899172E+10
 0.26915971396906E+10
 0.26955519696856E+10
 0.26995848872754E+10
 0.27036958854109E+10
 0.27078842889897E+10
 0.27121498701211E+10
 0.27164920689490E+10
 0.27209102638594E+10
 0.27254039324053E+10
 0.27299725929410E+10
 0.27346152861527E+10
 0.27393310027220E+10
 0.27441196613402E+10
 0.27489793817640E+10
 0.27539098661441E+10
 0.27589097530969E+10
 0.27639784421061E+10
 0.27691137992765E+10
 0.27743148407789E+10
 0.27795804677033E+10
 0.27849094928670E+10
 0.27902996917505E+10
 0.27957488580675E+10
 0.28012558868815E+10
 0.28068197971025E+10
 0.28124383390211E+10
 0.28181091300789E+10
 0.28238302554479E+10
 0.28295990417120E+10
 0.28354148436390E+10
 0.28412760114954E+10
 0.28471752307642E+10
 0.28531153384865E+10
 0.28590919701608E+10
 0.28651018267834E+10
 0.28711434425625E+10
 0.28772118964770E+10
 0.28833059339631E+10
 0.28894250214168E+10
 0.28955628939110E+10
 0.29017167001267E+10
 0.29078799003202E+10
 0.29140581420901E+10
 0.29202413140240E+10
 0.29264271168395E+10
 0.29326113418835E+10
 0.29387977540650E+10
 0.29449797938317E+10
 0.29511363763119E+10
 0.29572884225072E+10
 0.29634198533768E+10
 0.29695245109763E+10
 0.29756069076558E+10
 0.29816587288055E+10
 0.29876800363379E+10
 0.29936554693280E+10
 0.29995890070395E+10
 0.30054789240977E+10
 0.30113145008644E+10
 0.30170942477222E+10
 0.30228099978813E+10
 0.30284794472397E+10
 0.30340764405120E+10
 0.30396083380683E+10
 0.30450590202579E+10
 0.30504362005251E+10
 0.30557153983666E+10
 0.30609393435524E+10
 0.30660726741719E+10
 0.30711206952876E+10
 0.30760841665208E+10
 0.30809627593044E+10
 0.30857634552798E+10
 0.30904987621470E+10
 0.30951466026082E+10
 0.30997221112749E+10
 0.31042628769682E+10
 0.31087738493210E+10
 0.31132674304963E+10
 0.31177364323622E+10
 0.31222285098632E+10
 0.31268047994340E+10
 0.31314712331574E+10
 0.31362589494935E+10
 0.31412668618960E+10
 0.31465204837432E+10
 0.31520679964631E+10
 0.31580013360129E+10
 0.31643056430705E+10
 0.31710590062163E+10
 0.31782586762249E+10
 0.31858761255433E+10
 0.31938734907731E+10
 0.32022083989398E+10
 0.32108249175351E+10
 0.32196585601572E+10
 0.32286863907534E+10
 0.32378909861426E+10
 0.32472501982415E+10
 0.32567432079991E+10
 0.32663631114873E+10
 0.32761311298791E+10
 0.32860250582558E+10
 0.32960557394686E+10
 0.33062348637280E+10
 0.33165210166177E+10
 0.33269644512261E+10
 0.33375061693986E+10
 0.33481990473188E+10
 0.33590155968296E+10
 0.33699623513888E+10
 0.33810312175456E+10
 0.33922177872260E+10
 0.34035329877850E+10
 0.34149608842463E+10
 0.34265100931762E+10
 0.34381652076262E+10
 0.34499513574884E+10
 0.34618298633943E+10
 0.34738332789282E+10
 0.34859296603011E+10
 0.34981378855600E+10
 0.35104555730925E+10
 0.35228616563073E+10
 0.35353934359824E+10
 0.35480081785970E+10
 0.35607096506234E+10
 0.35735377526114E+10
 0.35864430593745E+10
 0.35994469021936E+10
 0.36125628766463E+10
 0.36257686022696E+10
 0.36390572383741E+10
 0.36524446478028E+10
 0.36659167306828E+10
 0.36794922393524E+10
 0.36931556134226E+10
 0.37069205556429E+10
 0.37207585418541E+10
 0.37346858108721E+10
 0.37487119787928E+10
 0.37628383582032E+10
 0.37770280975076E+10
 0.37913233546640E+10
 0.38057052240176E+10
 0.38201666260860E+10
 0.38347199669675E+10
 0.38493628584753E+10
 0.38640846803456E+10
 0.38788981436816E+10
 0.38937863981470E+10
 0.39087821962048E+10
 0.39238480875312E+10
 0.39389942449423E+10
 0.39542429739142E+10
 0.39695662774866E+10
 0.39849824578930E+10
 0.40004737189057E+10
 0.40160549041841E+10
 0.40317171517839E+10
 0.40474633975831E+10
 0.40633010718535E+10
 0.40792189744768E+10
 0.40952171838726E+10
 0.41113066767112E+10
 0.41274693542535E+10
 0.41437296760740E+10
 0.41600585085498E+10
 0.41764772182165E+10
 0.41929818392056E+10
 0.42095626551287E+10
 0.42262358046644E+10
 0.42429899005617E+10
 0.42598209794264E+10
 0.42767385376189E+10
 0.42937401242009E+10
 0.43108324674824E+10
 0.43279972397856E+10
 0.43452458617232E+10
 0.43625750552460E+10
 0.43799932312684E+10
 0.43975001143808E+10
 0.44150840998502E+10
 0.44327483203344E+10
 0.44504987768993E+10
 0.44683244608707E+10
 0.44862463172394E+10
 0.45042421079162E+10
 0.45223241889609E+10
 0.45404797448614E+10
 0.45587200640801E+10
 0.45770561355062E+10
 0.45954662894223E+10
 0.46139614025800E+10
 0.46325319196800E+10
 0.46511966668791E+10
 0.46699340530117E+10
 0.46887586806764E+10
 0.47076711356257E+10
 0.47266577958446E+10
 0.47457181637436E+10
 0.47648819007053E+10
 0.47841187363223E+10
 0.48034354877262E+10
 0.48228370191230E+10
 0.48423189100971E+10
 0.48618951645736E+10
 0.48815336368917E+10
 0.49012708980938E+10
 0.49210859435062E+10
 0.49409806059282E+10
 0.49609598771021E+10
 0.49810210153968E+10
 0.50011675456591E+10
 0.50213963520000E+10
 0.50417034356449E+10
 0.50620856768421E+10
 0.50825686744463E+10
 0.51031221553867E+10
 0.51237684801491E+10
 0.51444880443268E+10
 0.51652945366561E+10
 0.51861755595000E+10
 0.52071450631930E+10
 0.52281931979694E+10
 0.52493268800147E+10
 0.52705436980769E+10
 0.52918416728725E+10
 0.53132240745574E+10
 0.53346890687200E+10
 0.53562390467405E+10
 0.53778639067382E+10
 0.53995769359542E+10
 0.54213711831515E+10
 0.54432411862607E+10
 0.54652042759124E+10
 0.54872503004648E+10
 0.55093736355736E+10
 0.55315712360604E+10
 0.55538676696333E+10
 0.55762374001505E+10
 0.55986896046026E+10
 0.56212312796098E+10
 0.56438478137101E+10
 0.56665518172556E+10
 0.56893294291302E+10
 0.57121986304930E+10
 0.57351408481330E+10
 0.57581778866599E+10
 0.57812851922679E+10
 0.58044793957353E+10
 0.58277600076704E+10
