 0.22012047225508E+01
 0.22012047225508E+01
 0.22012047225508E+01
 0.22012047225508E+01
 0.22012047225508E+01
 0.22012047225508E+01
 0.22012047225508E+01
 0.22012047225508E+01
 0.22012047225509E+01
 0.22012046921021E+01
 0.22012050888252E+01
 0.22012045357365E+01
 0.22012041451643E+01
 0.22012044430752E+01
 0.22012038045248E+01
 0.22012040697297E+01
 0.22012039230940E+01
 0.22012045719827E+01
 0.22012043316713E+01
 0.22012038525428E+01
 0.22012040699015E+01
 0.22012045662938E+01
 0.22012044163182E+01
 0.22012033875666E+01
 0.22012030981813E+01
 0.22012039863606E+01
 0.22012042708764E+01
 0.22012035302979E+01
 0.22012029815699E+01
 0.22012039589209E+01
 0.22012050960534E+01
 0.22012025517625E+01
 0.22012063532651E+01
 0.22012065275408E+01
 0.22012041364377E+01
 0.22012070503905E+01
 0.22012056540334E+01
 0.22012056641315E+01
 0.22012118318854E+01
 0.22012058206977E+01
 0.22012025357491E+01
 0.22012068416257E+01
 0.22012056272566E+01
 0.22012163810467E+01
 0.22012373859436E+01
 0.22012412191099E+01
 0.22012348453596E+01
 0.22012139730554E+01
 0.22012066066465E+01
 0.22012379774499E+01
 0.22012062586718E+01
 0.22012528476225E+01
 0.22012201355316E+01
 0.22012104811438E+01
 0.22012093998711E+01
 0.22012585146303E+01
 0.22011930942724E+01
 0.22012063498710E+01
 0.22012661548812E+01
 0.22012263041857E+01
 0.22012588943452E+01
 0.22012437083500E+01
 0.22012000263446E+01
 0.22012350887548E+01
 0.22011594480628E+01
 0.22012420348110E+01
 0.22012545428116E+01
 0.22011823184625E+01
 0.22012632318415E+01
 0.22012145256506E+01
 0.22012669601191E+01
 0.22012624009672E+01
 0.22012042661113E+01
 0.22012674297916E+01
 0.22011685163746E+01
 0.22012666420870E+01
 0.22012102793445E+01
 0.22011861891351E+01
 0.22011935229064E+01
 0.22012020822859E+01
 0.22012088331873E+01
 0.22012037432770E+01
 0.22012660537466E+01
 0.22012420825754E+01
 0.22012019969724E+01
 0.22012709876554E+01
 0.22012095994674E+01
 0.22011926333572E+01
 0.22012064494761E+01
 0.22012133616470E+01
 0.22012715999447E+01
 0.22012202572743E+01
 0.22012146609682E+01
 0.22012641971117E+01
 0.22011837007213E+01
 0.22012581881089E+01
 0.22012139077119E+01
 0.22012174685026E+01
 0.22012833236772E+01
 0.22012694697120E+01
 0.22012165686303E+01
 0.22012400674652E+01
 0.22012298788341E+01
 0.22012404260402E+01
 0.22013119610445E+01
 0.22012905417198E+01
 0.22013124208329E+01
 0.22012249981723E+01
 0.22012352552449E+01
 0.22012631482200E+01
 0.22013510776340E+01
 0.22012975342862E+01
 0.22013829795842E+01
 0.22013446553718E+01
 0.22013895304182E+01
 0.22013623383464E+01
 0.22014006680592E+01
 0.22013895933429E+01
 0.22013815461011E+01
 0.22014349124636E+01
 0.22015064176554E+01
 0.22014464178768E+01
 0.22015064070475E+01
 0.22016096514670E+01
 0.22016463353524E+01
 0.22016472219338E+01
 0.22016467916911E+01
 0.22016960553266E+01
 0.22017752754264E+01
 0.22018411756641E+01
 0.22017871806523E+01
 0.22019097586965E+01
 0.22019397992720E+01
 0.22019894143281E+01
 0.22020451094873E+01
 0.22021167445785E+01
 0.22022560268433E+01
 0.22022594486849E+01
 0.22023793676894E+01
 0.22023768650134E+01
 0.22024728047630E+01
 0.22025366904889E+01
 0.22026418377127E+01
 0.22026760401665E+01
 0.22026901380821E+01
 0.22028234721452E+01
 0.22028202930559E+01
 0.22028685597950E+01
 0.22029466067411E+01
 0.22029617733676E+01
 0.22029816751778E+01
 0.22030677042601E+01
 0.22031023421786E+01
 0.22031371565189E+01
 0.22031379256731E+01
 0.22032456600106E+01
 0.22031996438144E+01
 0.22032727254340E+01
 0.22031578521658E+01
 0.22031427772653E+01
 0.22031852610547E+01
 0.22031689950825E+01
 0.22032231671812E+01
 0.22030934810257E+01
 0.22030522151448E+01
 0.22030252674639E+01
 0.22029584534096E+01
 0.22028872712910E+01
 0.22028145961411E+01
 0.22027218382131E+01
 0.22025549932192E+01
 0.22025382336515E+01
 0.22023248589959E+01
 0.22022379093946E+01
 0.22020522762443E+01
 0.22019872764771E+01
 0.22017561086707E+01
 0.22015413071053E+01
 0.22014062613208E+01
 0.22011452103491E+01
 0.22008889851276E+01
 0.22006642533531E+01
 0.22003832355293E+01
 0.22001287066389E+01
 0.21999109473944E+01
 0.21995339356168E+01
 0.21992126976342E+01
 0.21988540799745E+01
 0.21985744847977E+01
 0.21980899542042E+01
 0.21977964752076E+01
 0.21972913165173E+01
 0.21969296924819E+01
 0.21964223527560E+01
 0.21959944059584E+01
 0.21955183451586E+01
 0.21951411781939E+01
 0.21946064600000E+01
 0.21940416126618E+01
 0.21934821851145E+01
 0.21929701696601E+01
 0.21923328231194E+01
 0.21917851038869E+01
 0.21910552230118E+01
 0.21905701374610E+01
 0.21898309128462E+01
 0.21892293485004E+01
 0.21885455032433E+01
 0.21878010652479E+01
 0.21870780945620E+01
 0.21863812040772E+01
 0.21855115858976E+01
 0.21847311682137E+01
 0.21839344297393E+01
 0.21832269940391E+01
 0.21822967038598E+01
 0.21815467024542E+01
 0.21805611104302E+01
 0.21796631593088E+01
 0.21788234188568E+01
 0.21779103274747E+01
 0.21769682013674E+01
 0.21759583305315E+01
 0.21750816481126E+01
 0.21740308071322E+01
 0.21730165360222E+01
 0.21720879068141E+01
 0.21709485410619E+01
 0.21698649556084E+01
 0.21688261828723E+01
 0.21677033490926E+01
 0.21666290116607E+01
 0.21655327384750E+01
 0.21642929488399E+01
 0.21633204300086E+01
 0.21621455168074E+01
 0.21609177014928E+01
 0.21596699745897E+01
 0.21584107217781E+01
 0.21572178741334E+01
 0.21560019105994E+01
 0.21548175592483E+01
 0.21534788989003E+01
 0.21521887210620E+01
 0.21509306701753E+01
 0.21496761699828E+01
 0.21481753179040E+01
 0.21470167413280E+01
 0.21455848213982E+01
 0.21441855529535E+01
 0.21428274930476E+01
 0.21414269267817E+01
 0.21400732551782E+01
 0.21386030356188E+01
 0.21372667773634E+01
 0.21358113021622E+01
 0.21343046812515E+01
 0.21328931676470E+01
 0.21313573842830E+01
 0.21299283792192E+01
 0.21284951897882E+01
 0.21268671435391E+01
 0.21253603880931E+01
 0.21238231442182E+01
 0.21223262441713E+01
 0.21207736799887E+01
 0.21193232571161E+01
 0.21177066216877E+01
 0.21161844700659E+01
 0.21145453730454E+01
 0.21129832701783E+01
 0.21114034955947E+01
 0.21098038160463E+01
 0.21080834093771E+01
 0.21064416364370E+01
 0.21048051134806E+01
 0.21031065307823E+01
 0.21015143697033E+01
 0.20998387975553E+01
 0.20982024509897E+01
 0.20966332453015E+01
 0.20948583294354E+01
 0.20930939741905E+01
 0.20914526077001E+01
 0.20898218146710E+01
 0.20881063260714E+01
 0.20864474536337E+01
 0.20846367306275E+01
 0.20828848945949E+01
 0.20812328332637E+01
 0.20793964818860E+01
 0.20777830283335E+01
 0.20759340578464E+01
 0.20741888436371E+01
 0.20725431743401E+01
 0.20706903673848E+01
 0.20690294874016E+01
 0.20672358029179E+01
 0.20653301635451E+01
 0.20635209130059E+01
