 0.64710694463868E-04
 0.64709147731278E-04
 0.64706566878458E-04
 0.64702952542888E-04
 0.64698298816402E-04
 0.64692602331337E-04
 0.64685860037704E-04
 0.64678060740075E-04
 0.64669200482377E-04
 0.64659268997092E-04
 0.64648260092632E-04
 0.64636161444102E-04
 0.64622968034714E-04
 0.64608669133054E-04
 0.64593255864002E-04
 0.64576715712812E-04
 0.64559041457014E-04
 0.64540219363473E-04
 0.64520237679572E-04
 0.64499084352846E-04
 0.64476737782208E-04
 0.64453195907103E-04
 0.64428427328871E-04
 0.64402417918561E-04
 0.64375142772809E-04
 0.64346577138103E-04
 0.64316689971592E-04
 0.64285459215436E-04
 0.64252850419744E-04
 0.64218824717458E-04
 0.64183341840599E-04
 0.64146374372386E-04
 0.64107876227157E-04
 0.64067799528898E-04
 0.64026128288069E-04
 0.63982806055761E-04
 0.63937801583540E-04
 0.63891064036571E-04
 0.63842582519563E-04
 0.63792331927463E-04
 0.63740224071742E-04
 0.63686296216265E-04
 0.63630511038123E-04
 0.63572841819239E-04
 0.63513244727907E-04
 0.63451745533936E-04
 0.63388352962416E-04
 0.63323036908580E-04
 0.63255774868622E-04
 0.63186577940710E-04
 0.63115482529739E-04
 0.63042459482620E-04
 0.62967540433369E-04
 0.62890728889792E-04
 0.62812010498569E-04
 0.62731436167035E-04
 0.62649028266859E-04
 0.62564750070541E-04
 0.62478691697112E-04
 0.62390899818872E-04
 0.62301174980394E-04
 0.62209871650469E-04
 0.62116843134238E-04
 0.62022018394906E-04
 0.61925660862287E-04
 0.61827482737234E-04
 0.61727783859969E-04
 0.61626697566400E-04
 0.61523866803377E-04
 0.61419642759913E-04
 0.61313709266979E-04
 0.61206397679190E-04
 0.61097882374740E-04
 0.60987601154778E-04
 0.60876199548461E-04
 0.60763293216075E-04
 0.60649121348322E-04
 0.60533514975938E-04
 0.60416994648099E-04
 0.60298913348883E-04
 0.60179751959121E-04
 0.60059424599235E-04
 0.59938026027693E-04
 0.59815479293239E-04
 0.59691524928664E-04
 0.59566794920702E-04
 0.59441060831024E-04
 0.59314087272294E-04
 0.59186161789731E-04
 0.59057156652468E-04
 0.58927565687464E-04
 0.58797091286522E-04
 0.58665394443084E-04
 0.58532700101323E-04
 0.58399637237710E-04
 0.58265827559185E-04
 0.58130702197605E-04
 0.57995239751655E-04
 0.57858829228859E-04
 0.57721803023912E-04
 0.57583769211678E-04
 0.57445399900390E-04
 0.57306374914021E-04
 0.57166450906019E-04
 0.57025702387567E-04
 0.56884549214901E-04
 0.56743134445517E-04
 0.56600382033636E-04
 0.56457263758692E-04
 0.56313866833331E-04
 0.56169976320304E-04
 0.56025113699330E-04
 0.55879792783968E-04
 0.55733646453097E-04
 0.55586584172461E-04
 0.55439279386064E-04
 0.55291161348870E-04
 0.55142289746908E-04
 0.54992359538558E-04
 0.54841645175303E-04
 0.54690156697253E-04
 0.54537794501122E-04
 0.54383474164379E-04
 0.54227889363796E-04
 0.54071296805046E-04
 0.53913464990358E-04
 0.53753966443154E-04
 0.53591763226908E-04
 0.53427762002327E-04
 0.53261998952355E-04
 0.53093940768842E-04
 0.52922936856608E-04
 0.52750370430099E-04
 0.52575010782592E-04
 0.52396813449561E-04
 0.52217405490346E-04
 0.52034862821457E-04
 0.51850618676197E-04
 0.51664878492212E-04
 0.51478278136618E-04
 0.51291012508260E-04
 0.51102599625880E-04
 0.50913794855690E-04
 0.50725394571997E-04
 0.50536799082012E-04
 0.50349099168782E-04
 0.50161214871841E-04
 0.49973857535208E-04
 0.49786178276142E-04
 0.49597995318682E-04
 0.49410851651939E-04
 0.49222181091503E-04
 0.49031826847737E-04
 0.48841698293877E-04
 0.48649945907016E-04
 0.48457559671567E-04
 0.48263865012550E-04
 0.48069416012161E-04
 0.47873415169915E-04
 0.47676854379695E-04
 0.47479777219159E-04
 0.47281455040758E-04
 0.47082549233595E-04
 0.46882985509478E-04
 0.46683677906232E-04
 0.46483579304358E-04
 0.46283267179692E-04
 0.46083023167177E-04
 0.45882530933681E-04
 0.45682174442294E-04
 0.45482687082914E-04
 0.45282437524527E-04
 0.45082688650370E-04
 0.44884347530317E-04
 0.44685466945270E-04
 0.44486908739222E-04
 0.44290118262722E-04
 0.44092957870245E-04
 0.43896944998477E-04
 0.43700427422100E-04
 0.43507064126879E-04
 0.43312937503950E-04
 0.43120539281429E-04
 0.42926870326676E-04
 0.42736144416036E-04
 0.42544916252471E-04
 0.42356102388517E-04
 0.42167365421156E-04
 0.41979858302742E-04
 0.41792722505114E-04
 0.41607233905840E-04
 0.41421821167422E-04
 0.41237509787518E-04
 0.41054506537460E-04
 0.40872787949983E-04
 0.40692713696185E-04
 0.40513059798173E-04
 0.40333783721923E-04
 0.40155958979616E-04
 0.39979733022666E-04
