 0.16432730420240E+00
 0.16432730420236E+00
 0.16432730420183E+00
 0.16432730419992E+00
 0.16432730418737E+00
 0.16432730411556E+00
 0.16432730225332E+00
 0.16432729422964E+00
 0.16432726668586E+00
 0.16432719381834E+00
 0.16432703280102E+00
 0.16432672136132E+00
 0.16432618676872E+00
 0.16432532434218E+00
 0.16432404580157E+00
 0.16432220009874E+00
 0.16431968649674E+00
 0.16431637670348E+00
 0.16431213382248E+00
 0.16430683271116E+00
 0.16430025887125E+00
 0.16429244503833E+00
 0.16428316840496E+00
 0.16427230779440E+00
 0.16425971460421E+00
 0.16424527544941E+00
 0.16422878743624E+00
 0.16421032146601E+00
 0.16418966183718E+00
 0.16416658524083E+00
 0.16414084384333E+00
 0.16411260639563E+00
 0.16408145416787E+00
 0.16404712266471E+00
 0.16400996827976E+00
 0.16396936873332E+00
 0.16392535830796E+00
 0.16387748142837E+00
 0.16382605458140E+00
 0.16377108993460E+00
 0.16371112620618E+00
 0.16364731678629E+00
 0.16357937860895E+00
 0.16350689533504E+00
 0.16342917783456E+00
 0.16334692009200E+00
 0.16326052916048E+00
 0.16316926302359E+00
 0.16307266045875E+00
 0.16297084494541E+00
 0.16286451866111E+00
 0.16275277941920E+00
 0.16263621928201E+00
 0.16251441495217E+00
 0.16238687538598E+00
 0.16225425810558E+00
 0.16211666464071E+00
 0.16197282505548E+00
 0.16182420232863E+00
 0.16167137882611E+00
 0.16150924589036E+00
 0.16134521379081E+00
 0.16117535734307E+00
 0.16099735549681E+00
 0.16081665079851E+00
 0.16062584067703E+00
 0.16043106274249E+00
 0.16023461122035E+00
 0.16002760236329E+00
 0.15981716568116E+00
 0.15959538428871E+00
 0.15936886998514E+00
 0.15914079826432E+00
 0.15889755060021E+00
 0.15865283739119E+00
 0.15839698930628E+00
 0.15813451859360E+00
 0.15786070104412E+00
 0.15758633305271E+00
 0.15729553196564E+00
 0.15699838121872E+00
 0.15669188272728E+00
 0.15637694253334E+00
 0.15605072979545E+00
 0.15570632398383E+00
 0.15535675291995E+00
 0.15499580469640E+00
 0.15461672964338E+00
 0.15422479498889E+00
 0.15381539293554E+00
 0.15339922193649E+00
 0.15296740633588E+00
 0.15251106230928E+00
 0.15203354626027E+00
 0.15154814872108E+00
 0.15104460276997E+00
 0.15050673250513E+00
 0.14995712016842E+00
 0.14937899241473E+00
 0.14877786212466E+00
 0.14814319841572E+00
 0.14748826514105E+00
 0.14680381727942E+00
 0.14608100014096E+00
 0.14531950415402E+00
 0.14452677605823E+00
 0.14370378052786E+00
 0.14282102811134E+00
 0.14189954973673E+00
 0.14093971771677E+00
 0.13993110985894E+00
 0.13885943744947E+00
 0.13773282466027E+00
 0.13653881061771E+00
 0.13526955000053E+00
 0.13394038598424E+00
 0.13253180245179E+00
 0.13103956699891E+00
 0.12945068911048E+00
 0.12776987082160E+00
 0.12599127548529E+00
 0.12410866107333E+00
 0.12208659116695E+00
 0.11993997853910E+00
 0.11767568817376E+00
 0.11528507022468E+00
 0.11275372436895E+00
 0.11004748845264E+00
 0.10719712754086E+00
 0.10420726994424E+00
 0.10106463964389E+00
 0.97746945842232E-01
 0.94312371328377E-01
 0.90720153358623E-01
 0.86976384737371E-01
 0.83145697980076E-01
 0.79165876666357E-01
 0.75101066382456E-01
 0.70969810460017E-01
 0.66810609207345E-01
 0.62649717275779E-01
 0.58492668782104E-01
 0.54393115147319E-01
 0.50406699452270E-01
 0.46544004082007E-01
 0.42870319109240E-01
 0.39378694674966E-01
 0.36114101466004E-01
 0.33069869235100E-01
 0.30254257350585E-01
 0.27703911559765E-01
 0.25359139829228E-01
 0.23214769224926E-01
 0.21291826448035E-01
 0.19545512839851E-01
 0.17974940661372E-01
 0.16555097890369E-01
 0.15276748804571E-01
 0.14117477146826E-01
 0.13072734301477E-01
 0.12129405548805E-01
 0.11271015532267E-01
 0.10492178283314E-01
 0.97833483857815E-02
 0.91408559380370E-02
 0.85523415311985E-02
 0.80143409406631E-02
 0.75222040301168E-02
 0.70699222441786E-02
 0.66544395722442E-02
 0.62738211435780E-02
 0.59201936579212E-02
 0.55940031383045E-02
 0.52944343471254E-02
 0.50147708552379E-02
 0.47548718857911E-02
 0.45154529177052E-02
 0.42909351296783E-02
 0.40824091257664E-02
 0.38860734475206E-02
 0.37058616977633E-02
 0.35352137283404E-02
 0.33764310617504E-02
 0.32251271485305E-02
 0.30852843557505E-02
 0.29524118360037E-02
 0.28288086467635E-02
 0.27115806565886E-02
 0.26012669686210E-02
 0.24966580564920E-02
 0.23983521557504E-02
 0.23047170920093E-02
 0.22161770698135E-02
 0.21325116541453E-02
 0.20533546620535E-02
 0.19786062227436E-02
 0.19072650385697E-02
 0.18391094820288E-02
 0.17745160263818E-02
 0.17133091499036E-02
