 0.83176571363982E+02
 0.83176571363993E+02
 0.83176571364246E+02
 0.83176571419259E+02
 0.83176573347217E+02
 0.83176591494077E+02
 0.83176671867343E+02
 0.83176896760619E+02
 0.83177367131976E+02
 0.83178179585701E+02
 0.83179412468727E+02
 0.83181122434615E+02
 0.83183345317740E+02
 0.83186103500898E+02
 0.83189404508138E+02
 0.83193251398419E+02
 0.83197635364617E+02
 0.83202544242451E+02
 0.83207962297640E+02
 0.83213869148490E+02
 0.83195984913837E+02
 0.83196517298646E+02
 0.83197154034178E+02
 0.83197905675376E+02
 0.83198783677103E+02
 0.83199797370349E+02
 0.83200963931562E+02
 0.83202280122507E+02
 0.83203762283875E+02
 0.83205429947026E+02
 0.83207302834642E+02
 0.83209371230978E+02
 0.83211668000911E+02
 0.83214215740338E+02
 0.83216989335549E+02
 0.83220037705175E+02
 0.83223361334467E+02
 0.83226995148738E+02
 0.83230920491493E+02
 0.83235137607799E+02
 0.83239756060353E+02
 0.83244692690234E+02
 0.83249971763806E+02
 0.83255627676781E+02
 0.83261710871573E+02
 0.83268173988903E+02
 0.83274991631915E+02
 0.83282219049823E+02
 0.83289891752502E+02
 0.83298005623527E+02
 0.83306513271060E+02
 0.83315481464669E+02
 0.83324876275887E+02
 0.83334725780637E+02
 0.83345076278808E+02
 0.83355883390260E+02
 0.83367147120786E+02
 0.83378962525407E+02
 0.83391234376340E+02
 0.83403932384601E+02
 0.83417422331192E+02
 0.83431195528236E+02
 0.83445534114286E+02
 0.83460617500582E+02
 0.83476077342917E+02
 0.83492443029733E+02
 0.83509301033860E+02
 0.83526505779411E+02
 0.83544703957659E+02
 0.83563405022447E+02
 0.83583190543158E+02
 0.83603615080944E+02
 0.83624477535157E+02
 0.83646765755661E+02
 0.83669538510890E+02
 0.83693501690110E+02
 0.83718368986642E+02
 0.83744513589251E+02
 0.83771185240056E+02
 0.83799565108714E+02
 0.83828962261772E+02
 0.83859639324439E+02
 0.83891561679246E+02
 0.83924978261610E+02
 0.83960458545393E+02
 0.83997086334413E+02
 0.84035366298320E+02
 0.84075866407473E+02
 0.84118248094800E+02
 0.84162923831246E+02
 0.84209150766039E+02
 0.84257667661835E+02
 0.84309243043292E+02
 0.84363696006521E+02
 0.84420085306768E+02
 0.84479287523400E+02
 0.84542701490778E+02
 0.84608617617219E+02
 0.84678516844326E+02
 0.84752059347900E+02
 0.84830280009377E+02
 0.84912186488791E+02
 0.84998706892999E+02
 0.85090782843198E+02
 0.85188633305894E+02
 0.85291831129707E+02
 0.85400416227422E+02
 0.85517401324778E+02
 0.85641067488633E+02
 0.85771656424695E+02
 0.85910459028487E+02
 0.86059194948888E+02
 0.86217459197410E+02
 0.86386937291935E+02
 0.86568936197010E+02
 0.86762392549850E+02
 0.86969859852468E+02
 0.87192519655837E+02
 0.87432588350971E+02
 0.87690267133649E+02
 0.87967196534228E+02
 0.88265137747303E+02
 0.88589636444362E+02
 0.88940311327556E+02
 0.89317693428440E+02
 0.89724482855211E+02
 0.90164569016178E+02
 0.90645319119693E+02
 0.91164865538537E+02
 0.91725273336920E+02
 0.92345324909539E+02
 0.92987305042162E+02
 0.93702619176427E+02
 0.94473527065781E+02
 0.95311182968773E+02
 0.96209233805113E+02
 0.97189445920797E+02
 0.98247193603511E+02
 0.99388380464914E+02
 0.10061418273091E+03
 0.10192922009016E+03
 0.10334575741500E+03
 0.10486109146288E+03
 0.10646858911743E+03
 0.10817714293418E+03
 0.10996924994567E+03
 0.11185654672522E+03
 0.11382065205303E+03
 0.11586650557955E+03
 0.11798693242093E+03
 0.12014269460767E+03
 0.12236891634360E+03
 0.12465881404946E+03
 0.12696778482088E+03
 0.12932287763705E+03
 0.13169913048980E+03
 0.13410502361477E+03
 0.13652658578889E+03
 0.13897668563355E+03
 0.14143534945067E+03
 0.14390118505812E+03
 0.14638798067047E+03
 0.14888364514082E+03
 0.15139038683472E+03
 0.15389225632954E+03
 0.15640993493890E+03
 0.15893373675138E+03
 0.16146013086845E+03
 0.16399594111791E+03
 0.16653559904164E+03
 0.16906697261941E+03
 0.17162120393103E+03
 0.17417664613937E+03
 0.17671726118258E+03
 0.17928027537179E+03
 0.18185134816033E+03
 0.18440393945840E+03
 0.18697922968236E+03
 0.18954989951077E+03
 0.19214772150959E+03
 0.19470421314934E+03
 0.19729454312784E+03
 0.19987180044125E+03
 0.20249450784943E+03
 0.20508202131222E+03
 0.20770173172969E+03
 0.21029694062094E+03
 0.21291405645131E+03
 0.21553108236938E+03
 0.21816554154126E+03
 0.22079184859238E+03
 0.22344257774024E+03
 0.22609729164198E+03
 0.22875187013173E+03
 0.23140716731151E+03
 0.23405573548002E+03
 0.23672319210578E+03
 0.23941107071559E+03
 0.24209674791367E+03
 0.24477750303743E+03
