 0.12287856071230E+01
 0.12287856154771E+01
 0.12287856532512E+01
 0.12287857575042E+01
 0.12287859811654E+01
 0.12287863952375E+01
 0.12287871001449E+01
 0.12287882577229E+01
 0.12287901441678E+01
 0.12287932080140E+01
 0.12287981102368E+01
 0.12288057403488E+01
 0.12288172093826E+01
 0.12288337967610E+01
 0.12288569441771E+01
 0.12288881487066E+01
 0.12289289861440E+01
 0.12289810216870E+01
 0.12290457829157E+01
 0.12291247488476E+01
 0.12292192596557E+01
 0.12293307177302E+01
 0.12294602617956E+01
 0.12296089867465E+01
 0.12297778597773E+01
 0.12299677637457E+01
 0.12301794200079E+01
 0.12304136174222E+01
 0.12306708718897E+01
 0.12309515998263E+01
 0.12312561172625E+01
 0.12315849015812E+01
 0.12319379904848E+01
 0.12323154364799E+01
 0.12327175855388E+01
 0.12331441091789E+01
 0.12335950022864E+01
 0.12340698821990E+01
 0.12345687641657E+01
 0.12350913980743E+01
 0.12356365768381E+01
 0.12362045990670E+01
 0.12367948322950E+01
 0.12374064927938E+01
 0.12380385737619E+01
 0.12386908501179E+01
 0.12393628642656E+01
 0.12400534158330E+01
 0.12407614306925E+01
 0.12414861417585E+01
 0.12422271061613E+01
 0.12429828735369E+01
 0.12437528703829E+01
 0.12445358872563E+01
 0.12453306581023E+01
 0.12461366010720E+01
 0.12469527973262E+01
 0.12477774683515E+01
 0.12486105137459E+01
 0.12494513530140E+01
 0.12502957876031E+01
 0.12511474973563E+01
 0.12520030816507E+01
 0.12528601432527E+01
 0.12537212266787E+01
 0.12545807299525E+01
 0.12554417163007E+01
 0.12563048941555E+01
 0.12571637578860E+01
 0.12580221210133E+01
 0.12588741021265E+01
 0.12597233713289E+01
 0.12605714580065E+01
 0.12614086726082E+01
 0.12622436815535E+01
 0.12630694421845E+01
 0.12638886038992E+01
 0.12646975303208E+01
 0.12655033343646E+01
 0.12662947509696E+01
 0.12670785824742E+01
 0.12678525899721E+01
 0.12686172695632E+01
 0.12693706589086E+01
 0.12701077239350E+01
 0.12708380141399E+01
 0.12715572239505E+01
 0.12722606535515E+01
 0.12729524601216E+01
 0.12736297203992E+01
 0.12743007789526E+01
 0.12749598522688E+01
 0.12756006987981E+01
 0.12762266073384E+01
 0.12768488201008E+01
 0.12774602304090E+01
 0.12780499477228E+01
 0.12786360822287E+01
 0.12792072669178E+01
 0.12797694742028E+01
 0.12803160954953E+01
 0.12808591542305E+01
 0.12813933394880E+01
 0.12819141107584E+01
 0.12824234035535E+01
 0.12829300749001E+01
 0.12834366990039E+01
 0.12839245580493E+01
 0.12844119653765E+01
 0.12849026825220E+01
 0.12853934113674E+01
 0.12858759978365E+01
 0.12863615732358E+01
 0.12868447821708E+01
 0.12873248585247E+01
 0.12878186269909E+01
 0.12883144044575E+01
 0.12888166899682E+01
 0.12893212420369E+01
 0.12898339607970E+01
 0.12903582114972E+01
 0.12908937580622E+01
 0.12914171665396E+01
 0.12919441238639E+01
 0.12924793395591E+01
 0.12930156458595E+01
 0.12935410579338E+01
 0.12940278193139E+01
 0.12944879610896E+01
 0.12949132364568E+01
 0.12952788119375E+01
 0.12955594387770E+01
 0.12957665525974E+01
 0.12958566769966E+01
 0.12958057086462E+01
 0.12956339864271E+01
 0.12952692374425E+01
 0.12947239860860E+01
 0.12939814179405E+01
 0.12930372609847E+01
 0.12918780716041E+01
 0.12904721413300E+01
 0.12888317199371E+01
 0.12869812878110E+01
 0.12849063177106E+01
 0.12826647667164E+01
 0.12802419041976E+01
 0.12777011637367E+01
 0.12750494165571E+01
 0.12723229203883E+01
 0.12696266202958E+01
 0.12668953277415E+01
 0.12641581581806E+01
 0.12615149733170E+01
 0.12589154783156E+01
 0.12564098315753E+01
 0.12539823475376E+01
 0.12516561080932E+01
 0.12494062255591E+01
 0.12472626722327E+01
 0.12452220884397E+01
 0.12432586761258E+01
 0.12413863087568E+01
 0.12395968598947E+01
 0.12379071205097E+01
 0.12362843330827E+01
 0.12347366175547E+01
 0.12332643234676E+01
 0.12318545629146E+01
 0.12305103227675E+01
 0.12292412198370E+01
 0.12280086352394E+01
 0.12268340586719E+01
 0.12257299319282E+01
 0.12246549130715E+01
 0.12236218449882E+01
 0.12226530646609E+01
 0.12217067540681E+01
 0.12208066344189E+01
 0.12199218718566E+01
 0.12191106228186E+01
 0.12183053746587E+01
 0.12175444568265E+01
 0.12167783365550E+01
 0.12160710644570E+01
 0.12153672318484E+01
 0.12147095373588E+01
 0.12140609469925E+01
 0.12134372334094E+01
 0.12128244929663E+01
 0.12122398839427E+01
 0.12116596758766E+01
 0.12110973876199E+01
 0.12105547841371E+01
 0.12100303999689E+01
 0.12095280920556E+01
 0.12090303122792E+01
 0.12085359618639E+01
 0.12080586331295E+01
 0.12075994570967E+01
