 0.11312761337694E+03
 0.11312761337693E+03
 0.11312761337676E+03
 0.11312761338642E+03
 0.11312761377878E+03
 0.11312761756219E+03
 0.11312763402502E+03
 0.11312767865643E+03
 0.11312776828854E+03
 0.11312791430250E+03
 0.11312811795238E+03
 0.11312836887709E+03
 0.11312864841061E+03
 0.11312892431707E+03
 0.11312915959901E+03
 0.11312932049332E+03
 0.11312934369087E+03
 0.11312919190820E+03
 0.11312882858770E+03
 0.11312817931560E+03
 0.11312200286979E+03
 0.11311929736144E+03
 0.11311610003954E+03
 0.11311236189196E+03
 0.11310802117099E+03
 0.11310306048637E+03
 0.11309741278455E+03
 0.11309101346853E+03
 0.11308387797818E+03
 0.11307592905275E+03
 0.11306708744185E+03
 0.11305733342057E+03
 0.11304662470618E+03
 0.11303485274251E+03
 0.11302201883557E+03
 0.11300796498141E+03
 0.11299286685737E+03
 0.11297633931010E+03
 0.11295851622278E+03
 0.11293942265932E+03
 0.11291884262443E+03
 0.11289680668256E+03
 0.11287350896078E+03
 0.11284835868303E+03
 0.11282178201812E+03
 0.11279344264014E+03
 0.11276348891485E+03
 0.11273188440416E+03
 0.11269859215617E+03
 0.11266338023300E+03
 0.11262661051680E+03
 0.11258804349365E+03
 0.11254770611630E+03
 0.11250580060913E+03
 0.11246128472016E+03
 0.11241552179490E+03
 0.11236804174659E+03
 0.11231899045781E+03
 0.11226758207011E+03
 0.11221404683562E+03
 0.11215922987317E+03
 0.11210244516673E+03
 0.11204379672594E+03
 0.11198306548695E+03
 0.11192079167706E+03
 0.11185652905055E+03
 0.11178935132918E+03
 0.11172227771765E+03
 0.11165032593865E+03
 0.11157952343997E+03
 0.11150391287485E+03
 0.11142795161064E+03
 0.11134742247776E+03
 0.11126710169561E+03
 0.11118434587725E+03
 0.11109874749865E+03
 0.11101100802499E+03
 0.11092063936007E+03
 0.11082708318497E+03
 0.11073375158091E+03
 0.11063403314405E+03
 0.11053277306437E+03
 0.11043090613270E+03
 0.11032388192878E+03
 0.11021380373107E+03
 0.11009944081009E+03
 0.10998416570878E+03
 0.10986494279565E+03
 0.10973977505475E+03
 0.10961343831215E+03
 0.10948372254133E+03
 0.10934607706193E+03
 0.10920902829054E+03
 0.10906570321316E+03
 0.10891693892414E+03
 0.10876215147151E+03
 0.10860476311157E+03
 0.10844141958231E+03
 0.10827272956547E+03
 0.10809797891792E+03
 0.10791678996491E+03
 0.10773065254659E+03
 0.10753862298524E+03
 0.10733723029020E+03
 0.10713007527138E+03
 0.10691646046933E+03
 0.10669512525902E+03
 0.10646452518387E+03
 0.10622273739048E+03
 0.10597717899830E+03
 0.10571861312650E+03
 0.10544976097980E+03
 0.10517230366522E+03
 0.10488191114690E+03
 0.10457924047351E+03
 0.10427273860778E+03
 0.10393962959663E+03
 0.10359953634600E+03
 0.10324520661538E+03
 0.10287777861443E+03
 0.10249082204708E+03
 0.10208934962475E+03
 0.10166511714341E+03
 0.10123072738271E+03
 0.10076596465812E+03
 0.10029072227097E+03
 0.99789675447589E+02
 0.99251584534533E+02
 0.98690046875159E+02
 0.98110456088018E+02
 0.97491857397063E+02
 0.96842756947858E+02
 0.96170951584266E+02
 0.95444503166322E+02
 0.94681296145187E+02
 0.93881805096643E+02
 0.93033036397505E+02
 0.92123238942385E+02
 0.91167326293302E+02
 0.90160549200749E+02
 0.89080728744599E+02
 0.87924103498579E+02
 0.86700066193383E+02
 0.85397999435948E+02
 0.83988707614977E+02
 0.82498324784408E+02
 0.80924118475776E+02
 0.79218807485627E+02
 0.77399537323732E+02
 0.75459281726777E+02
 0.73442393295532E+02
 0.71264447504314E+02
 0.69011915252489E+02
 0.66641191757594E+02
 0.64184172549289E+02
 0.61674399253619E+02
 0.59108012622018E+02
 0.56532870039122E+02
 0.53973281144208E+02
 0.51442250068567E+02
 0.48993837988148E+02
 0.46635123313875E+02
 0.44374095820128E+02
 0.42237447672582E+02
 0.40221889772393E+02
 0.38316925561782E+02
 0.36553412854717E+02
 0.34890997989164E+02
 0.33347701316746E+02
 0.31903234624383E+02
 0.30562423363111E+02
 0.29302556568420E+02
 0.28141825587489E+02
 0.27049135661171E+02
 0.26034504933536E+02
 0.25077370421887E+02
 0.24183878744698E+02
 0.23343962692706E+02
 0.22560282371367E+02
 0.21823953428943E+02
 0.21128139167488E+02
 0.20469491671796E+02
 0.19848388589355E+02
 0.19264622310787E+02
 0.18711099557938E+02
 0.18184788715243E+02
 0.17685850147367E+02
 0.17212211222447E+02
 0.16764323406597E+02
 0.16334181951884E+02
 0.15927113016691E+02
 0.15537113087575E+02
 0.15163486063485E+02
 0.14808210416762E+02
 0.14468169688115E+02
 0.14142218743248E+02
 0.13829648051941E+02
 0.13530957833367E+02
 0.13242807994508E+02
 0.12965579377624E+02
