 0.34789878279465E+03
 0.34789878498954E+03
 0.34789879516805E+03
 0.34789882399173E+03
 0.34789888833281E+03
 0.34789901844543E+03
 0.34789926911766E+03
 0.34789971834525E+03
 0.34790045074435E+03
 0.34790153429244E+03
 0.34790300891379E+03
 0.34790487227352E+03
 0.34790711090041E+03
 0.34790965280918E+03
 0.34791243558518E+03
 0.34791542614457E+03
 0.34791845041039E+03
 0.34792149493038E+03
 0.34792456812947E+03
 0.34792747058077E+03
 0.34791417172664E+03
 0.34791249301805E+03
 0.34791036290198E+03
 0.34790771302741E+03
 0.34790439737029E+03
 0.34790049774781E+03
 0.34789580210750E+03
 0.34789009389876E+03
 0.34788356395478E+03
 0.34787584319381E+03
 0.34786654598373E+03
 0.34785555740838E+03
 0.34784260616830E+03
 0.34782702390487E+03
 0.34780869308232E+03
 0.34778660391715E+03
 0.34776150511444E+03
 0.34773110511690E+03
 0.34769585376642E+03
 0.34765560958317E+03
 0.34760888061396E+03
 0.34755550481249E+03
 0.34749617093520E+03
 0.34742734477788E+03
 0.34735092106477E+03
 0.34726471796502E+03
 0.34716910854492E+03
 0.34706351292623E+03
 0.34694730404150E+03
 0.34681885914721E+03
 0.34667968464150E+03
 0.34652811002244E+03
 0.34636387544927E+03
 0.34618766956571E+03
 0.34599358683045E+03
 0.34578847040749E+03
 0.34556948828318E+03
 0.34533704934096E+03
 0.34508665168689E+03
 0.34481921553346E+03
 0.34453888621111E+03
 0.34424176717568E+03
 0.34392811902688E+03
 0.34359652175140E+03
 0.34324961429167E+03
 0.34288479030257E+03
 0.34249694129448E+03
 0.34210188511625E+03
 0.34167303925681E+03
 0.34124224541205E+03
 0.34077772838103E+03
 0.34030307355991E+03
 0.33979575518543E+03
 0.33928114054642E+03
 0.33874508231242E+03
 0.33818542546768E+03
 0.33760582155858E+03
 0.33700374614947E+03
 0.33637633889677E+03
 0.33574163311066E+03
 0.33506469537997E+03
 0.33437140783826E+03
 0.33366667587668E+03
 0.33292666091511E+03
 0.33216266690819E+03
 0.33136828134169E+03
 0.33056172888525E+03
 0.32972706243778E+03
 0.32885412385070E+03
 0.32796832189343E+03
 0.32705836997212E+03
 0.32610064313411E+03
 0.32514039679537E+03
 0.32414199284491E+03
 0.32311012611563E+03
 0.32204227094392E+03
 0.32095699418330E+03
 0.31983714237634E+03
 0.31868652450954E+03
 0.31750205924779E+03
 0.31628245412939E+03
 0.31503607528837E+03
 0.31375882685260E+03
 0.31243361589359E+03
 0.31107979713498E+03
 0.30969460095881E+03
 0.30827261576047E+03
 0.30680685210824E+03
 0.30528872181116E+03
 0.30375671633184E+03
 0.30216566015410E+03
 0.30053053208430E+03
 0.29886063007188E+03
 0.29713625414157E+03
 0.29536209489264E+03
 0.29358077264693E+03
 0.29168316913805E+03
 0.28976638219992E+03
 0.28779719814584E+03
 0.28578267728103E+03
 0.28369465310154E+03
 0.28155887649485E+03
 0.27933918580201E+03
 0.27709663961066E+03
 0.27474047021769E+03
 0.27236491717615E+03
 0.26990237524352E+03
 0.26730636983182E+03
 0.26464183585048E+03
 0.26193572707713E+03
 0.25909952698129E+03
 0.25617567954853E+03
 0.25320043318083E+03
 0.25004362556202E+03
 0.24678626101127E+03
 0.24343560985057E+03
 0.23994351319100E+03
 0.23626967817726E+03
 0.23248094116583E+03
 0.22856430093752E+03
 0.22443306830802E+03
 0.22010830456582E+03
 0.21560496579209E+03
 0.21090497059658E+03
 0.20591082990028E+03
 0.20072775622953E+03
 0.19535411132084E+03
 0.18963660323118E+03
 0.18364787807108E+03
 0.17737607051229E+03
 0.17097601972073E+03
 0.16418450891028E+03
 0.15728771233441E+03
 0.15015632528802E+03
 0.14289635108978E+03
 0.13561258185562E+03
 0.12829609584236E+03
 0.12108598510444E+03
 0.11404762422476E+03
 0.10721230512144E+03
 0.10071903331921E+03
 0.94574643143920E+02
 0.88787979301918E+02
 0.83414112406586E+02
 0.78429941402206E+02
 0.73796163589042E+02
 0.69574508764076E+02
 0.65655092910709E+02
 0.62069818279216E+02
 0.58761070929676E+02
 0.55730981319445E+02
 0.52920267205218E+02
 0.50362534224665E+02
 0.47982737371485E+02
 0.45797638009401E+02
 0.43758301066427E+02
 0.41874052391000E+02
 0.40120091219246E+02
 0.38498873265621E+02
 0.36989190995526E+02
 0.35574783427966E+02
 0.34246964289486E+02
 0.33004775543974E+02
 0.31846138751152E+02
 0.30755552924885E+02
 0.29725899052914E+02
 0.28756445369363E+02
 0.27842195451147E+02
 0.26983111844305E+02
 0.26163133322345E+02
 0.25391729320327E+02
 0.24656918830491E+02
 0.23956892462917E+02
 0.23294837411160E+02
 0.22664490665534E+02
 0.22063339495902E+02
 0.21489720192989E+02
 0.20944199508873E+02
 0.20420404048043E+02
 0.19918769376830E+02
