 0.30964654458033E+03
 0.30964654458037E+03
 0.30964654458102E+03
 0.30964654462233E+03
 0.30964654557380E+03
 0.30964654936996E+03
 0.30964653212187E+03
 0.30964635945306E+03
 0.30964566553023E+03
 0.30964377523013E+03
 0.30963970462718E+03
 0.30963222550589E+03
 0.30961998037095E+03
 0.30960155328496E+03
 0.30957561172074E+03
 0.30954086596769E+03
 0.30949625381636E+03
 0.30944084648117E+03
 0.30937388596397E+03
 0.30929479833926E+03
 0.30918212733776E+03
 0.30907210110484E+03
 0.30894874947814E+03
 0.30881207601682E+03
 0.30866216935748E+03
 0.30849925112766E+03
 0.30832352342591E+03
 0.30813558461481E+03
 0.30793577960898E+03
 0.30772449544602E+03
 0.30750214980964E+03
 0.30726967960451E+03
 0.30702738652768E+03
 0.30677576600460E+03
 0.30651604474641E+03
 0.30624833706956E+03
 0.30597349707939E+03
 0.30569180923514E+03
 0.30540440975371E+03
 0.30511205928086E+03
 0.30481384253782E+03
 0.30451170886137E+03
 0.30420598306427E+03
 0.30389675166190E+03
 0.30358378864284E+03
 0.30326831918688E+03
 0.30295120043792E+03
 0.30263197142649E+03
 0.30231038227767E+03
 0.30198688923182E+03
 0.30166242997221E+03
 0.30133605361127E+03
 0.30100856456834E+03
 0.30067957307066E+03
 0.30034844538312E+03
 0.30001591530410E+03
 0.29968205692749E+03
 0.29934522673536E+03
 0.29900691721861E+03
 0.29866752077890E+03
 0.29832135608455E+03
 0.29797606993377E+03
 0.29762718634634E+03
 0.29727199709860E+03
 0.29691566140455E+03
 0.29655033876405E+03
 0.29618200287326E+03
 0.29581249221923E+03
 0.29543203261673E+03
 0.29504799917621E+03
 0.29465124005046E+03
 0.29424819431090E+03
 0.29384159786459E+03
 0.29341705111752E+03
 0.29298786651056E+03
 0.29254363358864E+03
 0.29208840007674E+03
 0.29161651483112E+03
 0.29113855243253E+03
 0.29063739628139E+03
 0.29012241072130E+03
 0.28959018885741E+03
 0.28904047475959E+03
 0.28846999124012E+03
 0.28786980718400E+03
 0.28725386487500E+03
 0.28661354257606E+03
 0.28594165231537E+03
 0.28524113746927E+03
 0.28450762546170E+03
 0.28375073040223E+03
 0.28295973416479E+03
 0.28212379506815E+03
 0.28124488245436E+03
 0.28033608879573E+03
 0.27938513333235E+03
 0.27837112854458E+03
 0.27731837072284E+03
 0.27620609125312E+03
 0.27503846533674E+03
 0.27380098266022E+03
 0.27250646234576E+03
 0.27114252124505E+03
 0.26969437373011E+03
 0.26815992103834E+03
 0.26654537279507E+03
 0.26484657122561E+03
 0.26302543355193E+03
 0.26110439763701E+03
 0.25907960115226E+03
 0.25693455249934E+03
 0.25464535925189E+03
 0.25221853824353E+03
 0.24963280554337E+03
 0.24687387574362E+03
 0.24395842434883E+03
 0.24086068157173E+03
 0.23756506728964E+03
 0.23405463602367E+03
 0.23033441713735E+03
 0.22640073857133E+03
 0.22224727760768E+03
 0.21783093739540E+03
 0.21318036359558E+03
 0.20832487687251E+03
 0.20326982130514E+03
 0.19804532092259E+03
 0.19254797086257E+03
 0.18698068801601E+03
 0.18133351134014E+03
 0.17565124066810E+03
 0.16997993344826E+03
 0.16447628835783E+03
 0.15916492997857E+03
 0.15413856628380E+03
 0.14954739292885E+03
 0.14539620194160E+03
 0.14178360475638E+03
 0.13874425729777E+03
 0.13629814424975E+03
 0.13442184379290E+03
 0.13307746507767E+03
 0.13222998241175E+03
 0.13182971653349E+03
 0.13182297889563E+03
 0.13215582514667E+03
 0.13278585501841E+03
 0.13366216768955E+03
 0.13475545717002E+03
 0.13603456314983E+03
 0.13744714861149E+03
 0.13899897737432E+03
 0.14067501844356E+03
 0.14242563501701E+03
 0.14426682790807E+03
 0.14616688444607E+03
 0.14812851707309E+03
 0.15013556090600E+03
 0.15219446346496E+03
 0.15428526560176E+03
 0.15640591320203E+03
 0.15856405126205E+03
 0.16075096295228E+03
 0.16295852765093E+03
 0.16517880673355E+03
 0.16742950151309E+03
 0.16969749215973E+03
 0.17197851361422E+03
 0.17428040043516E+03
 0.17659363132918E+03
 0.17890984684569E+03
 0.18125905149912E+03
 0.18361439161537E+03
 0.18596501821994E+03
 0.18834214945438E+03
 0.19073655160319E+03
 0.19311823878434E+03
 0.19552909433314E+03
 0.19793809695878E+03
 0.20038006068202E+03
 0.20278804216028E+03
 0.20523353272408E+03
 0.20767593542110E+03
 0.21015976150359E+03
 0.21261619709349E+03
 0.21511136839730E+03
 0.21758239356708E+03
 0.22008266990401E+03
 0.22258502853468E+03
 0.22510378392936E+03
 0.22762130954384E+03
 0.23016475011897E+03
 0.23271551577602E+03
 0.23526826709427E+03
 0.23782823698963E+03
 0.24038303911595E+03
 0.24295806728642E+03
 0.24555529228580E+03
 0.24815728914338E+03
 0.25074882661728E+03
