 0.51033030801949E+03
 0.51033030801932E+03
 0.51033030801738E+03
 0.51033030806993E+03
 0.51033030954641E+03
 0.51033031525879E+03
 0.51033028379685E+03
 0.51032998622530E+03
 0.51032880070125E+03
 0.51032557663990E+03
 0.51031863190675E+03
 0.51030585476301E+03
 0.51028490317468E+03
 0.51025330872065E+03
 0.51020873709886E+03
 0.51014888946539E+03
 0.51007187202253E+03
 0.50997599682272E+03
 0.50985988454202E+03
 0.50972249864690E+03
 0.50952838696264E+03
 0.50933743342988E+03
 0.50912349436882E+03
 0.50888702011258E+03
 0.50862889601399E+03
 0.50835060960899E+03
 0.50805404485034E+03
 0.50774236778244E+03
 0.50741886730148E+03
 0.50708752232051E+03
 0.50675303163037E+03
 0.50642179366868E+03
 0.50609958445755E+03
 0.50579306071587E+03
 0.50551079322654E+03
 0.50525947356504E+03
 0.50504735909097E+03
 0.50488166686417E+03
 0.50477274257054E+03
 0.50472494562319E+03
 0.50474376420165E+03
 0.50483787171783E+03
 0.50501178255055E+03
 0.50526972605041E+03
 0.50561357991709E+03
 0.50604744846282E+03
 0.50657441045508E+03
 0.50719290821295E+03
 0.50790398396085E+03
 0.50870707822655E+03
 0.50960310781335E+03
 0.51059057936518E+03
 0.51166949675698E+03
 0.51283932239678E+03
 0.51409976698364E+03
 0.51545161731039E+03
 0.51689803898728E+03
 0.51844008567730E+03
 0.52008081416454E+03
 0.52182778631634E+03
 0.52368198221229E+03
 0.52565746384291E+03
 0.52776082921606E+03
 0.53000153565867E+03
 0.53239870572749E+03
 0.53496218004437E+03
 0.53771782071730E+03
 0.54068996591391E+03
 0.54389840817228E+03
 0.54738893625875E+03
 0.55119796378223E+03
 0.55537345194567E+03
 0.55996640964650E+03
 0.56507706376221E+03
 0.57077605866607E+03
 0.57718441936834E+03
 0.58445893926130E+03
 0.59280545484178E+03
 0.60243346390594E+03
 0.61377661452526E+03
 0.62727795510356E+03
 0.64366923695168E+03
 0.66405480102850E+03
 0.69024919588391E+03
 0.72555011248387E+03
 0.77562122567799E+03
 0.85412340221439E+03
 0.10016048883882E+04
 0.14371874588267E+04
