 0.21140089951492E+08
 0.21140089951487E+08
 0.21140089951416E+08
 0.21140089951002E+08
 0.21140089949331E+08
 0.21140089944668E+08
 0.21140090048753E+08
 0.21140090529867E+08
 0.21140092253775E+08
 0.21140096868138E+08
 0.21140107191076E+08
 0.21140126663293E+08
 0.21140160645483E+08
 0.21140214943889E+08
 0.21140295300375E+08
 0.21140410020419E+08
 0.21140565504013E+08
 0.21140768963750E+08
 0.21141027368166E+08
 0.21141347890201E+08
 0.21141740718407E+08
 0.21142205188672E+08
 0.21142752196289E+08
 0.21143386415338E+08
 0.21144116156745E+08
 0.21144946747193E+08
 0.21145887678594E+08
 0.21146934077625E+08
 0.21148098619763E+08
 0.21149391984437E+08
 0.21150828282220E+08
 0.21152398707003E+08
 0.21154126833710E+08
 0.21156027615407E+08
 0.21158084257690E+08
 0.21160331543503E+08
 0.21162768140052E+08
 0.21165421482505E+08
 0.21168271776200E+08
 0.21171318453627E+08
 0.21174639763193E+08
 0.21178169918288E+08
 0.21181915392868E+08
 0.21185889474868E+08
 0.21190114929313E+08
 0.21194546614386E+08
 0.21199137159137E+08
 0.21203905205377E+08
 0.21208852231846E+08
 0.21213933446515E+08
 0.21219078397661E+08
 0.21224295095204E+08
 0.21229501759132E+08
 0.21234681132518E+08
 0.21239796821224E+08
 0.21244758305303E+08
 0.21249497923778E+08
 0.21254024827381E+08
 0.21258183922854E+08
 0.21261870788943E+08
 0.21265299941700E+08
 0.21267970711506E+08
 0.21270041285494E+08
 0.21271546700255E+08
 0.21272105918805E+08
 0.21272034411955E+08
 0.21270919744180E+08
 0.21268564910343E+08
 0.21265334211368E+08
 0.21260786519003E+08
 0.21255235973550E+08
 0.21248254062861E+08
 0.21239602916043E+08
 0.21229879113036E+08
 0.21218286834172E+08
 0.21205261473654E+08
 0.21190450287150E+08
 0.21174007194428E+08
 0.21155364129939E+08
 0.21135130364257E+08
 0.21112806534995E+08
 0.21088401960975E+08
 0.21061848008791E+08
 0.21033145079922E+08
 0.21002408523641E+08
 0.20969182943953E+08
 0.20933621155841E+08
 0.20895785839229E+08
 0.20855506357423E+08
 0.20812828373736E+08
 0.20767533005370E+08
 0.20719741058968E+08
 0.20669698042453E+08
 0.20617279814058E+08
 0.20562457302276E+08
 0.20505570670456E+08
 0.20446880519388E+08
 0.20386715766049E+08
 0.20325760373855E+08
 0.20264889430185E+08
 0.20205528554111E+08
 0.20150140960698E+08
 0.20102750048634E+08
 0.20070987718030E+08
 0.20071443858056E+08
 0.20146712660685E+08
 0.20395907679163E+08
 0.21071079468826E+08
 0.22359614159983E+08
 0.23858660794365E+08
 0.25270112348963E+08
 0.26532708359421E+08
 0.27638755262173E+08
 0.28616793851176E+08
 0.29491094113483E+08
 0.30272536030695E+08
 0.30983757295175E+08
 0.31636921945658E+08
 0.32241589161039E+08
 0.32801079191592E+08
 0.33319927567422E+08
 0.33801760720157E+08
 0.34256335876480E+08
 0.34680070231022E+08
 0.35071823400347E+08
 0.35435060120149E+08
 0.35771979731876E+08
 0.36087717049674E+08
 0.36378230894022E+08
 0.36643773612072E+08
 0.36887383666282E+08
 0.37111008851727E+08
 0.37310896102967E+08
 0.37491633642547E+08
 0.37653538340777E+08
 0.37794305342853E+08
 0.37918139712799E+08
 0.38023484398205E+08
 0.38111068859730E+08
 0.38181245865299E+08
 0.38234710160026E+08
 0.38272584991473E+08
 0.38294915375157E+08
 0.38302281672151E+08
 0.38295265808946E+08
 0.38274188171249E+08
 0.38239714105201E+08
 0.38192233654234E+08
 0.38132159568364E+08
 0.38059817671647E+08
 0.37976583683340E+08
 0.37881801603520E+08
 0.37775448077660E+08
 0.37659721532365E+08
 0.37533629097042E+08
 0.37398473543672E+08
 0.37254008372328E+08
 0.37101316943921E+08
 0.36939651329562E+08
 0.36770722678511E+08
 0.36594639990262E+08
 0.36410781196731E+08
 0.36219937472920E+08
 0.36022713415811E+08
 0.35820340155547E+08
 0.35611363790844E+08
 0.35397101084420E+08
 0.35177869840413E+08
 0.34953420973253E+08
 0.34724530758548E+08
 0.34492611242897E+08
 0.34254785930914E+08
 0.34013984523188E+08
 0.33771063604569E+08
 0.33523855694933E+08
 0.33272900692322E+08
 0.33021792784347E+08
 0.32766021377156E+08
 0.32509139844099E+08
 0.32248515538141E+08
 0.31989951445183E+08
 0.31727349361361E+08
 0.31464390967542E+08
 0.31196893204432E+08
 0.30932157021591E+08
 0.30663929551523E+08
 0.30397670314684E+08
 0.30129133599937E+08
 0.29861295247845E+08
 0.29592229323105E+08
 0.29323821443013E+08
 0.29054252959242E+08
 0.28784348952804E+08
 0.28515654958255E+08
 0.28247743327865E+08
 0.27981895402070E+08
 0.27715473056249E+08
 0.27448336633686E+08
 0.27182405506046E+08
 0.26918907850083E+08
 0.26655230899238E+08
 0.26394095627894E+08
 0.26131555994738E+08
 0.25872883083386E+08
 0.25612449354023E+08
 0.25356757737670E+08
 0.25100381099416E+08
 0.24845445793569E+08
 0.24592380426641E+08
 0.24341639064799E+08
 0.24091274830824E+08
 0.23843206120163E+08
 0.23595164590182E+08
 0.23351341760707E+08
 0.23108487284509E+08
 0.22867578274924E+08
 0.22628389236424E+08
 0.22390290935516E+08
 0.22156185477250E+08
 0.21921638280282E+08
 0.21690720767107E+08
 0.21460117842018E+08
 0.21231291406482E+08
 0.21005838666744E+08
 0.20781528115228E+08
 0.20560241522437E+08
 0.20340787977045E+08
 0.20122991051926E+08
 0.19906728777263E+08
 0.19693240400710E+08
 0.19482804607083E+08
 0.19272564234869E+08
 0.19064756539173E+08
 0.18859937776449E+08
 0.18655291710331E+08
 0.18454705141544E+08
 0.18255267833539E+08
 0.18058518392049E+08
 0.17862080359394E+08
 0.17669507935028E+08
 0.17478880386403E+08
 0.17289013455981E+08
 0.17102677463863E+08
 0.16917374340068E+08
 0.16733757002533E+08
 0.16553529448693E+08
 0.16374088475723E+08
 0.16196342656846E+08
 0.16021644713830E+08
 0.15847710579472E+08
 0.15677415683742E+08
 0.15507022146240E+08
 0.15340249023328E+08
 0.15174103090761E+08
 0.15010542919453E+08
 0.14848836025014E+08
 0.14688104827818E+08
 0.14529505970987E+08
 0.14374332684728E+08
 0.14218703001222E+08
 0.14066862851699E+08
 0.13914937757453E+08
 0.13765426860712E+08
 0.13617970844105E+08
 0.13472390823640E+08
 0.13327772264380E+08
 0.13185027309214E+08
 0.13043709221969E+08
 0.12905378266997E+08
 0.12767580534963E+08
 0.12631996994670E+08
 0.12497677557306E+08
 0.12364434453299E+08
 0.12232902906560E+08
 0.12103538903660E+08
 0.11975409792363E+08
 0.11848509677404E+08
 0.11724569971905E+08
 0.11600523661593E+08
 0.11477899137542E+08
 0.11357542523272E+08
 0.11238067259937E+08
 0.11120171991335E+08
 0.11004177058452E+08
 0.10889074165028E+08
 0.10775294523678E+08
 0.10663616041408E+08
 0.10552665999799E+08
 0.10443466393817E+08
 0.10335285758477E+08
 0.10227717297623E+08
 0.10122746745477E+08
 0.10017920634599E+08
 0.99146716339546E+07
 0.98134529882425E+07
 0.97122184761689E+07
 0.96125589402688E+07
 0.95145442171727E+07
 0.94172231994524E+07
 0.93214744058342E+07
