 0.12287856071230E+01
 0.12287856154771E+01
 0.12287856532512E+01
 0.12287857575042E+01
 0.12287859811654E+01
 0.12287863952375E+01
 0.12287871001449E+01
 0.12287882577230E+01
 0.12287901441663E+01
 0.12287932080098E+01
 0.12287981102292E+01
 0.12288057403239E+01
 0.12288172093803E+01
 0.12288337967710E+01
 0.12288569441818E+01
 0.12288881487077E+01
 0.12289289861239E+01
 0.12289810216570E+01
 0.12290457829895E+01
 0.12291247490261E+01
 0.12292192601187E+01
 0.12293307191462E+01
 0.12294602651773E+01
 0.12296089946373E+01
 0.12297778765691E+01
 0.12299677977295E+01
 0.12301794850241E+01
 0.12304137371095E+01
 0.12306710848628E+01
 0.12309519632211E+01
 0.12312567169458E+01
 0.12315858623977E+01
 0.12319394900385E+01
 0.12323177146251E+01
 0.12327209701542E+01
 0.12331490305928E+01
 0.12336020262332E+01
 0.12340797175619E+01
 0.12345823155079E+01
 0.12351097842439E+01
 0.12356611658135E+01
 0.12362370420620E+01
 0.12368371146198E+01
 0.12374609669851E+01
 0.12381081385756E+01
 0.12387786081808E+01
 0.12394725189008E+01
 0.12401892362119E+01
 0.12409282347627E+01
 0.12416894637473E+01
 0.12424730691135E+01
 0.12432784074600E+01
 0.12441056417644E+01
 0.12449544242733E+01
 0.12458243913805E+01
 0.12467158811869E+01
 0.12476288892649E+01
 0.12485627279470E+01
 0.12495184004739E+01
 0.12504962664206E+01
 0.12514937503669E+01
 0.12525152654881E+01
 0.12535588325387E+01
 0.12546236839031E+01
 0.12557131298200E+01
 0.12568240901333E+01
 0.12579601631995E+01
 0.12591231715437E+01
 0.12603096331260E+01
 0.12615238741719E+01
 0.12627630520491E+01
 0.12640314631400E+01
 0.12653319509421E+01
 0.12666588437777E+01
 0.12680210415699E+01
 0.12694142244376E+01
 0.12708435192982E+01
 0.12723079503223E+01
 0.12738142726933E+01
 0.12753579708278E+01
 0.12769449381322E+01
 0.12785771191739E+01
 0.12802567431306E+01
 0.12819865735649E+01
 0.12837684319141E+01
 0.12856074718135E+01
 0.12875059379425E+01
 0.12894681947449E+01
 0.12914986213634E+01
 0.12936019457058E+01
 0.12957819779664E+01
 0.12980474908193E+01
 0.13004007518974E+01
 0.13028537354737E+01
 0.13054113931192E+01
 0.13080827788472E+01
 0.13108889323015E+01
 0.13138337029166E+01
 0.13169388195095E+01
 0.13202279677435E+01
 0.13237391570649E+01
 0.13275014802265E+01
 0.13315864195636E+01
 0.13361175852980E+01
 0.13413284252374E+01
 0.13476908692041E+01
 0.13554494828041E+01
 0.13647734634413E+01
 0.13727059256123E+01
 0.13765219935467E+01
 0.13775211081242E+01
 0.13768673675689E+01
 0.13751673489596E+01
 0.13727178312885E+01
 0.13697122510008E+01
 0.13663430929956E+01
 0.13626893350944E+01
 0.13588321668270E+01
 0.13548312898135E+01
 0.13507654281637E+01
 0.13466860694662E+01
 0.13426288277041E+01
 0.13385485333848E+01
 0.13345228388270E+01
 0.13306045416916E+01
 0.13267855634004E+01
 0.13230643386722E+01
 0.13193878807818E+01
 0.13158277271094E+01
 0.13123986604322E+01
 0.13090683961342E+01
 0.13058108006642E+01
 0.13027075462170E+01
 0.12996827391745E+01
 0.12967374376811E+01
 0.12939353612697E+01
 0.12911886803391E+01
 0.12885409809661E+01
 0.12859892316480E+01
 0.12835405511846E+01
 0.12811911348468E+01
 0.12789065840522E+01
 0.12767019986663E+01
 0.12745817651846E+01
 0.12725314989028E+01
 0.12705697325924E+01
 0.12686572788769E+01
 0.12668247297364E+01
 0.12650467091815E+01
 0.12633185962255E+01
 0.12616904201187E+01
 0.12600952584921E+01
 0.12585254196055E+01
 0.12570404292135E+01
 0.12555912961842E+01
 0.12541998715787E+01
 0.12528481802313E+01
 0.12515492186348E+01
 0.12502773782712E+01
 0.12490574645445E+01
 0.12478805956289E+01
 0.12467292201155E+01
 0.12456103038726E+01
 0.12445251831333E+01
 0.12434845308247E+01
 0.12424634867257E+01
 0.12414727049960E+01
 0.12405113777058E+01
 0.12395717816497E+01
 0.12386587769046E+01
 0.12377820381222E+01
 0.12369083017422E+01
 0.12360638850003E+01
 0.12352526337805E+01
 0.12344502668735E+01
 0.12336600743682E+01
 0.12329102004132E+01
 0.12321582336614E+01
 0.12314324212126E+01
 0.12307080126503E+01
 0.12300300119829E+01
 0.12293465911875E+01
 0.12286851042058E+01
 0.12280112863974E+01
 0.12273789485214E+01
 0.12267390886309E+01
 0.12261304310283E+01
 0.12255196295757E+01
 0.12249272457860E+01
 0.12243378778533E+01
 0.12237634173845E+01
 0.12231897910436E+01
 0.12226218957005E+01
 0.12220686006473E+01
 0.12215258841732E+01
 0.12210011334847E+01
 0.12204755370835E+01
 0.12199477575660E+01
 0.12194292657683E+01
 0.12189272303844E+01
 0.12184235911379E+01
 0.12179352458325E+01
 0.12174364501110E+01
 0.12169596591635E+01
 0.12164689023976E+01
 0.12160043212233E+01
 0.12155311326828E+01
 0.12150624968689E+01
 0.12146001911920E+01
 0.12141468221154E+01
 0.12136896353897E+01
 0.12132401344444E+01
 0.12127838877156E+01
 0.12123464661696E+01
 0.12119073710292E+01
 0.12114721181776E+01
 0.12110393778279E+01
 0.12106048149067E+01
 0.12101858560957E+01
 0.12097551208730E+01
 0.12093374784418E+01
 0.12089121590662E+01
 0.12084879003110E+01
 0.12080746285581E+01
 0.12076582068605E+01
 0.12072503923225E+01
 0.12068432671153E+01
 0.12064358828111E+01
 0.12060271451242E+01
 0.12056250599663E+01
 0.12052310205047E+01
 0.12048268593121E+01
 0.12044268717554E+01
 0.12040342732470E+01
 0.12036313596576E+01
 0.12032429526141E+01
 0.12028501249059E+01
 0.12024628963042E+01
 0.12020657097189E+01
 0.12016819627073E+01
 0.12012990752119E+01
 0.12009090212310E+01
 0.12005302621089E+01
 0.12001464141652E+01
 0.11997615393591E+01
 0.11993873159237E+01
 0.11990062339560E+01
 0.11986243664513E+01
 0.11982510853791E+01
 0.11978707514609E+01
 0.11975034464669E+01
 0.11971230050127E+01
 0.11967556767800E+01
 0.11963804218389E+01
 0.11960112697646E+01
 0.11956429638670E+01
 0.11952693667935E+01
 0.11948987900784E+01
 0.11945409946364E+01
 0.11941674398909E+01
 0.11938096560136E+01
 0.11934389488825E+01
 0.11930740307060E+01
 0.11927124463998E+01
 0.11923528325915E+01
 0.11919884674693E+01
 0.11916262731197E+01
 0.11912630001285E+01
 0.11909108519416E+01
 0.11905509538994E+01
 0.11901964593232E+01
 0.11898402336654E+01
 0.11894806185836E+01
 0.11891227880105E+01
 0.11887708250304E+01
 0.11884171084334E+01
 0.11880617167653E+01
 0.11877192669416E+01
 0.11873642197995E+01
 0.11870094902114E+01
 0.11866623896087E+01
 0.11863113921853E+01
 0.11859623233663E+01
 0.11856183508954E+01
 0.11852708487705E+01
 0.11849235475828E+01
 0.11845835759174E+01
 0.11842390763927E+01
 0.11838989882752E+01
 0.11835570849683E+01
 0.11832095776270E+01
 0.11828751354230E+01
 0.11825308980693E+01
 0.11821905067092E+01
 0.11818583123223E+01
 0.11815152135402E+01
 0.11811763204256E+01
 0.11808425749648E+01
 0.11805048787608E+01
 0.11801718968489E+01
