 0.21140089951492E+08
 0.21140089951487E+08
 0.21140089951416E+08
 0.21140089951002E+08
 0.21140089949331E+08
 0.21140089944668E+08
 0.21140090048753E+08
 0.21140090529864E+08
 0.21140092253790E+08
 0.21140096868176E+08
 0.21140107191162E+08
 0.21140126663458E+08
 0.21140160645055E+08
 0.21140214944605E+08
 0.21140295299834E+08
 0.21140410022549E+08
 0.21140565507554E+08
 0.21140768968282E+08
 0.21141027356081E+08
 0.21141347827886E+08
 0.21141740618188E+08
 0.21142204982348E+08
 0.21142751686307E+08
 0.21143385309545E+08
 0.21144113873142E+08
 0.21144942290817E+08
 0.21145879345042E+08
 0.21146919245311E+08
 0.21148073433284E+08
 0.21149351017480E+08
 0.21150763733986E+08
 0.21152300070042E+08
 0.21153981074442E+08
 0.21155817699902E+08
 0.21157790264244E+08
 0.21159929545285E+08
 0.21162230631697E+08
 0.21164718159768E+08
 0.21167369668474E+08
 0.21170184952536E+08
 0.21173241409876E+08
 0.21176475659711E+08
 0.21179900156762E+08
 0.21183534826744E+08
 0.21187419052845E+08
 0.21191511294006E+08
 0.21195786677306E+08
 0.21200285531622E+08
 0.21205035344433E+08
 0.21210022940061E+08
 0.21215207946795E+08
 0.21220642795653E+08
 0.21226284295021E+08
 0.21232163659895E+08
 0.21238298199242E+08
 0.21244651404880E+08
 0.21251207779665E+08
 0.21258045942050E+08
 0.21265067864168E+08
 0.21272236091894E+08
 0.21279847728245E+08
 0.21287451870038E+08
 0.21295282703805E+08
 0.21303465053574E+08
 0.21311659194338E+08
 0.21320308142477E+08
 0.21329022942843E+08
 0.21337660561955E+08
 0.21346738831149E+08
 0.21355815113281E+08
 0.21365354530698E+08
 0.21374944498460E+08
 0.21384366299560E+08
 0.21394437874650E+08
 0.21404290152816E+08
 0.21414512225694E+08
 0.21424788106443E+08
 0.21435397751915E+08
 0.21445641984201E+08
 0.21456469466125E+08
 0.21467254368526E+08
 0.21478108055617E+08
 0.21488996476712E+08
 0.21500049504516E+08
 0.21511626815828E+08
 0.21522893158112E+08
 0.21534223549103E+08
 0.21545988385996E+08
 0.21557808356865E+08
 0.21569939707931E+08
 0.21581632224396E+08
 0.21593405269230E+08
 0.21605783647805E+08
 0.21618457685186E+08
 0.21630592508668E+08
 0.21642715710534E+08
 0.21655785626842E+08
 0.21668344808838E+08
 0.21681338502394E+08
 0.21694331283379E+08
 0.21707861525738E+08
 0.21721101444882E+08
 0.21734471319051E+08
 0.21748402938103E+08
 0.21762823612716E+08
 0.21777078736653E+08
 0.21791162151266E+08
 0.21806488474738E+08
 0.21821790398844E+08
 0.21836884079925E+08
 0.21852135236869E+08
 0.21868290516358E+08
 0.21884691166555E+08
 0.21901758633544E+08
 0.21919743827953E+08
 0.21937559733116E+08
 0.21955987682316E+08
 0.21975197409369E+08
 0.21995440284971E+08
 0.22016334722591E+08
 0.22037857012200E+08
 0.22059953018877E+08
 0.22084319797761E+08
 0.22109930593265E+08
 0.22136176393305E+08
 0.22163505166624E+08
 0.22192389890890E+08
 0.22224412442943E+08
 0.22258262237202E+08
 0.22293848527613E+08
 0.22332341659159E+08
 0.22374813677659E+08
 0.22419521791901E+08
 0.22468941470716E+08
 0.22523794312250E+08
 0.22582393371271E+08
 0.22648840243370E+08
 0.22721957099490E+08
 0.22803311470882E+08
 0.22893141157284E+08
 0.22993429751378E+08
 0.23106844281079E+08
 0.23234732562798E+08
 0.23378448291769E+08
 0.23541417951414E+08
 0.23724001907946E+08
 0.23931786336369E+08
 0.24164215944029E+08
 0.24425513085367E+08
 0.24717244255521E+08
 0.25033902237442E+08
 0.25382041840386E+08
 0.25759009713760E+08
 0.26153275280222E+08
 0.26566555692841E+08
 0.26986070081199E+08
 0.27408338958159E+08
 0.27823430977023E+08
 0.28228622906627E+08
 0.28613928230639E+08
 0.28976290537210E+08
 0.29313824720054E+08
 0.29623355851803E+08
 0.29902183515863E+08
 0.30149834135338E+08
 0.30367549763289E+08
 0.30554798493436E+08
 0.30712712127321E+08
 0.30842203526972E+08
 0.30944302570867E+08
 0.31019931723193E+08
 0.31071622528637E+08
 0.31099842686346E+08
 0.31105963469799E+08
 0.31091822409559E+08
 0.31058364235978E+08
 0.31007303739791E+08
 0.30939301280001E+08
 0.30856008130785E+08
 0.30757646146514E+08
 0.30647301464279E+08
 0.30523557353359E+08
 0.30389289179051E+08
 0.30242815492882E+08
 0.30088061617703E+08
 0.29923193844992E+08
 0.29751792443802E+08
 0.29571835449350E+08
 0.29385184730481E+08
 0.29191852668273E+08
 0.28993386180769E+08
 0.28788537182431E+08
 0.28578946046796E+08
 0.28365567286405E+08
 0.28149075832684E+08
 0.27929513547309E+08
 0.27706368842470E+08
 0.27479351562401E+08
 0.27250149807789E+08
 0.27020380394963E+08
 0.26787979670819E+08
 0.26554796963664E+08
 0.26318691209638E+08
 0.26083369978584E+08
 0.25845110059601E+08
 0.25608910869290E+08
 0.25370751532136E+08
 0.25131958114456E+08
 0.24893993073371E+08
 0.24656454896779E+08
 0.24418175445577E+08
 0.24180796646043E+08
 0.23942427508235E+08
 0.23706749922612E+08
 0.23471704418760E+08
 0.23237294635732E+08
 0.23003524788265E+08
 0.22770509949050E+08
 0.22540232892230E+08
 0.22309353520062E+08
 0.22080735900338E+08
 0.21852676909001E+08
 0.21625253242271E+08
 0.21400975023079E+08
 0.21176899439228E+08
 0.20956118561646E+08
 0.20736285788741E+08
 0.20518128217576E+08
 0.20300909827156E+08
 0.20086395603130E+08
 0.19873862330651E+08
 0.19661760430353E+08
 0.19452352548608E+08
 0.19244511780903E+08
 0.19037471138490E+08
 0.18834367369637E+08
 0.18631952012455E+08
 0.18432385554783E+08
 0.18232724723653E+08
 0.18036399054821E+08
 0.17842652975199E+08
 0.17649221486264E+08
 0.17459360741446E+08
 0.17270424687363E+08
 0.17083312724487E+08
 0.16899108049688E+08
 0.16714882798522E+08
 0.16534065544331E+08
 0.16354768138988E+08
 0.16176751125280E+08
 0.16002518176522E+08
 0.15828318294220E+08
 0.15657109568703E+08
 0.15487289368482E+08
 0.15319134148738E+08
 0.15153751544622E+08
 0.14989095729352E+08
 0.14826487734786E+08
 0.14666864566190E+08
 0.14507157151945E+08
 0.14351249516687E+08
 0.14195261671495E+08
 0.14041994292475E+08
 0.13890825885606E+08
 0.13741144803848E+08
 0.13592700994336E+08
 0.13445964566541E+08
 0.13301187325830E+08
 0.13158340038797E+08
 0.13017394893513E+08
 0.12877448127596E+08
 0.12739807345344E+08
 0.12603116110432E+08
 0.12468077884504E+08
 0.12335305020529E+08
 0.12203384143972E+08
 0.12073082191179E+08
 0.11945488374834E+08
 0.11817878856731E+08
 0.11692353905496E+08
 0.11568380801471E+08
 0.11445879695881E+08
 0.11324878075258E+08
 0.11205514569537E+08
 0.11087332846500E+08
 0.10970218606467E+08
 0.10855407613567E+08
 0.10741378212381E+08
 0.10629245576633E+08
 0.10518443440869E+08
 0.10407522647888E+08
 0.10300156934873E+08
 0.10192323884944E+08
 0.10086807033189E+08
 0.99820642618039E+07
 0.98787656100937E+07
 0.97764466956141E+07
 0.96755556388271E+07
 0.95759984147896E+07
 0.94773741714117E+07
