 0.10000000133514E-09
 0.10000000133514E-09
 0.10000000133514E-09
 0.10000000133514E-09
 0.10000000133514E-09
 0.10000000133514E-09
 0.10000000133514E-09
 0.10000000133514E-09
 0.10000000133514E-09
 0.10000000133514E-09
 0.10000000133514E-09
 0.10000000133514E-09
 0.10000000133514E-09
 0.10000000133514E-09
 0.10000000133514E-09
 0.10000000133514E-09
 0.10000000133514E-09
 0.10000000133514E-09
 0.10000000133514E-09
 0.10000000133514E-09
 0.10000000133514E-09
 0.10000000133514E-09
 0.10000000133514E-09
 0.10000000133514E-09
 0.10000000133514E-09
 0.10000000133514E-09
 0.10000000133514E-09
 0.28576055557579E-04
 0.28576055557579E-04
 0.54301437416972E-04
 0.72674518746285E-04
 0.95592850745186E-04
 0.12377888370522E-03
 0.15798268729115E-03
 0.19899218076720E-03
 0.24763425001993E-03
 0.30474494532529E-03
 0.37119115240235E-03
 0.44784250005489E-03
 0.53557174802298E-03
 0.63528433555116E-03
 0.74785328027171E-03
 0.87414192899665E-03
 0.10150286430269E-02
 0.11713859256832E-02
 0.13440467635686E-02
 0.15338122729454E-02
 0.17415248930853E-02
 0.19679839886948E-02
 0.22139270584992E-02
 0.24801254893922E-02
 0.27672876568951E-02
 0.30761124117796E-02
 0.34073400801570E-02
 0.37616239839959E-02
 0.41396249233849E-02
 0.45419460359224E-02
 0.49691687252255E-02
 0.54220146372553E-02
 0.59006226103676E-02
 0.64064572012895E-02
 0.69391085477451E-02
 0.74994395344313E-02
 0.80885151197041E-02
 0.87060339787290E-02
 0.93532787887926E-02
 0.10030236263204E-01
 0.10736398978392E-01
 0.11474610608155E-01
 0.12243683920116E-01
 0.13045060951207E-01
 0.13878626418304E-01
 0.14744725115516E-01
 0.15644648085865E-01
 0.16578351482819E-01
 0.17545635045153E-01
 0.18548978235817E-01
 0.19588787367495E-01
 0.20660608391994E-01
 0.21772015904039E-01
 0.22920768079614E-01
 0.24107260036070E-01
 0.25329932012933E-01
 0.26593736514682E-01
 0.27899130656618E-01
 0.29242709120660E-01
 0.30627264727223E-01
 0.32056481499793E-01
 0.33527587591410E-01
 0.35044877280845E-01
 0.36601846239644E-01
 0.38206484278334E-01
 0.39857842754300E-01
 0.41560399146749E-01
 0.43308426443107E-01
 0.45101751948405E-01
 0.46955998558297E-01
 0.48854494281512E-01
 0.50808653463198E-01
 0.52818042371835E-01
 0.54889958825116E-01
 0.57012010609026E-01
 0.59194617075667E-01
 0.61440773032764E-01
 0.63752220053501E-01
 0.66129046681240E-01
 0.68566193903043E-01
 0.71086015489184E-01
 0.73672077890577E-01
 0.76326749138595E-01
 0.79057329928151E-01
 0.81873841247762E-01
 0.84769565384192E-01
 0.87755973958121E-01
 0.90833889733275E-01
 0.94003614250348E-01
 0.97263340251349E-01
 0.10063021104116E+00
 0.10410897060923E+00
 0.10768865328002E+00
 0.11138517263936E+00
 0.11520441400741E+00
 0.11915268880553E+00
 0.12324009310969E+00
 0.12745959076967E+00
 0.13182011442671E+00
 0.13633311886041E+00
 0.14102272184210E+00
 0.14588375167522E+00
 0.15090736060597E+00
 0.15612195781710E+00
 0.16154670419856E+00
 0.16715982286788E+00
 0.17299623947055E+00
 0.17906996360197E+00
 0.18535233442206E+00
 0.19189936714568E+00
 0.19867862171732E+00
 0.20572997040520E+00
 0.21300727327967E+00
 0.22053361373009E+00
 0.22831101480415E+00
 0.23632813712899E+00
 0.24454730577992E+00
 0.25296984638108E+00
 0.26153774179866E+00
 0.27024883534509E+00
 0.27901992274437E+00
 0.28783473971742E+00
 0.29663067556319E+00
 0.30532067447894E+00
 0.31390935963943E+00
 0.32235082424142E+00
 0.33057499712445E+00
 0.33859992079837E+00
 0.34639386680745E+00
 0.35397077193941E+00
 0.36133010046760E+00
 0.36849131585302E+00
 0.37546132334852E+00
 0.38225566252059E+00
 0.38889397882298E+00
 0.39538460936324E+00
 0.40173837337935E+00
 0.40796482717097E+00
 0.41407575628215E+00
 0.42007431477385E+00
 0.42596900256990E+00
 0.43176305263388E+00
 0.43746183163164E+00
 0.44306653254097E+00
 0.44858314112316E+00
 0.45401232789545E+00
 0.45935481892942E+00
 0.46461698652083E+00
 0.46979748176464E+00
 0.47489723571576E+00
 0.47992041627460E+00
 0.48486654287538E+00
 0.48973850966832E+00
 0.49453584285487E+00
 0.49926175260670E+00
 0.50391648099440E+00
 0.50850199196268E+00
 0.51301841553025E+00
 0.51746868437332E+00
 0.52185199036970E+00
 0.52617116406000E+00
 0.53042696731078E+00
 0.53462042825317E+00
 0.53875279627569E+00
 0.54282559337328E+00
 0.54683933961857E+00
 0.55079587551097E+00
 0.55469547972885E+00
 0.55853953039899E+00
 0.56232956467033E+00
 0.56606638878290E+00
 0.56975100945935E+00
 0.57338448740464E+00
 0.57696780635500E+00
 0.58050188947876E+00
 0.58398816881459E+00
 0.58742695899792E+00
 0.59081983009498E+00
 0.59416683600020E+00
 0.59746972201168E+00
 0.60072908475740E+00
 0.60394555658242E+00
 0.60712005944273E+00
 0.61025386989345E+00
 0.61334705889408E+00
 0.61640129450757E+00
 0.61941607805348E+00
 0.62239325140274E+00
 0.62533330470362E+00
 0.62823665068542E+00
 0.63110433341251E+00
 0.63393675246060E+00
 0.63673484703821E+00
 0.63949895205767E+00
 0.64223002149418E+00
 0.64492865138545E+00
 0.64759521496741E+00
 0.65023016705049E+00
 0.65283458212473E+00
 0.65540870220369E+00
 0.65795311681663E+00
 0.66046830931875E+00
 0.66295490365124E+00
 0.66541357779946E+00
 0.66784432774184E+00
 0.67024831457933E+00
 0.67262547137580E+00
 0.67497658181852E+00
 0.67730168753318E+00
 0.67960182722160E+00
 0.68187680487892E+00
 0.68412801824915E+00
 0.68635438358364E+00
 0.68855796896314E+00
 0.69073785264085E+00
 0.69289506933199E+00
 0.69502954929872E+00
 0.69714245238568E+00
 0.69923351230137E+00
 0.70130342283644E+00
 0.70335214538266E+00
 0.70538021943952E+00
 0.70738801784157E+00
 0.70937550669596E+00
 0.71134392886947E+00
 0.71329259498664E+00
 0.71522228824804E+00
 0.71713330168863E+00
 0.71902577531629E+00
 0.72090011625738E+00
 0.72275655413838E+00
 0.72459522419839E+00
 0.72641675404668E+00
 0.72822094175273E+00
 0.73000869370029E+00
 0.73177938127300E+00
 0.73353392309389E+00
 0.73527238827500E+00
 0.73699505746532E+00
 0.73870213813251E+00
 0.74039363002681E+00
 0.74207023581716E+00
 0.74373156338687E+00
 0.74537814008817E+00
 0.74701048594791E+00
 0.74862836757081E+00
 0.75023200457203E+00
 0.75182166259904E+00
 0.75339780820350E+00
 0.75496028956449E+00
 0.75650938755257E+00
 0.75804559151633E+00
 0.75956843237716E+00
 0.76107860762130E+00
 0.76257612598242E+00
 0.76406104623796E+00
 0.76553374162283E+00
 0.76699439276916E+00
 0.76844310210271E+00
 0.76987969465648E+00
 0.77130501175855E+00
 0.77271835866889E+00
 0.77412054040718E+00
 0.77551149833847E+00
 0.77689146174345E+00
 0.77826041471238E+00
 0.77961856229869E+00
 0.78096600765186E+00
 0.78230289634039E+00
 0.78362944508389E+00
 0.78494575339930E+00
 0.78625183422809E+00
 0.78754799649868E+00
