 0.98445526788544E+00
 0.98445526788544E+00
 0.98445526788544E+00
 0.98445526788544E+00
 0.98445526788544E+00
 0.98445526788544E+00
 0.98445526788544E+00
 0.98445526788544E+00
 0.98445526788544E+00
 0.98445524117202E+00
 0.98445644462219E+00
 0.98445474659539E+00
 0.98445353785076E+00
 0.98445434386831E+00
 0.98445270496311E+00
 0.98445338818560E+00
 0.98445295250129E+00
 0.98445486664520E+00
 0.98445416196184E+00
 0.98445289072232E+00
 0.98445355309864E+00
 0.98445475728037E+00
 0.98445432953585E+00
 0.98445154454734E+00
 0.98445078510554E+00
 0.98445297348158E+00
 0.98445380260766E+00
 0.98445206462217E+00
 0.98445047440052E+00
 0.98445318926220E+00
 0.98445673292444E+00
 0.98444929096593E+00
 0.98446016976752E+00
 0.98446058618276E+00
 0.98445596854458E+00
 0.98446642533878E+00
 0.98446014111608E+00
 0.98445809936990E+00
 0.98447041190205E+00
 0.98446010266165E+00
 0.98445035582375E+00
 0.98446658818594E+00
 0.98445698513364E+00
 0.98447197645416E+00
 0.98448027445098E+00
 0.98448021939408E+00
 0.98447893508049E+00
 0.98447195229921E+00
 0.98446269657676E+00
 0.98447891054431E+00
 0.98446214335789E+00
 0.98448450028439E+00
 0.98447228900027E+00
 0.98446867361027E+00
 0.98447020849656E+00
 0.98448569445019E+00
 0.98443783133930E+00
 0.98446034546149E+00
 0.98448440294062E+00
 0.98447664945874E+00
 0.98448526426768E+00
 0.98448289252236E+00
 0.98444071354985E+00
 0.98448061306917E+00
 0.98442847275299E+00
 0.98448032937909E+00
 0.98448354341722E+00
 0.98440791736885E+00
 0.98448496433408E+00
 0.98442943997468E+00
 0.98447576126763E+00
 0.98446623194051E+00
 0.98445242130236E+00
 0.98447381396407E+00
 0.98443161550261E+00
 0.98448399927064E+00
 0.98446772829632E+00
 0.98443260928149E+00
 0.98442666307935E+00
 0.98442590166956E+00
 0.98443933212267E+00
 0.98444872767758E+00
 0.98447614816088E+00
 0.98443187832003E+00
 0.98444145632614E+00
 0.98447717545504E+00
 0.98442656467221E+00
 0.98440398665518E+00
 0.98442110571719E+00
 0.98443323288462E+00
 0.98446855838287E+00
 0.98446332105820E+00
 0.98442055958695E+00
 0.98447277323182E+00
 0.98441669758539E+00
 0.98444275902598E+00
 0.98442906746368E+00
 0.98442501575571E+00
 0.98447171543134E+00
 0.98446917871260E+00
 0.98442011028450E+00
 0.98442625069787E+00
 0.98442790494951E+00
 0.98442532858387E+00
 0.98444456273276E+00
 0.98445141648689E+00
 0.98442266742663E+00
 0.98438965346446E+00
 0.98437435527817E+00
 0.98441988533165E+00
 0.98446135752379E+00
 0.98442374277351E+00
 0.98446071896034E+00
 0.98442421490732E+00
 0.98440108965203E+00
 0.98441851281694E+00
 0.98441377423384E+00
 0.98441554364783E+00
 0.98441783683025E+00
 0.98442193866633E+00
 0.98442678298920E+00
 0.98442792669883E+00
 0.98444376695101E+00
 0.98447361270650E+00
 0.98449630470097E+00
 0.98444760651499E+00
 0.98447484077367E+00
 0.98448225440054E+00
 0.98453779506570E+00
 0.98456258472632E+00
 0.98450076677164E+00
 0.98454147746342E+00
 0.98458231539607E+00
 0.98458472415425E+00
 0.98460985282721E+00
 0.98465509992964E+00
 0.98470991428575E+00
 0.98469683683194E+00
 0.98477292275575E+00
 0.98478313421139E+00
 0.98480536061728E+00
 0.98483700617782E+00
 0.98492153058731E+00
 0.98491779830179E+00
 0.98489057002908E+00
 0.98496279757997E+00
 0.98499229313590E+00
 0.98500846172264E+00
 0.98501627767143E+00
 0.98504271638167E+00
 0.98504014219446E+00
 0.98506905605201E+00
 0.98507247651076E+00
 0.98507447834518E+00
 0.98502052897235E+00
 0.98502769143689E+00
 0.98504489316779E+00
 0.98495613555302E+00
 0.98492937476515E+00
 0.98489503874404E+00
 0.98484977280838E+00
 0.98477360215320E+00
 0.98475110336502E+00
 0.98467232818319E+00
 0.98451738099534E+00
 0.98446781434081E+00
 0.98436297332385E+00
 0.98428105119716E+00
 0.98415887216831E+00
 0.98395596996274E+00
 0.98382227069474E+00
 0.98375479202156E+00
 0.98353038136509E+00
 0.98340262958916E+00
 0.98318633804274E+00
 0.98300408317935E+00
 0.98274016550639E+00
 0.98257583427453E+00
 0.98237095095600E+00
 0.98210526135269E+00
 0.98182921442807E+00
 0.98155812978393E+00
 0.98126738070604E+00
 0.98096714321503E+00
 0.98071568405227E+00
 0.98033445099494E+00
 0.98004484397151E+00
 0.97964436040822E+00
 0.97936399845845E+00
 0.97890117037627E+00
 0.97857096015683E+00
 0.97813673375431E+00
 0.97776758471590E+00
 0.97724969131136E+00
 0.97688464559293E+00
 0.97636569102858E+00
 0.97594428037582E+00
 0.97545847436777E+00
 0.97489692243021E+00
 0.97434746663074E+00
