 0.64710694463868E-04
 0.64709147731278E-04
 0.64706566878458E-04
 0.64702952542888E-04
 0.64698298816402E-04
 0.64692602331337E-04
 0.64685860037704E-04
 0.64678060740075E-04
 0.64669200482377E-04
 0.64659268997092E-04
 0.64648260092632E-04
 0.64636161444102E-04
 0.64622967937520E-04
 0.64608669357942E-04
 0.64593255550593E-04
 0.64576716058274E-04
 0.64559040679158E-04
 0.64540217336593E-04
 0.64520237359331E-04
 0.64499085381143E-04
 0.64476738799427E-04
 0.64453193415736E-04
 0.64428427679564E-04
 0.64402419004218E-04
 0.64375142395796E-04
 0.64346578454163E-04
 0.64316689559137E-04
 0.64285459533343E-04
 0.64252851120294E-04
 0.64218824261701E-04
 0.64183341288049E-04
 0.64146375876714E-04
 0.64107876713195E-04
 0.64067798768877E-04
 0.64026127339893E-04
 0.63982804993721E-04
 0.63937800341444E-04
 0.63891063288108E-04
 0.63842582479697E-04
 0.63792331680300E-04
 0.63740224099541E-04
 0.63686293062640E-04
 0.63630512192581E-04
 0.63572842342952E-04
 0.63513244114158E-04
 0.63451744255661E-04
 0.63388352083936E-04
 0.63323032207901E-04
 0.63255771607399E-04
 0.63186571131204E-04
 0.63115475446224E-04
 0.63042448567471E-04
 0.62967526389797E-04
 0.62890708908458E-04
 0.62811983575911E-04
 0.62731397702078E-04
 0.62648982269632E-04
 0.62564689685567E-04
 0.62478615431065E-04
 0.62390800460280E-04
 0.62301052062791E-04
 0.62209719838464E-04
 0.62116655104661E-04
 0.62021784179706E-04
 0.61925374591195E-04
 0.61827138524484E-04
 0.61727371587040E-04
 0.61626200942979E-04
 0.61523265964823E-04
 0.61418932112535E-04
 0.61312870759920E-04
 0.61205410487491E-04
 0.61096723900841E-04
 0.60986250218149E-04
 0.60874631514743E-04
 0.60761477389271E-04
 0.60647033493197E-04
 0.60531125392927E-04
 0.60414261025612E-04
 0.60295805486113E-04
 0.60176212479421E-04
 0.60055430320888E-04
 0.59933538938787E-04
 0.59810408946851E-04
 0.59685844293344E-04
 0.59560454217678E-04
 0.59433989352695E-04
 0.59306233555134E-04
 0.59177453003003E-04
 0.59047531006413E-04
 0.58916950079089E-04
 0.58785416603934E-04
 0.58652570674207E-04
 0.58518662325606E-04
 0.58384309649157E-04
 0.58249144399237E-04
 0.58112539032584E-04
 0.57975519195345E-04
 0.57837476489695E-04
 0.57698746437562E-04
 0.57558893437113E-04
 0.57418640318723E-04
 0.57277644253483E-04
 0.57135662012539E-04
 0.56992745670677E-04
 0.56849405632931E-04
 0.56705701049528E-04
 0.56560596958000E-04
 0.56415106700151E-04
 0.56269280223516E-04
 0.56122943606638E-04
 0.55975606601069E-04
 0.55827826534896E-04
 0.55679257424132E-04
 0.55529831307547E-04
 0.55380222414952E-04
 0.55230069760562E-04
 0.55079175475627E-04
 0.54927516237944E-04
 0.54775351020095E-04
 0.54622751527136E-04
 0.54469735452515E-04
 0.54315241451186E-04
 0.54160045823122E-04
 0.54004607274282E-04
 0.53848578300902E-04
 0.53691796974473E-04
 0.53533263580079E-04
 0.53373848358773E-04
 0.53213765771776E-04
 0.53052313467485E-04
 0.52888883609126E-04
 0.52724768240770E-04
 0.52558547690755E-04
 0.52390115606599E-04
 0.52220828098489E-04
 0.52048687688322E-04
 0.51874758254254E-04
 0.51698950082502E-04
 0.51521799186090E-04
 0.51343102149207E-04
 0.51162311857452E-04
 0.50980033473858E-04
 0.50796783783527E-04
 0.50612122746794E-04
 0.50427150014665E-04
 0.50240919881036E-04
 0.50054679962112E-04
 0.49867763753397E-04
 0.49680220510110E-04
 0.49493971525364E-04
 0.49306747682781E-04
 0.49118347275743E-04
 0.48930905767929E-04
 0.48742261514012E-04
 0.48553601289582E-04
 0.48363962622695E-04
 0.48173713828112E-04
 0.47982093603698E-04
 0.47789955768913E-04
 0.47596926226654E-04
 0.47402711290620E-04
 0.47207254546292E-04
 0.47011312712786E-04
 0.46814989838368E-04
 0.46617445279536E-04
 0.46419574075402E-04
 0.46221327351698E-04
 0.46022469574546E-04
 0.45823641671069E-04
 0.45625244159714E-04
 0.45425724195145E-04
 0.45226640585435E-04
 0.45028670007211E-04
 0.44830101585081E-04
 0.44631462879838E-04
 0.44434704696783E-04
 0.44237063391127E-04
 0.44040763641426E-04
 0.43843606570051E-04
 0.43649721256037E-04
 0.43454720976869E-04
 0.43261355137676E-04
 0.43067024353734E-04
 0.42875049508204E-04
 0.42682658406242E-04
 0.42492944636753E-04
 0.42302837038366E-04
 0.42114228315063E-04
 0.41925871627926E-04
 0.41739189239835E-04
 0.41552436364771E-04
 0.41366940340927E-04
 0.41182500749703E-04
 0.40999545036453E-04
 0.40818173181136E-04
 0.40636969169827E-04
 0.40456375278188E-04
 0.40277120350115E-04
 0.40099575700497E-04
