 0.12287856071230E+01
 0.12287856154771E+01
 0.12287856532512E+01
 0.12287857575042E+01
 0.12287859811654E+01
 0.12287863952375E+01
 0.12287871001449E+01
 0.12287882577229E+01
 0.12287901441678E+01
 0.12287932080140E+01
 0.12287981102368E+01
 0.12288057403488E+01
 0.12288172093827E+01
 0.12288337967606E+01
 0.12288569441769E+01
 0.12288881487074E+01
 0.12289289861367E+01
 0.12289810216832E+01
 0.12290457829067E+01
 0.12291247488530E+01
 0.12292192596440E+01
 0.12293307177076E+01
 0.12294602617744E+01
 0.12296089867121E+01
 0.12297778598149E+01
 0.12299677637305E+01
 0.12301794200276E+01
 0.12304136174460E+01
 0.12306708719251E+01
 0.12309515997518E+01
 0.12312561172544E+01
 0.12315849016092E+01
 0.12319379908353E+01
 0.12323154366377E+01
 0.12327175836710E+01
 0.12331441099519E+01
 0.12335950017945E+01
 0.12340698821161E+01
 0.12345687627600E+01
 0.12350913976365E+01
 0.12356365754656E+01
 0.12362045929202E+01
 0.12367948273898E+01
 0.12374064787030E+01
 0.12380385577278E+01
 0.12386908273776E+01
 0.12393628281379E+01
 0.12400533653288E+01
 0.12407613494628E+01
 0.12414860322722E+01
 0.12422269590230E+01
 0.12429826649151E+01
 0.12437525854224E+01
 0.12445354929242E+01
 0.12453301247406E+01
 0.12461358663563E+01
 0.12469518812579E+01
 0.12477762462930E+01
 0.12486089632314E+01
 0.12494493105864E+01
 0.12502932003501E+01
 0.12511442652308E+01
 0.12519989936758E+01
 0.12528550118863E+01
 0.12537148650346E+01
 0.12545729303837E+01
 0.12554322108695E+01
 0.12562932847374E+01
 0.12571496008075E+01
 0.12580051204049E+01
 0.12588537504010E+01
 0.12596990883146E+01
 0.12605425680856E+01
 0.12613744994948E+01
 0.12622034378615E+01
 0.12630222044415E+01
 0.12638334371426E+01
 0.12646333653678E+01
 0.12654289028074E+01
 0.12662087530301E+01
 0.12669793323248E+01
 0.12677387160221E+01
 0.12684870846643E+01
 0.12692216300670E+01
 0.12699380388690E+01
 0.12706454342813E+01
 0.12713390125537E+01
 0.12720141476102E+01
 0.12726745358638E+01
 0.12733171958162E+01
 0.12739501423809E+01
 0.12745673621456E+01
 0.12751620169214E+01
 0.12757374762342E+01
 0.12763046625231E+01
 0.12768563112542E+01
 0.12773799796379E+01
 0.12778945223491E+01
 0.12783880941260E+01
 0.12788662559408E+01
 0.12793211584539E+01
 0.12797654819617E+01
 0.12801928715058E+01
 0.12805981588093E+01
 0.12809822784432E+01
 0.12813552559380E+01
 0.12817176928040E+01
 0.12820501286793E+01
 0.12823716994565E+01
 0.12826848324886E+01
 0.12829856546468E+01
 0.12832650814092E+01
 0.12835341190755E+01
 0.12837869492667E+01
 0.12840220037368E+01
 0.12842558948914E+01
 0.12844802638589E+01
 0.12846930182717E+01
 0.12848948584605E+01
 0.12850918928907E+01
 0.12852880499824E+01
 0.12854862126405E+01
 0.12856628347906E+01
 0.12858378218566E+01
 0.12860235289679E+01
 0.12862137968698E+01
 0.12864064357368E+01
 0.12865792580358E+01
 0.12867527261137E+01
 0.12869308735591E+01
 0.12870953156575E+01
 0.12872284460349E+01
 0.12873551466567E+01
 0.12874342494177E+01
 0.12874522037400E+01
 0.12874329139168E+01
 0.12873097824823E+01
 0.12870966153491E+01
 0.12867759818444E+01
 0.12863453935660E+01
 0.12857831696654E+01
 0.12850582328112E+01
 0.12841710201514E+01
 0.12831216081561E+01
 0.12818834994030E+01
 0.12804809656427E+01
 0.12788749046613E+01
 0.12771043154335E+01
 0.12751487461012E+01
 0.12730187995555E+01
 0.12708030290989E+01
 0.12684405842971E+01
 0.12659525910766E+01
 0.12634532977704E+01
 0.12608953504945E+01
 0.12583561128596E+01
 0.12558292590852E+01
 0.12533528753869E+01
 0.12509195442836E+01
 0.12485727617731E+01
 0.12463084027713E+01
 0.12441220229750E+01
 0.12420149050709E+01
 0.12400081590365E+01
 0.12381011212251E+01
 0.12362664799580E+01
 0.12345233016200E+01
 0.12328642594378E+01
 0.12312778621708E+01
 0.12297732686935E+01
 0.12283527677909E+01
 0.12269764301010E+01
 0.12256729566456E+01
 0.12244498629922E+01
 0.12232671811718E+01
 0.12221314489903E+01
 0.12210748752581E+01
 0.12200413550995E+01
 0.12190678194351E+01
 0.12181117689063E+01
 0.12172410976036E+01
 0.12163772999677E+01
 0.12155637938058E+01
 0.12147554494823E+01
 0.12140035421354E+01
 0.12132613774091E+01
 0.12125747601497E+01
 0.12118944462610E+01
 0.12112472404090E+01
 0.12106129071100E+01
 0.12100106680918E+01
 0.12094137368057E+01
 0.12088398501307E+01
 0.12082849011597E+01
 0.12077533611381E+01
 0.12072452863005E+01
 0.12067403256493E+01
 0.12062436990082E+01
 0.12057643019147E+01
 0.12053060761449E+01
